0	0.0	0.016024760449561144	([351], [351, 190])
0	0.0	0.04610370038015708	([189], [189, 181])
0	0.0	0.046443569314639936	([185], [185, 96])
0	0.0	0.10981442496106641	([187], [187, 183])
0	0.0	0.24580788009557522	([445], [445, 444])
0	0.0	0.280590218033164	([431], [431, 430])
0	0.0	0.2831389942969825	([389], [389, 388])
0	0.0	0.28349106532732327	([276], [276, 275])
0	0.0	0.2845961989066548	([14], [14, 13])
0	0.0	0.2853582323314166	([12], [12, 11])
0	0.0	0.28607486319596237	([387], [387, 386])
0	0.0	0.2865001628116764	([339], [339, 338])
0	0.0	0.2865003759974102	([438], [438, 437])
0	0.0	0.2873038283020805	([348], [348, 347])
0	0.0	0.28777763158261493	([435], [435, 434])
0	0.0	0.2883424368975765	([426], [426, 425])
0	0.0	0.288632362622571	([432], [432, 431])
0	0.0	0.29279576435119775	([234], [234, 233])
0	0.0	0.29317136996762455	([293], [293, 292])
0	0.0	0.29458975056490777	([335], [335, 334])
0	0.0	0.29554324554187983	([353], [353, 352])
0	0.0	0.2969038796976578	([441], [441, 440])
0	0.0	0.29696182311392233	([408], [408, 407])
0	0.0	0.29930911728287785	([11], [11, 10])
0	0.0	0.3001779020262656	([292], [292, 291])
0	0.0	0.30101114457759875	([356], [356, 355])
0	0.0	0.30180406847893404	([289], [289, 288])
0	0.0	0.30182892049461074	([424], [424, 423])
0	0.0	0.3018962210329176	([414], [414, 413])
0	0.0	0.3036993447566989	([266], [266, 265])
0	0.0	0.30414423567089227	([327], [327, 326])
0	0.0	0.30544727175242786	([249], [249, 248])
0	0.0	0.3056276784583157	([447], [447, 446])
0	0.0	0.30766973924562796	([10], [10, 9])
0	0.0	0.30833195384889633	([427], [427, 426])
0	0.0	0.30920453387209973	([242], [242, 241])
0	0.0	0.30950811802142186	([338], [338, 337])
0	0.0	0.309837676454222	([334], [334, 333])
0	0.0	0.31071511534314433	([6], [6, 5])
0	0.0	0.31125505931401004	([439], [439, 438])
0	0.0	0.3132203400467689	([150], [150, 149])
0	0.0	0.313350872266177	([5], [5, 4])
0	0.0	0.3138108492377701	([418], [418, 417])
0	0.0	0.3138377287761652	([58], [58, 57])
0	0.0	0.31495736849005906	([283], [283, 282])
0	0.0	0.31530554816048273	([337], [337, 336])
0	0.0	0.31559460696801156	([8], [8, 7])
0	0.0	0.31599645059211895	([420], [420, 419])
0	0.0	0.3160897478580746	([342], [342, 341])
0	0.0	0.31635152678965983	([422], [422, 421])
0	0.0	0.31711396227284855	([340], [340, 339])
0	0.0	0.3173111935820637	([382], [382, 381])
0	0.0	0.31862200202344654	([248], [248, 247])
0	0.0	0.3187430352151956	([436], [436, 435])
0	0.0	0.31910613203485144	([318], [318, 317])
0	0.0	0.3203209539262201	([423], [423, 422])
0	0.0	0.3208978901669981	([270], [270, 269])
0	0.0	0.3216053130930058	([278], [278, 277])
0	0.0	0.3217987938865117	([323], [323, 322])
0	0.0	0.32224365616244705	([281], [281, 280])
0	0.0	0.3235776960004008	([21], [21, 20])
0	0.0	0.3241274565498441	([7], [7, 6])
0	0.0	0.32419938745944665	([287], [287, 286])
0	0.0	0.32439922088065903	([383], [383, 382])
0	0.0	0.3249549649881565	([295], [295, 294])
0	0.0	0.3251264877886591	([288], [288, 287])
0	0.0	0.3254737063089377	([237], [237, 236])
0	0.0	0.32574147468852716	([412], [412, 411])
0	0.0	0.3258485234707597	([397], [397, 396])
0	0.0	0.3261697368920374	([255], [255, 254])
0	0.0	0.3265012163086723	([336], [336, 335])
0	0.0	0.3273981160122107	([253], [253, 252])
0	0.0	0.32785235826922016	([444], [444, 443])
0	0.0	0.32805253961421227	([428], [428, 427])
0	0.0	0.3283916952001024	([384], [384, 383])
0	0.0	0.3291125905097323	([108], [108, 107])
0	0.0	0.3296822934194374	([367], [367, 366])
0	0.0	0.33055540738303124	([50], [50, 49])
0	0.0	0.3307515230942612	([421], [421, 420])
0	0.0	0.3308007937182713	([85], [85, 84])
0	0.0	0.33115090180349643	([371], [371, 370])
0	0.0	0.33116321123763715	([269], [269, 268])
0	0.0	0.33160131286515604	([385], [385, 384])
0	0.0	0.3323204450756589	([446], [446, 445])
0	0.0	0.332329776070912	([298], [298, 297])
0	0.0	0.33260559832690245	([399], [399, 398])
0	0.0	0.33276393806955307	([70], [70, 69])
0	0.0	0.3327945093784145	([9], [9, 8])
0	0.0	0.3329690459138554	([239], [239, 238])
0	0.0	0.33311145938792946	([285], [285, 284])
0	0.0	0.33314445205234966	([415], [415, 414])
0	0.0	0.3332698855500164	([49], [49, 48])
0	0.0	0.3341362279385298	([369], [369, 368])
0	0.0	0.33456498607662133	([324], [324, 323])
0	0.0	0.33473399261350817	([176], [176, 175])
0	0.0	0.33565115992076877	([341], [341, 340])
0	0.0	0.3357755029045607	([286], [286, 285])
0	0.0	0.33607360787994744	([273], [273, 272])
0	0.0	0.3362510623188863	([299], [299, 298])
0	0.0	0.33655263970585436	([15], [15, 14])
0	0.0	0.3366427283597643	([24], [24, 23])
0	0.0	0.3368785390267425	([416], [416, 415])
0	0.0	0.33742093589659167	([132], [132, 131])
0	0.0	0.33749353833721774	([56], [56, 55])
0	0.0	0.337621552959458	([345], [345, 344])
0	0.0	0.3376458426091454	([279], [279, 278])
0	0.0	0.33799605656229315	([284], [284, 283])
0	0.0	0.3381135052862606	([141], [141, 140])
0	0.0	0.3382756235607147	([262], [262, 261])
0	0.0	0.3385836028800047	([319], [319, 318])
0	0.0	0.33863868795301705	([450], [450, 449])
0	0.0	0.33902202311996427	([2], [2, 1])
0	0.0	0.3393258105958258	([101], [101, 99])
0	0.0	0.3400344334445713	([305], [305, 304])
0	0.0	0.3402818069242449	([365], [365, 364])
0	0.0	0.3403491174515131	([306], [306, 305])
0	0.0	0.34185711680376085	([362], [362, 361])
0	0.0	0.34324554133991797	([252], [252, 251])
0	0.0	0.34348909561843	([71], [71, 70])
0	0.0	0.3436832565512915	([378], [378, 377])
0	0.0	0.3437270195618764	([291], [291, 290])
0	0.0	0.3439936006471546	([343], [343, 342])
0	0.0	0.34405419247037217	([61], [61, 60])
0	0.0	0.3441147761721958	([368], [368, 367])
0	0.0	0.34419525616445995	([177], [177, 176])
0	0.0	0.34420010668486195	([363], [363, 362])
0	0.0	0.3444656978156048	([310], [310, 309])
0	0.0	0.34467451232935703	([44], [44, 43])
0	0.0	0.3447647234259466	([315], [315, 314])
0	0.0	0.3450767223268257	([290], [290, 289])
0	0.0	0.3453852332384198	([314], [314, 313])
0	0.0	0.3455863487949138	([349], [349, 348])
0	0.0	0.34568451425875485	([330], [330, 329])
0	0.0	0.3458037100876367	([272], [272, 271])
0	0.0	0.34603106952018015	([357], [357, 356])
0	0.0	0.34609707795514777	([54], [54, 53])
0	0.0	0.34610130868783023	([344], [344, 343])
0	0.0	0.3463286811709662	([22], [22, 21])
0	0.0	0.34633500073637874	([280], [280, 279])
0	0.0	0.3466828095275123	([45], [45, 44])
0	0.0	0.34714080285511323	([442], [442, 441])
0	0.0	0.347466947483182	([238], [238, 237])
0	0.0	0.3475765669704814	([331], [331, 330])
0	0.0	0.3482376257104059	([53], [53, 52])
0	0.0	0.3484865059190055	([434], [434, 433])
0	0.0	0.34879401933725507	([322], [322, 321])
0	0.0	0.3489422994326767	([449], [449, 448])
0	0.0	0.34910850606552263	([23], [23, 22])
0	0.0	0.34936446934705145	([375], [375, 374])
0	0.0	0.3493990458175175	([274], [274, 273])
0	0.0	0.3499465723741738	([256], [256, 255])
0	0.0	0.35005206983256004	([17], [17, 16])
0	0.0	0.3501412134984715	([329], [329, 328])
0	0.0	0.3504088089252189	([307], [307, 306])
0	0.0	0.3505621368126465	([123], [123, 122])
0	0.0	0.35102065404713895	([80], [80, 79])
0	0.0	0.3512989447139777	([145], [145, 144])
0	0.0	0.3515886717299184	([443], [443, 442])
0	0.0	0.35172188848236885	([437], [437, 436])
0	0.0	0.3517776920710006	([328], [328, 327])
0	0.0	0.3521206283555827	([374], [374, 373])
0	0.0	0.3536512373577604	([308], [308, 307])
0	0.0	0.3539013384587649	([110], [110, 109])
0	0.0	0.3539938636881827	([377], [377, 376])
0	0.0	0.3541703634549293	([133], [133, 132])
0	0.0	0.3545155592600308	([3], [3, 2])
0	0.0	0.35478780209990746	([130], [130, 129])
0	0.0	0.35496430366962245	([355], [356, 354])
0	0.0	0.35497555501801364	([402], [402, 401])
0	0.0	0.35534682148181307	([448], [448, 447])
0	0.0	0.3555545591959909	([350], [350, 349])
0	0.0	0.35558438357360006	([411], [411, 410])
0	0.0	0.35559452274874437	([66], [66, 65])
0	0.0	0.3557704145676896	([425], [425, 424])
0	0.0	0.3561059348216308	([153], [153, 152])
0	0.0	0.3567841338225238	([417], [417, 416])
0	0.0	0.35723452046913784	([271], [271, 270])
0	0.0	0.3578810939982869	([392], [392, 391])
0	0.0	0.3581138241711186	([419], [419, 418])
0	0.0	0.35813813004950373	([373], [373, 372])
0	0.0	0.3581440061272779	([316], [316, 315])
0	0.0	0.3583597267104094	([370], [370, 369])
0	0.0	0.3585741884234222	([78], [78, 77])
0	0.0	0.3586363038043577	([1], [1, 0])
0	0.0	0.3586631050990037	([395], [395, 394])
0	0.0	0.3589087604880774	([131], [131, 130])
0	0.0	0.35902273882512353	([396], [396, 395])
0	0.0	0.3592310340556941	([79], [79, 78])
0	0.0	0.3595562673972254	([333], [333, 332])
0	0.0	0.3596945077486006	([240], [240, 239])
0	0.0	0.35983401643347657	([376], [376, 375])
0	0.0	0.3598742134990223	([25], [25, 24])
0	0.0	0.35996361104968194	([393], [393, 392])
0	0.0	0.3607287395622783	([267], [267, 266])
0	0.0	0.361702785821657	([72], [72, 71])
0	0.0	0.36194575061732376	([407], [407, 406])
0	0.0	0.3621239528519519	([354], [354, 353])
0	0.0	0.3621857260549942	([55], [56, 54])
0	0.0	0.362658232962219	([102], [102, 101])
0	0.0	0.36276704155461853	([33], [33, 32])
0	0.0	0.3627873201611792	([388], [388, 387])
0	0.0	0.3629652408735303	([381], [381, 380])
0	0.0	0.36362240343225055	([263], [263, 262])
0	0.0	0.3636547935667918	([68], [68, 67])
0	0.0	0.3638003389198488	([309], [309, 308])
0	0.0	0.3639236172971458	([403], [403, 402])
0	0.0	0.36421938763173256	([404], [404, 403])
0	0.0	0.36491712465820425	([16], [16, 15])
0	0.0	0.36528945867430107	([87], [87, 86])
0	0.0	0.36545902292781246	([231], [231, 172])
0	0.0	0.36619622049319994	([358], [358, 357])
0	0.0	0.36652497647770926	([19], [19, 18])
0	0.0	0.36685628977243145	([364], [364, 363])
0	0.0	0.36714377016569844	([136], [136, 135])
0	0.0	0.36771030113440484	([77], [77, 76])
0	0.0	0.368086304540492	([244], [244, 243])
0	0.0	0.368480059207319	([154], [154, 153])
0	0.0	0.3693038458488232	([73], [73, 71])
0	0.0	0.3694144985777855	([275], [275, 274])
0	0.0	0.3697393465188102	([380], [380, 379])
0	0.0	0.3698731515640773	([304], [304, 303])
0	0.0	0.37088925685847407	([297], [297, 296])
0	0.0	0.37104956531302485	([300], [300, 299])
0	0.0	0.3712326660925605	([122], [122, 120])
0	0.0	0.37134314643065114	([143], [143, 142])
0	0.0	0.37175963852839505	([48], [48, 46])
0	0.0	0.37180837902002983	([430], [430, 429])
0	0.0	0.3718559731779781	([264], [264, 260])
0	0.0	0.37243125025775686	([188], [188, 180])
0	0.0	0.373252109439621	([391], [391, 390])
0	0.0	0.37346769890364995	([260], [264, 263])
0	0.0	0.37357623438530285	([120], [120, 119])
0	0.0	0.373880580496556	([282], [282, 281])
0	0.0	0.3741321510942448	([146], [146, 145])
0	0.0	0.3743111243356325	([268], [268, 267])
0	0.0	0.37493272418152873	([410], [410, 409])
0	0.0	0.3752760870389233	([346], [346, 345])
0	0.0	0.37528864321854183	([18], [18, 17])
0	0.0	0.3758952053738222	([347], [347, 346])
0	0.0	0.37603340232124083	([112], [112, 111])
0	0.0	0.3765490199957518	([149], [149, 148])
0	0.0	0.37696547088531535	([394], [394, 393])
0	0.0	0.37730180975893834	([413], [413, 412])
0	0.0	0.3776385232524857	([135], [135, 134])
0	0.0	0.37763874157064975	([94], [94, 93])
0	0.0	0.3778480350250812	([152], [152, 151])
0	0.0	0.3789791496396904	([121], [121, 120])
0	0.0	0.3791121814598355	([138], [138, 137])
1	0.3756052731912096	0.3793970280402774	([264, 261], [264, 263, 262])
0	0.0	0.3803126100889412	([332], [332, 331])
0	0.0	0.38033377026284826	([440], [440, 439])
0	0.0	0.3803699304405453	([140], [140, 138])
0	0.0	0.38039446041919833	([321], [321, 320])
0	0.0	0.3805189701284522	([296], [296, 295])
0	0.0	0.38099314119336447	([406], [406, 405])
0	0.0	0.38138392947656025	([86], [86, 85])
0	0.0	0.3820612101502668	([137], [137, 136])
0	0.0	0.3828485775767207	([57], [58, 56])
0	0.0	0.38306158393029094	([20], [20, 19])
0	0.0	0.3832966977997038	([134], [134, 133])
0	0.0	0.383319379423549	([254], [254, 253])
0	0.0	0.38403215195614554	([151], [152, 150])
1	0.38120292262837874	0.3844410432119389	([442, 439], [442, 441, 440])
0	0.0	0.3850421516344006	([88], [88, 87])
0	0.0	0.38589469638516655	([128], [128, 127])
0	0.0	0.3866215394255003	([433], [433, 432])
0	0.0	0.38728766395799813	([4], [4, 3])
0	0.0	0.3879132740842667	([67], [67, 66])
0	0.0	0.3882699638216812	([40], [40, 39])
0	0.0	0.3887493754784253	([117], [117, 116])
0	0.0	0.38919123953351886	([62], [62, 61])
0	0.0	0.3893361649627078	([409], [409, 408])
0	0.0	0.38944881016462696	([43], [43, 42])
0	0.0	0.38974991597377856	([313], [313, 312])
0	0.0	0.38975141051473666	([379], [379, 378])
0	0.0	0.3897810165151853	([89], [89, 88])
0	0.0	0.3899777655931689	([52], [52, 51])
0	0.0	0.39027319076385025	([302], [302, 301])
0	0.0	0.39101928318787615	([366], [366, 365])
0	0.0	0.39275689270493797	([46], [46, 45])
0	0.0	0.39295859488778945	([76], [76, 73])
0	0.0	0.3931727569167753	([303], [303, 302])
0	0.0	0.39341086752018256	([251], [251, 250])
0	0.0	0.39374663353013084	([124], [124, 123])
0	0.0	0.3941788919627542	([38], [38, 37])
0	0.0	0.39430146921589304	([30], [30, 29])
0	0.0	0.39447880385262296	([312], [312, 311])
0	0.0	0.3953096055238585	([157], [157, 155])
0	0.0	0.3955038474420578	([148], [148, 147])
0	0.0	0.39634255520957135	([111], [111, 106])
0	0.0	0.39804077658663006	([106], [111, 110])
0	0.0	0.39855513057312675	([390], [390, 389])
1	0.37594825447543495	0.39860377499228206	([274, 271], [274, 273, 271])
0	0.0	0.39866350562176983	([162], [162, 159])
0	0.0	0.3989413232859802	([265], [265, 264])
0	0.0	0.39899004139932087	([29], [29, 28])
0	0.0	0.3995833500353024	([236], [236, 235])
0	0.0	0.3998800351090259	([147], [147, 146])
0	0.0	0.40005875965169907	([105], [105, 104])
0	0.0	0.4002745876360279	([301], [301, 300])
0	0.0	0.4004079091571709	([75], [75, 74])
0	0.0	0.40126193951200495	([13], [13, 11])
0	0.0	0.40150049133943766	([277], [277, 276])
0	0.0	0.4015919663679953	([259], [259, 255])
0	0.0	0.401725372922984	([39], [39, 37])
0	0.0	0.40209214732625187	([109], [106, 105])
0	0.0	0.4022247895331953	([246], [246, 243])
0	0.0	0.4028617689259574	([311], [311, 310])
0	0.0	0.40349321459075227	([258], [258, 256])
0	0.0	0.4037055900024866	([326], [326, 325])
0	0.0	0.4039423531428823	([320], [320, 319])
0	0.0	0.40409274770485726	([155], [155, 154])
0	0.0	0.40481298987076336	([142], [142, 141])
0	0.0	0.4050595706025413	([60], [60, 59])
0	0.0	0.4063685871966152	([99], [101, 100])
0	0.0	0.40674222689724254	([405], [405, 404])
0	0.0	0.40730005410552705	([250], [250, 249])
0	0.0	0.4075304529044415	([65], [65, 64])
0	0.0	0.4078379389459902	([372], [372, 371])
0	0.0	0.40906757104286084	([247], [247, 246])
0	0.0	0.40990509182799634	([429], [429, 428])
0	0.0	0.41057008499079767	([63], [63, 62])
1	0.4074789857228542	0.41159977337860393	([259, 258], [259, 258, 255])
0	0.0	0.41173945934050393	([235], [235, 234])
0	0.0	0.4121067391705929	([37], [37, 36])
0	0.0	0.4126583914654853	([81], [81, 79])
0	0.0	0.41309093683022297	([69], [69, 68])
0	0.0	0.41316239867882953	([317], [317, 316])
1	0.40371046312495074	0.41374386284596615	([436, 432], [436, 435, 432])
0	0.0	0.4144748429079234	([158], [158, 157])
0	0.0	0.41450552814646136	([139], [139, 138])
0	0.0	0.41477130614423635	([261], [260, 259])
0	0.0	0.41503007311354895	([64], [77, 74])
1	0.41267587226928165	0.41529731094389327	([150, 147], [150, 149, 148])
0	0.0	0.4153450501542162	([42], [48, 47])
0	0.0	0.41642398445973533	([84], [84, 83])
0	0.0	0.41708420733714835	([93], [93, 92])
0	0.0	0.4171821668885692	([91], [91, 85])
0	0.0	0.4172745883215929	([26], [26, 25])
0	0.0	0.41758434649944975	([241], [241, 240])
0	0.0	0.41899830849710945	([172], [231, 191])
0	0.0	0.4199401606103474	([59], [59, 58])
1	0.41777675348332105	0.42011154048011434	([87, 84], [87, 86, 85])
0	0.0	0.42123843531944627	([125], [125, 124])
1	0.4151416467811514	0.4213047348960912	([366, 362], [366, 365, 362])
0	0.0	0.42368332021903615	([233], [233, 232])
0	0.0	0.4239866754160826	([100], [99, 97])
0	0.0	0.42456243720867437	([74], [64, 62])
0	0.0	0.425389303501493	([34], [34, 33])
0	0.0	0.4261646179487396	([27], [27, 26])
0	0.0	0.42632133476206524	([51], [51, 50])
0	0.0	0.42634839056660434	([180], [188, 178])
0	0.0	0.4263950247451701	([191], [191, 179])
0	0.0	0.42648597024777296	([400], [400, 399])
0	0.0	0.42689023726273356	([257], [257, 256])
0	0.0	0.42761881524559886	([401], [401, 399])
0	0.0	0.42779444416367857	([360], [360, 161])
0	0.0	0.4278028914985739	([243], [246, 245])
0	0.0	0.4298825929281433	([159], [162, 114])
0	0.0	0.43030262269396385	([156], [156, 155])
0	0.0	0.4310489236341033	([126], [126, 124])
0	0.0	0.4317334592092115	([325], [325, 324])
0	0.0	0.4319283797150036	([104], [105, 103])
0	0.0	0.4323611858861944	([359], [359, 358])
0	0.0	0.43325239917720637	([127], [127, 126])
0	0.0	0.4344877977889848	([398], [398, 397])
0	0.0	0.43614429601316923	([161], [161, 31])
1	0.42681805337463796	0.4363729325801327	([316, 311], [316, 314, 312])
0	0.0	0.4368828442510717	([232], [232, 172])
0	0.0	0.4385185035758297	([32], [32, 30])
0	0.0	0.439693237843203	([103], [109, 108])
0	0.0	0.4403445272304067	([171], [171, 170])
0	0.0	0.44062308859831467	([113], [113, 108])
0	0.0	0.44134905197933116	([118], [118, 117])
0	0.0	0.4414471220971854	([129], [129, 126])
0	0.0	0.44285101624112255	([294], [294, 293])
0	0.0	0.44422218074096215	([36], [36, 34])
0	0.0	0.44428509505091374	([97], [99, 98])
0	0.0	0.4448008521539481	([92], [92, 83])
0	0.0	0.44551265370588644	([119], [119, 118])
0	0.0	0.4459033290138496	([107], [103, 102])
0	0.0	0.44694979485151215	([179], [191, 178])
0	0.0	0.4475456354966599	([184], [184, 173])
1	0.4409953704084087	0.44862509505196047	([40, 36], [40, 39, 36])
0	0.0	0.44901140891352304	([178], [188, 35])
0	0.0	0.45110874868983025	([173], [184, 179])
0	0.0	0.4516546515500384	([116], [116, 115])
1	0.4379018908141364	0.45437586214964404	([91, 88], [91, 88, 87])
0	0.0	0.4546708429329832	([28], [28, 27])
0	0.0	0.45629650642323066	([245], [243, 242])
0	0.0	0.4580700879203688	([144], [144, 142])
0	0.0	0.4621274558767027	([98], [97, 95])
0	0.0	0.4631797030753069	([175], [176, 174])
0	0.0	0.4652206337300042	([95], [103, 91])
0	0.0	0.46587368774294413	([35], [191, 41])
0	0.0	0.4669197498433199	([115], [115, 113])
0	0.0	0.4689333292948455	([0], [36, 35])
0	0.0	0.4704119419229255	([168], [168, 33])
0	0.0	0.4709325634376775	([114], [114, 113])
0	0.0	0.4711677970925477	([174], [174, 169])
0	0.0	0.47201126241189323	([352], [359, 163])
0	0.0	0.4734122918847885	([41], [244, 166])
0	0.0	0.47366537707576123	([90], [90, 89])
0	0.0	0.47539828965707853	([83], [83, 82])
1	0.46916021749225556	0.47657492475831614	([149, 144], [149, 148, 146])
1	0.4639692696304224	0.4779984825933947	([398, 391], [398, 395, 393])
0	0.0	0.4783406450117994	([163], [163, 41])
0	0.0	0.4785112451957292	([166], [163, 115])
0	0.0	0.48281661227832257	([170], [170, 168])
0	0.0	0.4858957901986739	([82], [170, 169])
0	0.0	0.4862711540638311	([164], [164, 90])
0	0.0	0.4862854416222798	([47], [42, 41])
1	0.44741115724874997	0.48904415534746715	([92, 89], [88, 87, 83])
0	0.0	0.4890577819262256	([169], [32, 31])
1	0.48757196941416137	0.49315009965357687	([303, 295], [303, 297, 295])
0	0.0	0.4934829141911595	([386], [386, 385])
0	0.0	0.49668359724599564	([361], [400, 184])
1	0.5009933910714807	0.5029687766371125	([89, 82], [89, 87, 82])
1	0.5015033316510573	0.5096678764806587	([352, 348], [353, 352, 350])
0	0.0	0.5097356414804766	([31], [174, 160])
1	0.48531806635103764	0.5146290469909385	([402, 390], [402, 397, 391])
1	0.5136089661169637	0.5149941878207137	([164, 34], [164, 38, 37])
1	0.513067899298232	0.5199125620318626	([119, 116], [119, 118, 116])
1	0.5026864478248617	0.5304463194337321	([98, 92], [98, 97, 92])
1	0.4995767813219146	0.5310603593462436	([93, 87], [93, 92, 84])
1	0.5304861899366556	0.5348814909012377	([164, 28], [164, 34, 28])
1	0.5023285685915141	0.5350140632916716	([100, 91], [103, 100, 99])
1	0.5008496027789869	0.5351320966630052	([97, 91], [100, 98, 97])
1	0.5098719887826588	0.5377095905044645	([164, 41], [164, 41, 34])
0	0.0	0.5553463028727676	([165], [165, 34])
1	0.557091142243934	0.5579455284180268	([401, 389], [401, 392, 390])
1	0.5699261406590574	0.5831371580372721	([389, 377], [389, 386, 377])
1	0.5819922300209939	0.5916176420153955	([372, 354], [372, 354, 350])
1	0.5906795823673586	0.5947314619705665	([127, 121], [127, 125, 124])
1	0.5073732635271301	0.5952215102880797	([174, 173], [184, 179, 173])
1	0.5916448443264519	0.5958490913260515	([177, 170], [177, 174, 170])
1	0.5940558810596263	0.5986887839277977	([134, 120], [134, 125, 120])
1	0.5957544662040796	0.6078639351533188	([81, 72], [81, 77, 72])
1	0.5968762327700264	0.6089966329607697	([440, 429], [440, 438, 429])
1	0.5740767630890409	0.6090167203781643	([105, 92], [113, 110, 107])
1	0.6086817147410888	0.6095138767704198	([160, 128], [160, 128, 121])
1	0.5722928816611218	0.6227333771727752	([117, 92], [117, 113, 107])
1	0.5443480716856001	0.6229206051895302	([76, 59], [76, 73, 61])
1	0.5680005285247129	0.6238408169909999	([232, 160], [232, 174, 172])
1	0.5744198781772965	0.6283535403790969	([100, 82], [100, 95, 94])
1	0.6022825789247518	0.6297244973457616	([86, 80], [92, 87, 80])
1	0.6087229807686374	0.6309845364633244	([45, 25], [44, 42, 26])
1	0.5913968071526817	0.6340654595087025	([89, 81], [97, 91, 89])
1	0.47091961696380863	0.6340654595087025	([95, 94], [97, 92, 89])
1	0.5898792850978128	0.6340654595087025	([102, 89], [102, 97, 89])
1	0.5522027228526613	0.6342833885821074	([113, 92], [105, 103, 93])
1	0.6281751168754054	0.6372319941964191	([172, 171], [177, 172, 171])
1	0.6365301292188673	0.6372319941964191	([178, 171], [178, 177, 171])
1	0.6044025285503879	0.63849692313672	([106, 82], [106, 101, 100])
1	0.6189674524132059	0.6393199207594393	([160, 43], [160, 47, 43])
1	0.6429646950348792	0.6440729367082564	([82, 78], [86, 82, 80])
1	0.5951268260526017	0.6455123941434376	([111, 81], [111, 97, 92])
1	0.6202772961489704	0.6465980217222436	([94, 75], [94, 80, 76])
1	0.559274633321134	0.6465980217222436	([90, 76], [94, 81, 80])
1	0.5934956294715018	0.6465980217222436	([92, 80], [94, 82, 80])
1	0.5887016818128922	0.6476462274904481	([366, 354], [372, 366, 360])
1	0.6055072017796432	0.6487789892794337	([90, 75], [94, 90, 76])
1	0.6477879659548718	0.6514720606846321	([82, 40], [82, 40, 32])
1	0.6485068841981246	0.6534246635921893	([82, 67], [82, 78, 70])
1	0.6454294965353509	0.6538142296736822	([405, 376], [405, 389, 376])
1	0.6540759783225487	0.6541877571674412	([104, 76], [104, 97, 76])
1	0.6263979934467033	0.657321415790142	([74, 23], [76, 74, 23])
1	0.4989120714546101	0.6619006095406427	([164, 95], [164, 95, 90])
1	0.6361423234083325	0.6640954979848062	([362, 355], [363, 362, 355])
1	0.6170388374568004	0.6648741213933144	([160, 110], [160, 119, 110])
1	0.6071081795905334	0.6661530359548422	([109, 88], [109, 102, 88])
1	0.6331708255492238	0.6661530359548422	([143, 88], [143, 102, 88])
1	0.5227547408149491	0.6671662616852421	([164, 118], [164, 128, 118])
1	0.6089355465872542	0.6695455635735914	([171, 42], [171, 170, 28])
1	0.5202308945195581	0.6708167904792033	([372, 350], [366, 359, 355])
1	0.6072799060653861	0.6713621457404205	([76, 52], [76, 59, 52])
1	0.6630599112023924	0.6728692091060358	([111, 75], [111, 99, 82])
1	0.5747032301627699	0.6744344109665495	([143, 118], [143, 138, 118])
1	0.671842995982954	0.6766061019516414	([146, 121], [146, 140, 134])
1	0.6350503098411139	0.676783046367576	([123, 109], [123, 120, 109])
1	0.6542520680570708	0.677329207212774	([83, 71], [90, 83, 75])
1	0.5915375076558331	0.6797313167565495	([160, 47], [160, 43, 40])
1	0.6392123650910623	0.6804395980912064	([172, 29], [176, 172, 29])
1	0.6358458792424821	0.6811273820645681	([107, 98], [108, 107, 103])
1	0.6418346331858487	0.6813726835460882	([158, 32], [160, 158, 30])
1	0.6800420299089058	0.6816188482454918	([74, 44], [74, 59, 55])
1	0.6268484890042251	0.6830859748812975	([117, 74], [107, 98, 74])
1	0.6819464295064112	0.6833667199547055	([383, 354], [383, 380, 354])
1	0.5320435026313521	0.6851371985361806	([169, 35], [170, 169, 31])
1	0.5989655205982483	0.6851895068457691	([76, 27], [74, 44, 23])
1	0.6572174557514254	0.6853734947928738	([157, 43], [160, 155, 43])
1	0.6807831614592904	0.6869367269051363	([239, 175], [239, 232, 177])
1	0.6790559974599402	0.6878670000174691	([93, 70], [93, 79, 70])
1	0.6451476235556897	0.6880603686877662	([147, 22], [152, 147, 22])
1	0.6803472981567577	0.6883096702723025	([70, 51], [70, 59, 51])
1	0.5401602513344945	0.6883096702723025	([164, 51], [164, 59, 51])
1	0.6757611881749852	0.688539322916954	([261, 241], [261, 255, 241])
1	0.625822120439646	0.6900042612805845	([168, 122], [168, 134, 122])
1	0.683294795645582	0.6917066734132851	([450, 424], [450, 434, 424])
1	0.6190542102332095	0.6918712140257175	([82, 55], [82, 70, 57])
1	0.6557055797728492	0.6929690506821692	([86, 69], [84, 76, 72])
1	0.5374541307984936	0.6935695402229112	([160, 30], [174, 170, 30])
1	0.6695321777804758	0.6936129322130321	([145, 60], [143, 75, 59])
1	0.6826064332736987	0.6938609561070662	([328, 289], [333, 328, 289])
1	0.6931586964111249	0.6940477679348742	([140, 109], [140, 124, 123])
1	0.6081903779455597	0.6946812639324409	([373, 92], [405, 374, 373])
1	0.6272588462177163	0.6956203429325484	([152, 21], [157, 152, 21])
1	0.6334750350130772	0.696411068126897	([175, 32], [177, 171, 32])
1	0.66611641374554	0.6970517772777274	([145, 112], [145, 140, 112])
1	0.6055383665169306	0.6978466177994408	([147, 135], [147, 144, 137])
1	0.6965267660629829	0.6984442945865865	([337, 286], [337, 335, 286])
1	0.6546659616049386	0.698758241181625	([56, 20], [56, 53, 20])
1	0.693957678184479	0.6993566694266199	([113, 26], [113, 102, 26])
1	0.6913817313074478	0.6993566694266199	([102, 33], [158, 102, 26])
1	0.6806150702768935	0.6993566694266199	([172, 102], [172, 102, 26])
1	0.5948568875981779	0.6996184562167516	([300, 92], [312, 300, 294])
1	0.5267421645877229	0.6996256186728143	([164, 104], [164, 118, 104])
1	0.6763361801195762	0.7007377736376587	([83, 37], [83, 82, 32])
1	0.6539371608197797	0.7009799626713243	([102, 73], [143, 102, 71])
1	0.6901378585854995	0.7015458898257069	([75, 9], [143, 75, 9])
1	0.6869191122460886	0.7019645521490354	([143, 1], [143, 20, 15])
1	0.49092181966494697	0.7022202608350853	([163, 125], [163, 125, 115])
1	0.6777698444488641	0.7035680249023083	([446, 420], [450, 446, 424])
1	0.6242698219199828	0.7036373949381243	([143, 102], [102, 88, 87])
1	0.6970329568826621	0.7037410166322109	([22, 1], [22, 17, 2])
1	0.6857642792642549	0.7037995439737161	([134, 102], [134, 120, 109])
1	0.6791718071081494	0.7042490528315068	([68, 42], [67, 59, 54])
1	0.6634021042811863	0.7045298217412063	([158, 102], [158, 152, 143])
1	0.6598969860732867	0.7051402520789994	([151, 23], [154, 146, 24])
1	0.6400703567301864	0.7051402520789994	([146, 24], [157, 154, 24])
1	0.6917503653134436	0.7052374290600983	([145, 25], [145, 143, 20])
1	0.6873207432668629	0.7057409666985776	([274, 248], [274, 261, 254])
1	0.5104448209068287	0.7057769939204676	([160, 159], [164, 158, 34])
1	0.7028793289772339	0.7058319086269951	([19, 0], [19, 15, 0])
1	0.6978846250865078	0.7059378019556747	([120, 100], [120, 116, 100])
1	0.6760335724023887	0.705949324154319	([326, 292], [328, 326, 289])
1	0.6992792426352346	0.7061912267163462	([429, 143], [429, 421, 413])
1	0.5783695351161334	0.7069085838291433	([127, 92], [134, 113, 102])
1	0.6684829171375211	0.7070968539187872	([350, 282], [350, 335, 286])
1	0.7067150464359075	0.707405287979466	([114, 82], [114, 109, 106])
1	0.6163371094561253	0.7074344941173073	([168, 108], [168, 134, 108])
1	0.7058896802697011	0.7079406647006543	([69, 44], [69, 56, 48])
1	0.6925064565454739	0.7087471570554901	([336, 285], [336, 334, 285])
1	0.5695571174619211	0.7088259215732379	([320, 91], [320, 302, 295])
1	0.6193094128502318	0.709097434188896	([168, 65], [168, 65, 42])
1	0.6269211670039666	0.7094174732991374	([142, 93], [143, 142, 80])
1	0.6631381025435147	0.7105841640905451	([350, 261], [350, 282, 272])
1	0.7110693587530114	0.7116685912762175	([372, 336], [372, 359, 336])
1	0.5442861892393498	0.7116979106786481	([169, 155], [169, 157, 39])
1	0.6919462220653904	0.7121661157495522	([131, 99], [131, 118, 116])
1	0.7066213378323001	0.7127657918194205	([355, 273], [355, 350, 261])
1	0.6190483069925994	0.7129521674078425	([169, 24], [154, 143, 24])
1	0.668964916897966	0.7136896692094628	([376, 355], [376, 375, 355])
1	0.6641000806146313	0.71408366342546	([107, 87], [107, 99, 98])
1	0.711661503890138	0.7144809659844698	([443, 418], [443, 435, 433])
1	0.6985556033633858	0.7144814863728282	([112, 48], [112, 46, 39])
1	0.7053398180708552	0.7145383342862318	([438, 350], [438, 434, 350])
1	0.6828809428267114	0.7148979243765753	([373, 343], [373, 358, 352])
1	0.6867027652537059	0.7151306222782671	([148, 18], [148, 145, 19])
1	0.5963704731909207	0.7153224682877082	([143, 75], [155, 44, 43])
1	0.7135431851873413	0.7157874648983406	([383, 235], [383, 382, 232])
1	0.6653819629642368	0.7167426988372041	([82, 7], [82, 18, 7])
1	0.5832913839045494	0.7169999237458831	([173, 168], [231, 173, 36])
1	0.6921806734981669	0.717202090766218	([449, 3], [449, 147, 0])
1	0.6447948012678791	0.717202090766218	([449, 147], [449, 448, 0])
1	0.6110726426314812	0.7176709149810541	([81, 1], [448, 81, 1])
1	0.7170552111975917	0.7176969058987218	([367, 344], [367, 356, 347])
1	0.6559475204117571	0.7179109879666774	([277, 147], [285, 277, 275])
1	0.6998541079239281	0.7181008268931006	([108, 68], [108, 103, 84])
1	0.6564704385472583	0.718469554626637	([153, 76], [153, 143, 24])
1	0.49549412076386257	0.7186612893967983	([164, 128], [164, 118, 95])
1	0.6753608018697058	0.719709729555088	([355, 242], [355, 277, 252])
1	0.6260942435726055	0.719795478837471	([82, 16], [82, 53, 18])
1	0.6941223284443386	0.7198715292961336	([97, 65], [97, 79, 66])
1	0.6767678136724175	0.7198715292961336	([109, 60], [109, 97, 66])
1	0.7065034044964993	0.7199889252380681	([265, 237], [259, 247, 242])
1	0.6751108928322921	0.7205596762322238	([327, 291], [327, 323, 291])
1	0.5133019088694056	0.7208833225972014	([118, 91], [118, 103, 95])
1	0.539006138107461	0.7217112990321116	([95, 81], [143, 117, 24])
1	0.5703235087057894	0.7223249616711168	([82, 26], [172, 102, 83])
1	0.7135912540711266	0.7225169078868106	([292, 143], [291, 280, 279])
1	0.6792070731611713	0.7226426565727477	([144, 12], [144, 20, 12])
1	0.673642283494492	0.7236967303217328	([112, 16], [112, 16, 8])
1	0.6152393858929613	0.7239606082837748	([171, 107], [171, 107, 40])
1	0.6590192427027431	0.7241393396923329	([311, 143], [323, 311, 143])
1	0.7040249543802152	0.7254548405910255	([340, 142], [340, 151, 142])
1	0.695271205486745	0.7266526369335127	([144, 90], [144, 135, 123])
1	0.6089823871110446	0.7267718416762349	([448, 81], [448, 437, 433])
1	0.7244167053488884	0.7274533734047783	([138, 56], [138, 100, 83])
1	0.7085717563378183	0.7283765236306498	([47, 24], [47, 43, 24])
1	0.6608439855304847	0.7284528412315029	([333, 287], [331, 313, 293])
1	0.6116070965357061	0.729135406284556	([168, 134], [135, 115, 107])
1	0.6942702658950416	0.7297071348075752	([93, 5], [93, 13, 5])
1	0.7152035347610798	0.7300602836693854	([410, 379], [410, 398, 379])
1	0.7265925599178625	0.7313034002675979	([287, 252], [287, 280, 252])
1	0.6800119227176983	0.7321769822046912	([124, 93], [138, 124, 83])
1	0.7070793308830869	0.7327829781697776	([151, 118], [151, 144, 136])
1	0.6372560336487584	0.7328139978187106	([136, 82], [128, 113, 106])
1	0.711445245131278	0.733639494953894	([350, 46], [350, 66, 46])
1	0.719818309577603	0.7338013951309266	([104, 44], [106, 104, 44])
1	0.6466362302632499	0.7344921843999906	([314, 168], [329, 314, 303])
1	0.4935269249858229	0.7353389014503852	([173, 172], [231, 191, 178])
1	0.6677006219923619	0.7354957409048092	([423, 350], [447, 438, 354])
1	0.7303946311628114	0.7362159140857254	([58, 15], [75, 72, 15])
1	0.7150119567532789	0.7362830520937016	([77, 7], [77, 75, 9])
1	0.7187134231907363	0.7364083183833158	([334, 273], [334, 287, 273])
1	0.5983929414781826	0.7364390064781273	([147, 72], [149, 143, 59])
1	0.6242306898357571	0.7364858716225905	([391, 168], [395, 386, 377])
1	0.7046896456754707	0.7365073352541253	([149, 10], [149, 143, 2])
1	0.7060625364044751	0.736559935638493	([346, 283], [348, 334, 283])
1	0.7010956649304013	0.736624712179302	([153, 14], [153, 24, 22])
1	0.733720296356231	0.7366904433025182	([141, 52], [145, 141, 57])
1	0.589844902069817	0.7367270849479318	([147, 0], [147, 144, 0])
1	0.5972715229775636	0.7375396187152455	([160, 121], [160, 119, 43])
1	0.7217756743707742	0.7377840382917478	([125, 79], [125, 117, 79])
1	0.7358323523560177	0.7378607822269918	([170, 100], [172, 170, 100])
1	0.6654452739457801	0.7380418066971186	([385, 172], [385, 380, 175])
1	0.734215406525518	0.738802585485544	([422, 373], [422, 407, 387])
1	0.7319381345190581	0.7388053399371418	([151, 63], [151, 75, 69])
1	0.6746683816160075	0.7394228436342498	([382, 232], [383, 372, 232])
1	0.7236068572484599	0.7394285771558486	([158, 126], [158, 126, 83])
1	0.5772152256773129	0.7406231415917959	([92, 62], [94, 75, 62])
1	0.6710961212501478	0.740708436419871	([421, 354], [421, 418, 354])
1	0.735588000932295	0.7407852894267059	([441, 376], [441, 416, 376])
1	0.7012507077066449	0.7409105049584752	([154, 94], [154, 94, 23])
1	0.5806770690156707	0.7411820156404211	([429, 92], [429, 412, 405])
1	0.7276181437930506	0.7417529242974312	([425, 353], [425, 418, 354])
1	0.6690860274720025	0.7417529242974312	([412, 354], [438, 425, 354])
1	0.7259063027132744	0.7423594834478944	([102, 18], [102, 78, 18])
1	0.6503376236754015	0.7424842289165877	([354, 315], [354, 340, 335])
1	0.7381863829308719	0.7428861942221966	([361, 293], [374, 361, 353])
1	0.679905899169418	0.7438286656262444	([140, 74], [144, 90, 79])
1	0.7164792326125897	0.7444858857821849	([356, 146], [441, 434, 350])
1	0.6135809882090043	0.7451675476984753	([364, 92], [385, 379, 172])
1	0.7257471208629203	0.7451675476984753	([410, 172], [410, 379, 172])
1	0.6518262357409014	0.7451699127790217	([290, 147], [343, 290, 286])
1	0.6437462120639182	0.7461830346227486	([354, 172], [383, 354, 172])
1	0.7414057299118543	0.7462407192465729	([426, 20], [440, 426, 75])
1	0.7223682957426049	0.7462407192465729	([440, 9], [447, 440, 75])
1	0.7315466633421412	0.7464189719594073	([355, 324], [355, 324, 308])
1	0.6776283014248873	0.7466204148950696	([402, 355], [402, 384, 378])
1	0.7341349345306823	0.7466332413179043	([120, 42], [120, 86, 83])
1	0.5813560597125642	0.7468966799170283	([155, 92], [155, 152, 117])
1	0.7048838757673546	0.7469565590458589	([90, 39], [90, 66, 39])
1	0.7343648650167296	0.7470753252742948	([374, 293], [361, 346, 283])
1	0.7343306339304942	0.7471429198373141	([116, 59], [116, 87, 68])
1	0.7339287080696709	0.7476017755828549	([354, 72], [354, 116, 87])
1	0.7349935611477959	0.7476097105459604	([144, 61], [144, 79, 57])
1	0.7387245710612519	0.7476344385499164	([154, 122], [154, 142, 141])
1	0.7426478305466458	0.7485736920205658	([155, 99], [155, 104, 99])
1	0.7257755540983283	0.7488082839333994	([134, 27], [158, 134, 102])
1	0.5866233111055544	0.7488950646108743	([160, 17], [160, 40, 17])
1	0.7244521794362441	0.7488950646108743	([171, 17], [171, 40, 17])
1	0.6927759514952155	0.7490451014551932	([174, 75], [174, 75, 9])
1	0.7295622078985231	0.7494729580498715	([115, 67], [120, 115, 67])
1	0.7067116777477097	0.7496522666164456	([447, 338], [447, 354, 347])
1	0.7250545321271046	0.7496522666164456	([449, 347], [447, 445, 347])
1	0.7487179223747569	0.7496631695901989	([354, 98], [354, 110, 108])
1	0.7328869836459153	0.7498544939295655	([152, 58], [152, 140, 58])
1	0.7416280492466346	0.7499033336439846	([315, 280], [315, 298, 280])
1	0.7404398628901726	0.7499866518698275	([425, 396], [425, 417, 409])
1	0.5708067845626063	0.7502257773464379	([156, 82], [156, 82, 40])
1	0.6927129613219208	0.7504391094104813	([142, 13], [150, 142, 16])
1	0.694462861085432	0.7504743759207053	([434, 406], [434, 422, 421])
1	0.7475276353190367	0.7508244587702344	([133, 75], [141, 133, 115])
1	0.6804084693995255	0.751439023651562	([354, 248], [354, 264, 250])
1	0.7312878060351303	0.751548211652924	([108, 19], [108, 74, 2])
1	0.7402705617729458	0.75166570438015	([303, 266], [303, 291, 266])
1	0.6667992920012146	0.7519202139848328	([112, 8], [142, 110, 16])
1	0.6698907283989465	0.7519901584045331	([354, 264], [372, 354, 233])
1	0.7410733081028869	0.7519901584045331	([367, 233], [372, 367, 233])
1	0.7374835724437231	0.752095512984706	([399, 357], [399, 374, 354])
1	0.6522221859467636	0.752095512984706	([447, 354], [408, 399, 354])
1	0.6270255734740172	0.7523475552140164	([450, 75], [450, 75, 1])
1	0.5967923308673944	0.7524525768160895	([74, 40], [74, 40, 17])
1	0.6108325574357267	0.7525140568656358	([380, 169], [373, 364, 352])
1	0.7218183593902876	0.7529845890687973	([359, 290], [359, 336, 333])
1	0.7091070904427579	0.7530290774754433	([292, 242], [292, 287, 242])
1	0.7290112643373577	0.753558012415538	([443, 335], [443, 344, 335])
1	0.7334933885412425	0.7536810082901313	([366, 337], [366, 361, 337])
1	0.7153318167027427	0.7536982322392805	([101, 38], [101, 100, 30])
1	0.7469886613830838	0.7538770785042325	([358, 301], [358, 342, 93])
1	0.5234733910778625	0.7546587627081425	([91, 63], [100, 91, 63])
1	0.6291812174085628	0.7551315978213787	([147, 95], [147, 95, 72])
1	0.7436137190884828	0.755453160839273	([371, 313], [371, 337, 332])
1	0.6477157994601812	0.7555518464968998	([251, 147], [285, 251, 245])
1	0.737793183425479	0.755701431328504	([63, 14], [63, 47, 42])
1	0.7496910817610649	0.7557608011977971	([358, 238], [358, 355, 242])
1	0.6771739916962812	0.7559630223908392	([350, 145], [439, 438, 145])
1	0.6912737410071417	0.7563570681436	([340, 151], [350, 340, 145])
1	0.7561687567326235	0.7565628527388522	([429, 348], [429, 420, 348])
1	0.7291658291990125	0.7569449109823774	([344, 279], [344, 289, 283])
1	0.7465239519834569	0.7569524458280853	([450, 16], [450, 16, 1])
1	0.7523705672953056	0.7570789119271589	([430, 347], [447, 430, 347])
1	0.7238899601945878	0.7570789119271589	([430, 0], [447, 430, 427])
1	0.7503360746652562	0.757130917139867	([405, 251], [407, 405, 251])
1	0.7113446268122314	0.7572564598283659	([404, 353], [404, 373, 353])
1	0.7493381905852894	0.7575791353005352	([441, 8], [445, 441, 8])
1	0.6058277675291972	0.7578844719491855	([168, 156], [168, 156, 26])
1	0.7224255163743502	0.758532764690658	([137, 18], [137, 136, 18])
1	0.7059985816287295	0.758596736775473	([350, 66], [350, 74, 66])
1	0.7093268374367896	0.7587932665303491	([443, 355], [450, 443, 352])
1	0.7564238435494622	0.7588162987508354	([425, 74], [436, 425, 74])
1	0.7508075596925785	0.7590038454076727	([431, 2], [450, 431, 424])
1	0.7381067496916339	0.759223157786766	([372, 253], [372, 253, 232])
1	0.6508286794306586	0.7594537935241074	([357, 76], [357, 350, 74])
1	0.5693944377301988	0.7597861492792155	([92, 3], [117, 92, 3])
1	0.7451083089757727	0.7600894670033508	([417, 361], [420, 417, 361])
1	0.7477432305486021	0.7601163873225244	([439, 343], [439, 437, 343])
1	0.7557480605193463	0.7602799470327456	([414, 368], [414, 395, 379])
1	0.7401087816454961	0.7604954837698207	([109, 12], [109, 66, 12])
1	0.4982585908663276	0.7605705412078226	([164, 38], [173, 164, 41])
1	0.7499742907471543	0.7608909865069848	([448, 93], [446, 420, 93])
1	0.7540471320496817	0.7611856506185435	([127, 32], [129, 127, 38])
1	0.5041565279902019	0.7611856506185435	([164, 158], [164, 127, 38])
1	0.7375594001536174	0.7612027318296467	([123, 51], [123, 94, 44])
1	0.7527826362547714	0.7612027318296467	([131, 44], [131, 123, 44])
1	0.7590576894249145	0.7612556111501132	([250, 231], [250, 236, 231])
1	0.7396516054310661	0.7617874302005028	([285, 75], [323, 285, 74])
1	0.7425747747215948	0.7619827889726146	([157, 77], [157, 109, 77])
1	0.7506591980733887	0.7622496995716361	([421, 287], [421, 355, 273])
1	0.6660382215906602	0.7622856835982211	([271, 76], [271, 259, 242])
1	0.6939724873506841	0.7628479883595649	([450, 339], [450, 447, 336])
1	0.48455726040017966	0.76296108351088	([257, 166], [257, 249, 243])
1	0.7313248806320849	0.7630207218315956	([151, 51], [151, 63, 51])
1	0.735921993092561	0.7631567353158825	([126, 21], [124, 99, 86])
1	0.7046681310275122	0.7632287585796106	([233, 23], [233, 232, 25])
1	0.7182157955295523	0.7632287585796106	([354, 25], [354, 233, 25])
1	0.7350195764485009	0.7634771714313667	([417, 347], [416, 411, 345])
1	0.7306740336682988	0.7637108866897445	([336, 258], [336, 279, 276])
1	0.75653220768365	0.7638192159166007	([369, 278], [369, 355, 278])
1	0.7512427241064378	0.7639021330880298	([418, 337], [418, 357, 354])
1	0.7130526225750334	0.7640693217070936	([239, 143], [239, 233, 154])
1	0.7346841714891464	0.7643919276566312	([171, 78], [171, 107, 78])
1	0.7574536054738954	0.764757871816368	([315, 242], [331, 315, 242])
1	0.7581997679737774	0.7648497661173287	([301, 232], [313, 301, 293])
1	0.7468606577513208	0.7649928640942426	([420, 285], [420, 286, 285])
1	0.7566798199656674	0.7653955830663148	([333, 246], [333, 277, 267])
1	0.760408510410558	0.7653955830663148	([329, 277], [333, 329, 277])
1	0.7643108005559852	0.7654662988433732	([394, 364], [394, 389, 364])
1	0.697099806995635	0.7654795621500582	([355, 304], [355, 306, 242])
1	0.7623572136992626	0.7656664119717314	([450, 113], [450, 113, 90])
1	0.7454851303706364	0.7660150219617577	([426, 346], [434, 426, 346])
1	0.7126234156746182	0.7660634659268669	([437, 349], [425, 415, 396])
1	0.7657017505594386	0.7661730544743769	([372, 292], [372, 354, 291])
1	0.7626767427688265	0.7664819587691362	([413, 352], [415, 413, 361])
1	0.7651341041145723	0.7668731475875953	([439, 394], [439, 422, 409])
1	0.5794439908123752	0.7670602196687876	([405, 92], [372, 291, 290])
1	0.6035620146161832	0.7670883615522776	([239, 168], [239, 173, 172])
1	0.7440554398455813	0.767258832636104	([366, 296], [370, 361, 293])
1	0.7665726684449743	0.7672901207793562	([316, 281], [316, 294, 281])
1	0.7396613693102793	0.7672954593140863	([329, 249], [329, 287, 249])
1	0.7442187946569893	0.7674556944654416	([242, 26], [242, 240, 26])
1	0.6913517564221803	0.7675053556500759	([421, 112], [450, 420, 286])
1	0.7397745132899493	0.7675053556500759	([445, 286], [450, 445, 286])
1	0.7578077194498516	0.7677752783627497	([394, 250], [414, 394, 391])
1	0.7348847925061404	0.7680299363381943	([313, 232], [312, 301, 232])
1	0.6419961445443134	0.7684052444982037	([343, 147], [449, 347, 343])
1	0.6774630849990942	0.7684052444982037	([406, 74], [449, 437, 343])
1	0.7408041561292391	0.7691992891829071	([241, 45], [241, 232, 39])
1	0.7257818158417636	0.769336943571991	([275, 109], [286, 279, 112])
1	0.7111614870771055	0.7696292928369189	([354, 108], [354, 87, 25])
1	0.7093122782499443	0.7697377971136662	([231, 143], [231, 143, 39])
1	0.6809211459153911	0.7699080452676367	([342, 93], [448, 93, 2])
1	0.7651606477683089	0.7699939568016477	([422, 278], [422, 357, 278])
1	0.7415465458339896	0.7701106894406646	([444, 359], [444, 439, 359])
1	0.5939683703248879	0.7701310842488336	([450, 0], [447, 338, 144])
1	0.7019131439894473	0.7703080565448824	([286, 13], [350, 75, 13])
1	0.5570529932389531	0.7704024704488022	([232, 82], [232, 82, 38])
1	0.7658394891915332	0.7708890909581508	([440, 404], [440, 433, 404])
1	0.7631927636068495	0.7709154326724775	([295, 259], [295, 292, 242])
1	0.7684836508543157	0.771019849682483	([328, 251], [335, 328, 251])
1	0.7361228886899104	0.7710336592872324	([274, 172], [280, 274, 172])
1	0.7401454168390263	0.7710336592872324	([290, 172], [290, 280, 172])
1	0.5879773339770593	0.7710911542816918	([379, 168], [377, 358, 238])
1	0.7519905330134437	0.77118337754942	([130, 73], [139, 130, 73])
1	0.6909211861776666	0.7713081805748462	([250, 93], [284, 274, 93])
1	0.7634903959060795	0.7716140717486673	([252, 74], [252, 246, 74])
1	0.6026347167444015	0.7723458941052201	([263, 92], [263, 241, 93])
1	0.7656429308047586	0.7723458941052201	([301, 263], [301, 263, 93])
1	0.7482960843604913	0.7728648491803034	([376, 24], [376, 252, 233])
1	0.621649102457197	0.7731661009089521	([267, 168], [261, 240, 233])
1	0.7562519570465316	0.773523782542868	([347, 275], [347, 339, 275])
1	0.7492178042032396	0.7737605532840067	([421, 339], [421, 357, 339])
1	0.7466718390832265	0.7740423337055772	([407, 249], [407, 285, 249])
1	0.7005072026295261	0.7740423337055772	([323, 74], [420, 407, 285])
1	0.7524933419390432	0.774414813142655	([418, 245], [418, 385, 245])
1	0.7281359594760061	0.7744180630297991	([83, 14], [83, 72, 14])
1	0.7711207504010651	0.774707006993647	([425, 362], [425, 362, 353])
1	0.7123409482293648	0.774721322568748	([301, 93], [301, 286, 281])
1	0.7443593845958075	0.7749629404641395	([388, 234], [405, 374, 234])
1	0.7657606659036998	0.7751339200773091	([357, 63], [357, 353, 112])
1	0.7050496331178147	0.7751339200773091	([378, 112], [378, 357, 112])
1	0.7006252271280169	0.7751339200773091	([353, 112], [421, 357, 112])
1	0.5849470187941178	0.7755179404977586	([350, 74], [354, 350, 77])
1	0.7704143313647617	0.7755944200391163	([57, 5], [57, 21, 20])
1	0.7564182333617402	0.7756512499865885	([250, 21], [250, 152, 93])
1	0.7546165182052355	0.7758940973553349	([321, 264], [318, 298, 264])
1	0.5574157069825808	0.7759285909026719	([169, 126], [169, 157, 126])
1	0.7439711774515954	0.7759285909026719	([234, 126], [234, 157, 126])
1	0.7547536953891102	0.7762992291635962	([386, 342], [411, 386, 93])
1	0.6073525965105028	0.7767633830750249	([165, 130], [165, 148, 130])
1	0.745356923539142	0.7768568026482927	([296, 273], [296, 291, 273])
1	0.5632325182169106	0.7771846287485097	([312, 164], [325, 312, 290])
1	0.5792937310349052	0.7772036051184184	([440, 146], [420, 286, 13])
1	0.7766432503633525	0.7772036051184184	([414, 13], [420, 414, 13])
1	0.7455278085395375	0.7772036051184184	([425, 13], [425, 420, 13])
1	0.7629432447348306	0.7772558003090192	([442, 340], [446, 442, 340])
1	0.5962653841717117	0.7773840226932052	([160, 148], [160, 148, 119])
1	0.7478799048809524	0.7774192122962728	([248, 117], [275, 267, 109])
1	0.7589594586220916	0.777421178839979	([343, 141], [343, 147, 146])
1	0.707445627745664	0.777421178839979	([342, 146], [343, 342, 146])
1	0.7753850370282409	0.7775318467882748	([386, 328], [386, 342, 328])
1	0.6084466177499864	0.7775715641234178	([260, 160], [260, 235, 232])
1	0.7370648660243867	0.7775881187538215	([354, 11], [354, 350, 11])
1	0.7433423475466969	0.7776493566828288	([319, 262], [324, 319, 262])
1	0.6898829297954719	0.7778803843121187	([179, 76], [179, 172, 85])
1	0.7156978913071441	0.7778892330445033	([151, 3], [151, 24, 9])
1	0.7577990445390437	0.7779757702975637	([391, 275], [391, 366, 284])
1	0.713317972999838	0.7781910281350468	([350, 118], [350, 118, 17])
1	0.5607718156151631	0.778226208694906	([235, 164], [258, 235, 232])
1	0.6662067417962887	0.7785163571133094	([287, 82], [287, 272, 249])
1	0.7509789868993263	0.7790099846638392	([398, 276], [398, 391, 275])
1	0.7608151546615153	0.7793284438647318	([356, 234], [356, 279, 232])
1	0.7750978010433247	0.7793405946816915	([406, 236], [450, 248, 246])
1	0.7670362151290965	0.7794354655579985	([233, 78], [233, 78, 24])
1	0.5711676128023324	0.7796960007497781	([180, 165], [180, 165, 34])
1	0.6065031745907077	0.7800571016542017	([160, 88], [160, 128, 88])
1	0.7666496088536322	0.7801742506888102	([381, 38], [384, 381, 38])
1	0.7783506993708991	0.7802525812880662	([436, 288], [436, 349, 347])
1	0.7685465903741069	0.7806577374021894	([121, 34], [136, 121, 34])
1	0.7279146233983147	0.7814711499112215	([368, 311], [371, 368, 311])
1	0.5943447285529224	0.7815909738522914	([312, 92], [375, 309, 232])
1	0.7712280508927922	0.7816520787072331	([444, 140], [450, 444, 151])
1	0.7590436880623128	0.7819069497623735	([335, 12], [338, 335, 18])
1	0.7327064990086247	0.781996041682526	([32, 4], [32, 26, 4])
1	0.6548835241731734	0.7820506855191608	([250, 76], [297, 292, 74])
1	0.6621123468494241	0.7820559164401687	([286, 112], [420, 123, 112])
1	0.7713413112347919	0.7821108490583001	([355, 1], [424, 355, 350])
1	0.648215805455089	0.7822966936962817	([280, 143], [292, 250, 231])
1	0.7475597639325159	0.7826299757625698	([423, 55], [432, 420, 112])
1	0.7696691368974363	0.7827539001870263	([450, 248], [450, 408, 246])
1	0.7506096700896294	0.7832038284025892	([241, 136], [241, 156, 136])
1	0.778647434348742	0.7832038284025892	([241, 148], [241, 156, 148])
1	0.7479069186377462	0.7832251513114731	([378, 254], [378, 254, 253])
1	0.7694446555300042	0.7835744267142036	([408, 9], [408, 350, 9])
1	0.7288394265532877	0.7836080282890977	([337, 59], [337, 286, 59])
1	0.768384658265475	0.7836881977310501	([380, 299], [380, 374, 299])
1	0.5798969729200407	0.7837058243324567	([92, 35], [92, 83, 35])
1	0.7612153081661648	0.7837765236643314	([411, 276], [411, 398, 386])
1	0.491562257349677	0.7842941491035711	([178, 177], [191, 178, 172])
1	0.7755203042517017	0.7843369206207714	([256, 134], [256, 172, 134])
1	0.7605926587763816	0.7844076197800582	([439, 15], [447, 439, 15])
1	0.7753359976752676	0.7844629123738195	([395, 242], [395, 372, 253])
1	0.6052674192888167	0.7845274172370603	([433, 81], [111, 81, 1])
1	0.7680154119679021	0.784822271832266	([275, 44], [275, 123, 109])
1	0.7389898429378443	0.78508089306611	([234, 155], [241, 234, 155])
1	0.6368888038182876	0.7852453027158754	([329, 168], [329, 277, 267])
1	0.7539614399654988	0.7856144506009091	([234, 57], [234, 172, 40])
1	0.7428270786229046	0.7858236376122019	([296, 233], [298, 296, 233])
1	0.7824710218381671	0.7859511724618362	([405, 17], [405, 333, 283])
1	0.77251917701896	0.7859511724618362	([424, 289], [424, 405, 333])
1	0.7393656666180781	0.7859652432616803	([344, 175], [358, 344, 175])
1	0.7794628362741655	0.7860914767805972	([376, 317], [376, 332, 317])
1	0.7562823988289812	0.7860914767805972	([406, 332], [406, 376, 332])
1	0.7396632568187621	0.7861440203051058	([438, 58], [438, 350, 58])
1	0.7504936421302674	0.7862195704169219	([414, 250], [414, 365, 250])
1	0.781640646037531	0.7862986423114803	([244, 107], [244, 107, 28])
1	0.7703297301500583	0.7865720293701894	([345, 20], [345, 337, 20])
1	0.780698038700834	0.7866175318968127	([431, 282], [431, 423, 282])
1	0.7346724077644932	0.7868350587511234	([239, 113], [239, 238, 112])
1	0.7797983546688025	0.787027593555882	([388, 266], [388, 289, 283])
1	0.7429247129010478	0.787027593555882	([388, 289], [388, 376, 283])
1	0.6484141748658742	0.7870510672541075	([235, 146], [235, 233, 146])
1	0.7732128197442367	0.78715662122878	([396, 108], [421, 396, 108])
1	0.7777392784273934	0.7875478458618227	([390, 327], [390, 375, 327])
1	0.7797447914853204	0.7876071149276438	([389, 287], [389, 347, 345])
1	0.7796583839088786	0.7877166368587863	([381, 314], [381, 376, 317])
1	0.7767416140657234	0.7877172609366563	([403, 112], [403, 396, 112])
1	0.7686324155708176	0.7877743980028749	([403, 265], [403, 279, 265])
1	0.7464503503863034	0.7877743980028749	([389, 279], [403, 389, 279])
1	0.6600906397407414	0.7886655508701269	([396, 147], [396, 378, 147])
1	0.7236065625470277	0.7887560298061821	([440, 284], [440, 425, 284])
1	0.5290166910443491	0.7892186974616331	([164, 59], [164, 118, 59])
1	0.7815522174691488	0.7892444199271984	([394, 291], [398, 394, 291])
1	0.7874869694871302	0.7893068552806916	([345, 104], [350, 345, 104])
1	0.7567514828896341	0.7893792015293664	([244, 83], [418, 403, 244])
1	0.7791372000776432	0.7895248077334388	([284, 102], [423, 284, 282])
1	0.7827009577870109	0.7897419696729454	([303, 241], [303, 266, 241])
1	0.776490286216313	0.7898265769281139	([255, 55], [255, 244, 55])
1	0.48772714201661066	0.7898319834068309	([166, 27], [243, 232, 172])
1	0.7888584820500908	0.7898427509165972	([450, 298], [450, 334, 317])
1	0.7880607300040919	0.7899168897615825	([355, 48], [355, 48, 43])
1	0.6542984088445554	0.789950151395713	([428, 82], [431, 428, 12])
1	0.5938153980771521	0.7899832662708383	([165, 67], [165, 67, 34])
1	0.6681503757473339	0.7900859997635734	([380, 76], [380, 363, 354])
1	0.7847723026560731	0.7900973909124005	([235, 49], [242, 235, 49])
1	0.7823807017034999	0.7900973909124005	([242, 64], [405, 242, 49])
1	0.7802419663382529	0.7901918868810691	([400, 49], [242, 49, 44])
1	0.7818895039453574	0.7902294116868173	([340, 90], [357, 335, 90])
1	0.7375798420792625	0.7902708417964153	([403, 83], [244, 233, 55])
1	0.7695184093625081	0.7904068177546024	([269, 145], [338, 275, 269])
1	0.7687556694332279	0.7904332112936504	([281, 49], [281, 242, 172])
1	0.78674130366694	0.7907099910215476	([383, 310], [383, 310, 301])
1	0.749143308824416	0.7907132135440241	([370, 264], [407, 381, 264])
1	0.7855797924742802	0.7908186010440661	([356, 316], [378, 316, 313])
1	0.7592211747346318	0.7908365727394665	([49, 4], [49, 26, 24])
1	0.5656277998381568	0.7912015338216958	([91, 19], [91, 86, 19])
1	0.6654044103734164	0.7915569541010433	([419, 76], [419, 357, 333])
1	0.7642086724888637	0.7915650394344574	([364, 272], [364, 353, 265])
1	0.5955784273944651	0.7915943116179189	([346, 92], [373, 346, 334])
1	0.7699017772736283	0.7916592530479816	([236, 52], [250, 236, 52])
1	0.777331479609824	0.7917084017977395	([415, 263], [415, 333, 273])
1	0.7837821167734934	0.7919963710945452	([355, 95], [355, 248, 95])
1	0.6534218974962696	0.792083338257481	([272, 82], [287, 125, 123])
1	0.781677864487974	0.792144140664333	([410, 306], [410, 378, 306])
1	0.7827777521147286	0.7922380634713964	([309, 274], [309, 289, 280])
1	0.7771908342305096	0.7924580041043102	([423, 102], [352, 284, 140])
1	0.6325279184295113	0.792633211600803	([449, 168], [449, 377, 357])
1	0.7853751612582464	0.7926511924693942	([441, 105], [441, 146, 105])
1	0.7420802057966344	0.7927227200171191	([384, 295], [384, 355, 259])
1	0.7804630702407268	0.7928595916190323	([415, 102], [423, 413, 348])
1	0.7832726274357679	0.7935631670356533	([304, 260], [304, 295, 260])
1	0.7654692777344804	0.7935889971212163	([237, 59], [237, 233, 70])
1	0.5267424618827907	0.7940086196047745	([166, 64], [166, 64, 47])
1	0.7893488904769861	0.7942414062000681	([343, 16], [450, 352, 16])
1	0.78094215257029	0.7942838381114061	([289, 157], [338, 289, 275])
1	0.7719386196218333	0.7942850256612246	([363, 319], [362, 355, 240])
1	0.7621967596156504	0.794333850577094	([175, 120], [175, 120, 26])
1	0.7668935459001514	0.7943466063769236	([372, 16], [372, 350, 50])
1	0.7295702484076155	0.7943972875893885	([409, 254], [409, 355, 254])
1	0.7483348174317633	0.7946639436474592	([273, 73], [283, 273, 73])
1	0.7716961748282614	0.7947908869503038	([256, 154], [256, 232, 25])
1	0.4970554269387059	0.7952606767933271	([173, 164], [166, 98, 27])
1	0.7942572193408048	0.7953428926366308	([363, 53], [436, 363, 347])
1	0.7901903094050483	0.7954786349669748	([375, 123], [375, 123, 22])
1	0.7926949724679831	0.7957624794099376	([433, 268], [433, 374, 268])
1	0.7319587091827069	0.7960142162872307	([372, 152], [372, 356, 152])
1	0.6971565765384247	0.7964630323029097	([342, 143], [342, 291, 265])
1	0.6300986152218759	0.7965051311670047	([160, 4], [160, 30, 4])
1	0.7805345133462613	0.7965574618705967	([343, 73], [343, 73, 20])
1	0.7147128593020824	0.7965574618705967	([337, 14], [343, 337, 20])
1	0.7802179812237963	0.7965757093866244	([247, 56], [248, 247, 56])
1	0.7864930708008943	0.7965932519862451	([288, 153], [355, 288, 248])
1	0.7947387124353706	0.7967458067068448	([321, 234], [321, 319, 234])
1	0.7937401192547031	0.7967534700405798	([369, 305], [369, 367, 305])
1	0.703761257828392	0.797112960366701	([364, 75], [364, 232, 75])
1	0.7924872618399754	0.7971452495254301	([342, 25], [342, 25, 16])
1	0.7836913528383792	0.7971611984035628	([261, 102], [415, 263, 261])
1	0.789790603583187	0.7974120846656044	([436, 22], [434, 146, 141])
1	0.6983053695428626	0.7974120846656044	([421, 143], [434, 426, 146])
1	0.7944840323674525	0.7974911995769501	([353, 21], [375, 353, 280])
1	0.795207680935212	0.7975422263930276	([341, 61], [341, 74, 54])
1	0.7753263811391569	0.797630365644881	([375, 21], [439, 375, 336])
1	0.7493623608383573	0.7976480046727993	([290, 23], [290, 146, 23])
1	0.7403735600138147	0.7980581832648544	([363, 83], [363, 343, 83])
1	0.7850329675719271	0.7981808205987355	([337, 234], [337, 282, 234])
1	0.7913413902262316	0.7982504994867717	([397, 329], [396, 372, 329])
1	0.7910813623599373	0.7984291271815495	([411, 299], [411, 386, 299])
1	0.7943833742841944	0.7987427100973272	([339, 150], [356, 339, 152])
1	0.7974691274729809	0.798800334819214	([436, 255], [439, 436, 255])
1	0.7983818468956229	0.7988528886684921	([276, 53], [278, 276, 53])
1	0.7917098042083702	0.7990394775540325	([260, 136], [260, 160, 121])
1	0.795326241459275	0.7993413278910183	([275, 175], [275, 252, 175])
1	0.7997107043921441	0.7999452003701075	([411, 68], [411, 175, 172])
1	0.7783208802845897	0.7999551887182504	([247, 137], [247, 146, 137])
1	0.7593674385398433	0.8000371672050597	([394, 325], [394, 334, 325])
1	0.7899535825010104	0.8002033386613374	([424, 73], [426, 424, 73])
1	0.7961534833391355	0.8004495836856867	([393, 308], [393, 383, 308])
1	0.7885270216190283	0.8011012206363703	([68, 10], [68, 26, 25])
1	0.7832549814164149	0.8011137751374373	([388, 145], [388, 340, 289])
1	0.7844312181772921	0.8013049625610064	([375, 151], [375, 157, 151])
1	0.80116570806776	0.8015744981312906	([235, 123], [235, 123, 52])
1	0.743674417813071	0.8015744981312906	([174, 52], [235, 174, 52])
1	0.6224278023795429	0.801664505606309	([308, 169], [380, 308, 299])
1	0.6486759184720052	0.8018446174751472	([378, 147], [378, 285, 256])
1	0.7945886607303169	0.8019220879801692	([283, 132], [283, 132, 24])
1	0.7625941568239621	0.8020205755243098	([278, 39], [276, 241, 55])
1	0.7797620462231657	0.8022114545825786	([377, 277], [391, 377, 277])
1	0.7917589794541572	0.8022114545825786	([417, 277], [417, 391, 277])
1	0.8003004421715881	0.8025460891449268	([440, 49], [440, 56, 49])
1	0.7553686818142065	0.8026789001483028	([321, 75], [358, 321, 75])
1	0.7640486626810991	0.8027633860338772	([249, 61], [341, 270, 249])
1	0.8013556089715675	0.8029095890040212	([417, 305], [417, 305, 277])
1	0.7942642634820986	0.8029154504889132	([288, 2], [335, 288, 12])
1	0.8030028781748889	0.8032370071491796	([277, 16], [283, 277, 16])
1	0.7766214938008762	0.803366568993972	([344, 19], [344, 337, 14])
1	0.7605513651456851	0.8035221612450124	([416, 170], [443, 427, 170])
1	0.7830629059921257	0.8036605397573011	([438, 103], [438, 358, 341])
1	0.7917849238842027	0.8036952896809041	([268, 0], [268, 251, 242])
1	0.557252193010884	0.8041061906276281	([258, 164], [235, 172, 37])
1	0.7807603267992268	0.8050614140456828	([251, 50], [251, 250, 50])
1	0.7976883662811949	0.8052845654466456	([358, 171], [358, 171, 71])
1	0.6549090257599134	0.8057252511977183	([239, 147], [251, 239, 147])
1	0.6373081028428796	0.8059131483623001	([433, 147], [449, 433, 347])
1	0.756472764187149	0.8059849644831881	([437, 111], [437, 111, 55])
1	0.8050545598289545	0.8064509886992409	([340, 4], [340, 337, 14])
1	0.7951895959751347	0.8065898825711296	([236, 128], [236, 233, 128])
1	0.77468477962279	0.8067450100844806	([405, 1], [450, 417, 1])
1	0.7729467753511527	0.8073774338690718	([266, 151], [340, 266, 263])
1	0.7940854299371857	0.8074017987325536	([264, 19], [264, 244, 19])
1	0.7813698825437778	0.8074102217746436	([445, 256], [445, 286, 243])
1	0.7386228580438838	0.8082440172619524	([278, 107], [278, 107, 67])
1	0.8034385250221471	0.8084201807899436	([424, 171], [424, 358, 289])
1	0.7938864601757155	0.80912446994136	([424, 45], [408, 386, 45])
1	0.7998227031733399	0.8091907227250984	([346, 60], [346, 283, 60])
1	0.784007155633835	0.809258443871062	([338, 95], [338, 144, 123])
1	0.7498590405053428	0.8092766037312609	([393, 255], [393, 381, 264])
1	0.7733696604253311	0.8094284381367338	([277, 141], [338, 277, 141])
1	0.7967953340861358	0.809555528079778	([371, 116], [371, 352, 116])
1	0.8058880502413203	0.8095975664603093	([295, 173], [380, 299, 295])
1	0.7893343788059358	0.8097662498342731	([264, 59], [264, 59, 19])
1	0.7964885797253185	0.8097892410912088	([412, 43], [412, 380, 38])
1	0.7883860681688237	0.8097918286785546	([413, 321], [416, 413, 321])
1	0.65397428386086	0.8099503063747279	([385, 143], [361, 346, 150])
1	0.7815880767969247	0.8099911405306437	([410, 271], [410, 408, 271])
1	0.7895212746757387	0.8100405267250321	([436, 53], [449, 436, 53])
1	0.6042760658847245	0.810224710045093	([332, 169], [332, 248, 247])
1	0.7808738960352517	0.8102313635503138	([415, 238], [415, 262, 238])
1	0.7819782934748946	0.8105102662483827	([333, 17], [333, 267, 142])
1	0.7899074946473593	0.8108665718039446	([344, 133], [344, 149, 137])
1	0.7980084159202635	0.8110380616027868	([404, 51], [404, 142, 51])
1	0.7884964334894873	0.8111757216675535	([446, 119], [448, 446, 119])
1	0.7824704909353712	0.8114498150061723	([302, 175], [383, 302, 175])
1	0.7883525351645922	0.8115026167384757	([445, 43], [445, 142, 51])
1	0.7432076846356658	0.8118759392713654	([442, 18], [442, 149, 18])
1	0.8093151790491275	0.8119828656000428	([300, 39], [300, 261, 39])
1	0.8003578874216815	0.812499709396991	([392, 320], [392, 320, 256])
1	0.8095286287153787	0.812593914617991	([428, 139], [428, 141, 139])
1	0.7790125457332453	0.8134707526322073	([368, 65], [345, 138, 65])
1	0.7882246717610836	0.8137737763579501	([442, 79], [442, 436, 79])
1	0.7640037140831233	0.8141451548425623	([310, 236], [310, 297, 239])
1	0.8031179360272989	0.8141516239130482	([382, 117], [382, 292, 231])
1	0.8088216139099466	0.814190031088463	([444, 232], [444, 232, 75])
1	0.8068004557915802	0.8142318522041795	([243, 108], [243, 108, 50])
1	0.48717529310926033	0.8144328237935906	([41, 40], [188, 180, 35])
1	0.8110071778884704	0.8151870567020852	([414, 79], [414, 79, 13])
1	0.8060970822309822	0.8154299183817687	([254, 5], [271, 254, 237])
1	0.7913788416479508	0.8155072648501172	([336, 117], [445, 336, 286])
1	0.7980109725290495	0.8158755571105898	([435, 326], [435, 343, 326])
1	0.5606250276746071	0.8159516142724146	([232, 92], [346, 92, 84])
1	0.7803237208104317	0.8161506086225583	([431, 80], [431, 113, 78])
1	0.8031390065044133	0.8161768069623971	([325, 102], [383, 310, 102])
1	0.7675411251436315	0.81630811128884	([278, 8], [405, 278, 8])
1	0.7999001441164804	0.8163644307649801	([409, 62], [409, 379, 177])
1	0.8135522257500237	0.8164367679525586	([266, 71], [266, 71, 58])
1	0.7367773972511927	0.8168852744432158	([265, 77], [265, 234, 233])
1	0.8168913888729734	0.8172979466760085	([339, 72], [339, 150, 75])
1	0.8030799609199966	0.8174129605307325	([278, 174], [380, 278, 253])
1	0.7950204037773141	0.8179026159243263	([255, 150], [255, 150, 75])
1	0.7928854327868198	0.8193087945197541	([387, 36], [387, 381, 36])
1	0.7218075659474673	0.8194998891952815	([418, 109], [418, 109, 25])
1	0.7911345952972217	0.8200730466834313	([121, 10], [121, 100, 6])
1	0.7909770367888782	0.8200934535752394	([440, 158], [440, 359, 158])
1	0.7887041155631825	0.8201265885975475	([242, 99], [286, 242, 99])
1	0.7922423596258524	0.8202204897492229	([418, 69], [418, 86, 69])
1	0.7924434533312529	0.8205535851994524	([374, 68], [444, 374, 140])
1	0.819488696352599	0.8206744200681574	([266, 131], [266, 151, 118])
1	0.8063440619956687	0.8208939142671319	([440, 101], [440, 101, 17])
1	0.8158203732987401	0.8209495995821444	([419, 300], [419, 300, 286])
1	0.820105452087868	0.8209936426687637	([333, 48], [424, 333, 62])
1	0.820737222758762	0.8215269021863278	([392, 59], [404, 392, 59])
1	0.8187104587339457	0.8217201996207066	([395, 128], [396, 395, 128])
1	0.8160839800122168	0.8220268921344503	([310, 151], [310, 288, 266])
1	0.7833177739023012	0.8222660178687448	([409, 120], [409, 346, 120])
1	0.8025274356546418	0.8227291698475768	([401, 85], [423, 401, 85])
1	0.7873996233458027	0.8229682581846928	([267, 72], [267, 142, 57])
1	0.7858179679730738	0.8232037753506144	([361, 119], [361, 341, 119])
1	0.8016024112095432	0.8245019639581682	([410, 88], [438, 410, 88])
1	0.8226306856366672	0.8247203394840747	([444, 302], [444, 336, 302])
1	0.8201816939278386	0.824874284715862	([317, 50], [364, 317, 287])
1	0.8135267422037713	0.8256458830398659	([269, 115], [269, 145, 137])
1	0.7827781821626614	0.8268310037796858	([376, 121], [423, 376, 150])
1	0.8195422570623894	0.8270338961392562	([257, 65], [293, 257, 65])
1	0.5050045579740867	0.8272348141023346	([159, 158], [162, 159, 114])
1	0.8267959321655403	0.8281716143533059	([301, 127], [301, 233, 127])
1	0.8062901231774896	0.828213167171647	([298, 52], [327, 298, 52])
1	0.8089183727782134	0.8285409316970033	([304, 67], [304, 286, 67])
1	0.8185666584160262	0.8288368455832785	([442, 320], [442, 334, 320])
1	0.4930337798747222	0.8295973662969724	([166, 98], [163, 156, 41])
1	0.8216493904992298	0.83008412580533	([315, 68], [315, 255, 68])
1	0.5962906808469828	0.8300925307070695	([409, 169], [409, 308, 177])
1	0.8021180900286953	0.8301568984548306	([365, 136], [365, 136, 71])
1	0.5767728535378318	0.8303998204811298	([165, 148], [165, 130, 67])
1	0.759387824025114	0.8317516584093942	([387, 90], [417, 387, 135])
1	0.81351873660566	0.8321538036847304	([270, 139], [270, 139, 106])
1	0.8181485734940835	0.8323491170397304	([402, 127], [402, 234, 233])
1	0.8117324954250669	0.8328583753955909	([284, 6], [284, 107, 23])
1	0.8245563023523013	0.833095825771281	([307, 63], [307, 250, 50])
1	0.8161010366572233	0.8336024524486365	([317, 86], [377, 317, 86])
1	0.8231419154975007	0.8346032614153321	([319, 125], [319, 125, 58])
1	0.8322875742020902	0.8356913153548994	([318, 123], [420, 321, 318])
1	0.5988435860486263	0.8364222991444732	([345, 165], [345, 165, 148])
1	0.8145305042292207	0.8364231946333555	([339, 28], [417, 339, 28])
1	0.8288289391619222	0.8364412745032825	([416, 111], [416, 379, 170])
1	0.8000938531484166	0.8366274418255322	([298, 129], [298, 255, 129])
1	0.8353777221318232	0.8409362970462686	([285, 3], [349, 285, 3])
1	0.48926917981690343	0.8431285605697276	([163, 156], [163, 156, 125])
1	0.583970352232613	0.846394672076269	([258, 169], [258, 169, 35])
1	0.78411174504118	0.8466689224476008	([265, 10], [448, 278, 265])
1	0.6082648324219809	0.8575378338978635	([393, 81], [448, 393, 81])
1	0.5105639897115398	0.8627497079168012	([360, 359], [360, 161, 31])
1	0.5527927292106117	0.8635840126135758	([250, 91], [250, 103, 91])
1	0.5481916168193972	0.865224338421905	([325, 164], [312, 235, 164])
1	0.5081206794159141	0.8685556542858476	([166, 47], [166, 98, 47])
1	0.6667752091048382	0.8718002612938055	([320, 82], [320, 82, 18])
1	0.5660136620105557	0.8840132022339134	([302, 91], [302, 91, 86])
1	0.4956693231835873	0.9041898477292639	([245, 163], [359, 358, 163])
1	0.5065194994965933	0.9059160014926548	([361, 360], [400, 184, 179])
1	0.48322126531149323	0.9117477989097563	([353, 350], [358, 163, 124])
0	0.0	0.9144615261920581	([96], [185, 181])
1	0.487677465815324	0.9228060702699831	([184, 139], [399, 184, 173])
0	0.0	0.9412889072126603	([183], [183, 180])
0	0.0	0.95047445391974	([181], [96, 95])
0	0.0	0.9775512301984762	([160], [352, 351])
1	0.9996178547798592	0.9999942435437273	([188, 181], [181, 180, 177])
0	0.0	1.0	([167], [167, 0])
0	0.0	1.0	([182], [182, 0])
0	0.0	1.0	([186], [186, 0])
0	0.0	1.0	([192], [192, 0])
0	0.0	1.0	([193], [193, 0])
0	0.0	1.0	([194], [194, 0])
0	0.0	1.0	([195], [195, 0])
0	0.0	1.0	([196], [196, 0])
0	0.0	1.0	([197], [197, 0])
0	0.0	1.0	([198], [198, 0])
0	0.0	1.0	([199], [199, 0])
0	0.0	1.0	([200], [200, 0])
0	0.0	1.0	([201], [201, 0])
0	0.0	1.0	([202], [202, 0])
0	0.0	1.0	([203], [203, 0])
0	0.0	1.0	([204], [204, 0])
0	0.0	1.0	([205], [205, 0])
0	0.0	1.0	([206], [206, 0])
0	0.0	1.0	([207], [207, 0])
0	0.0	1.0	([208], [208, 0])
0	0.0	1.0	([209], [209, 0])
0	0.0	1.0	([210], [210, 0])
0	0.0	1.0	([211], [211, 0])
0	0.0	1.0	([212], [212, 0])
0	0.0	1.0	([213], [213, 0])
0	0.0	1.0	([214], [214, 0])
0	0.0	1.0	([215], [215, 0])
0	0.0	1.0	([216], [216, 0])
0	0.0	1.0	([217], [217, 0])
0	0.0	1.0	([218], [218, 0])
0	0.0	1.0	([219], [219, 0])
0	0.0	1.0	([220], [220, 0])
0	0.0	1.0	([221], [221, 0])
0	0.0	1.0	([222], [222, 0])
0	0.0	1.0	([223], [223, 0])
0	0.0	1.0	([224], [224, 0])
0	0.0	1.0	([225], [225, 0])
0	0.0	1.0	([226], [226, 0])
0	0.0	1.0	([227], [227, 0])
0	0.0	1.0	([228], [228, 0])
0	0.0	1.0	([229], [229, 0])
0	0.0	1.0	([230], [230, 0])
0	0.0	inf	([190], [])
