0	0.0	0.01558809768925731	([54], [54, 5])
0	0.0	0.018911828340185316	([189], [189, 7])
0	0.0	0.019394677486344207	([15], [15, 14])
0	0.0	0.25021316085237827	([202], [202, 201])
0	0.0	0.2623702679504148	([121], [121, 120])
0	0.0	0.26427161978270924	([159], [159, 158])
0	0.0	0.2701758975775151	([187], [187, 186])
0	0.0	0.2763794623037265	([206], [206, 205])
0	0.0	0.27886924031644916	([170], [170, 169])
0	0.0	0.28166269824212475	([204], [204, 203])
0	0.0	0.2823296706585507	([123], [123, 122])
0	0.0	0.28307202950065447	([162], [162, 161])
0	0.0	0.28620839783509355	([51], [51, 50])
0	0.0	0.2872160162806745	([144], [144, 143])
0	0.0	0.2872512278006171	([132], [132, 131])
0	0.0	0.2880657946928922	([140], [140, 139])
0	0.0	0.29066844640881334	([166], [166, 165])
0	0.0	0.2933825530566319	([151], [151, 150])
0	0.0	0.2936040207101043	([105], [105, 104])
0	0.0	0.2941410459111358	([64], [64, 63])
0	0.0	0.29464105376454536	([158], [158, 157])
0	0.0	0.29547112677821485	([188], [188, 187])
0	0.0	0.2958647456963441	([156], [156, 155])
0	0.0	0.296396571893884	([112], [112, 111])
0	0.0	0.2976098014459612	([116], [116, 115])
0	0.0	0.2983624894976	([186], [186, 185])
0	0.0	0.2995115359046026	([169], [169, 168])
0	0.0	0.3006062842849701	([164], [164, 163])
0	0.0	0.30068556808556623	([56], [56, 55])
0	0.0	0.30196306009225654	([178], [178, 177])
0	0.0	0.3027089596331869	([128], [128, 127])
0	0.0	0.3031437657949365	([205], [205, 204])
0	0.0	0.30432661305176767	([173], [173, 172])
0	0.0	0.30685913872370524	([175], [175, 174])
0	0.0	0.3081245359879395	([107], [107, 106])
0	0.0	0.308143270457524	([208], [208, 207])
0	0.0	0.3088492198900921	([150], [150, 149])
0	0.0	0.3089981616217295	([165], [165, 164])
0	0.0	0.3108076746180741	([100], [100, 99])
0	0.0	0.3108803111945485	([197], [197, 196])
0	0.0	0.3117084761263523	([111], [111, 110])
0	0.0	0.31173236301705215	([153], [153, 152])
0	0.0	0.3120013909022065	([118], [118, 117])
0	0.0	0.3124616988763562	([91], [91, 90])
0	0.0	0.31454047385764283	([126], [126, 125])
0	0.0	0.31639773391159537	([203], [203, 202])
0	0.0	0.31688184124935664	([125], [125, 124])
0	0.0	0.3173397618491536	([83], [83, 82])
0	0.0	0.3182217661572667	([195], [195, 194])
0	0.0	0.3189347148400618	([180], [180, 179])
0	0.0	0.31918603064735385	([163], [163, 162])
0	0.0	0.3201309570223863	([124], [124, 123])
0	0.0	0.32059707502823204	([142], [142, 141])
0	0.0	0.3210517589629534	([127], [127, 126])
0	0.0	0.32109812952965794	([172], [172, 171])
0	0.0	0.32185486845833106	([207], [207, 206])
0	0.0	0.3218677937393127	([176], [176, 175])
0	0.0	0.3220175615698725	([148], [148, 147])
0	0.0	0.3226973063034688	([179], [179, 178])
0	0.0	0.32341088397203155	([177], [177, 176])
0	0.0	0.3240379958622452	([82], [82, 81])
0	0.0	0.3240617717546638	([129], [129, 128])
0	0.0	0.3241118746501241	([96], [96, 95])
0	0.0	0.32569332698898346	([74], [74, 73])
0	0.0	0.326400455530031	([130], [130, 129])
0	0.0	0.32643399101118314	([168], [168, 167])
0	0.0	0.3267468124835221	([191], [191, 190])
0	0.0	0.3280116138321323	([60], [60, 59])
0	0.0	0.32828000751760084	([58], [58, 57])
0	0.0	0.328344543868937	([143], [143, 142])
0	0.0	0.3287285674517593	([183], [183, 182])
0	0.0	0.32942725517093085	([52], [52, 50])
0	0.0	0.329714079862662	([71], [71, 70])
0	0.0	0.3313771465011955	([73], [73, 72])
0	0.0	0.3315347309983258	([161], [161, 160])
0	0.0	0.33259956768082927	([160], [160, 159])
0	0.0	0.33290708924113294	([50], [50, 49])
0	0.0	0.3345762544618534	([134], [134, 133])
0	0.0	0.3350343753771513	([200], [200, 199])
0	0.0	0.3367244568009631	([84], [84, 83])
0	0.0	0.33723068158399727	([110], [110, 109])
0	0.0	0.3372769848734416	([66], [66, 65])
0	0.0	0.3374706846786654	([117], [117, 116])
0	0.0	0.3377018096187495	([59], [59, 58])
0	0.0	0.33940219818185885	([72], [72, 71])
0	0.0	0.33958444942993105	([114], [114, 113])
0	0.0	0.3396415327229454	([90], [90, 89])
0	0.0	0.3397551438081155	([57], [57, 56])
0	0.0	0.3400327114154936	([104], [104, 103])
0	0.0	0.3404312332460846	([65], [65, 64])
0	0.0	0.34158230494997804	([149], [149, 148])
0	0.0	0.3420687712862795	([141], [141, 140])
0	0.0	0.34374990830899166	([108], [108, 107])
0	0.0	0.3442083126136206	([95], [95, 94])
0	0.0	0.3453064660335937	([77], [77, 76])
0	0.0	0.3454421027384645	([113], [113, 112])
0	0.0	0.34549102900448475	([167], [167, 166])
0	0.0	0.3456827541251003	([174], [174, 173])
0	0.0	0.3465590179986909	([146], [146, 145])
0	0.0	0.3467021331399473	([145], [146, 144])
0	0.0	0.3472559036212306	([88], [88, 87])
0	0.0	0.3494762392814968	([119], [119, 118])
0	0.0	0.35003040306416533	([196], [196, 0])
0	0.0	0.3505544735849181	([152], [152, 151])
0	0.0	0.35148602091186815	([154], [154, 153])
0	0.0	0.35236599992079215	([103], [103, 102])
0	0.0	0.353075476261291	([67], [67, 66])
0	0.0	0.353675924264468	([131], [132, 130])
0	0.0	0.3541399390508017	([171], [171, 170])
0	0.0	0.3542024846777544	([199], [199, 198])
0	0.0	0.35540184738755437	([136], [136, 135])
0	0.0	0.35611627872413787	([68], [68, 67])
0	0.0	0.356549789534771	([185], [185, 184])
0	0.0	0.3583137866308261	([137], [137, 136])
0	0.0	0.35860363433758263	([155], [155, 154])
0	0.0	0.35922590759858286	([194], [195, 0])
0	0.0	0.3600581759668502	([106], [106, 105])
0	0.0	0.3609887079538994	([97], [97, 96])
0	0.0	0.3625165337160195	([45], [45, 44])
0	0.0	0.36289605689117266	([85], [85, 84])
1	0.3594625449138205	0.36454072079258654	([154, 148], [154, 152, 149])
0	0.0	0.36508944134715626	([157], [157, 156])
0	0.0	0.3661506910430017	([53], [53, 52])
0	0.0	0.3685661289787197	([201], [201, 199])
0	0.0	0.36959866296574956	([135], [135, 134])
0	0.0	0.37008891891332263	([89], [89, 88])
0	0.0	0.3716766968705573	([92], [92, 91])
0	0.0	0.37282656351338667	([122], [122, 121])
1	0.3531948257800937	0.3735404653099273	([112, 109], [112, 111, 110])
0	0.0	0.37362214597938137	([81], [81, 80])
0	0.0	0.3737714921229083	([192], [192, 191])
0	0.0	0.37553929132257213	([93], [93, 92])
0	0.0	0.37639109253881203	([99], [99, 98])
0	0.0	0.37694551801788245	([198], [198, 197])
0	0.0	0.3778485303466975	([87], [87, 86])
0	0.0	0.3781070756290168	([69], [69, 68])
0	0.0	0.3810336540073826	([76], [76, 75])
0	0.0	0.3819340822321413	([40], [40, 39])
0	0.0	0.3821068575888737	([184], [184, 183])
0	0.0	0.38510440725825884	([193], [193, 192])
0	0.0	0.38597626242023264	([75], [75, 74])
0	0.0	0.38630919375875233	([139], [139, 138])
0	0.0	0.38724377912873653	([86], [87, 85])
0	0.0	0.38755178327367235	([63], [63, 62])
0	0.0	0.3880116212222766	([79], [79, 77])
0	0.0	0.3888070385973558	([98], [98, 97])
0	0.0	0.3898032342731719	([115], [115, 114])
0	0.0	0.3917264255359417	([120], [120, 119])
0	0.0	0.3918618065674871	([48], [48, 47])
0	0.0	0.39437267672960313	([47], [47, 46])
0	0.0	0.3956684211585131	([70], [70, 69])
0	0.0	0.39852355618743157	([147], [147, 146])
1	0.39145176300938417	0.4000972675030595	([108, 104], [108, 106, 104])
0	0.0	0.40054029625512877	([182], [182, 181])
0	0.0	0.4022995834479544	([109], [109, 108])
0	0.0	0.40455470918188813	([94], [94, 93])
0	0.0	0.405032238396236	([138], [138, 137])
0	0.0	0.41112815055467106	([44], [44, 40])
0	0.0	0.4158143871622622	([133], [133, 132])
0	0.0	0.416275759987468	([49], [49, 47])
0	0.0	0.41838361201151825	([41], [41, 40])
0	0.0	0.41995747035541525	([80], [80, 79])
0	0.0	0.4236974669399964	([29], [29, 28])
0	0.0	0.42577706968717666	([61], [61, 60])
0	0.0	0.4260253202974323	([20], [20, 16])
0	0.0	0.42696899673361105	([0], [194, 193])
0	0.0	0.4274986709394438	([55], [55, 53])
0	0.0	0.43428361480822014	([78], [78, 77])
0	0.0	0.4348854393940518	([39], [45, 42])
1	0.43513822567375265	0.4352373206967289	([45, 41], [45, 44, 41])
0	0.0	0.44036738267538267	([24], [24, 23])
0	0.0	0.4404610220530746	([101], [101, 100])
0	0.0	0.4406214557570261	([27], [27, 18])
0	0.0	0.44099584362511424	([62], [62, 61])
0	0.0	0.44137323536745793	([190], [191, 188])
0	0.0	0.4430124600427391	([11], [11, 1])
1	0.44008171273459035	0.44318025723808424	([100, 96], [100, 98, 97])
0	0.0	0.44370540011455767	([16], [20, 19])
0	0.0	0.4442344655048169	([46], [46, 43])
0	0.0	0.44710239715780087	([181], [181, 180])
0	0.0	0.44863466407509056	([23], [24, 1])
0	0.0	0.4730090400173369	([18], [27, 16])
0	0.0	0.47333295905993666	([102], [102, 101])
1	0.4176307346647997	0.47336596374077333	([79, 67], [79, 75, 67])
0	0.0	0.48029920558333883	([25], [25, 23])
0	0.0	0.48761169526509396	([43], [61, 18])
0	0.0	0.4877572192886773	([26], [26, 19])
0	0.0	0.4970315998386039	([19], [46, 45])
1	0.4967045053097849	0.49820600437762735	([92, 80], [92, 89, 88])
0	0.0	0.4985671647331531	([28], [28, 27])
0	0.0	0.5041745356107351	([42], [26, 1])
1	0.5179299537589505	0.5192490514521294	([62, 53], [62, 57, 53])
1	0.49165959768317125	0.5197683724954357	([190, 187], [191, 190, 188])
1	0.5166063952431698	0.5293020905269961	([28, 23], [28, 23, 1])
1	0.5128046414230517	0.5293020905269961	([28, 11], [28, 27, 1])
1	0.5373763359348634	0.5409120967140811	([60, 52], [60, 55, 52])
1	0.5513158068844158	0.5524310199465715	([138, 16], [138, 134, 16])
1	0.5572015030012469	0.5671003359473477	([114, 106], [114, 109, 104])
1	0.5652502353977181	0.5858786178639903	([184, 16], [193, 187, 184])
1	0.5912858046632542	0.607330922162269	([64, 42], [61, 52, 48])
1	0.6360805139470298	0.6379473669847038	([207, 190], [207, 199, 193])
1	0.6280238212333468	0.644473994463387	([161, 144], [161, 156, 155])
1	0.5320619219295475	0.6485667627599966	([20, 1], [27, 20, 16])
1	0.6295215835216159	0.6496549786555605	([192, 181], [192, 188, 180])
1	0.6244850270181086	0.661700108646364	([200, 192], [200, 197, 192])
1	0.6366750028188166	0.6618060944828824	([62, 39], [58, 45, 40])
1	0.6412013651917742	0.6634927904066541	([185, 163], [185, 182, 163])
1	0.5637381601785788	0.6672836314053437	([98, 16], [98, 86, 82])
1	0.6526170698613301	0.6678741422094664	([127, 102], [127, 120, 102])
1	0.6423150622597601	0.6695728905688174	([192, 167], [192, 181, 167])
1	0.6574830616934669	0.6795478054888349	([129, 41], [136, 129, 42])
1	0.659412321565193	0.6800957060879484	([79, 41], [79, 63, 41])
1	0.6749738152429733	0.6805946623625376	([135, 115], [135, 127, 121])
1	0.6645756598855056	0.6810250719764622	([202, 185], [208, 202, 185])
1	0.66656793764819	0.6838944167987011	([87, 40], [85, 70, 66])
1	0.6777554590072772	0.6849521901836874	([124, 40], [124, 102, 96])
1	0.6783936820184082	0.6854769669605506	([163, 26], [163, 152, 149])
1	0.564318925016236	0.6868262117245284	([145, 16], [145, 138, 136])
1	0.6812510673118825	0.6868989940898259	([99, 42], [94, 90, 42])
1	0.6565489578415236	0.6896830028922127	([177, 152], [177, 167, 165])
1	0.6378542210354419	0.6905448523692216	([208, 173], [202, 194, 185])
1	0.6645890880487779	0.6935112560572784	([70, 40], [96, 42, 41])
1	0.6725753507657357	0.694705425849691	([126, 93], [126, 110, 102])
1	0.6920003469798334	0.694705425849691	([137, 102], [137, 126, 102])
1	0.690144697236322	0.6953792525601046	([45, 24], [77, 71, 44])
1	0.6924151863957543	0.6973305674241101	([203, 170], [208, 203, 170])
1	0.6953339488840623	0.697370276945251	([93, 45], [93, 62, 45])
1	0.5691031340737294	0.697370276945251	([62, 25], [93, 66, 62])
1	0.6354473241965164	0.6999484151802571	([87, 26], [94, 87, 26])
1	0.63493155004296	0.7021767010367383	([154, 11], [154, 140, 11])
1	0.675823935004326	0.7052551262623251	([183, 146], [183, 174, 150])
1	0.6676182427156385	0.7054661983696799	([191, 156], [191, 156, 149])
1	0.6734874640092007	0.705885737438415	([177, 26], [177, 152, 146])
1	0.7053843477525497	0.7098887560633813	([208, 142], [208, 151, 142])
1	0.7029744150812302	0.7108198961873462	([138, 39], [155, 140, 39])
1	0.6663513271461592	0.7110245625880118	([170, 141], [170, 156, 141])
1	0.7115160133681163	0.7122933246789692	([175, 42], [180, 175, 42])
1	0.655922647721499	0.7124336720811236	([136, 42], [127, 106, 102])
1	0.6513687719142155	0.7133896870067028	([146, 26], [191, 188, 149])
1	0.7091011837611768	0.7140293047573012	([190, 143], [190, 174, 150])
1	0.6883081482568867	0.7142475564787972	([180, 44], [179, 160, 42])
1	0.6572804894842635	0.7148670848059073	([114, 44], [135, 123, 115])
1	0.7143255462846496	0.7153671398457137	([126, 71], [126, 90, 71])
1	0.714664159171557	0.7156285809538695	([75, 1], [99, 88, 1])
1	0.6736579470201332	0.7176344731808845	([131, 62], [120, 103, 62])
1	0.6679282809467826	0.718287889696206	([195, 160], [195, 194, 160])
1	0.7140925475307103	0.7229910732382181	([173, 143], [173, 163, 143])
1	0.6934817751553723	0.7232219823633752	([208, 151], [208, 173, 145])
1	0.7061901455239112	0.7259514556808362	([107, 1], [126, 102, 11])
1	0.6402848919420703	0.7259514556808362	([102, 11], [129, 126, 11])
1	0.7253861722729338	0.7264135582447718	([165, 135], [161, 153, 135])
1	0.7007567903458626	0.7270137922543819	([201, 158], [201, 188, 158])
1	0.6652354434343835	0.7280598256566005	([77, 24], [49, 45, 24])
1	0.5692179877927883	0.7281605101151355	([69, 16], [98, 75, 65])
1	0.6806367327759832	0.7290727810838855	([204, 171], [205, 204, 171])
1	0.6195917352028513	0.7304056184546469	([40, 28], [41, 40, 28])
1	0.592264452718581	0.7304056184546469	([41, 23], [42, 41, 28])
1	0.7056058654813835	0.7310048055259465	([197, 147], [205, 183, 171])
1	0.6858695720035702	0.735910389382788	([113, 29], [114, 113, 44])
1	0.7079978442381765	0.7379161236295534	([176, 137], [176, 152, 139])
1	0.6591680752891114	0.737947042335349	([195, 11], [195, 156, 140])
1	0.7353898856896685	0.741162841556182	([144, 108], [144, 134, 120])
1	0.6883930949122377	0.7421838036923456	([99, 29], [113, 99, 90])
1	0.7153206415816606	0.7425220230639956	([144, 23], [162, 144, 138])
1	0.7180462068407792	0.7430306405446615	([70, 11], [106, 70, 60])
1	0.7317704237293324	0.7434685572194053	([180, 130], [180, 146, 140])
1	0.7418550311844332	0.7446865905766286	([117, 24], [137, 128, 24])
1	0.5458825112103394	0.7447179881683982	([193, 16], [193, 145, 143])
1	0.7385114073827614	0.7476670156672081	([141, 106], [143, 141, 105])
1	0.7356257615224138	0.7481218418865905	([151, 114], [156, 150, 114])
1	0.7480594737737265	0.7482553537105057	([112, 49], [112, 103, 49])
1	0.7259098853935694	0.7484129441630505	([143, 105], [143, 132, 105])
1	0.6985658647375216	0.7484956272329073	([137, 24], [117, 94, 24])
1	0.653461919874569	0.7498477784779797	([141, 40], [141, 105, 56])
1	0.7373077908615648	0.7511166829162824	([161, 51], [161, 145, 51])
1	0.7180577018337766	0.7576259558060504	([157, 115], [157, 136, 132])
1	0.7052799191184606	0.7595769343472193	([145, 44], [162, 161, 51])
1	0.6852172535191238	0.7602131762298927	([173, 11], [173, 154, 139])
1	0.7486580686335406	0.7609982856082235	([168, 58], [168, 160, 62])
1	0.753627113650678	0.761353923614992	([156, 50], [161, 156, 50])
1	0.7609447017289127	0.7627655701255747	([155, 109], [155, 152, 109])
1	0.7546586169999132	0.7636320654212266	([119, 50], [119, 103, 50])
1	0.7014633990176468	0.7648917041557213	([152, 39], [138, 103, 62])
1	0.7277912313440578	0.766059059185093	([147, 49], [147, 141, 55])
1	0.6689582664278837	0.7675826070370138	([45, 11], [129, 45, 41])
1	0.4737134851467158	0.769513833872934	([101, 43], [101, 78, 63])
1	0.69399933208476	0.7697495298631554	([173, 39], [173, 140, 39])
1	0.7229024585060522	0.7713546034781465	([173, 119], [173, 139, 119])
1	0.7663534256687626	0.7729504550346876	([154, 92], [154, 107, 92])
1	0.7465594120335795	0.7735120856756825	([151, 70], [151, 114, 100])
1	0.5721352532587848	0.773907431357479	([44, 29], [44, 40, 28])
1	0.7682225867492711	0.7744298104605276	([171, 112], [171, 143, 112])
1	0.7487620735790864	0.7749780306488939	([177, 64], [177, 136, 125])
1	0.7695432411740079	0.7757166174167913	([206, 23], [206, 162, 147])
1	0.7309702791136388	0.7760307352122866	([154, 41], [154, 135, 41])
1	0.6591685877551904	0.7767622336779991	([207, 40], [207, 172, 58])
1	0.765875942652286	0.7767622336779991	([192, 58], [207, 192, 58])
1	0.7536814899229607	0.776925434284482	([171, 53], [179, 171, 53])
1	0.642290125350208	0.778871083728084	([198, 41], [193, 192, 122])
1	0.7729007049508664	0.7790098048970797	([181, 45], [181, 177, 45])
1	0.7429522828284271	0.7794031074296673	([154, 107], [167, 154, 107])
1	0.7774137730384362	0.7815382123858776	([174, 99], [174, 99, 53])
1	0.7727421186235512	0.7818841904354139	([148, 94], [148, 137, 94])
1	0.6289449897171717	0.7821580725451966	([135, 11], [45, 27, 23])
1	0.6465648143412299	0.7821580725451966	([39, 27], [45, 39, 27])
1	0.7781208709607846	0.7821580725451966	([47, 27], [47, 45, 27])
1	0.6971265702851808	0.7824410528284576	([193, 24], [193, 41, 23])
1	0.7120636513278797	0.7824410528284576	([162, 23], [206, 193, 23])
1	0.7376333045726177	0.783773340782331	([190, 110], [190, 143, 142])
1	0.7066107923069276	0.78653520043232	([161, 24], [193, 161, 145])
1	0.6924954199895863	0.7888137080533124	([55, 1], [88, 55, 42])
1	0.7585034257883395	0.789215255187525	([179, 80], [179, 128, 80])
1	0.7889604691043449	0.7898889432714022	([175, 52], [180, 175, 52])
1	0.758504888715315	0.7902573711932052	([83, 23], [78, 49, 47])
1	0.7927855031759757	0.796316977440398	([191, 74], [191, 179, 74])
1	0.7865907838021962	0.7972352063378964	([171, 27], [171, 144, 27])
1	0.6026639014707642	0.7991733783713839	([136, 25], [136, 62, 42])
1	0.763502785200917	0.7991969430611136	([204, 131], [206, 204, 131])
1	0.7736172560410174	0.8019120461780932	([203, 72], [203, 173, 72])
1	0.5609357712754559	0.8071881093773237	([86, 16], [133, 98, 51])
1	0.793111349790075	0.8074649107614141	([164, 48], [164, 102, 48])
1	0.7426127703127486	0.8106073064759085	([163, 81], [174, 163, 81])
1	0.724790727452308	0.8126141003110445	([57, 19], [57, 41, 23])
1	0.46935527277057715	0.8188265005205628	([78, 43], [78, 46, 43])
1	0.7353028977110845	0.8216952479247795	([113, 19], [113, 29, 23])
1	0.6905792863641876	0.8265545836851227	([183, 19], [184, 113, 45])
1	0.7033013210914633	0.8273164600607716	([148, 19], [148, 57, 50])
1	0.5602761777259814	0.8294484608933413	([93, 25], [97, 41, 23])
1	0.6408765490442784	0.8357683467383487	([191, 26], [191, 87, 58])
1	0.7399577459919923	0.8663922950257453	([76, 20], [167, 76, 70])
1	0.5405188889384167	0.8688167376976037	([133, 16], [184, 19, 16])
1	0.6437419232147032	0.8868324025783662	([149, 20], [76, 47, 27])
1	0.5254558228641641	0.8917809312531284	([42, 26], [61, 27, 23])
1	0.5301587903320235	0.8919990884967655	([23, 19], [98, 27, 24])
1	0.4942178528033269	0.9128817032742794	([181, 18], [182, 60, 18])
1	0.49079176511429834	0.9314626194032349	([27, 26], [26, 20, 19])
0	0.0	0.9753460797095376	([1], [190, 189])
0	0.0	0.9791862454182181	([5], [54, 53])
0	0.0	0.9805836118301305	([7], [40, 14])
1	0.9852246701102128	0.9910221506922499	([189, 16], [193, 189, 187])
1	0.9960894806976698	0.9970578846416766	([200, 14], [200, 154, 14])
0	0.0	1.0	([2], [2, 0])
0	0.0	1.0	([3], [3, 0])
0	0.0	1.0	([4], [4, 0])
0	0.0	1.0	([6], [6, 0])
0	0.0	1.0	([8], [8, 0])
0	0.0	1.0	([9], [9, 0])
0	0.0	1.0	([10], [10, 0])
0	0.0	1.0	([12], [12, 0])
0	0.0	1.0	([13], [13, 0])
0	0.0	1.0	([17], [17, 0])
0	0.0	1.0	([21], [21, 0])
0	0.0	1.0	([22], [22, 0])
0	0.0	1.0	([30], [30, 0])
0	0.0	1.0	([31], [31, 0])
0	0.0	1.0	([32], [32, 0])
0	0.0	1.0	([33], [33, 0])
0	0.0	1.0	([34], [34, 0])
0	0.0	1.0	([35], [35, 0])
0	0.0	1.0	([36], [36, 0])
0	0.0	1.0	([37], [37, 0])
0	0.0	1.0	([38], [38, 0])
0	0.0	inf	([14], [])
