0	0.0	0.0158977335819832	([81], [81, 10])
0	0.0	0.016404981077678262	([259], [259, 96])
0	0.0	0.016908615180053047	([101], [101, 65])
0	0.0	0.020092750192776395	([92], [92, 44])
0	0.0	0.02381602751931972	([400], [400, 87])
0	0.0	0.05456438783709059	([127], [127, 100])
0	0.0	0.05500563707189408	([86], [86, 75])
0	0.0	0.05732232916827458	([219], [219, 79])
0	0.0	0.06376090661633088	([120], [120, 90])
0	0.0	0.23740904112487374	([95], [95, 85])
0	0.0	0.2599489978012044	([314], [314, 313])
0	0.0	0.26140925333448906	([293], [293, 292])
0	0.0	0.2660059723380173	([316], [316, 315])
0	0.0	0.266047942987205	([15], [15, 14])
0	0.0	0.26756856770887305	([59], [59, 58])
0	0.0	0.26984194306625037	([41], [41, 40])
0	0.0	0.2740787292467938	([298], [298, 297])
0	0.0	0.27490104656783504	([64], [64, 63])
0	0.0	0.27528710872091383	([162], [162, 161])
0	0.0	0.27710861309273843	([229], [229, 228])
0	0.0	0.27959174703681744	([164], [164, 163])
0	0.0	0.2802075995384917	([224], [224, 223])
0	0.0	0.2811447915863908	([309], [309, 308])
0	0.0	0.28147078464300995	([321], [321, 320])
0	0.0	0.2835329660740166	([245], [245, 244])
0	0.0	0.2837179250755357	([156], [156, 155])
0	0.0	0.2854828276815663	([19], [19, 18])
0	0.0	0.28560282347483784	([383], [383, 382])
0	0.0	0.2858051061738338	([286], [286, 285])
0	0.0	0.28669779724995936	([37], [37, 36])
0	0.0	0.2880114574909783	([253], [253, 252])
0	0.0	0.2887083633345655	([289], [289, 288])
0	0.0	0.2891002378236026	([244], [244, 243])
0	0.0	0.2900845222837831	([372], [372, 371])
0	0.0	0.2902413596853734	([398], [398, 397])
0	0.0	0.2913768379577218	([248], [248, 247])
0	0.0	0.2914561123648795	([387], [387, 386])
0	0.0	0.29154476864004214	([2], [2, 1])
0	0.0	0.29171686988933554	([274], [274, 273])
0	0.0	0.2922703631910227	([107], [107, 106])
0	0.0	0.29262577928521677	([47], [47, 46])
0	0.0	0.29378287334908965	([14], [14, 13])
0	0.0	0.2951240199590476	([182], [182, 181])
0	0.0	0.29524824839281044	([52], [52, 51])
0	0.0	0.29532721081232927	([394], [394, 393])
0	0.0	0.2964573151615315	([125], [125, 124])
0	0.0	0.29663156482426917	([212], [212, 211])
0	0.0	0.29695571203670834	([168], [168, 167])
0	0.0	0.2975739810013578	([17], [17, 16])
0	0.0	0.29792792002351826	([126], [126, 125])
0	0.0	0.29823761042813274	([187], [187, 186])
0	0.0	0.29874024281413275	([399], [399, 398])
0	0.0	0.2987491545544701	([173], [173, 172])
0	0.0	0.2994509620179596	([18], [18, 17])
0	0.0	0.2998067026829975	([34], [34, 33])
0	0.0	0.3002373686024129	([67], [67, 66])
0	0.0	0.30036626142276707	([33], [33, 32])
0	0.0	0.3007362612516787	([208], [208, 207])
0	0.0	0.30107418126915414	([241], [241, 240])
0	0.0	0.3015020589585067	([242], [242, 241])
0	0.0	0.3017160263717023	([39], [39, 38])
0	0.0	0.30174097964668	([278], [278, 277])
0	0.0	0.30197388376815965	([153], [153, 152])
0	0.0	0.3023106939811904	([140], [140, 139])
0	0.0	0.3025711002898063	([302], [302, 301])
0	0.0	0.3026997920385655	([46], [46, 45])
0	0.0	0.3027767012626447	([119], [119, 118])
0	0.0	0.30352786813670285	([70], [70, 69])
0	0.0	0.30399032229727124	([238], [238, 237])
0	0.0	0.3040291141829971	([255], [255, 254])
0	0.0	0.3041880711379905	([40], [40, 39])
0	0.0	0.30428665987133835	([167], [167, 166])
0	0.0	0.305049896652839	([112], [112, 111])
0	0.0	0.3056172937121379	([49], [49, 48])
0	0.0	0.30586036067025074	([307], [307, 306])
0	0.0	0.30604531551805747	([396], [396, 395])
0	0.0	0.3063027356722954	([23], [23, 22])
0	0.0	0.30673611883513513	([136], [136, 135])
0	0.0	0.3073518106500092	([385], [385, 384])
0	0.0	0.30744710557885646	([291], [291, 290])
0	0.0	0.3074828639230529	([26], [26, 25])
0	0.0	0.30752572027625596	([301], [301, 300])
0	0.0	0.30767047596434083	([393], [393, 392])
0	0.0	0.30767333761426496	([290], [290, 289])
0	0.0	0.307834589917624	([48], [48, 47])
0	0.0	0.3081573339472708	([310], [310, 309])
0	0.0	0.3084865856465103	([312], [312, 311])
0	0.0	0.30870829915962456	([331], [331, 330])
0	0.0	0.3088558988096314	([29], [29, 28])
0	0.0	0.3088567632307494	([392], [392, 391])
0	0.0	0.30920181192999074	([133], [133, 132])
0	0.0	0.3092786219743934	([35], [35, 34])
0	0.0	0.3094897133158421	([391], [391, 390])
0	0.0	0.30964907859559787	([251], [251, 250])
0	0.0	0.3104872057456961	([281], [281, 280])
0	0.0	0.3108396453975438	([269], [269, 268])
0	0.0	0.3113702361720287	([243], [243, 242])
0	0.0	0.3116771758852048	([285], [285, 284])
0	0.0	0.3120258492899294	([22], [22, 21])
0	0.0	0.31303386874138284	([171], [171, 170])
0	0.0	0.3130406186774472	([139], [139, 138])
0	0.0	0.3131131754921002	([60], [60, 59])
0	0.0	0.3131358009464434	([215], [215, 214])
0	0.0	0.3132046382362201	([324], [324, 323])
0	0.0	0.31359527200093873	([230], [230, 229])
0	0.0	0.3138007314883767	([390], [390, 389])
0	0.0	0.3141854447468194	([257], [257, 256])
0	0.0	0.314223808562228	([234], [234, 233])
0	0.0	0.3153183324048719	([292], [292, 291])
0	0.0	0.3156102652817237	([130], [130, 129])
0	0.0	0.3161639012575952	([358], [358, 357])
0	0.0	0.31718089755044854	([31], [31, 30])
0	0.0	0.3172405775387737	([280], [280, 279])
0	0.0	0.31746707154292664	([159], [159, 158])
0	0.0	0.31759440122317445	([273], [273, 272])
0	0.0	0.31764677757986576	([158], [158, 157])
0	0.0	0.3180216639439746	([16], [16, 15])
0	0.0	0.31808955112145854	([157], [157, 156])
0	0.0	0.318104551005368	([342], [342, 341])
0	0.0	0.318552942606895	([211], [211, 210])
0	0.0	0.31864707475175724	([368], [368, 367])
0	0.0	0.318796100134429	([374], [374, 373])
0	0.0	0.3188691544404077	([305], [305, 304])
0	0.0	0.31892728087824707	([340], [340, 339])
0	0.0	0.3190611217658141	([142], [142, 141])
0	0.0	0.31911053210661294	([30], [30, 29])
0	0.0	0.31917071551574533	([110], [110, 109])
0	0.0	0.3192928636420156	([295], [295, 294])
0	0.0	0.31958347158128947	([306], [306, 305])
0	0.0	0.31965848846029843	([319], [319, 318])
0	0.0	0.319700189201268	([240], [240, 239])
0	0.0	0.31970452478022526	([339], [339, 338])
0	0.0	0.3197341950321591	([356], [356, 355])
0	0.0	0.31999765127809204	([143], [143, 142])
0	0.0	0.3200844543798083	([24], [24, 23])
0	0.0	0.3204668128745249	([397], [397, 396])
0	0.0	0.3207284173163622	([349], [349, 348])
0	0.0	0.32082937638680487	([337], [337, 336])
0	0.0	0.32112084307024596	([137], [137, 136])
0	0.0	0.3212064352186495	([250], [250, 249])
0	0.0	0.3213290858366947	([369], [369, 368])
0	0.0	0.32161726842808	([170], [170, 169])
0	0.0	0.3217279209926924	([175], [175, 174])
0	0.0	0.32176568024342017	([223], [223, 222])
0	0.0	0.32192213430479977	([108], [108, 107])
0	0.0	0.32273847827929186	([327], [327, 326])
0	0.0	0.32290131048734055	([270], [270, 269])
0	0.0	0.3229046342751033	([150], [150, 149])
0	0.0	0.3229256263935106	([183], [183, 182])
0	0.0	0.3234581652224013	([277], [277, 276])
0	0.0	0.32351671629164463	([38], [38, 37])
0	0.0	0.3239197980064509	([57], [57, 56])
0	0.0	0.32399013864379717	([386], [386, 385])
0	0.0	0.3243656500634898	([214], [214, 213])
0	0.0	0.3246664762295418	([68], [68, 67])
0	0.0	0.3257856648274505	([325], [325, 324])
0	0.0	0.3260064463439046	([63], [63, 62])
0	0.0	0.32610007035519495	([129], [129, 128])
0	0.0	0.3262673121211248	([222], [222, 221])
0	0.0	0.3266351060563055	([263], [263, 262])
0	0.0	0.3270161765274376	([318], [319, 317])
0	0.0	0.32706609103886297	([357], [357, 356])
0	0.0	0.327413119882069	([165], [165, 164])
0	0.0	0.32743105893233404	([3], [3, 1])
0	0.0	0.3278069750475365	([282], [282, 281])
0	0.0	0.3279564270380895	([146], [146, 145])
0	0.0	0.32809532547736114	([200], [200, 199])
0	0.0	0.32833625176662096	([205], [205, 204])
0	0.0	0.3292385683776625	([134], [134, 133])
0	0.0	0.329909854712161	([381], [381, 380])
0	0.0	0.3299763044770863	([111], [111, 110])
0	0.0	0.3305516281776478	([335], [335, 334])
0	0.0	0.3308525618708695	([191], [191, 190])
0	0.0	0.33086878218688315	([6], [6, 5])
0	0.0	0.33088524512712164	([4], [4, 3])
0	0.0	0.3309298013911668	([176], [176, 175])
0	0.0	0.3309701818732027	([172], [172, 171])
0	0.0	0.33109642234035624	([113], [113, 112])
0	0.0	0.3313049818672229	([203], [203, 202])
0	0.0	0.33160151777437047	([341], [341, 340])
0	0.0	0.3327126083074515	([359], [359, 358])
0	0.0	0.33283847154328	([361], [361, 360])
0	0.0	0.3328550406696281	([148], [148, 147])
0	0.0	0.33306213947899244	([32], [32, 31])
0	0.0	0.333069907914611	([206], [206, 205])
0	0.0	0.33322712839468743	([144], [144, 143])
0	0.0	0.33345126977343603	([334], [334, 333])
0	0.0	0.333597461181575	([74], [74, 73])
0	0.0	0.3338048982042224	([204], [204, 203])
0	0.0	0.3339056174918217	([299], [299, 298])
0	0.0	0.33410630071587444	([21], [21, 20])
0	0.0	0.33412057234047404	([147], [147, 146])
0	0.0	0.3344728304766003	([365], [365, 364])
0	0.0	0.334528250634735	([231], [231, 230])
0	0.0	0.3345947979640347	([323], [323, 322])
0	0.0	0.3346231314386282	([55], [55, 54])
0	0.0	0.33470991326369387	([338], [338, 337])
0	0.0	0.335149305393283	([197], [197, 196])
0	0.0	0.33534160062397145	([249], [249, 247])
0	0.0	0.3359517975833095	([347], [347, 346])
0	0.0	0.3359768503730895	([330], [330, 329])
0	0.0	0.33615349145457585	([287], [287, 286])
0	0.0	0.33629837006033525	([45], [45, 43])
0	0.0	0.3371243159837371	([376], [376, 375])
0	0.0	0.33716437120268866	([360], [360, 359])
0	0.0	0.33731251504684634	([371], [371, 370])
0	0.0	0.33732841265593966	([266], [266, 265])
0	0.0	0.33746120647065936	([61], [61, 60])
0	0.0	0.3375716062644187	([346], [346, 345])
0	0.0	0.3377565846288297	([256], [256, 255])
0	0.0	0.33806347052735236	([42], [42, 41])
0	0.0	0.33864292565284654	([185], [185, 184])
0	0.0	0.3386710239616307	([190], [190, 189])
0	0.0	0.3393347699001236	([367], [367, 366])
0	0.0	0.33963310570902966	([221], [221, 220])
0	0.0	0.3398175300379895	([118], [118, 117])
0	0.0	0.3399353109845586	([345], [345, 344])
0	0.0	0.34015771573651093	([375], [375, 374])
0	0.0	0.3402586212603377	([177], [177, 176])
0	0.0	0.34079202381337786	([296], [296, 295])
0	0.0	0.34123510871312435	([225], [225, 224])
0	0.0	0.3415866607176797	([124], [124, 123])
0	0.0	0.34194607080300693	([1], [1, 0])
0	0.0	0.3421142715804841	([151], [151, 150])
0	0.0	0.3423996934388008	([186], [186, 185])
0	0.0	0.34240368374906227	([114], [114, 113])
0	0.0	0.34305342914797626	([193], [193, 192])
0	0.0	0.3432592454048374	([332], [332, 331])
0	0.0	0.34346088084687054	([188], [188, 187])
0	0.0	0.34369628682029	([294], [294, 293])
0	0.0	0.3440561778578776	([73], [73, 72])
0	0.0	0.34462503395209276	([201], [201, 200])
0	0.0	0.34480534067344076	([247], [247, 246])
0	0.0	0.34495642158543655	([261], [261, 260])
0	0.0	0.34520268401162985	([333], [333, 332])
0	0.0	0.34520560173072795	([109], [109, 108])
0	0.0	0.3458813331799771	([317], [317, 316])
0	0.0	0.34598518129975975	([262], [262, 261])
0	0.0	0.3460975413873908	([5], [5, 4])
0	0.0	0.34661448424477986	([362], [362, 361])
0	0.0	0.3466528787292991	([7], [7, 6])
0	0.0	0.3468265690643769	([160], [160, 159])
0	0.0	0.34697842366949333	([131], [131, 130])
0	0.0	0.3473603129399433	([348], [348, 347])
0	0.0	0.3473738701823114	([284], [284, 283])
0	0.0	0.34740168354994455	([25], [25, 24])
0	0.0	0.3486057997528743	([192], [192, 191])
0	0.0	0.34905631576877877	([328], [328, 327])
0	0.0	0.3493008214679974	([161], [161, 160])
0	0.0	0.34996495546871154	([297], [297, 296])
0	0.0	0.35017208142852735	([254], [254, 253])
0	0.0	0.35045818921236305	([304], [304, 303])
0	0.0	0.3504775231578893	([54], [54, 53])
0	0.0	0.3505467376277456	([195], [195, 194])
0	0.0	0.35094231104432083	([268], [268, 267])
0	0.0	0.3511024128199382	([370], [370, 369])
0	0.0	0.3512792874774808	([199], [199, 198])
0	0.0	0.35196021983698067	([132], [132, 131])
0	0.0	0.35222098574703686	([388], [388, 387])
0	0.0	0.35236390571567777	([226], [226, 225])
0	0.0	0.3524040742587067	([246], [246, 245])
0	0.0	0.35306067146167347	([51], [52, 49])
0	0.0	0.3533361615808346	([389], [389, 388])
0	0.0	0.3534147944128499	([322], [322, 321])
0	0.0	0.3537124084295789	([366], [366, 365])
0	0.0	0.3537976267083614	([233], [233, 231])
0	0.0	0.35393526283503385	([329], [329, 328])
0	0.0	0.35394755426886615	([216], [216, 215])
0	0.0	0.3540798451795871	([166], [166, 165])
0	0.0	0.3547235469946442	([103], [103, 102])
0	0.0	0.3551051685378031	([364], [364, 363])
0	0.0	0.3552280202075901	([152], [152, 151])
0	0.0	0.35546456758658895	([217], [217, 216])
0	0.0	0.3558060159726266	([350], [350, 349])
0	0.0	0.3558221703953968	([252], [252, 251])
0	0.0	0.35614109618231216	([196], [196, 195])
0	0.0	0.35664508599170686	([326], [326, 325])
0	0.0	0.3569909954814534	([228], [228, 227])
0	0.0	0.35746312037576755	([213], [213, 212])
0	0.0	0.357491209577376	([352], [352, 351])
0	0.0	0.357620171440408	([276], [276, 275])
0	0.0	0.3577270688728292	([174], [174, 173])
0	0.0	0.3581281017276692	([117], [117, 116])
0	0.0	0.35814846861012867	([69], [69, 68])
0	0.0	0.3584275180637556	([194], [194, 193])
0	0.0	0.35874545512738854	([62], [63, 61])
0	0.0	0.3591612542887627	([209], [209, 208])
0	0.0	0.35932893521509324	([227], [227, 226])
0	0.0	0.3595627648151102	([76], [76, 72])
0	0.0	0.36026139064619267	([353], [353, 352])
0	0.0	0.3609520068762329	([303], [303, 302])
0	0.0	0.3612595750664176	([308], [308, 307])
0	0.0	0.36164107695664216	([56], [56, 55])
0	0.0	0.3624880052502467	([267], [267, 266])
0	0.0	0.36535926528610146	([163], [163, 162])
0	0.0	0.36552143178102786	([36], [36, 35])
0	0.0	0.365577638759423	([43], [43, 42])
0	0.0	0.3655916172093895	([313], [313, 312])
0	0.0	0.3656190842096806	([271], [271, 270])
0	0.0	0.3665108275062154	([363], [363, 362])
0	0.0	0.3665526681022433	([279], [279, 278])
0	0.0	0.3668265588499065	([260], [261, 258])
0	0.0	0.36686208071814336	([149], [149, 148])
0	0.0	0.3673490308797336	([102], [102, 78])
0	0.0	0.36806445995670684	([198], [198, 197])
0	0.0	0.36818806345053917	([382], [383, 381])
0	0.0	0.3691439714417032	([311], [311, 310])
0	0.0	0.3699078133965013	([220], [220, 218])
0	0.0	0.3707321445654537	([135], [135, 134])
0	0.0	0.37122397991892025	([239], [239, 238])
0	0.0	0.3715867335436437	([145], [145, 144])
0	0.0	0.37166789081689133	([272], [272, 271])
0	0.0	0.3716890036465265	([189], [189, 188])
0	0.0	0.37324817109657404	([395], [395, 394])
0	0.0	0.37360275693560246	([116], [116, 114])
0	0.0	0.37368668021018653	([401], [401, 399])
0	0.0	0.3771288116948567	([20], [20, 19])
0	0.0	0.3784478685084369	([237], [238, 235])
0	0.0	0.3792943462351969	([258], [258, 257])
0	0.0	0.37965698585229296	([380], [380, 378])
0	0.0	0.38021412956302786	([351], [351, 350])
0	0.0	0.3805446072416144	([184], [184, 183])
1	0.361953045735129	0.3810213865101912	([217, 210], [217, 216, 211])
0	0.0	0.38105589442084875	([343], [343, 336])
0	0.0	0.3811841805285334	([128], [128, 126])
0	0.0	0.3827578561970214	([53], [53, 52])
0	0.0	0.3841217808585961	([141], [141, 140])
0	0.0	0.3857381485871103	([138], [138, 137])
1	0.3549758299374669	0.3867980336093907	([347, 344], [347, 346, 344])
0	0.0	0.3873555940319149	([275], [275, 274])
0	0.0	0.3874339046081219	([106], [116, 115])
1	0.3757933098005678	0.3877701957604513	([25, 20], [25, 23, 22])
0	0.0	0.3881277787799338	([169], [169, 168])
0	0.0	0.3886256125874864	([336], [336, 335])
0	0.0	0.38987919210526495	([202], [202, 201])
0	0.0	0.3917887381086368	([12], [12, 7])
0	0.0	0.3953086333551287	([384], [384, 383])
0	0.0	0.39554840484985987	([315], [315, 314])
0	0.0	0.39714240282693947	([235], [235, 234])
0	0.0	0.3972017834477998	([207], [207, 206])
1	0.3814108542788544	0.3976399706785996	([350, 344], [350, 348, 344])
0	0.0	0.3992537481718709	([232], [232, 231])
0	0.0	0.39930438269043883	([13], [13, 12])
1	0.38243972060103554	0.40161796422223645	([42, 36], [42, 39, 36])
1	0.38348551954944987	0.4017648710594656	([129, 124], [129, 128, 124])
0	0.0	0.40294961133797375	([344], [344, 343])
0	0.0	0.4036559518680784	([58], [58, 57])
0	0.0	0.40396597586792493	([300], [300, 299])
0	0.0	0.4042047788051489	([377], [377, 376])
0	0.0	0.405121951571936	([355], [355, 353])
0	0.0	0.4069716504155843	([378], [378, 377])
1	0.40294074640383987	0.4081634043384387	([206, 202], [206, 205, 204])
0	0.0	0.4087288560954475	([93], [93, 9])
0	0.0	0.4106024616836862	([28], [28, 26])
0	0.0	0.4106446491155188	([77], [77, 76])
0	0.0	0.4123858290225118	([98], [98, 71])
1	0.3985665442449823	0.4126321542856085	([226, 220], [226, 225, 221])
0	0.0	0.4128416221468945	([288], [288, 287])
0	0.0	0.4130007993702708	([121], [121, 119])
0	0.0	0.41483047467382933	([181], [181, 180])
0	0.0	0.41912172852609575	([0], [12, 11])
1	0.38140323204643567	0.419354882191546	([343, 342], [343, 341, 340])
1	0.41888564401986367	0.41974716979785043	([358, 355], [358, 357, 355])
0	0.0	0.423876410027316	([283], [283, 282])
0	0.0	0.42589307434361834	([105], [105, 97])
0	0.0	0.42824558824710185	([210], [210, 209])
0	0.0	0.43200350477543387	([123], [123, 121])
0	0.0	0.43395025737846377	([265], [265, 263])
0	0.0	0.43428801345623735	([84], [84, 27])
0	0.0	0.4356209641624251	([97], [105, 93])
0	0.0	0.4370479094804326	([218], [218, 217])
0	0.0	0.4372229162071469	([154], [154, 153])
0	0.0	0.4376681432693555	([178], [178, 97])
0	0.0	0.437688614407003	([122], [122, 121])
0	0.0	0.44046736667515907	([115], [107, 104])
0	0.0	0.44095139405892864	([320], [320, 319])
1	0.4185325643526797	0.4412448032818989	([381, 373], [381, 380, 378])
1	0.42941118125056976	0.44203219714460656	([142, 139], [142, 141, 140])
0	0.0	0.44216102160837367	([83], [83, 50])
0	0.0	0.4426715753148296	([66], [68, 64])
1	0.42876817476100504	0.4458645663493961	([370, 363], [370, 369, 363])
0	0.0	0.44942729511418944	([8], [8, 7])
0	0.0	0.4498359325120375	([373], [373, 372])
0	0.0	0.4500720011062701	([236], [236, 88])
0	0.0	0.45180131724224637	([72], [72, 70])
0	0.0	0.45539642239574285	([9], [178, 177])
0	0.0	0.4567225512899	([354], [354, 353])
0	0.0	0.4567379006222623	([379], [379, 378])
0	0.0	0.457255197012965	([180], [354, 84])
0	0.0	0.45792045585962615	([264], [264, 83])
0	0.0	0.45886076997941466	([27], [379, 88])
0	0.0	0.45936636812945936	([179], [179, 177])
0	0.0	0.46061865086202114	([104], [122, 99])
0	0.0	0.46127411372186106	([50], [264, 263])
0	0.0	0.46175169034283664	([99], [99, 8])
0	0.0	0.4660238185083072	([11], [51, 50])
0	0.0	0.47000786178953985	([88], [181, 177])
0	0.0	0.4735411720576831	([94], [94, 11])
0	0.0	0.4739964065605962	([155], [179, 98])
0	0.0	0.47880627700031275	([78], [78, 77])
1	0.5455588410878016	0.54661229758868	([208, 187], [208, 200, 187])
1	0.5253474721354959	0.5675868328482796	([76, 69], [76, 73, 69])
1	0.5714499412551239	0.5749062859544763	([121, 108], [121, 118, 108])
1	0.5811119823464852	0.602997110137383	([76, 62], [76, 69, 68])
1	0.59418050951377	0.6096396840405025	([35, 14], [35, 28, 19])
1	0.6105700279692076	0.6114869889458844	([213, 203], [213, 212, 203])
1	0.5793893792654259	0.6213723465871921	([61, 46], [61, 55, 46])
1	0.6087321405317084	0.6324860101440161	([76, 5], [76, 72, 5])
1	0.626208159427983	0.6325784215587315	([391, 362], [391, 389, 362])
1	0.6179546821858454	0.6361862918627819	([399, 383], [399, 395, 383])
1	0.6336987692629691	0.6368102337108815	([22, 6], [22, 20, 11])
1	0.6097752557494787	0.6388712982816537	([368, 351], [372, 356, 355])
1	0.642464705573189	0.6449660665234052	([46, 25], [46, 36, 25])
1	0.6464276718038198	0.6466276077851915	([59, 15], [59, 15, 0])
1	0.639732292186043	0.6475503728095209	([398, 382], [401, 398, 382])
1	0.6232842814844324	0.6498923720272309	([390, 360], [390, 388, 362])
1	0.612911851243541	0.6504940617925508	([401, 372], [398, 388, 387])
0	0.0	0.6517689439037122	([71], [169, 95])
1	0.6432643137670339	0.6541201453426478	([56, 26], [56, 47, 35])
1	0.6530540501246462	0.6546689146977566	([67, 3], [76, 67, 62])
1	0.6336296382622537	0.654791030305098	([102, 70], [102, 77, 70])
1	0.6143557853726656	0.6560078428761495	([401, 76], [401, 76, 3])
1	0.6357540792022198	0.6578826498480693	([301, 285], [301, 293, 285])
1	0.6497514107672993	0.6606590967330586	([64, 33], [64, 51, 34])
1	0.6634235213110452	0.6657434154634623	([387, 355], [391, 387, 355])
1	0.6277157811864756	0.6669000821650128	([76, 55], [76, 62, 55])
1	0.6500162871997103	0.6669689491978529	([316, 295], [316, 306, 299])
1	0.6561288063542026	0.6675236172018261	([315, 294], [315, 300, 297])
1	0.6140344654737341	0.6676563325469791	([389, 361], [388, 380, 362])
1	0.6363372300751309	0.667675355288694	([59, 0], [60, 59, 17])
1	0.6075803127287652	0.667871845893249	([78, 7], [74, 69, 0])
1	0.6670394655915532	0.6700361489308343	([288, 257], [288, 274, 257])
1	0.6520629535688405	0.6703275463707417	([393, 356], [393, 389, 356])
1	0.6542272567924762	0.6711476806415201	([351, 317], [351, 336, 317])
1	0.6161947749099355	0.6723620786141365	([62, 13], [64, 62, 13])
1	0.6476978507036625	0.6733298685627759	([123, 104], [123, 114, 104])
1	0.6671331258822828	0.6760188733973036	([277, 246], [277, 271, 253])
1	0.6593711125813368	0.6783684185529664	([177, 156], [177, 168, 160])
1	0.6363011661072177	0.6791983960321802	([78, 54], [78, 68, 54])
1	0.6775576299506871	0.6800183733145616	([289, 256], [289, 288, 256])
1	0.6792706139004863	0.6804974935924686	([61, 14], [61, 58, 14])
1	0.6704620001752241	0.683459887275811	([214, 183], [214, 208, 183])
1	0.6616946707832955	0.6837119072550715	([66, 26], [66, 56, 53])
1	0.6732234611893045	0.6847422232337134	([73, 25], [73, 25, 4])
1	0.6606836179428562	0.689144957564889	([227, 181], [230, 227, 181])
1	0.5936508032917304	0.6923868817634681	([72, 11], [74, 68, 11])
1	0.6557959228876343	0.6958755742231438	([342, 314], [342, 331, 314])
1	0.6809324678736396	0.6960594735153212	([265, 234], [289, 274, 256])
1	0.6934105532907066	0.6969207612848914	([221, 177], [221, 199, 191])
1	0.6960875082300301	0.6978933612404268	([292, 239], [292, 290, 239])
1	0.6934229882845595	0.7006004481601048	([171, 141], [171, 160, 141])
1	0.7006621986654548	0.7006852194537473	([262, 237], [262, 252, 250])
1	0.6999227455795531	0.7009527948792206	([248, 72], [249, 248, 72])
1	0.7009266193603803	0.7017042966360699	([294, 252], [294, 283, 252])
1	0.7004715490750885	0.7017707554057006	([392, 77], [401, 392, 76])
1	0.6953893684757159	0.703998038438783	([253, 224], [253, 233, 224])
1	0.6675943070214996	0.704241006609852	([108, 62], [109, 77, 72])
1	0.6942417935997053	0.704241006609852	([118, 72], [109, 107, 72])
1	0.6804487675927721	0.704748296064256	([152, 104], [152, 136, 104])
1	0.7022102868408734	0.7059833426292058	([130, 72], [130, 118, 108])
1	0.658529665260611	0.7062754074427656	([359, 76], [393, 392, 76])
1	0.7000631877337598	0.7063745528131185	([291, 250], [291, 278, 250])
1	0.7026531345935666	0.7069078514612418	([157, 116], [157, 137, 133])
1	0.6977110489693066	0.707102834797761	([396, 104], [391, 385, 104])
1	0.6828445096156416	0.7074042303928212	([182, 159], [182, 170, 167])
1	0.6860306906513497	0.7074994720533972	([290, 241], [292, 287, 251])
1	0.700572160836369	0.7089223418754123	([282, 77], [290, 277, 272])
1	0.698135391996148	0.7095196233696497	([353, 305], [353, 336, 332])
1	0.7081335721574918	0.7109624609450129	([304, 268], [304, 286, 275])
1	0.6940095520282852	0.7124317845477829	([387, 70], [387, 361, 72])
1	0.6649077160612442	0.7124317845477829	([395, 69], [395, 387, 72])
1	0.7096395194233626	0.7124913185761081	([107, 6], [107, 72, 6])
1	0.6929871849320284	0.7126056112602466	([168, 126], [168, 153, 150])
1	0.6636840025756188	0.7126311833301622	([116, 53], [116, 108, 62])
1	0.662879528508869	0.7138375095573635	([361, 72], [392, 361, 72])
1	0.7029294900292438	0.7138976722071712	([309, 255], [309, 291, 278])
1	0.7077942315278088	0.7146414278286161	([74, 43], [74, 60, 54])
1	0.6988426933382809	0.7148098385223305	([159, 76], [183, 174, 76])
1	0.6954526484760387	0.7148647746222252	([399, 1], [401, 399, 2])
1	0.6660483094512618	0.7150449662790761	([399, 66], [399, 64, 2])
1	0.7005012495185601	0.7162720377284862	([399, 25], [399, 25, 1])
1	0.7131787253516192	0.7165364486384614	([215, 169], [215, 169, 156])
1	0.7045112388439234	0.7171881980317241	([288, 229], [288, 256, 230])
1	0.6659249847894527	0.7173643978488287	([398, 108], [398, 108, 107])
1	0.648461437759622	0.7173643978488287	([109, 77], [398, 383, 107])
1	0.7062459043833796	0.7177617188141371	([218, 167], [218, 185, 182])
1	0.6980067413416249	0.7179311564449493	([159, 106], [159, 139, 106])
1	0.7050859628998113	0.7181530699930876	([254, 213], [254, 237, 231])
1	0.7149189779782114	0.7185157369133931	([162, 121], [162, 156, 121])
1	0.665933589883414	0.7188222102181747	([289, 234], [289, 250, 246])
1	0.7184433734665477	0.7189373477800507	([231, 176], [274, 234, 231])
1	0.6709792191743515	0.7196017710847172	([308, 104], [349, 345, 104])
1	0.7105768290247481	0.7204250414306272	([401, 277], [401, 277, 246])
1	0.7048142753783914	0.7205956275250944	([215, 156], [215, 203, 169])
1	0.7211137843426201	0.7214901707453487	([307, 267], [307, 301, 267])
1	0.69154696766832	0.7220789856878299	([331, 260], [302, 286, 267])
1	0.6891421794263813	0.7227946088956285	([237, 175], [271, 250, 175])
1	0.7214056419793513	0.7236958021335742	([224, 174], [224, 209, 184])
1	0.7215122844315519	0.7242088265274743	([293, 235], [293, 256, 253])
1	0.7226463378210577	0.7263361880952031	([251, 111], [251, 239, 111])
1	0.6974910808881424	0.7264390503520207	([401, 177], [401, 248, 246])
1	0.7103726734005967	0.7264390503520207	([397, 248], [401, 397, 248])
1	0.7082151578520408	0.7276363813836233	([378, 77], [368, 353, 72])
1	0.6879322522647986	0.7277162999953279	([119, 76], [290, 239, 119])
1	0.6726914652601963	0.7282742565279611	([246, 76], [268, 260, 72])
1	0.7073351965262602	0.7282888841274562	([399, 271], [399, 293, 271])
1	0.7001032114070518	0.7284772620470454	([399, 293], [399, 382, 294])
1	0.6478963615802149	0.7287755684301654	([318, 76], [356, 348, 76])
1	0.7204776741602473	0.7294379731970497	([104, 38], [108, 104, 47])
1	0.6915112172157305	0.7295487875695166	([333, 271], [333, 303, 271])
1	0.6974494791308528	0.7301374866662486	([183, 76], [174, 123, 119])
1	0.7268028769851559	0.7301374866662486	([176, 108], [176, 174, 119])
1	0.7249574982461653	0.7303443685134198	([324, 272], [324, 298, 274])
1	0.695212247685054	0.730353873051123	([106, 68], [108, 106, 63])
1	0.7229236543844869	0.7305095554200588	([155, 72], [157, 155, 72])
1	0.7198126298500741	0.7307311795571667	([395, 114], [395, 114, 107])
1	0.6532238816551176	0.7308736410517446	([295, 76], [305, 290, 275])
1	0.7234342562773216	0.7309252705769813	([196, 158], [196, 179, 166])
1	0.721353084848836	0.7313293160404593	([365, 302], [368, 365, 302])
1	0.7277385756531247	0.7313814327253518	([311, 72], [307, 302, 72])
1	0.7196461316904853	0.732295961639359	([253, 183], [253, 224, 183])
1	0.7215527242531581	0.7324881834187535	([261, 208], [261, 253, 208])
1	0.7288921590967008	0.7326867848680494	([183, 129], [183, 159, 129])
1	0.7283657245268054	0.7326945232109063	([211, 161], [211, 182, 174])
1	0.6858929996930627	0.7327330757389011	([271, 175], [237, 221, 177])
1	0.6967823124407956	0.7327330757389011	([248, 177], [248, 237, 177])
1	0.7288157285586764	0.733768301081707	([275, 220], [275, 263, 220])
1	0.7119387692872282	0.7343515667730552	([225, 72], [260, 254, 214])
1	0.722778929674977	0.7344400366556834	([107, 59], [108, 107, 61])
1	0.6618804274125696	0.734508115446619	([235, 182], [235, 230, 182])
1	0.6682839304874827	0.7346716375281537	([401, 43], [401, 43, 30])
1	0.6667118877973525	0.7349112051002665	([239, 124], [167, 130, 72])
1	0.7130544903974215	0.7350436243984915	([245, 108], [245, 239, 119])
1	0.6836791761579113	0.7359458463250242	([181, 104], [175, 174, 119])
1	0.7309535504494163	0.7359858483909257	([385, 300], [385, 355, 300])
1	0.7232043569604257	0.736536734826103	([203, 126], [203, 169, 157])
1	0.7301123801018287	0.7369810177971645	([278, 214], [278, 265, 253])
1	0.6493563938779288	0.7372882688533223	([333, 102], [362, 343, 333])
1	0.7238006432888826	0.7374388391351281	([149, 77], [171, 149, 141])
1	0.7242299885902794	0.737755655842956	([313, 238], [313, 298, 238])
1	0.7246570188712643	0.7387614945038439	([317, 276], [317, 297, 276])
1	0.71647010461003	0.7388008282099063	([110, 58], [110, 106, 58])
1	0.7178395120167133	0.7390946769464873	([249, 125], [249, 239, 121])
1	0.7317001815361976	0.7390946769464873	([278, 121], [278, 249, 121])
1	0.7175452340193359	0.7391652857261967	([395, 308], [399, 395, 308])
1	0.724138610620402	0.7393819239649203	([273, 216], [261, 255, 216])
1	0.7158477667635993	0.7394906395394649	([313, 181], [291, 208, 207])
1	0.7148312769694742	0.7400160982027094	([397, 68], [397, 68, 2])
1	0.7140171981009418	0.7403818929263484	([216, 165], [216, 206, 168])
1	0.7183798192684567	0.7413789316880013	([158, 109], [176, 158, 109])
1	0.7347260808874732	0.7420037208286261	([104, 24], [104, 62, 25])
1	0.7306555862072113	0.7432147035273454	([304, 218], [304, 288, 230])
1	0.7277097514099781	0.7435981862220449	([321, 263], [321, 301, 267])
1	0.7382848134624898	0.7450067787977921	([287, 209], [287, 251, 209])
1	0.7360630194272193	0.7450915638544592	([191, 128], [191, 175, 128])
1	0.6582806394583062	0.7450915638544592	([247, 128], [252, 175, 128])
1	0.7392816584395655	0.7456327279965448	([385, 290], [385, 300, 290])
1	0.7151620149467895	0.7457883921891408	([274, 176], [231, 222, 176])
1	0.7370685596806255	0.7458629740697333	([254, 43], [401, 248, 43])
1	0.7171211334841663	0.7458696018980467	([262, 186], [262, 254, 202])
1	0.7213233966342322	0.7460066168124634	([223, 121], [223, 177, 121])
1	0.7411290295504751	0.7461152643646748	([177, 45], [177, 121, 45])
1	0.7300871445694465	0.7462962723200588	([398, 309], [399, 398, 293])
1	0.7231307482512509	0.7469098967798524	([367, 269], [367, 359, 269])
1	0.7449682727974553	0.7472483499401102	([233, 165], [233, 213, 165])
1	0.7340616245989017	0.7473380398937212	([205, 159], [205, 184, 183])
1	0.7080020769751626	0.747542015219244	([334, 273], [334, 301, 300])
1	0.7246535688215636	0.7476507753508106	([260, 185], [261, 260, 185])
1	0.7452074855358924	0.7483088715744927	([311, 121], [311, 121, 118])
1	0.7224176976095088	0.7483088715744927	([242, 118], [311, 294, 118])
1	0.7365863324577854	0.7483088715744927	([316, 118], [316, 311, 118])
1	0.7390105000304774	0.7486559264012711	([369, 315], [369, 351, 313])
1	0.7339675492233987	0.7487583974488476	([124, 61], [124, 110, 107])
1	0.7485028689336783	0.7487702345694562	([299, 245], [299, 292, 245])
1	0.7485382585398379	0.7489212618132881	([268, 191], [268, 222, 217])
1	0.7461484197818589	0.7489212618132881	([268, 217], [268, 256, 222])
1	0.7484369006010568	0.749151113827904	([209, 0], [230, 209, 181])
1	0.7265746480990711	0.7495898739028588	([253, 132], [253, 183, 176])
1	0.746995297762416	0.7496487249074228	([214, 153], [214, 183, 160])
1	0.7448836479495781	0.7498140671171091	([330, 172], [349, 319, 172])
1	0.742479407350168	0.7501058520500135	([312, 227], [312, 257, 227])
1	0.7279713297857385	0.7503498149214263	([288, 199], [288, 230, 187])
1	0.7484716627815355	0.7512478031188679	([305, 165], [338, 305, 296])
1	0.746916069209394	0.7512980210600776	([268, 108], [268, 245, 239])
1	0.6438831065355357	0.7514514326178005	([352, 104], [289, 234, 181])
1	0.7143625491503162	0.7514514326178005	([291, 208], [291, 289, 181])
1	0.7213337785027253	0.7516338762598496	([270, 210], [270, 256, 210])
1	0.7498132562716705	0.7520553786925728	([323, 234], [338, 323, 304])
1	0.7486331005363414	0.7522029638229599	([302, 204], [302, 260, 185])
1	0.7470753784020254	0.7522156578870574	([229, 115], [229, 222, 126])
1	0.7242633804237514	0.7525401321181451	([258, 201], [260, 258, 201])
1	0.7502398117960378	0.752600940283952	([300, 174], [314, 300, 174])
1	0.7499990092169557	0.7528624541209497	([256, 131], [256, 247, 131])
1	0.7514753451449265	0.752987961084572	([291, 133], [291, 133, 114])
1	0.7406474464748319	0.7531161598210288	([281, 117], [283, 281, 117])
1	0.753074597873026	0.7535299695080072	([278, 38], [294, 278, 39])
1	0.7136672027816117	0.7535893504273097	([188, 131], [188, 175, 104])
1	0.7356559146456043	0.7540747615644594	([316, 176], [316, 300, 174])
1	0.7471454546154646	0.7546816707601435	([288, 143], [288, 143, 104])
1	0.7352976076331886	0.7547384406780313	([357, 267], [357, 305, 267])
1	0.7535819294516642	0.7552584581799398	([399, 121], [399, 251, 237])
1	0.715671947349445	0.7552584581799398	([399, 237], [399, 271, 251])
1	0.6889443615405001	0.755592934955619	([184, 137], [184, 159, 137])
1	0.7372486299908557	0.7562069189609151	([203, 106], [203, 126, 106])
1	0.7417967484442322	0.7568226750482825	([118, 55], [118, 72, 64])
1	0.7540079437219556	0.7568226750482825	([213, 64], [213, 118, 64])
1	0.7509667883579723	0.7572766163829484	([317, 182], [317, 297, 182])
1	0.750290834639505	0.7576829141610112	([244, 66], [248, 244, 66])
1	0.7521217642819558	0.7576951096395202	([119, 54], [119, 76, 52])
1	0.7199989295544068	0.7576951096395202	([114, 46], [119, 114, 52])
1	0.7445606052860245	0.7577517143250094	([390, 321], [390, 357, 321])
1	0.7538185975541317	0.758032502430944	([313, 109], [313, 301, 121])
1	0.75167173959746	0.7581025298588993	([314, 116], [351, 314, 116])
1	0.741593980308381	0.7588513805295845	([366, 139], [366, 139, 106])
1	0.7361457544774588	0.7588513805295845	([351, 106], [366, 351, 106])
1	0.7569606517280131	0.7588755873248629	([187, 3], [187, 183, 3])
1	0.7574189487987018	0.7590238838231255	([351, 176], [351, 284, 174])
1	0.7196511247754914	0.7591017660331935	([123, 0], [118, 110, 0])
1	0.7405220029712437	0.7593536450340272	([338, 234], [338, 275, 274])
1	0.7419728130642496	0.7594858785099705	([222, 126], [222, 203, 184])
1	0.7207811191309103	0.7598061127397299	([228, 116], [230, 118, 112])
1	0.7173989448072176	0.7598061127397299	([230, 0], [230, 129, 118])
1	0.7556712244163787	0.7598628162282685	([377, 309], [377, 351, 309])
1	0.7283581740863091	0.75996789132878	([382, 229], [382, 296, 229])
1	0.7514675618811808	0.7601755519754849	([315, 184], [316, 315, 184])
1	0.7489294159287015	0.7602689859799721	([292, 215], [298, 292, 215])
1	0.7448763258755349	0.7603450433791616	([357, 7], [386, 385, 1])
1	0.7316676959334474	0.7604468197201287	([351, 213], [299, 267, 213])
1	0.7599202198529448	0.76049877922405	([204, 60], [204, 200, 60])
1	0.7515996777458274	0.7608507656758966	([372, 297], [397, 297, 292])
1	0.7296643927204028	0.7609518004099736	([113, 60], [113, 63, 60])
1	0.7293840101864957	0.7609518004099736	([113, 39], [113, 106, 63])
1	0.7461907511601171	0.7610219877682187	([291, 114], [313, 291, 109])
1	0.7587143751951182	0.7610862740325012	([345, 168], [345, 285, 280])
1	0.743265549337122	0.7614048094222541	([211, 142], [211, 209, 142])
1	0.740558694518505	0.7615684877512615	([349, 161], [319, 172, 104])
1	0.7508134065533109	0.7617533220163072	([310, 239], [310, 271, 239])
1	0.7171823854161504	0.7620527315031996	([276, 200], [276, 270, 218])
1	0.7308077535117085	0.7621290552708324	([275, 194], [275, 269, 194])
1	0.7318955839446224	0.7622709789452617	([212, 128], [212, 172, 157])
1	0.7099507977011571	0.7624727215185153	([244, 114], [244, 228, 112])
1	0.7595622884478217	0.7624727215185153	([371, 244], [371, 244, 112])
1	0.7256694268561178	0.7626659950559097	([237, 110], [253, 237, 110])
1	0.7461168699855101	0.7628314711480262	([131, 60], [131, 119, 60])
1	0.7585741232361715	0.7630706985818692	([353, 131], [353, 331, 152])
1	0.7409690068554784	0.7630903605890246	([231, 41], [231, 184, 174])
1	0.762449139404911	0.7631153386464591	([385, 255], [385, 351, 255])
1	0.7296688012926825	0.763725653226543	([300, 214], [300, 266, 265])
1	0.7164398016474781	0.7638022521986797	([244, 49], [244, 114, 46])
1	0.7457508229081838	0.7638022521986797	([251, 46], [251, 244, 46])
1	0.7389215985591521	0.7642419653148028	([371, 112], [397, 371, 244])
1	0.7631126389918619	0.7646042684004704	([293, 130], [293, 130, 126])
1	0.7559900634366749	0.7646767091427528	([370, 235], [378, 370, 183])
1	0.7496042311924407	0.7647497957364735	([235, 141], [235, 182, 159])
1	0.7460652535075077	0.764825463815133	([342, 214], [342, 324, 214])
1	0.7576245061130438	0.7654322288592322	([286, 190], [288, 286, 190])
1	0.7397090340178829	0.7655916955419345	([395, 269], [395, 365, 269])
1	0.7546060739623865	0.7656266131441566	([280, 168], [345, 168, 167])
1	0.745976633371067	0.7657532889823786	([234, 107], [234, 129, 121])
1	0.7461096654300756	0.7658655267066309	([281, 226], [281, 242, 234])
1	0.7654282062594513	0.766002424798426	([365, 222], [365, 300, 269])
1	0.7509818677751293	0.7660307184184637	([296, 138], [296, 251, 138])
1	0.764035501567239	0.7662957890670413	([384, 287], [384, 372, 297])
1	0.7495359793260459	0.7663051887161291	([360, 150], [360, 349, 161])
1	0.7658131433578663	0.7665972510510575	([341, 148], [345, 341, 148])
1	0.7532806497969807	0.7667340088778408	([396, 238], [396, 265, 239])
1	0.7657625079552304	0.7670562461093064	([391, 250], [391, 374, 250])
1	0.745936468502207	0.7675353556590596	([267, 173], [267, 205, 173])
1	0.7448887731450935	0.767608866830275	([235, 39], [278, 235, 221])
1	0.7396503138279747	0.7676988012042284	([311, 152], [331, 260, 128])
1	0.7532892654451986	0.7678071362026746	([401, 115], [401, 115, 3])
1	0.7529569532319916	0.767926697473154	([386, 172], [386, 352, 175])
1	0.7620505649710377	0.7680623754384237	([276, 113], [292, 276, 113])
1	0.7416703555890097	0.7685015963454224	([308, 0], [395, 308, 0])
1	0.7483278911078077	0.7685440871191597	([347, 170], [347, 262, 170])
1	0.7410936235873626	0.7686122628442369	([378, 196], [387, 370, 266])
1	0.7538852914127355	0.768770485448723	([257, 118], [257, 234, 118])
1	0.7483737738367273	0.7689618073667114	([338, 165], [338, 319, 104])
1	0.7554932749920159	0.769227574690342	([193, 130], [193, 165, 158])
1	0.7625221640780966	0.769270087306855	([371, 225], [371, 244, 225])
1	0.7367569240512332	0.7692912014750922	([254, 107], [254, 182, 121])
1	0.7691916701811747	0.7693134545704859	([273, 147], [273, 250, 158])
1	0.76350164352633	0.7693134545704859	([279, 158], [279, 273, 158])
1	0.7276032904667882	0.7707629951523011	([356, 189], [356, 349, 189])
1	0.7437762241005066	0.7708165263803329	([330, 134], [330, 140, 134])
1	0.7605962488211963	0.7709925356438072	([346, 66], [380, 346, 69])
1	0.7149595411043386	0.7710078211139129	([255, 126], [255, 222, 201])
1	0.7627452458671777	0.771308252301341	([383, 233], [383, 313, 243])
1	0.741366714766662	0.7714121929941565	([239, 13], [239, 111, 109])
1	0.7605078713036268	0.771464842824466	([170, 57], [132, 130, 57])
1	0.7558200959961086	0.7714665313578106	([269, 150], [269, 150, 73])
1	0.7615088507641399	0.7717784656603305	([306, 226], [342, 306, 226])
1	0.7605705418892486	0.7718550679360912	([310, 170], [315, 310, 184])
1	0.7538648477037309	0.7719007340217275	([290, 135], [290, 135, 132])
1	0.7502027221256021	0.7723423193597815	([301, 196], [301, 281, 226])
1	0.7653914139363084	0.7724639427109145	([265, 8], [265, 104, 8])
1	0.7472542396721088	0.7725887918450338	([395, 158], [395, 158, 155])
1	0.7513343909559316	0.7726203818686496	([387, 53], [387, 67, 53])
1	0.7590676836776113	0.7728616899550449	([366, 281], [386, 366, 281])
1	0.7718604814275206	0.7728616899550449	([389, 281], [389, 386, 281])
1	0.7383945399576338	0.7731234802260721	([258, 169], [280, 258, 168])
1	0.7591239991172777	0.7734597695385117	([290, 17], [291, 290, 36])
1	0.7268525285194142	0.7734660208624543	([306, 164], [349, 306, 164])
1	0.7588046713403798	0.7734761239908046	([376, 111], [376, 372, 111])
1	0.7582058055676458	0.7735047763472487	([318, 160], [318, 300, 160])
1	0.7600076954860204	0.7735384611855676	([374, 177], [382, 374, 177])
1	0.757134722714284	0.7737035217377273	([362, 166], [366, 362, 166])
1	0.7671825030002902	0.7737768864132575	([373, 132], [373, 351, 106])
1	0.7520670712677656	0.7738150047395952	([267, 149], [269, 267, 149])
1	0.7357090341931531	0.7741717771149611	([196, 110], [210, 196, 110])
1	0.773707700827819	0.7742704489465909	([303, 210], [303, 262, 210])
1	0.7543193077271888	0.7744834976540822	([222, 147], [222, 186, 139])
1	0.7638238313651133	0.7745184254539105	([395, 226], [395, 226, 210])
1	0.7390994112062357	0.7746313623449641	([294, 39], [235, 159, 113])
1	0.7441532522451884	0.7746313623449641	([243, 113], [243, 235, 113])
1	0.7398375141101038	0.7749321828900474	([322, 123], [322, 292, 123])
1	0.7726337721460637	0.7749720517893073	([324, 108], [387, 324, 108])
1	0.7489276960780972	0.7750203153725976	([386, 285], [386, 363, 285])
1	0.7633578516685323	0.7750655683789655	([193, 73], [193, 165, 73])
1	0.7607219278202126	0.7751137447221029	([308, 41], [308, 218, 177])
1	0.7501113125534922	0.7757444359302648	([367, 123], [367, 313, 106])
1	0.7693679041411456	0.7760044463581462	([172, 21], [172, 104, 70])
1	0.7436844969787401	0.7760044463581462	([273, 70], [273, 104, 70])
1	0.7606276899139593	0.7760044463581462	([298, 70], [298, 104, 70])
1	0.7745807973025349	0.7764278405870381	([375, 185], [390, 375, 185])
1	0.7470132421137379	0.7765876920914109	([314, 45], [314, 116, 45])
1	0.776211105700984	0.7766565718305866	([175, 5], [184, 175, 5])
1	0.752901799647256	0.7766674682156667	([376, 314], [376, 361, 323])
1	0.7582817599759741	0.7767327454396912	([344, 246], [344, 260, 246])
1	0.7632854986269975	0.7767865213527174	([374, 64], [396, 374, 64])
1	0.7599373900619564	0.7768630048753448	([192, 19], [231, 192, 19])
1	0.7736042433349338	0.776869164946731	([381, 247], [381, 368, 110])
1	0.7443636570867561	0.77687592658732	([220, 134], [288, 224, 183])
1	0.7757450331546735	0.7769036178220939	([318, 107], [318, 274, 262])
1	0.7617510648631964	0.7770364571208752	([318, 195], [318, 195, 171])
1	0.7643191116179618	0.777124653310706	([292, 173], [292, 214, 173])
1	0.7675006629037041	0.7772422366555295	([340, 233], [340, 276, 270])
1	0.7404256636261528	0.7773475344906127	([345, 203], [345, 318, 203])
1	0.7746269001832232	0.7774505820632929	([285, 146], [285, 177, 158])
1	0.7739900454368855	0.7777252397734793	([195, 111], [195, 148, 129])
1	0.749616737626521	0.7777741968323579	([270, 106], [270, 261, 106])
1	0.7674087226880275	0.7780268757233753	([292, 35], [292, 113, 107])
1	0.777627790933814	0.7781786579725392	([372, 29], [372, 63, 29])
1	0.7705643304543889	0.7782201809969052	([385, 161], [385, 364, 161])
1	0.7638929305527435	0.7782373556788462	([304, 74], [392, 324, 304])
1	0.7499046576635165	0.7783789353267047	([316, 61], [316, 278, 38])
1	0.7760114387447913	0.7786810076650735	([332, 215], [332, 306, 215])
1	0.745821723351611	0.7796709019811072	([304, 169], [304, 218, 175])
1	0.7499640408805198	0.7797260223702921	([323, 142], [323, 311, 106])
1	0.7630336172031512	0.7799323852798833	([340, 169], [360, 340, 169])
1	0.7479446470135771	0.7800505137471111	([370, 142], [370, 286, 228])
1	0.77259381098846	0.7802089247707544	([158, 29], [158, 117, 109])
1	0.7317064438109084	0.7802092450319229	([351, 26], [399, 351, 25])
1	0.7534345863484502	0.7802209429878111	([272, 171], [278, 272, 171])
1	0.7776340299626888	0.7802765352425377	([363, 237], [399, 387, 237])
1	0.7751919476841879	0.780507626922635	([137, 19], [137, 130, 19])
1	0.7469566735673762	0.7805720068293631	([209, 66], [209, 184, 66])
1	0.7803374358899876	0.7806186160535907	([285, 56], [285, 283, 56])
1	0.7801170299986654	0.7810370719425114	([283, 2], [283, 241, 229])
1	0.7496339486350929	0.7812801865524034	([243, 56], [255, 241, 56])
1	0.7781561877409846	0.7822569589124152	([254, 60], [293, 254, 60])
1	0.7621306075769207	0.7824185032737128	([355, 198], [355, 326, 183])
1	0.7759164525256205	0.7824960562457424	([335, 200], [335, 317, 182])
1	0.7657993747804221	0.7826500963876082	([138, 38], [204, 138, 38])
1	0.7351436405189155	0.7831368309518972	([250, 48], [250, 121, 48])
1	0.7660740306115155	0.7832302842867085	([344, 159], [344, 327, 162])
1	0.7664458469017804	0.7834913896657529	([373, 241], [373, 342, 226])
1	0.7798076242742599	0.7835067844507171	([362, 133], [362, 166, 148])
1	0.7452460467670377	0.7837110815445959	([258, 74], [285, 258, 74])
1	0.7768317592254064	0.7839263180186826	([135, 18], [135, 106, 0])
1	0.782669661834016	0.7840787040239195	([314, 68], [316, 314, 68])
1	0.7397481507062974	0.7842575126697033	([384, 48], [384, 108, 48])
1	0.7484981230534571	0.784529623498724	([246, 35], [251, 246, 37])
1	0.7644551238778701	0.7848760465880826	([349, 23], [346, 345, 69])
1	0.7784420315399507	0.7849108640037631	([222, 53], [222, 184, 53])
1	0.7725814742679434	0.7850182635317291	([180, 68], [180, 158, 68])
1	0.7813998489951834	0.7850825951942305	([134, 17], [290, 134, 125])
1	0.7443908391395395	0.7852306347756379	([229, 57], [278, 229, 181])
1	0.77563551716958	0.7854474509539326	([317, 28], [317, 312, 61])
1	0.7625243721671462	0.7856434018779985	([253, 34], [253, 66, 55])
1	0.753237471597016	0.7859028775476539	([224, 59], [234, 224, 15])
1	0.7783053554067321	0.7866169562488088	([325, 216], [353, 325, 216])
1	0.7780843940336976	0.7867718043496434	([383, 42], [383, 376, 42])
1	0.7800768457372256	0.7870745750968811	([256, 52], [283, 281, 2])
1	0.7675614301997257	0.7871391337744286	([277, 14], [382, 277, 14])
1	0.7839920764563328	0.7874444838433167	([296, 194], [316, 296, 194])
1	0.7513113341712033	0.7878924069290566	([357, 137], [357, 338, 137])
1	0.7828277828894471	0.7879121494481998	([157, 43], [157, 126, 43])
1	0.7737617239512634	0.7889422941313284	([328, 145], [340, 328, 169])
1	0.7886404089669405	0.7893292866566006	([363, 129], [363, 321, 263])
1	0.7764699084491449	0.790336522996106	([164, 30], [164, 72, 7])
1	0.7616149629197985	0.7905284129448009	([341, 124], [341, 307, 293])
1	0.6542115311081399	0.7909433751291921	([374, 78], [374, 78, 68])
1	0.6416510588945358	0.7911451349472183	([266, 102], [333, 271, 261])
1	0.7797435249873095	0.7913731299420971	([380, 221], [393, 380, 221])
1	0.5862744091411924	0.7916257510302718	([401, 0], [104, 78, 54])
1	0.7867531171330814	0.7923288119106962	([371, 36], [371, 36, 26])
1	0.756984943807384	0.7925248426901834	([233, 25], [233, 49, 36])
1	0.7738812374601134	0.7926644237769938	([339, 221], [339, 281, 242])
1	0.7834052105399372	0.7931070216573407	([193, 54], [193, 167, 54])
1	0.7766585311544546	0.7938233086461145	([208, 46], [208, 108, 107])
1	0.7755706177727877	0.7941928134857764	([151, 22], [165, 151, 22])
1	0.7808641974859339	0.7943228718803819	([185, 28], [213, 172, 21])
1	0.786310369581346	0.7948601914650258	([181, 69], [181, 69, 12])
1	0.7905569179725488	0.7952132789508484	([179, 20], [183, 179, 20])
1	0.7771905851530179	0.7957993808274304	([270, 7], [270, 218, 7])
1	0.7826284018749843	0.7961250303373606	([363, 200], [363, 200, 175])
1	0.7793127747898716	0.7964337900042738	([313, 18], [313, 252, 106])
1	0.7894997549472124	0.7965231438110314	([389, 230], [389, 366, 230])
1	0.7668081444791714	0.7967992136241036	([145, 15], [145, 113, 39])
1	0.7770000309817408	0.7972119916360384	([306, 5], [352, 306, 5])
1	0.7914837096331593	0.7972580464436195	([211, 14], [211, 180, 14])
1	0.787079889191789	0.7975929654943422	([263, 5], [263, 255, 5])
1	0.7962707110313054	0.797742283801549	([190, 23], [364, 190, 161])
1	0.7833044963429237	0.7978188369578519	([268, 29], [268, 74, 72])
1	0.7741402247625898	0.7983774160328454	([147, 6], [147, 135, 0])
1	0.766126860639614	0.7985656111962092	([279, 28], [279, 260, 21])
1	0.702041992345337	0.7986702168824047	([175, 77], [392, 171, 107])
1	0.7980469344337252	0.7992571010191236	([292, 11], [397, 292, 11])
1	0.7557097372431583	0.7995661456367634	([347, 54], [357, 57, 54])
1	0.7995068958512789	0.8004236042480902	([297, 22], [297, 224, 43])
1	0.7810312849701242	0.8024518411088021	([217, 12], [217, 181, 142])
1	0.7992873576452276	0.8055380294674079	([398, 186], [398, 235, 186])
1	0.6406586326865225	0.8090371901385724	([366, 102], [362, 148, 70])
1	0.771472446518599	0.8102011920138172	([216, 29], [249, 216, 29])
1	0.6339080766045001	0.8134754219774647	([209, 78], [209, 78, 54])
1	0.794847449815435	0.8197158783936299	([169, 25], [169, 107, 7])
1	0.8079957588496334	0.8249659199529209	([261, 25], [261, 185, 28])
1	0.6312643807123312	0.8274980949257622	([117, 102], [333, 117, 110])
1	0.5154994207489481	0.8332195630350565	([377, 94], [377, 232, 218])
1	0.5017833151735632	0.8385594271110342	([115, 94], [232, 115, 108])
1	0.6437121455451804	0.8556688675386902	([151, 102], [366, 151, 102])
1	0.5699931923321134	0.8570661659620146	([104, 78], [377, 94, 11])
1	0.7591082687345656	0.8598069169054875	([105, 102], [117, 105, 102])
1	0.5232471779029073	0.860471146999675	([9, 8], [395, 105, 9])
1	0.5097407772776205	0.8635612176129739	([105, 104], [178, 106, 105])
1	0.4799963328257724	0.872694424074346	([154, 99], [154, 122, 99])
1	0.6535786588112459	0.8765548644953384	([102, 30], [102, 70, 30])
1	0.5075970300175169	0.8847457276804077	([72, 71], [179, 98, 71])
1	0.4875937262668004	0.8862828480971704	([232, 94], [232, 231, 94])
1	0.49116452727921706	0.8897460683158074	([28, 27], [354, 84, 27])
0	0.0	0.8949305963680899	([100], [127, 90])
1	0.48641586023926453	0.8983390659293737	([180, 94], [264, 83, 50])
1	0.48123529630228423	0.8995947277638249	([155, 154], [123, 121, 99])
0	0.0	0.9006489955642227	([79], [79, 75])
1	0.4655296933332617	0.9089327710856847	([236, 235], [379, 236, 88])
0	0.0	0.9294827962630734	([90], [120, 119])
0	0.0	0.9382014319245976	([75], [219, 218])
0	0.0	0.9659376871246421	([85], [401, 400])
0	0.0	0.9696117288020579	([44], [44, 43])
1	0.6535786612114645	0.9733862123317922	([85, 5], [170, 169, 95])
0	0.0	0.9781277031779628	([87], [11, 10])
0	0.0	0.9788284437904962	([10], [260, 259])
0	0.0	0.9806800415584693	([65], [65, 64])
1	0.6348368991493244	0.9859070406933857	([220, 103], [220, 117, 103])
1	0.983566559881481	0.998770988612648	([120, 85], [169, 120, 85])
1	0.9999594386625041	0.9999726691112695	([76, 75], [219, 75, 74])
0	0.0	1.0	([80], [80, 0])
0	0.0	1.0	([82], [82, 0])
0	0.0	1.0	([89], [89, 0])
0	0.0	1.0	([91], [91, 0])
0	0.0	inf	([96], [])
