0	0.0	0.013202493041508476	([240], [240, 120])
0	0.0	0.013340501934787264	([259], [259, 130])
0	0.0	0.01383866028558822	([294], [294, 127])
0	0.0	0.014136108442583185	([291], [291, 117])
0	0.0	0.01445530244495692	([116], [116, 17])
0	0.0	0.015160547586345193	([128], [128, 87])
0	0.0	0.015462616945969726	([176], [176, 119])
0	0.0	0.01778108304506514	([124], [124, 111])
0	0.0	0.02051370427555326	([122], [122, 113])
0	0.0	0.2533955601120014	([11], [11, 10])
0	0.0	0.25980013945972125	([381], [381, 380])
0	0.0	0.26362193033051456	([306], [306, 305])
0	0.0	0.2673394376961955	([225], [225, 224])
0	0.0	0.2694566321469216	([43], [43, 42])
0	0.0	0.27801399841217955	([7], [7, 6])
0	0.0	0.2802614422616016	([297], [297, 296])
0	0.0	0.2840736187380603	([195], [195, 194])
0	0.0	0.28481216360528927	([24], [24, 23])
0	0.0	0.2857539202469246	([212], [212, 211])
0	0.0	0.28581453522311534	([407], [407, 406])
0	0.0	0.2879197892368233	([170], [170, 169])
0	0.0	0.2890718610553648	([220], [220, 219])
0	0.0	0.2891612808036794	([287], [287, 286])
0	0.0	0.2903011939803977	([396], [396, 395])
0	0.0	0.2905721421715037	([299], [299, 298])
0	0.0	0.2911923870848086	([245], [245, 244])
0	0.0	0.29215267744341933	([314], [314, 313])
0	0.0	0.29284837732913416	([223], [223, 222])
0	0.0	0.2929851161533977	([39], [39, 38])
0	0.0	0.29311471377682635	([218], [218, 217])
0	0.0	0.2947268899286374	([97], [97, 96])
0	0.0	0.29476271615612076	([393], [393, 392])
0	0.0	0.2947831438655323	([415], [415, 414])
0	0.0	0.29660902859543065	([372], [372, 371])
0	0.0	0.2966498557316424	([412], [412, 411])
0	0.0	0.2977393703812833	([373], [373, 372])
0	0.0	0.29785898576352726	([1], [1, 0])
0	0.0	0.2985577257582935	([184], [184, 183])
0	0.0	0.298947673585697	([214], [214, 213])
0	0.0	0.2994357330099238	([202], [202, 201])
0	0.0	0.30014885439638467	([332], [332, 331])
0	0.0	0.3001760738881376	([9], [9, 8])
0	0.0	0.3002697660815988	([205], [205, 204])
0	0.0	0.30121718416010856	([345], [345, 344])
0	0.0	0.3020844951176847	([77], [77, 76])
0	0.0	0.30227766138893386	([288], [288, 287])
0	0.0	0.3028567540878068	([254], [254, 253])
0	0.0	0.3032696722810881	([414], [414, 413])
0	0.0	0.3036212468206612	([4], [4, 3])
0	0.0	0.3039244963473073	([216], [216, 215])
0	0.0	0.30497657144702056	([276], [276, 275])
0	0.0	0.30549696493790085	([63], [63, 62])
0	0.0	0.3055931608085476	([209], [209, 208])
0	0.0	0.30657684220833203	([189], [189, 188])
0	0.0	0.30680545028340644	([147], [147, 146])
0	0.0	0.3068987193494721	([377], [377, 376])
0	0.0	0.30838016448799116	([206], [206, 205])
0	0.0	0.30867226958953653	([280], [280, 279])
0	0.0	0.3088499171463532	([10], [10, 9])
0	0.0	0.30890001738319933	([166], [166, 165])
0	0.0	0.30893259417086233	([392], [392, 391])
0	0.0	0.3093986739895203	([387], [387, 386])
0	0.0	0.3094672333280665	([399], [399, 398])
0	0.0	0.30960794524575525	([323], [323, 322])
0	0.0	0.31004542550162995	([342], [342, 341])
0	0.0	0.31059362588008643	([158], [158, 157])
0	0.0	0.31062315142123614	([193], [193, 192])
0	0.0	0.3106487124226834	([227], [227, 226])
0	0.0	0.3112104551252256	([283], [283, 282])
0	0.0	0.3112540451405808	([2], [2, 0])
0	0.0	0.31156444492788565	([101], [101, 100])
0	0.0	0.3116233742468364	([174], [174, 173])
0	0.0	0.31185865665516327	([385], [385, 384])
0	0.0	0.31251181752119006	([207], [207, 206])
0	0.0	0.31281370134438363	([145], [145, 144])
0	0.0	0.3129358083952559	([403], [403, 402])
0	0.0	0.3131481081648264	([62], [62, 61])
0	0.0	0.3142296980077472	([318], [318, 317])
0	0.0	0.314323399854938	([8], [8, 7])
0	0.0	0.3146776025926443	([167], [167, 166])
0	0.0	0.31471415242707673	([334], [334, 333])
0	0.0	0.3159226879155996	([229], [229, 228])
0	0.0	0.31643799694055247	([192], [192, 191])
0	0.0	0.3166302961402635	([244], [244, 243])
0	0.0	0.31664230223839374	([52], [52, 51])
0	0.0	0.3168597417292244	([224], [224, 223])
0	0.0	0.3170016222593842	([404], [404, 403])
0	0.0	0.31711747893147463	([37], [37, 36])
0	0.0	0.31738918213314626	([201], [201, 200])
0	0.0	0.31741936305066537	([144], [144, 143])
0	0.0	0.3174672656462439	([194], [194, 193])
0	0.0	0.31813468696479874	([376], [376, 375])
0	0.0	0.31815960058888537	([186], [186, 185])
0	0.0	0.3181743519964799	([59], [59, 58])
0	0.0	0.3185274058278953	([46], [46, 45])
0	0.0	0.3190716436493919	([278], [278, 277])
0	0.0	0.31910509471448084	([251], [251, 250])
0	0.0	0.3196930845724219	([388], [388, 387])
0	0.0	0.32001690357276846	([181], [181, 180])
0	0.0	0.3201361065750626	([290], [290, 289])
0	0.0	0.3207058633001249	([156], [156, 155])
0	0.0	0.32073923935330667	([325], [325, 324])
0	0.0	0.3211039904184737	([34], [34, 33])
0	0.0	0.3212510052180387	([146], [146, 145])
0	0.0	0.3215634904212708	([173], [173, 172])
0	0.0	0.32169423864207464	([31], [31, 30])
0	0.0	0.3223511071998974	([85], [85, 84])
0	0.0	0.32239110183453945	([406], [406, 405])
0	0.0	0.3224536108842867	([73], [73, 72])
0	0.0	0.32280121033373077	([155], [155, 154])
0	0.0	0.32309314400776595	([338], [338, 337])
0	0.0	0.32309365003944346	([69], [69, 68])
0	0.0	0.3232324958636355	([25], [25, 24])
0	0.0	0.3237712872095427	([221], [221, 220])
0	0.0	0.32383771853374693	([410], [410, 409])
0	0.0	0.3239348810262244	([3], [3, 2])
0	0.0	0.3246100217690456	([368], [368, 367])
0	0.0	0.32482928878677786	([197], [197, 196])
0	0.0	0.3249962787192507	([362], [362, 361])
0	0.0	0.3251150095504942	([257], [257, 256])
0	0.0	0.3251594617326021	([198], [198, 197])
0	0.0	0.325387727496744	([210], [210, 209])
0	0.0	0.32546647400494494	([264], [264, 263])
0	0.0	0.3255094239475452	([211], [211, 210])
0	0.0	0.325593830388524	([236], [236, 235])
0	0.0	0.3257944511275199	([397], [397, 396])
0	0.0	0.32591223921241436	([149], [149, 148])
0	0.0	0.32605591216561053	([375], [375, 374])
0	0.0	0.326359761195779	([246], [246, 245])
0	0.0	0.3263911036282913	([416], [416, 415])
0	0.0	0.3264729480089449	([304], [304, 303])
0	0.0	0.3265481412054849	([15], [15, 14])
0	0.0	0.32682855865418303	([327], [327, 326])
0	0.0	0.326908027609684	([151], [151, 150])
0	0.0	0.3270057212543273	([413], [413, 412])
0	0.0	0.3277727614571312	([29], [29, 28])
0	0.0	0.32785705661660836	([349], [349, 348])
0	0.0	0.328264674509946	([35], [35, 34])
0	0.0	0.32855629595761815	([329], [329, 328])
0	0.0	0.3285669734766511	([386], [386, 385])
0	0.0	0.32868196487763396	([159], [159, 157])
0	0.0	0.32879896181082724	([38], [38, 37])
0	0.0	0.3290704448230996	([253], [253, 252])
0	0.0	0.3298084381832971	([328], [328, 327])
0	0.0	0.3299790667118984	([358], [358, 357])
0	0.0	0.32998137019466506	([72], [72, 71])
0	0.0	0.33003358878905714	([23], [23, 22])
0	0.0	0.3310855369644354	([213], [213, 212])
0	0.0	0.3312035853246021	([322], [322, 321])
0	0.0	0.33125387073649837	([41], [41, 40])
0	0.0	0.33150759837342136	([150], [150, 149])
0	0.0	0.33158454279524285	([231], [231, 230])
0	0.0	0.33190635594713336	([382], [382, 381])
0	0.0	0.3320626504398566	([330], [330, 329])
0	0.0	0.33232699021870504	([389], [389, 388])
0	0.0	0.3325622788766199	([409], [409, 408])
0	0.0	0.33257603019045406	([378], [378, 377])
0	0.0	0.33281178217443	([163], [163, 162])
0	0.0	0.3329768894026276	([20], [20, 19])
0	0.0	0.33315281782137196	([374], [374, 373])
0	0.0	0.33381937031261877	([310], [310, 309])
0	0.0	0.33410912341214855	([185], [185, 184])
0	0.0	0.33425105823913737	([255], [255, 254])
0	0.0	0.33432188443324623	([33], [33, 32])
0	0.0	0.3343416753250461	([261], [261, 260])
0	0.0	0.33460737874769036	([263], [263, 262])
0	0.0	0.3347041435994844	([383], [383, 382])
0	0.0	0.3348717771321595	([30], [30, 29])
0	0.0	0.33518020045426083	([401], [401, 400])
0	0.0	0.3356686889420207	([12], [12, 11])
0	0.0	0.33604247637917106	([258], [258, 257])
0	0.0	0.3369314592498486	([277], [277, 276])
0	0.0	0.3370840481350395	([143], [143, 142])
0	0.0	0.33727715235755734	([250], [250, 249])
0	0.0	0.3380035344463887	([398], [398, 397])
0	0.0	0.3382039060229111	([335], [335, 334])
0	0.0	0.338464856615469	([311], [311, 310])
0	0.0	0.3386013137310175	([49], [49, 48])
0	0.0	0.3386240898609599	([215], [215, 214])
0	0.0	0.3386396669876469	([272], [272, 271])
0	0.0	0.339060847634647	([91], [91, 90])
0	0.0	0.3395501229268855	([180], [180, 179])
0	0.0	0.3395973662568613	([86], [86, 85])
0	0.0	0.3397988182831298	([51], [51, 50])
0	0.0	0.33985583304932715	([391], [391, 390])
0	0.0	0.340382819958984	([164], [164, 163])
0	0.0	0.34075110138671294	([365], [365, 364])
0	0.0	0.34084402657081725	([355], [355, 354])
0	0.0	0.3408754688273498	([281], [281, 280])
0	0.0	0.34111629888488215	([89], [89, 88])
0	0.0	0.3423523001768797	([40], [40, 39])
0	0.0	0.34249912221757967	([21], [21, 20])
0	0.0	0.34250100074049494	([168], [168, 167])
0	0.0	0.3432727479538993	([217], [217, 216])
0	0.0	0.3440117976328332	([369], [369, 368])
0	0.0	0.3441263561419058	([319], [319, 318])
0	0.0	0.34415599719707507	([187], [187, 186])
0	0.0	0.34416048389483933	([333], [333, 332])
0	0.0	0.3444365739424617	([352], [352, 351])
0	0.0	0.3445129368350733	([82], [82, 81])
0	0.0	0.34452423765647067	([171], [171, 170])
0	0.0	0.34470741633487906	([162], [162, 161])
0	0.0	0.3451642069187096	([243], [243, 242])
0	0.0	0.34554590898010457	([6], [6, 5])
0	0.0	0.34580744859518525	([370], [370, 369])
0	0.0	0.3458420320860895	([301], [301, 300])
0	0.0	0.3464965481143723	([64], [64, 63])
0	0.0	0.34653435988838666	([13], [13, 12])
0	0.0	0.34705495914346796	([247], [247, 246])
0	0.0	0.3472740513908142	([237], [237, 236])
0	0.0	0.3473075057025308	([47], [47, 46])
0	0.0	0.3473797313195149	([360], [360, 359])
0	0.0	0.34746325655187366	([28], [28, 27])
0	0.0	0.3475212715873558	([80], [80, 79])
0	0.0	0.34786396322678304	([408], [408, 407])
0	0.0	0.347934668231513	([90], [90, 89])
0	0.0	0.3481737386693349	([100], [100, 99])
0	0.0	0.34840430760538194	([356], [356, 355])
0	0.0	0.3486250194851786	([269], [269, 268])
0	0.0	0.34899750765008153	([359], [359, 358])
0	0.0	0.3490302801732783	([295], [295, 293])
0	0.0	0.3490307038303705	([50], [50, 49])
0	0.0	0.34996156945602874	([22], [22, 21])
0	0.0	0.35016008459497944	([105], [105, 104])
0	0.0	0.3502336615936536	([36], [36, 35])
0	0.0	0.3509481290442497	([161], [161, 160])
0	0.0	0.35113036079562726	([19], [19, 18])
0	0.0	0.35127029904718965	([226], [226, 225])
0	0.0	0.35137663110000367	([321], [321, 320])
0	0.0	0.35235348814924816	([66], [66, 65])
0	0.0	0.3524125552210348	([70], [70, 69])
0	0.0	0.35241938450478144	([303], [303, 302])
0	0.0	0.35251748391990234	([262], [262, 261])
0	0.0	0.3525925437743185	([58], [58, 57])
0	0.0	0.3529758010698038	([361], [361, 360])
0	0.0	0.353518423116397	([115], [115, 108])
0	0.0	0.35386539436706727	([298], [298, 297])
0	0.0	0.35432341361867514	([238], [238, 237])
0	0.0	0.3543623346711526	([364], [364, 363])
0	0.0	0.3545500595664001	([222], [222, 221])
0	0.0	0.35481654142970076	([94], [94, 93])
0	0.0	0.3549299585443839	([357], [357, 356])
0	0.0	0.35502968518422773	([309], [309, 308])
0	0.0	0.35516361423902126	([67], [67, 66])
0	0.0	0.3552252533558032	([26], [26, 25])
0	0.0	0.3552568294490183	([74], [74, 73])
0	0.0	0.3557816795879687	([411], [411, 410])
0	0.0	0.35593747858685026	([98], [98, 97])
0	0.0	0.3559391987963965	([341], [341, 340])
0	0.0	0.3563685848947313	([154], [154, 153])
0	0.0	0.35651122839034877	([394], [394, 393])
0	0.0	0.35730554892279326	([384], [384, 383])
0	0.0	0.3577406108451178	([208], [208, 207])
0	0.0	0.35784551301104134	([308], [308, 307])
0	0.0	0.357980094292815	([293], [293, 292])
0	0.0	0.3580454866268195	([92], [92, 91])
0	0.0	0.35825518332808537	([239], [239, 238])
0	0.0	0.35858183641243263	([343], [343, 342])
0	0.0	0.3590185865425615	([390], [390, 389])
0	0.0	0.35932906661580727	([114], [114, 109])
0	0.0	0.3596947961825794	([175], [175, 174])
0	0.0	0.35969802402292567	([81], [81, 80])
0	0.0	0.35982095025540095	([302], [302, 301])
0	0.0	0.35994082809136935	([266], [266, 265])
0	0.0	0.36221941481414033	([179], [179, 178])
0	0.0	0.36252552820138645	([228], [228, 227])
0	0.0	0.3627298021084371	([267], [267, 266])
0	0.0	0.36294642146815514	([347], [347, 346])
0	0.0	0.36302618844581075	([282], [282, 281])
0	0.0	0.3638025281581672	([95], [95, 94])
0	0.0	0.36398058878963585	([219], [219, 218])
0	0.0	0.3641848186249425	([71], [71, 70])
0	0.0	0.36454204249933214	([354], [354, 353])
0	0.0	0.364728449232164	([142], [142, 141])
0	0.0	0.36485111466948233	([188], [188, 187])
0	0.0	0.3651223015995015	([400], [400, 399])
0	0.0	0.36524547714785555	([169], [169, 168])
0	0.0	0.3652648244496177	([252], [252, 251])
0	0.0	0.3652940017896665	([104], [104, 103])
0	0.0	0.365499827061065	([152], [152, 151])
0	0.0	0.36612425909605023	([313], [313, 312])
0	0.0	0.3662286449652127	([395], [395, 394])
0	0.0	0.366246136848724	([160], [160, 159])
0	0.0	0.3664233720225636	([48], [48, 47])
0	0.0	0.3668448079598798	([284], [284, 283])
0	0.0	0.3670291579743326	([320], [320, 319])
0	0.0	0.36724125000081154	([340], [340, 339])
0	0.0	0.3672561413921547	([42], [42, 41])
0	0.0	0.36747310800074545	([153], [153, 152])
0	0.0	0.36835649915108737	([196], [196, 195])
0	0.0	0.36851473426717135	([270], [270, 269])
0	0.0	0.36997914459057984	([75], [75, 74])
0	0.0	0.37011041099786374	([157], [157, 156])
0	0.0	0.37041048215977185	([402], [402, 401])
0	0.0	0.3704318660797404	([268], [268, 267])
0	0.0	0.370610066283134	([265], [265, 264])
0	0.0	0.3708724780880044	([405], [405, 404])
0	0.0	0.3720744451221269	([344], [344, 343])
0	0.0	0.3724656457179427	([83], [83, 82])
0	0.0	0.3725005253450222	([256], [256, 255])
0	0.0	0.3726531181043999	([5], [5, 4])
0	0.0	0.3734242639707403	([148], [148, 147])
0	0.0	0.3735688019588385	([289], [289, 288])
0	0.0	0.3736794112765767	([346], [346, 345])
0	0.0	0.3746278851173432	([57], [57, 55])
0	0.0	0.37479469674377586	([366], [366, 365])
0	0.0	0.3754533090377736	([141], [141, 140])
0	0.0	0.3758687039651167	([14], [14, 13])
0	0.0	0.3759209907262297	([53], [53, 51])
0	0.0	0.3776413773445192	([32], [32, 31])
0	0.0	0.3780149197793744	([18], [18, 15])
0	0.0	0.37814081185852816	([45], [45, 44])
0	0.0	0.37855485360973823	([99], [99, 98])
0	0.0	0.3797853052833644	([134], [134, 125])
0	0.0	0.380115276891139	([27], [27, 26])
0	0.0	0.3803803683036029	([271], [271, 270])
0	0.0	0.38051291225777956	([300], [300, 299])
0	0.0	0.3805877790738028	([103], [103, 102])
0	0.0	0.380669551336587	([79], [79, 78])
0	0.0	0.38073765990476593	([367], [367, 366])
0	0.0	0.3810566485157628	([339], [339, 338])
0	0.0	0.38149598509338783	([204], [204, 203])
0	0.0	0.383672894442507	([203], [203, 202])
0	0.0	0.38455137261942585	([363], [363, 362])
0	0.0	0.38495093278296966	([286], [286, 285])
0	0.0	0.3853342175464421	([61], [61, 60])
0	0.0	0.38563997081155177	([78], [78, 77])
0	0.0	0.38595916850572776	([249], [249, 247])
0	0.0	0.38748632788044707	([305], [305, 304])
0	0.0	0.3889265522734712	([285], [285, 284])
0	0.0	0.389377192554833	([307], [307, 306])
0	0.0	0.3897332013318115	([260], [260, 258])
0	0.0	0.3919310339283411	([230], [230, 229])
0	0.0	0.3921233853192529	([296], [296, 295])
0	0.0	0.395139047669962	([55], [57, 56])
1	0.3649255000898629	0.39655934911594315	([330, 326], [330, 329, 326])
0	0.0	0.39691527780581787	([351], [352, 348])
0	0.0	0.39737781710244724	([93], [93, 92])
0	0.0	0.397380860252901	([183], [183, 182])
0	0.0	0.3974855685019407	([133], [133, 129])
0	0.0	0.39814583891304445	([88], [88, 86])
0	0.0	0.39989279858367693	([348], [348, 347])
0	0.0	0.4011580484917423	([316], [316, 314])
0	0.0	0.4020562558302886	([312], [316, 315])
0	0.0	0.40206013831326304	([279], [279, 278])
0	0.0	0.40259760225395375	([172], [172, 171])
0	0.0	0.4031661046850817	([317], [317, 316])
0	0.0	0.40332676806572226	([242], [242, 241])
0	0.0	0.40361766103122093	([248], [248, 247])
0	0.0	0.40388178927495477	([234], [234, 233])
0	0.0	0.40437242377909466	([371], [371, 370])
0	0.0	0.40463779947746065	([44], [44, 43])
0	0.0	0.4050051068573276	([326], [326, 324])
0	0.0	0.4068493200390139	([84], [84, 83])
0	0.0	0.4087415323863887	([56], [59, 53])
0	0.0	0.408893167329308	([165], [165, 164])
0	0.0	0.409266003808427	([16], [16, 15])
0	0.0	0.4097952771033359	([102], [102, 101])
0	0.0	0.4098807274341257	([68], [68, 67])
0	0.0	0.4113350010337797	([380], [380, 379])
0	0.0	0.41269532772066075	([0], [55, 54])
0	0.0	0.41275467335273985	([182], [182, 180])
0	0.0	0.41384030617921397	([274], [274, 272])
0	0.0	0.4170313381649151	([108], [115, 112])
0	0.0	0.41791048217695365	([137], [137, 132])
0	0.0	0.41885522908169914	([200], [200, 198])
0	0.0	0.4191066807217082	([199], [199, 190])
0	0.0	0.41954528756235054	([379], [379, 378])
0	0.0	0.4218679307387638	([65], [65, 64])
0	0.0	0.4219796329243409	([140], [140, 139])
0	0.0	0.42209628187040205	([138], [138, 125])
0	0.0	0.4226492407001898	([275], [275, 274])
0	0.0	0.4233127100374971	([337], [337, 336])
0	0.0	0.4234192144729531	([315], [312, 311])
0	0.0	0.42396781773112946	([336], [336, 335])
0	0.0	0.4257042206169317	([135], [135, 115])
0	0.0	0.4272372426504468	([324], [324, 323])
1	0.4267154489305305	0.428142544708538	([64, 60], [64, 63, 61])
0	0.0	0.4288234024468636	([109], [114, 112])
0	0.0	0.4305474183198854	([112], [114, 107])
1	0.4252121512228622	0.433443420428939	([79, 76], [79, 78, 76])
0	0.0	0.4334735099996103	([235], [235, 234])
0	0.0	0.43697234693907994	([178], [178, 177])
0	0.0	0.4377732777802956	([132], [132, 106])
0	0.0	0.43918866151212693	([60], [60, 59])
0	0.0	0.43948706561897066	([76], [76, 75])
0	0.0	0.44050824955724505	([353], [353, 352])
0	0.0	0.44205438522873275	([331], [331, 330])
0	0.0	0.448061648832248	([177], [177, 175])
0	0.0	0.4503667505625038	([292], [292, 290])
0	0.0	0.45233992356479163	([350], [350, 190])
0	0.0	0.45254397328054435	([273], [273, 272])
0	0.0	0.45280272795875154	([233], [233, 231])
1	0.42552321316064595	0.45580795766510074	([54, 53], [59, 57, 54])
0	0.0	0.4574562362451028	([106], [106, 105])
0	0.0	0.4587633489506249	([96], [137, 136])
0	0.0	0.4605162072658972	([125], [134, 133])
0	0.0	0.4644014197101968	([190], [350, 349])
1	0.4427197622436151	0.46934509903652566	([74, 66], [74, 71, 67])
0	0.0	0.47217732277165647	([191], [191, 189])
1	0.46294206434548363	0.4731330121257671	([362, 353], [362, 360, 359])
0	0.0	0.4741002280139298	([139], [139, 138])
0	0.0	0.4743388324069677	([241], [241, 232])
0	0.0	0.47966041956467975	([232], [199, 198])
1	0.4494788128567787	0.4797456474196889	([75, 65], [75, 68, 66])
0	0.0	0.4842110402120794	([136], [96, 95])
0	0.0	0.4883494794059908	([107], [135, 133])
0	0.0	0.4889781023352272	([129], [139, 132])
1	0.48520786237353974	0.4917908702578515	([274, 268], [274, 271, 265])
1	0.48779586333189295	0.5026400663698082	([237, 233], [237, 235, 234])
1	0.48968274625032837	0.5118528328995116	([138, 136], [139, 137, 136])
1	0.5137991662176237	0.5144232926146768	([271, 262], [271, 265, 264])
0	0.0	0.522430113144833	([54], [112, 110])
1	0.5127544234298138	0.5415488210071233	([136, 135], [136, 135, 129])
1	0.541014756876039	0.5648990295523248	([98, 93], [98, 96, 94])
1	0.5334947283270209	0.5776183130373129	([108, 107], [114, 112, 109])
1	0.5495418392812206	0.5776183130373129	([129, 112], [129, 112, 109])
1	0.5674530075110751	0.5847795322697351	([110, 107], [112, 110, 108])
1	0.6103676612839933	0.6161480380412032	([276, 256], [276, 271, 258])
1	0.5811180422455744	0.6209725719797367	([92, 83], [92, 89, 86])
1	0.5292416975043159	0.6210504221745847	([106, 92], [103, 98, 96])
1	0.610844801916129	0.6234043081798909	([238, 228], [238, 234, 233])
1	0.6258760340280588	0.6288025627971547	([281, 129], [285, 282, 281])
1	0.6329927727720984	0.6377666850601594	([158, 146], [158, 154, 153])
1	0.635867201545868	0.6455503739476096	([181, 165], [181, 175, 165])
1	0.5231773721554765	0.6495430730771015	([129, 107], [135, 129, 112])
1	0.6311249005013275	0.6527590132753062	([24, 12], [24, 19, 18])
1	0.6167192508554378	0.6548137224773414	([93, 78], [95, 93, 78])
1	0.5947305013025243	0.6584374325497129	([102, 78], [95, 90, 88])
1	0.4959306770733481	0.6617062061326088	([242, 239], [241, 238, 234])
1	0.6611294738708693	0.6626517604199592	([200, 189], [200, 194, 193])
1	0.6638302668133828	0.6650100343406342	([142, 93], [142, 102, 78])
1	0.6688102848514691	0.6691031710272201	([39, 23], [39, 36, 23])
1	0.6512831394469517	0.6714451636601522	([178, 161], [178, 172, 161])
1	0.6197902379386473	0.6737846623395927	([92, 75], [92, 81, 76])
1	0.5897833585926534	0.6743759880122462	([102, 95], [102, 99, 96])
1	0.6119916722345623	0.6751606503944294	([270, 129], [281, 270, 261])
1	0.6318513039250706	0.6753879551135155	([182, 169], [182, 177, 167])
1	0.634171550345125	0.6759124709574577	([129, 36], [129, 44, 36])
1	0.6769089281794818	0.6780778840456416	([93, 68], [93, 78, 68])
1	0.6523424091931697	0.6782102472905474	([385, 372], [385, 382, 372])
1	0.6525486325184322	0.6789460064703146	([319, 300], [319, 312, 311])
1	0.6435913130493672	0.6794950314949301	([322, 305], [322, 318, 305])
1	0.6264951002135795	0.6795138517760706	([181, 156], [181, 165, 163])
1	0.6791095020964245	0.6807133964660317	([195, 181], [195, 192, 181])
1	0.6685672235234994	0.685403736664993	([338, 320], [338, 327, 320])
1	0.6851880336223897	0.6863687428523727	([186, 168], [186, 178, 177])
1	0.6491957405579224	0.686757856182313	([100, 79], [105, 100, 79])
1	0.6574406364680496	0.6875350964827753	([416, 151], [416, 160, 151])
1	0.6862883881677808	0.688003672559111	([289, 251], [293, 289, 255])
1	0.6834529235035073	0.6885706016518757	([180, 154], [181, 180, 156])
1	0.6743294745823263	0.6893263246432453	([83, 48], [80, 70, 60])
1	0.5983464394198753	0.6911392960716378	([92, 4], [92, 22, 4])
1	0.684030357545969	0.6913401093752188	([19, 0], [19, 11, 0])
1	0.6882920592046969	0.6917816283701305	([367, 339], [367, 365, 339])
1	0.6663817617077301	0.6950072635613349	([255, 235], [255, 253, 235])
1	0.6944895061691786	0.6967200573486405	([321, 302], [321, 312, 302])
1	0.6714560147026248	0.6973409837942078	([135, 102], [142, 140, 102])
1	0.6911646211220641	0.6973480414172992	([109, 62], [109, 62, 58])
1	0.6719739796884099	0.6974154746597913	([191, 93], [191, 182, 179])
1	0.6888764561294224	0.6983017060714628	([161, 145], [161, 159, 145])
1	0.6942220816499414	0.6985188689233949	([391, 375], [391, 381, 380])
1	0.6976517048975397	0.6985769758610503	([187, 163], [187, 175, 163])
1	0.6777149468632551	0.6994898996599389	([34, 1], [24, 13, 1])
1	0.6874368067003125	0.6996354758783657	([191, 160], [191, 179, 160])
1	0.6556906704394807	0.7004280992783005	([231, 216], [231, 227, 215])
1	0.6747236027197074	0.7006423167041707	([293, 255], [289, 284, 255])
1	0.6911121956319253	0.7007366634146659	([101, 76], [102, 101, 76])
1	0.6986433989796129	0.7015536339040371	([141, 103], [141, 136, 105])
1	0.6143845196255427	0.7016872066726367	([129, 57], [112, 109, 54])
1	0.612503541753542	0.7023570752513886	([140, 92], [140, 103, 102])
1	0.6904257857552893	0.7023570752513886	([136, 105], [141, 140, 103])
1	0.7030837832837554	0.7036543996869453	([369, 340], [369, 354, 352])
1	0.5960170650243307	0.7044147142885546	([142, 102], [136, 129, 107])
1	0.690862255643947	0.7046671940044404	([196, 161], [196, 191, 161])
1	0.6891273121631656	0.7047007621509215	([322, 102], [318, 307, 102])
1	0.7040716993692253	0.7047734542239265	([222, 198], [222, 214, 198])
1	0.7053917775302292	0.7061966148535644	([414, 388], [414, 404, 388])
1	0.6774613363704738	0.7063900127947669	([212, 192], [212, 200, 196])
1	0.6296743220856198	0.7079160621449333	([110, 64], [112, 110, 61])
1	0.7073544278794937	0.7079685262305647	([46, 32], [46, 41, 32])
1	0.7055333862314773	0.7081575160870925	([409, 390], [411, 409, 390])
1	0.6951326247403451	0.708338173749346	([367, 102], [367, 362, 102])
1	0.6460171336982603	0.7090258193264505	([416, 389], [411, 404, 400])
1	0.7092564883089232	0.7097583301493012	([102, 53], [102, 71, 65])
1	0.706207824551126	0.7100233852296648	([107, 86], [107, 100, 86])
1	0.6900319374054871	0.710642734200267	([45, 29], [45, 38, 34])
1	0.6345135032651543	0.7108928619478653	([364, 92], [383, 374, 369])
1	0.7113439402897995	0.717244946518142	([247, 222], [247, 238, 228])
1	0.701936288770028	0.718434957880007	([331, 300], [331, 323, 300])
1	0.704694196216509	0.718932259615567	([295, 256], [295, 288, 256])
1	0.5140867763568279	0.7193185166006003	([248, 232], [248, 241, 238])
1	0.7038084142956104	0.7201356255198174	([388, 371], [388, 381, 371])
1	0.7071158181143652	0.7206159552495186	([101, 49], [101, 100, 42])
1	0.7086127885872827	0.7207605450602013	([322, 289], [322, 305, 302])
1	0.7175617161063352	0.7218185957479334	([415, 399], [415, 408, 401])
1	0.7180939323697585	0.7220482686923261	([410, 376], [410, 406, 378])
1	0.7120405815366846	0.7224039272037405	([41, 11], [41, 35, 11])
1	0.691956795812414	0.7228129478717265	([406, 378], [410, 394, 376])
1	0.7118764749533294	0.72360166087739	([105, 45], [105, 103, 41])
1	0.6832953409686492	0.7240394283180472	([102, 29], [102, 37, 29])
1	0.71335604948608	0.7241813790614325	([347, 312], [347, 336, 330])
1	0.7220380686077515	0.7241813790614325	([356, 330], [356, 347, 330])
1	0.7170253238094666	0.7245394825584822	([49, 27], [49, 45, 27])
1	0.6913336850394602	0.7245666170102724	([100, 50], [102, 100, 53])
1	0.6931993453949662	0.7254108600365498	([84, 47], [84, 65, 62])
1	0.514387543651687	0.7256545601982207	([114, 54], [107, 101, 49])
1	0.699216985831218	0.7259520798152591	([372, 327], [372, 367, 341])
1	0.7068659108877653	0.7268837058211468	([30, 8], [30, 25, 15])
1	0.6519164376213831	0.7269523344493625	([93, 40], [102, 97, 40])
1	0.6997638953799015	0.7270420665651705	([161, 140], [161, 145, 140])
1	0.72313967598014	0.7278372461776448	([218, 194], [218, 211, 194])
1	0.7268831424600823	0.7280494880471169	([88, 48], [88, 79, 76])
1	0.6735811540578847	0.7285794716694959	([415, 3], [416, 415, 1])
1	0.6917346812250967	0.7290101055743013	([103, 41], [105, 79, 44])
1	0.6400063397091345	0.729230359754492	([237, 189], [237, 215, 193])
1	0.7277097689190478	0.7295221208340735	([96, 27], [105, 96, 45])
1	0.701866587767491	0.7302310513052254	([366, 324], [372, 366, 324])
1	0.6453006183665655	0.730259298040176	([311, 284], [311, 300, 293])
1	0.7228254769026412	0.7303227267874944	([258, 102], [258, 255, 253])
1	0.6535132724106438	0.7309052445909913	([244, 216], [244, 236, 216])
1	0.7222515168576197	0.730932565064667	([326, 301], [326, 321, 301])
1	0.7235530009197221	0.7318792482238139	([334, 311], [334, 322, 302])
1	0.7276080147824429	0.7318792482238139	([339, 302], [339, 334, 302])
1	0.620608967899367	0.7319287422884517	([152, 92], [152, 144, 140])
1	0.720419409075166	0.7325829942735795	([229, 205], [229, 219, 218])
1	0.5040213537285656	0.7345823123454915	([136, 129], [138, 134, 129])
1	0.6519102177461805	0.7347707708456466	([409, 92], [409, 390, 383])
1	0.7209687862677542	0.7350881275786961	([81, 5], [92, 81, 4])
1	0.7307848652173232	0.735429034308739	([141, 64], [141, 110, 64])
1	0.7280906464640379	0.735429034308739	([141, 48], [141, 110, 105])
1	0.7199691990535317	0.7360957370561827	([312, 277], [312, 290, 277])
1	0.7295886186724412	0.7364595036911817	([332, 297], [332, 325, 297])
1	0.5995697217132769	0.7367237979567225	([320, 92], [339, 320, 308])
1	0.7180922651977658	0.7372542778511381	([169, 148], [169, 159, 148])
1	0.630944613484123	0.7378593532287627	([383, 92], [364, 339, 338])
1	0.7225065590928418	0.7380328417637957	([52, 29], [52, 50, 29])
1	0.72212635510069	0.7383123475460084	([411, 372], [411, 381, 377])
1	0.710759300335089	0.7384737748947541	([153, 80], [153, 146, 78])
1	0.6553756349246297	0.7385111378187623	([179, 93], [191, 156, 93])
1	0.735068164386246	0.7398510095313008	([351, 316], [343, 332, 316])
1	0.7358262960235193	0.7398774827832886	([213, 179], [213, 201, 160])
1	0.7283319170505086	0.7400249097189346	([215, 93], [215, 193, 187])
1	0.719446505238827	0.7400910239813426	([99, 5], [99, 86, 5])
1	0.6461736032908486	0.7403700043435261	([102, 40], [93, 77, 46])
1	0.714376844547307	0.7403700043435261	([106, 63], [106, 93, 46])
1	0.7166498342702177	0.7407981134581211	([165, 141], [165, 160, 141])
1	0.7274793322668593	0.741319696133986	([250, 209], [250, 209, 195])
1	0.7102055368244913	0.741395310898683	([218, 182], [220, 197, 182])
1	0.7367375754045742	0.7415572683573981	([377, 325], [377, 366, 325])
1	0.7138013771842642	0.7417820274659205	([29, 0], [29, 24, 1])
1	0.7349693310749699	0.7419189040523609	([233, 179], [233, 179, 171])
1	0.7364895695973439	0.7419270347194946	([370, 321], [370, 333, 321])
1	0.6870296595101049	0.7419270347194946	([341, 102], [370, 344, 333])
1	0.5940583396173462	0.7428328351503082	([129, 44], [129, 57, 44])
1	0.7417864604052623	0.7430439062473633	([304, 279], [304, 290, 281])
1	0.7294817193955409	0.743089369213739	([93, 34], [96, 93, 27])
1	0.6738648238194016	0.7436345980649283	([197, 153], [197, 182, 164])
1	0.7430370600073716	0.7438604371060172	([308, 93], [323, 303, 93])
1	0.7421454303840903	0.7441256818152214	([376, 93], [403, 394, 93])
1	0.7346906503386614	0.7442425908668105	([412, 379], [407, 393, 384])
1	0.7291918095839196	0.7444225091082571	([212, 144], [214, 212, 143])
1	0.7374337477036547	0.7447677563499316	([311, 236], [311, 306, 231])
1	0.669928956841743	0.7449541290286837	([290, 78], [303, 290, 78])
1	0.7192172669905682	0.7452589442373929	([86, 37], [86, 82, 37])
1	0.723264530120882	0.7456695370093234	([267, 108], [267, 136, 129])
1	0.7192259122104798	0.7460079676201932	([133, 48], [133, 112, 56])
1	0.7287698159377363	0.746868391242445	([341, 313], [341, 323, 319])
1	0.7274961060858474	0.7469150502134784	([253, 218], [253, 244, 216])
1	0.7158988661525578	0.7470778517153311	([225, 187], [225, 215, 210])
1	0.7346289954487795	0.7473015100769597	([78, 14], [78, 41, 32])
1	0.658163765919878	0.7473396760795861	([238, 93], [230, 224, 93])
1	0.7056550497077105	0.7478331853735437	([206, 165], [206, 201, 160])
1	0.7182892174821125	0.7478982348861416	([59, 34], [59, 48, 34])
1	0.7221745946363517	0.7483673713744535	([286, 245], [286, 255, 251])
1	0.7055072311916054	0.7484240476613796	([141, 23], [141, 99, 93])
1	0.7411133746712818	0.7489882309137421	([375, 338], [375, 372, 338])
1	0.7194258902274244	0.7491219222201275	([324, 160], [324, 322, 153])
1	0.7189949218389997	0.7497965449459256	([298, 231], [298, 288, 285])
1	0.7336561706810772	0.7500728740242114	([348, 329], [348, 344, 329])
1	0.7469741491048018	0.7502915016349619	([235, 201], [235, 227, 208])
1	0.7434637058687177	0.7508101344223149	([389, 78], [389, 380, 78])
1	0.7030984373908653	0.7519881981003878	([144, 96], [144, 142, 96])
1	0.7399710708933447	0.7521823529919697	([412, 93], [376, 373, 93])
1	0.7409695204809863	0.7522675603577643	([235, 156], [254, 235, 156])
1	0.7175254120425454	0.7524635589475446	([414, 0], [415, 414, 5])
1	0.7137159859398051	0.7526267948496221	([99, 47], [103, 99, 47])
1	0.7501451125091281	0.7537076030329708	([323, 244], [334, 323, 237])
1	0.7341808492474582	0.7541000221949009	([334, 237], [324, 323, 237])
1	0.7372478407279732	0.75421761688155	([203, 171], [214, 203, 171])
1	0.7110185831417631	0.7542282046743684	([95, 55], [95, 94, 55])
1	0.7405844889719658	0.7543469427322782	([91, 38], [102, 99, 38])
1	0.7230235447901031	0.7543613881137097	([230, 182], [237, 236, 175])
1	0.7345593860756305	0.7545339724736051	([233, 154], [233, 223, 179])
1	0.7520088923992044	0.7546699161549479	([266, 57], [266, 260, 135])
1	0.743717358725963	0.7550896049586511	([382, 239], [382, 239, 222])
1	0.7447495434861456	0.7558283139062802	([49, 8], [49, 30, 27])
1	0.6764483826363114	0.7559397075911325	([227, 189], [227, 215, 189])
1	0.7474259781050281	0.7560078488690734	([205, 168], [205, 186, 183])
1	0.7431723937322584	0.7560078488690734	([205, 183], [205, 196, 186])
1	0.7320781927191115	0.7564691422224392	([214, 178], [211, 188, 186])
1	0.7169657466940703	0.7565247931962633	([171, 133], [173, 161, 136])
1	0.7293427791168471	0.7566589291639332	([318, 252], [318, 308, 252])
1	0.6756668670934683	0.756819236341216	([109, 83], [112, 109, 83])
1	0.7548715353278036	0.7568708962357944	([217, 174], [217, 181, 174])
1	0.7533430275771766	0.7568708962357944	([217, 163], [229, 217, 181])
1	0.7518131453550441	0.7583959940246573	([248, 85], [248, 238, 93])
1	0.6346321607251734	0.7584366728847263	([168, 92], [168, 154, 149])
1	0.7525970673669835	0.7586635222142395	([254, 194], [254, 194, 181])
1	0.7554777457815636	0.7586655465805023	([142, 39], [143, 142, 39])
1	0.7497639645815614	0.7586740517229994	([342, 191], [373, 342, 335])
1	0.7370089373494146	0.7587280547311002	([192, 96], [192, 156, 144])
1	0.7473008399324982	0.7587280547311002	([195, 144], [195, 192, 144])
1	0.724401959288182	0.7587280547311002	([214, 143], [212, 192, 144])
1	0.7586032296646587	0.7588600354267477	([299, 246], [299, 292, 246])
1	0.7504079470444364	0.7588976221942522	([100, 7], [100, 89, 7])
1	0.7538386906151437	0.7592372273285329	([410, 4], [413, 410, 4])
1	0.7556281587083116	0.7594223069700253	([153, 86], [153, 86, 83])
1	0.7460092509978469	0.7594223069700253	([145, 83], [153, 145, 83])
1	0.7573686687591081	0.759480442372658	([245, 214], [245, 224, 212])
1	0.7566581235245007	0.759687732334028	([328, 293], [328, 313, 310])
1	0.6110333400367917	0.7597834889701923	([92, 31], [92, 30, 13])
1	0.679340187469033	0.7602447512096535	([239, 191], [239, 220, 203])
1	0.6704087914380165	0.7603608165837084	([404, 181], [404, 375, 181])
1	0.7094546693526177	0.7603685763546403	([374, 320], [378, 370, 339])
1	0.6258822837680778	0.7605697119437114	([252, 129], [281, 256, 252])
1	0.6195554147710847	0.7606781238125712	([129, 74], [129, 112, 74])
1	0.7298849806783348	0.7609844067973687	([215, 158], [215, 197, 185])
1	0.7564991551796456	0.7610553084747962	([268, 110], [268, 267, 110])
1	0.7511442184030358	0.7611347925516797	([312, 80], [312, 160, 80])
1	0.7228477510002242	0.7612212079826735	([231, 173], [227, 203, 202])
1	0.749731306550781	0.7617747290261111	([253, 146], [253, 146, 143])
1	0.7227567466400927	0.7618389718443868	([246, 182], [246, 238, 218])
1	0.7449936743971962	0.7624465426840099	([227, 152], [227, 203, 151])
1	0.6460487701244029	0.7629109706749101	([324, 231], [324, 297, 293])
1	0.6012867382167154	0.7631046319573626	([152, 129], [152, 140, 139])
1	0.6442003855833106	0.763282360175381	([229, 181], [219, 217, 181])
1	0.72292018969142	0.7635685768521814	([244, 153], [250, 244, 195])
1	0.7543838093995505	0.7635894129779487	([234, 143], [234, 214, 213])
1	0.6668719341406963	0.7636932903833864	([329, 93], [329, 299, 292])
1	0.7618039129756543	0.7637405851430988	([159, 95], [159, 158, 95])
1	0.7433459615278162	0.763892324050282	([180, 135], [180, 154, 141])
1	0.7280138121207834	0.7639165308511194	([153, 49], [153, 80, 49])
1	0.7482737016831195	0.7641908204640397	([185, 143], [185, 178, 143])
1	0.7548779956546761	0.7642196598798678	([187, 24], [187, 181, 38])
1	0.6987980689754734	0.7643387342857672	([252, 181], [303, 292, 181])
1	0.7620541427246866	0.7646047553378786	([227, 47], [227, 47, 0])
1	0.7578637145346887	0.7648748797748578	([385, 195], [385, 223, 208])
1	0.7482969208991171	0.7648748797748578	([378, 208], [385, 378, 208])
1	0.750641724235168	0.7649710529519327	([351, 286], [366, 345, 286])
1	0.6869183202280141	0.7650307546567614	([322, 153], [324, 186, 181])
1	0.674941796425953	0.7650307546567614	([324, 181], [324, 237, 186])
1	0.7553956888453139	0.76505073446252	([410, 10], [410, 10, 7])
1	0.7417981820215815	0.7652913373379253	([158, 104], [158, 154, 79])
1	0.7606284678828934	0.7654648863197765	([209, 19], [201, 88, 19])
1	0.7434932585099896	0.7655901053239165	([194, 149], [194, 180, 149])
1	0.7490143170210793	0.7656550179711641	([235, 188], [235, 227, 188])
1	0.6840770658332207	0.7657512687241291	([189, 148], [189, 166, 156])
1	0.6824899917487411	0.7658072936219471	([303, 181], [250, 235, 208])
1	0.7287789111218911	0.7658472907111182	([319, 239], [319, 298, 239])
1	0.7263439462199257	0.7659233864212487	([90, 36], [90, 78, 41])
1	0.7399647015759862	0.765930928780744	([154, 79], [215, 158, 95])
1	0.6459402709699507	0.765930928780744	([231, 95], [231, 215, 95])
1	0.6272526246449541	0.7659423548923481	([163, 129], [163, 141, 136])
1	0.7643265466799548	0.7660826296053153	([237, 83], [227, 189, 85])
1	0.7609332245975259	0.7662029467871272	([323, 256], [323, 300, 295])
1	0.6894042762087613	0.7662859772375298	([280, 231], [322, 300, 231])
1	0.739659184996352	0.7664676715629762	([221, 180], [221, 205, 180])
1	0.7644972666903761	0.766770043915622	([200, 167], [200, 192, 160])
1	0.7493645360145946	0.766941726552067	([89, 25], [100, 96, 12])
1	0.7667597327714641	0.767045555673359	([354, 310], [354, 340, 310])
1	0.7004124604850093	0.7671944510352912	([260, 133], [281, 260, 135])
1	0.7659384915452643	0.7675416110356417	([153, 38], [153, 38, 32])
1	0.7164751375593111	0.7675416110356417	([153, 7], [153, 78, 32])
1	0.7658755484241421	0.7678101942803814	([257, 139], [278, 257, 139])
1	0.7636614552287747	0.7678227182341074	([412, 318], [412, 408, 324])
1	0.7242554524836227	0.7679120292836792	([312, 209], [312, 231, 205])
1	0.7472987241994082	0.7683030851867882	([257, 237], [257, 252, 249])
1	0.7488046686935705	0.7687146214865228	([390, 198], [390, 223, 198])
1	0.7339018793708958	0.7687146214865228	([385, 222], [390, 380, 223])
1	0.764024393957505	0.7687885253801541	([400, 202], [400, 388, 181])
1	0.7421416527574619	0.7691167837433556	([66, 31], [66, 49, 31])
1	0.6819759282347087	0.7691374787029084	([181, 47], [181, 159, 143])
1	0.7035586178896733	0.7691374787029084	([253, 102], [252, 181, 143])
1	0.721639917690681	0.7693296800723989	([304, 237], [323, 308, 237])
1	0.7140825413213839	0.7694270977384	([367, 191], [382, 373, 239])
1	0.6317260750161453	0.7700775570605101	([416, 160], [416, 151, 140])
1	0.7476766744329539	0.7701639981306244	([296, 215], [296, 237, 233])
1	0.7114963652891672	0.7701639981306244	([296, 233], [296, 282, 237])
1	0.5949416738051643	0.7705452434002665	([92, 13], [99, 50, 26])
1	0.7634353406749117	0.7707823212103239	([254, 136], [257, 254, 136])
1	0.7332383248128702	0.7707823212103239	([231, 139], [267, 257, 136])
1	0.762422113762318	0.7708214181387686	([309, 169], [309, 169, 155])
1	0.7645937659527376	0.771066073429006	([390, 238], [390, 244, 238])
1	0.739822249131131	0.7710983297869857	([306, 242], [306, 242, 227])
1	0.7610059550117915	0.771569099946521	([110, 1], [110, 57, 29])
1	0.7658440209064797	0.7716085074574419	([295, 144], [295, 292, 144])
1	0.7531227488024202	0.7716265782565986	([160, 40], [160, 80, 40])
1	0.7497768577421743	0.7717055220496811	([144, 40], [144, 97, 96])
1	0.7307564256576564	0.7718106152049184	([317, 225], [317, 310, 255])
1	0.7452833164177655	0.772179628679558	([247, 160], [247, 203, 201])
1	0.601032455537736	0.7723408770429123	([416, 312], [311, 301, 236])
1	0.7710833641846944	0.7725594817464392	([208, 141], [208, 187, 160])
1	0.7645102581800804	0.7728544456501834	([309, 257], [309, 297, 257])
1	0.7285611431430821	0.7729337306699435	([376, 319], [376, 375, 319])
1	0.7590093428922721	0.7730976695506772	([335, 284], [335, 311, 302])
1	0.6686474742421681	0.7732480086319757	([368, 181], [368, 366, 181])
1	0.7447717523318064	0.7732785505792308	([168, 77], [181, 168, 155])
1	0.740895928257842	0.773322375146779	([95, 15], [100, 83, 7])
1	0.7652435451218148	0.7734283943612691	([310, 189], [321, 310, 189])
1	0.7344032876341838	0.7737632590537544	([297, 228], [298, 297, 239])
1	0.7596678417695785	0.773781604294006	([301, 265], [301, 292, 265])
1	0.7701772973663406	0.773787100991369	([365, 109], [365, 351, 109])
1	0.7093400157284637	0.7738121669667339	([202, 154], [202, 181, 179])
1	0.7561901400348789	0.7738311469377331	([219, 146], [219, 187, 146])
1	0.773788443750021	0.7739854268261374	([247, 32], [247, 153, 148])
1	0.7602060517836733	0.7739854268261374	([249, 148], [247, 160, 153])
1	0.7581338189915182	0.7740444031857243	([227, 85], [305, 296, 237])
1	0.6833029611072157	0.7742429782579618	([295, 102], [370, 142, 102])
1	0.768471349940325	0.7743446373681814	([376, 237], [376, 339, 319])
1	0.7452406357673601	0.774440294084464	([172, 110], [172, 170, 139])
1	0.7535369703577754	0.774474407004317	([180, 83], [180, 164, 83])
1	0.72316089373052	0.7750565496436577	([345, 227], [373, 359, 227])
1	0.7282114078340978	0.7751132231176384	([251, 144], [251, 162, 150])
1	0.7726088403677718	0.7753374810549928	([189, 64], [189, 89, 85])
1	0.7719653936721138	0.7756026233338914	([381, 323], [381, 372, 323])
1	0.7746484363768845	0.7757062922039413	([257, 168], [257, 168, 133])
1	0.7670548267373818	0.7757324851351569	([408, 191], [408, 376, 373])
1	0.7395909101001	0.77593637241683	([368, 237], [376, 368, 356])
1	0.7592463822247013	0.7760294973797203	([98, 24], [98, 89, 7])
1	0.7685484481353916	0.776048346986548	([385, 344], [393, 371, 356])
1	0.7739592174449136	0.7761366067182841	([352, 181], [366, 351, 181])
1	0.7213811590421264	0.7762359983984003	([216, 172], [216, 212, 182])
1	0.7286494696447227	0.7766512198521173	([229, 158], [229, 215, 208])
1	0.6934078471473325	0.7766702163035538	([95, 3], [95, 15, 9])
1	0.7291578998206729	0.7768717845879459	([366, 283], [366, 364, 290])
1	0.7402509258156728	0.777133116681282	([305, 83], [248, 233, 227])
1	0.776477293435119	0.7772477658930311	([383, 212], [390, 383, 238])
1	0.7516196899100922	0.7773418389391942	([408, 324], [408, 373, 366])
1	0.7386023742016183	0.7774151773994221	([378, 349], [378, 363, 351])
1	0.7747825148908639	0.7776775225547655	([358, 308], [358, 340, 338])
1	0.7743006149380068	0.7778068007519588	([258, 245], [258, 254, 245])
1	0.7563298254052035	0.7780922252855603	([58, 28], [58, 48, 45])
1	0.7726618623806498	0.7781221695225726	([346, 295], [346, 337, 295])
1	0.7772272263227606	0.7782296262196045	([405, 219], [405, 375, 181])
1	0.7773752164812493	0.7782691884750961	([70, 15], [95, 78, 70])
1	0.7751960880477422	0.7783154433615342	([290, 143], [290, 255, 247])
1	0.4975993815572003	0.7783445474145105	([107, 106], [137, 132, 106])
1	0.7721339000038513	0.7784832598011562	([293, 95], [304, 293, 95])
1	0.7782866096981934	0.7784832598011562	([316, 95], [316, 304, 95])
1	0.7668895272158464	0.7788389985351082	([255, 64], [255, 237, 110])
1	0.7591843189242388	0.7788389985351082	([237, 110], [267, 255, 110])
1	0.7577531838521684	0.7792503986054222	([313, 242], [313, 306, 296])
1	0.7751232150404093	0.7794165558340825	([315, 280], [315, 311, 269])
1	0.7533182448745278	0.779467880407095	([52, 5], [52, 37, 5])
1	0.7601491938474152	0.7795037911740855	([321, 156], [310, 293, 182])
1	0.7458821758059699	0.7803116351057496	([245, 155], [245, 193, 164])
1	0.7686816665770568	0.7803486887986061	([65, 16], [65, 54, 16])
1	0.693392249120092	0.7803546549650161	([229, 102], [253, 229, 208])
1	0.7592807180348705	0.7804053225380377	([330, 254], [339, 302, 298])
1	0.7680752767673584	0.7804374169958384	([214, 36], [214, 152, 36])
1	0.7684160035311522	0.7805986217527177	([265, 112], [265, 262, 108])
1	0.7653744451895631	0.7806712780543512	([413, 301], [413, 317, 301])
1	0.7751278589578082	0.780745415344286	([406, 214], [406, 248, 227])
1	0.7757718776163379	0.7808132093117768	([395, 321], [395, 381, 374])
1	0.7738173713169476	0.7809828790353998	([290, 44], [290, 143, 84])
1	0.7644370217865648	0.7810615259938163	([311, 269], [315, 300, 280])
1	0.777634019300338	0.7810747302748121	([221, 145], [255, 226, 145])
1	0.7333868571351438	0.7810752630369647	([145, 26], [145, 83, 24])
1	0.7193326087411438	0.7812109543297583	([321, 241], [321, 293, 292])
1	0.763172712918264	0.7812109543297583	([370, 293], [370, 321, 293])
1	0.7291446009675805	0.7812942115598166	([237, 72], [237, 110, 72])
1	0.77889078246608	0.7812970323995415	([340, 234], [340, 255, 247])
1	0.7445625515189586	0.7813462403097531	([308, 158], [308, 158, 147])
1	0.7624425405262178	0.7816279418938075	([392, 337], [392, 388, 337])
1	0.7598686959375579	0.7820133766254252	([146, 22], [146, 93, 45])
1	0.7117553940770786	0.7822618829755956	([324, 279], [324, 279, 181])
1	0.7799862907900054	0.7823729615104571	([415, 368], [415, 408, 368])
1	0.7797452304659702	0.7823996018858983	([394, 35], [394, 391, 35])
1	0.7503054510617123	0.7830393957914583	([142, 15], [142, 95, 78])
1	0.7564925702198486	0.7831886064137162	([304, 202], [330, 328, 95])
1	0.7296048704747219	0.7833834256936423	([231, 60], [312, 104, 80])
1	0.7681490167189862	0.7835308792480137	([180, 49], [180, 83, 80])
1	0.7693258449151924	0.7840310604204791	([375, 18], [391, 18, 8])
1	0.7286417837764214	0.7840666575457441	([414, 339], [414, 394, 376])
1	0.6313830210433375	0.784263640204196	([172, 102], [172, 140, 107])
1	0.7485519453600546	0.7842942846432391	([218, 142], [218, 210, 95])
1	0.7772931692265637	0.7843508266845403	([146, 100], [146, 100, 45])
1	0.7744546318987248	0.7843808920563433	([196, 42], [196, 193, 39])
1	0.7718336381211878	0.7843808920563433	([239, 39], [239, 196, 39])
1	0.7617567825505499	0.7845598694104411	([407, 323], [407, 379, 323])
1	0.7838179444577843	0.7846185371479097	([338, 277], [338, 311, 288])
1	0.7647138827854069	0.7846837005762787	([163, 30], [164, 163, 30])
1	0.7565150732552444	0.7849402373777896	([143, 3], [143, 39, 35])
1	0.7638525566737067	0.7849540561445567	([388, 153], [388, 337, 322])
1	0.7743043643990004	0.7849822468921375	([201, 34], [201, 34, 20])
1	0.7768635475207774	0.7850005969209409	([414, 235], [415, 381, 246])
1	0.7407393905833477	0.7851094322716906	([312, 248], [323, 312, 248])
1	0.7233720495805912	0.785203928882663	([161, 18], [161, 143, 15])
1	0.759755678677137	0.7853998688457741	([325, 251], [325, 297, 251])
1	0.6028505738132456	0.7855131795467991	([285, 129], [254, 156, 144])
1	0.7462496790222175	0.7856121647468645	([164, 103], [164, 144, 143])
1	0.6357290645771989	0.7857514989840579	([400, 102], [400, 389, 362])
1	0.771112175201476	0.785889982153792	([193, 22], [193, 146, 78])
1	0.7549235291351875	0.7861518128254672	([369, 78], [369, 299, 289])
1	0.7284510029356737	0.7862618000423436	([201, 88], [182, 178, 88])
1	0.785567439017324	0.7864077409709587	([242, 7], [246, 242, 12])
1	0.7797473079052566	0.7864127450238491	([147, 70], [147, 93, 77])
1	0.7756779648142321	0.7864421333973803	([402, 86], [402, 398, 86])
1	0.7519787926502512	0.786526549585108	([407, 160], [407, 324, 322])
1	0.7505756662319976	0.7865464029938282	([296, 192], [296, 215, 191])
1	0.7842991985899765	0.7867188200069258	([378, 295], [378, 339, 302])
1	0.7812430278723574	0.7867942261795696	([413, 233], [233, 195, 189])
1	0.742477719123997	0.7873967817105599	([215, 29], [231, 215, 29])
1	0.7848639629566665	0.7874412089866004	([299, 154], [299, 237, 187])
1	0.7548958917891992	0.7874412089866004	([309, 187], [302, 299, 187])
1	0.7396387406489185	0.7874475176949524	([278, 179], [279, 278, 181])
1	0.7746351421542332	0.7876055664597786	([255, 145], [235, 226, 145])
1	0.7549491767894256	0.7876660255016465	([205, 15], [205, 173, 15])
1	0.7733694612984393	0.7876901181127549	([256, 100], [256, 141, 100])
1	0.7418178354010304	0.7876910270305463	([209, 159], [204, 188, 187])
1	0.7752946335982409	0.7877094713038573	([246, 12], [246, 231, 215])
1	0.7633487000407297	0.7877816982108147	([362, 233], [365, 362, 237])
1	0.787549662358595	0.7878379560052042	([346, 265], [346, 295, 265])
1	0.7725456294772428	0.7880088794646786	([404, 302], [404, 324, 319])
1	0.7745711043526744	0.7880094479897859	([210, 18], [242, 237, 83])
1	0.7800179381367718	0.7880848950251378	([359, 4], [359, 339, 4])
1	0.6547312634997142	0.7880848950251378	([416, 1], [386, 339, 4])
1	0.7755501007343787	0.78819470480152	([200, 14], [200, 157, 156])
1	0.7741602642138342	0.7883956259036345	([303, 258], [303, 293, 270])
1	0.7818039554194012	0.7885414968655885	([243, 15], [292, 243, 28])
1	0.768529392520974	0.7885453297091616	([391, 0], [414, 391, 376])
1	0.7374056593610727	0.7885888385521705	([394, 194], [380, 189, 178])
1	0.7788114254476237	0.7889917228416209	([217, 23], [217, 208, 23])
1	0.7817533297731765	0.7891258413414957	([279, 107], [279, 181, 140])
1	0.7684911238459919	0.7891430357351763	([247, 98], [247, 236, 95])
1	0.7377112074200006	0.7892881569768696	([300, 198], [287, 285, 198])
1	0.7765099040609728	0.789463561928512	([393, 301], [393, 303, 301])
1	0.7864084754750912	0.789463561928512	([397, 303], [397, 393, 303])
1	0.7487124926619959	0.7894763303272028	([391, 224], [391, 376, 225])
1	0.7763426920577762	0.7895034766767408	([283, 103], [293, 283, 103])
1	0.5897680928453145	0.7895034766767408	([336, 92], [320, 293, 103])
1	0.787435504727205	0.7897452465522501	([380, 250], [380, 373, 250])
1	0.7784902299138277	0.7898164988351086	([404, 213], [404, 403, 213])
1	0.7464387040488233	0.7900094066645978	([408, 218], [408, 403, 218])
1	0.7756661371606017	0.7900935755596382	([228, 167], [228, 198, 196])
1	0.7571891318198071	0.7904668699306086	([412, 203], [412, 400, 203])
1	0.7705036453470337	0.7905114718692725	([271, 233], [292, 271, 233])
1	0.732878445931328	0.7906218033179574	([399, 215], [399, 385, 221])
1	0.7737327722901673	0.7907172569803113	([408, 11], [410, 408, 7])
1	0.7854392435959933	0.7909040992236052	([385, 296], [385, 296, 208])
1	0.7827440581809074	0.790908205966651	([157, 81], [157, 97, 81])
1	0.7871118321169329	0.790908205966651	([157, 98], [157, 98, 97])
1	0.7602439755288889	0.79093591533752	([108, 16], [108, 49, 29])
1	0.7732022732401603	0.790967915580783	([410, 205], [410, 386, 217])
1	0.7778395006723519	0.790984760521913	([318, 39], [318, 175, 39])
1	0.7543628386164787	0.7912660823722282	([182, 50], [182, 88, 50])
1	0.7701696342566453	0.7913442066719087	([162, 94], [162, 154, 94])
1	0.7678930936614259	0.7913961059549682	([399, 250], [399, 250, 215])
1	0.7746588631159758	0.7915101620310379	([304, 21], [309, 155, 21])
1	0.7729316138263957	0.7916235519742464	([221, 37], [221, 80, 27])
1	0.7476567425830634	0.7916634144403004	([203, 96], [203, 180, 97])
1	0.7773075220657847	0.7922616738295031	([169, 60], [231, 169, 95])
1	0.76698474491276	0.7922616738295031	([229, 169], [231, 229, 169])
1	0.7628848973657373	0.7922616738295031	([280, 169], [280, 231, 169])
1	0.7712884551760364	0.792312877773806	([206, 77], [206, 77, 45])
1	0.7705804005829093	0.7923130992825168	([387, 77], [394, 387, 79])
1	0.7745577371052116	0.792349935678017	([235, 100], [256, 235, 234])
1	0.7757901330398501	0.7924122146209812	([249, 18], [249, 214, 210])
1	0.7890128236663496	0.79276830396826	([313, 186], [313, 242, 238])
1	0.758861366262408	0.792951844348027	([381, 246], [381, 323, 231])
1	0.772458855781517	0.7930683401932875	([378, 158], [378, 229, 208])
1	0.7783581345424456	0.7930844471684306	([325, 226], [325, 317, 225])
1	0.7381678220943537	0.7933512541309404	([181, 112], [265, 261, 181])
1	0.7926269027105545	0.7933635552108821	([369, 202], [395, 369, 202])
1	0.7887520887237166	0.793587400747649	([184, 28], [184, 168, 77])
1	0.7717189627532389	0.7936236095687951	([398, 162], [398, 212, 204])
1	0.7786265845802114	0.7937401844319295	([406, 200], [406, 398, 200])
1	0.6161054094157613	0.7938388730742766	([292, 92], [320, 293, 292])
1	0.740588516488105	0.7940344833981338	([227, 0], [227, 84, 47])
1	0.6843627980189159	0.7940344833981338	([227, 31], [227, 84, 58])
1	0.7803724877684316	0.7940597304954029	([377, 192], [377, 215, 210])
1	0.7860985561536441	0.7943358604883266	([400, 16], [400, 391, 32])
1	0.7771475955806387	0.7943436636880677	([201, 110], [290, 206, 201])
1	0.7737189270601444	0.7943436636880677	([290, 206], [290, 235, 201])
1	0.7885256236090389	0.7943794956677029	([322, 10], [322, 231, 10])
1	0.6460627431681991	0.7945006012650774	([258, 92], [292, 258, 246])
1	0.7756372743464967	0.794556736670728	([356, 198], [375, 356, 330])
1	0.7931860318266652	0.7947064927601483	([188, 104], [231, 188, 169])
1	0.793009809811007	0.7948076768650066	([271, 183], [271, 255, 183])
1	0.7663403322626455	0.7948984665578098	([399, 316], [399, 387, 316])
1	0.7383674858489515	0.7949002706266246	([338, 83], [399, 375, 338])
1	0.754993862437359	0.795139506578055	([206, 3], [206, 201, 20])
1	0.7648009011968812	0.7951970045886042	([384, 300], [384, 372, 318])
1	0.7675040852005952	0.7953201038704516	([335, 88], [335, 231, 88])
1	0.7242089210244484	0.7953339951943121	([309, 155], [313, 309, 169])
1	0.7913966369995454	0.7953436480278274	([378, 255], [378, 320, 255])
1	0.7525537643192532	0.7953773751222816	([224, 16], [400, 391, 224])
1	0.7898559025997435	0.7954039336602493	([225, 22], [231, 225, 22])
1	0.7878518429570994	0.7954039336602493	([238, 22], [238, 231, 22])
1	0.7624220713230746	0.7956237199717169	([143, 68], [143, 88, 68])
1	0.7507132505027433	0.7956931397445421	([331, 233], [331, 284, 249])
1	0.7858936606456254	0.7957527564888528	([318, 148], [318, 252, 148])
1	0.7778148963187737	0.7958007784078855	([384, 196], [384, 300, 231])
1	0.7863103608437096	0.7958245382072296	([307, 267], [307, 283, 277])
1	0.7278940929577435	0.7958376471500774	([311, 110], [311, 282, 140])
1	0.7742171921594906	0.7958735702996431	([261, 101], [277, 261, 101])
1	0.7852441664052952	0.7959621817352207	([397, 174], [397, 396, 174])
1	0.7636303790015115	0.7961034434091695	([349, 260], [349, 344, 260])
1	0.7781302124244588	0.7961113644681503	([195, 8], [413, 317, 233])
1	0.7836356808616902	0.7961592833778511	([341, 272], [341, 324, 272])
1	0.7789348385476057	0.7961911282410429	([230, 33], [230, 229, 26])
1	0.7711043903856142	0.7963005714960416	([226, 19], [226, 201, 200])
1	0.7520395317645046	0.7963419046863667	([323, 159], [323, 300, 148])
1	0.7352801357469524	0.7964643855486282	([239, 147], [252, 239, 147])
1	0.7572150106353722	0.7966081596753523	([407, 19], [407, 39, 19])
1	0.7942142109646217	0.7967516260522913	([393, 193], [393, 377, 193])
1	0.624178806140134	0.7968577661283973	([129, 19], [129, 36, 19])
1	0.7646977763824492	0.7968690066232753	([198, 112], [198, 144, 105])
1	0.7776819590378414	0.796963539878014	([358, 257], [352, 351, 257])
1	0.7832572836180327	0.7971279514760392	([328, 217], [340, 328, 217])
1	0.7817190287763814	0.7971671056285886	([264, 59], [264, 255, 59])
1	0.7415208185701175	0.7971728558874493	([337, 167], [337, 308, 158])
1	0.7831283015640598	0.7971728558874493	([347, 158], [347, 337, 158])
1	0.7399628322426989	0.7971757921674637	([413, 317], [413, 400, 231])
1	0.7951536858007406	0.7973411755346135	([377, 88], [377, 192, 143])
1	0.7736249535457898	0.7974015749844462	([229, 26], [212, 198, 25])
1	0.7672587670869168	0.7975355747749142	([335, 157], [335, 157, 140])
1	0.7637237508381218	0.7976043828887428	([415, 209], [415, 313, 209])
1	0.7491284403661824	0.7976430730849076	([148, 63], [149, 95, 72])
1	0.7796563582369721	0.7976469916900021	([379, 22], [380, 379, 238])
1	0.7511611486808658	0.7978451994379262	([407, 39], [407, 19, 9])
1	0.7821013629413957	0.7978649248579024	([162, 66], [162, 103, 94])
1	0.7865345706506623	0.7978940550058925	([298, 79], [298, 79, 40])
1	0.7795472678455777	0.7979446193052095	([348, 189], [348, 326, 321])
1	0.7383712728083814	0.7979749760882604	([372, 226], [393, 372, 226])
1	0.7921078101727578	0.7979749760882604	([412, 226], [412, 393, 226])
1	0.7770607703181261	0.7980196005479724	([311, 15], [311, 37, 25])
1	0.7713585131469848	0.7981458293930339	([411, 185], [411, 178, 88])
1	0.7319644249047766	0.7981458293930339	([377, 215], [411, 377, 88])
1	0.7581641429410052	0.7981458293930339	([414, 98], [414, 411, 88])
1	0.796551035646721	0.7983716041881123	([327, 243], [334, 327, 243])
1	0.785430403606821	0.7983716041881123	([367, 15], [348, 334, 243])
1	0.6246374661348283	0.7984584857908453	([129, 89], [129, 107, 89])
1	0.7712565896694662	0.7988467331447947	([409, 99], [409, 99, 21])
1	0.7827044378344933	0.7988920823163267	([228, 133], [228, 223, 133])
1	0.792066343590361	0.7990739244429733	([373, 171], [373, 171, 141])
1	0.7946521351687208	0.7993638206816199	([284, 164], [293, 284, 182])
1	0.7919967621703456	0.7994380265375542	([354, 281], [354, 331, 276])
1	0.7954113253577262	0.7994772381306307	([381, 140], [381, 377, 140])
1	0.7717888196424593	0.799516935463651	([198, 25], [212, 144, 40])
1	0.7968897491286487	0.8001915491448378	([216, 5], [216, 214, 5])
1	0.7926685298090145	0.8001927761113308	([349, 83], [349, 338, 311])
1	0.7965449838394449	0.8005547699767064	([398, 50], [398, 231, 173])
1	0.7802272803883755	0.8005547699767064	([398, 247], [398, 247, 231])
1	0.7613669959778868	0.8006603162903024	([357, 84], [369, 89, 84])
1	0.7903776799168925	0.8008635249067999	([345, 171], [373, 345, 227])
1	0.7576231616271442	0.8009153157283433	([344, 269], [351, 344, 260])
1	0.796063470296005	0.80099745640379	([389, 36], [389, 384, 36])
1	0.7998538292425371	0.8010027842172398	([288, 217], [288, 250, 246])
1	0.7991904734724034	0.8010384164376252	([253, 47], [253, 140, 50])
1	0.7879152180316307	0.8010765817944282	([334, 211], [334, 237, 193])
1	0.7713928681209294	0.8011724291474605	([368, 146], [408, 191, 78])
1	0.7925145717256888	0.801314658474168	([396, 85], [396, 374, 372])
1	0.7916735483466575	0.801396085458309	([369, 29], [369, 231, 202])
1	0.7353477679245805	0.8014320530240926	([403, 83], [394, 164, 158])
1	0.7578188578626872	0.8014796579771141	([295, 43], [286, 142, 84])
1	0.7784213705479173	0.8014876752213982	([336, 224], [336, 317, 233])
1	0.7997929961737638	0.8015928581801652	([148, 5], [214, 202, 5])
1	0.7837659315924448	0.8019033547510315	([251, 36], [377, 325, 251])
1	0.7983428517276767	0.8019938283485106	([391, 348], [391, 351, 348])
1	0.7409355776089954	0.8020109497106586	([377, 36], [254, 251, 38])
1	0.8009313372847192	0.8020429761955427	([109, 9], [109, 49, 20])
1	0.7814896866828754	0.8020798901732029	([405, 206], [405, 206, 89])
1	0.6454849536552905	0.8023059418015522	([188, 92], [213, 188, 4])
1	0.797283601816779	0.8023059418015522	([236, 4], [236, 213, 4])
1	0.7551067376662473	0.8024459216491495	([155, 1], [155, 84, 1])
1	0.7552768991850214	0.8025104502259326	([279, 222], [279, 257, 222])
1	0.6110407194876507	0.8025266605786584	([351, 129], [346, 270, 257])
1	0.7872151635951022	0.8025266605786584	([357, 270], [357, 346, 270])
1	0.7678576258714183	0.8025299043018468	([206, 45], [206, 193, 175])
1	0.7733578254120183	0.8026260707081929	([392, 317], [392, 336, 335])
1	0.7858128816544693	0.8027252079669129	([198, 46], [198, 192, 46])
1	0.7964278465506999	0.8027405290794868	([163, 4], [235, 163, 4])
1	0.7784250226517783	0.8027957761785175	([408, 133], [408, 390, 373])
1	0.7322072446930606	0.8032580614023899	([179, 43], [192, 179, 41])
1	0.7589995008165528	0.8032891616958099	([175, 0], [187, 175, 12])
1	0.8020472703113829	0.8032891616958099	([413, 187], [413, 187, 12])
1	0.798759673755806	0.8036906593568797	([345, 136], [345, 320, 103])
1	0.7641004043351347	0.8037262933456835	([318, 180], [318, 175, 159])
1	0.7661344333876182	0.8038596265011493	([258, 55], [266, 258, 58])
1	0.7778352866258861	0.8040252052029044	([401, 288], [414, 288, 250])
1	0.7582925327663054	0.8040548952326204	([237, 3], [323, 27, 10])
1	0.8008225179664885	0.8041372091365656	([351, 64], [351, 311, 231])
1	0.7640444033068057	0.8042397280345078	([388, 216], [401, 388, 216])
1	0.7791399427043303	0.8043670891850613	([363, 249], [363, 285, 249])
1	0.7951939209617646	0.8045145354742089	([319, 192], [319, 239, 192])
1	0.8024884706709977	0.8046651723326723	([296, 135], [296, 255, 135])
1	0.7896842958359609	0.8047892432237782	([58, 3], [58, 45, 44])
1	0.80283131693555	0.8047989496907941	([410, 90], [410, 217, 144])
1	0.7755785636954349	0.804837836650598	([292, 5], [406, 292, 219])
1	0.7633050562228205	0.8051860101961091	([301, 6], [200, 196, 6])
1	0.802887908927543	0.8052592498521445	([393, 152], [393, 193, 152])
1	0.7898587285678965	0.8053114577581032	([236, 30], [236, 30, 6])
1	0.778027058503924	0.8053114577581032	([223, 6], [236, 223, 6])
1	0.7426999176043473	0.8055245762974903	([386, 217], [410, 398, 376])
1	0.7846966414238257	0.8056128751494597	([340, 150], [340, 292, 142])
1	0.8048343174479665	0.8056890413065904	([367, 159], [367, 325, 159])
1	0.7924909077283684	0.8058917346562182	([293, 68], [293, 103, 46])
1	0.797727120005896	0.8060052498765554	([355, 235], [355, 324, 235])
1	0.7618065909964886	0.8061124985618722	([382, 312], [384, 382, 312])
1	0.8029534187546181	0.8065864823558714	([367, 133], [367, 366, 133])
1	0.8059272543018805	0.8066956409251008	([272, 214], [310, 272, 214])
1	0.8048352259336043	0.8067590858448013	([287, 146], [287, 194, 146])
1	0.7711418300917429	0.8069028095414038	([208, 89], [405, 231, 149])
1	0.7798856062648875	0.8071107154993329	([245, 13], [245, 223, 6])
1	0.7865356090348304	0.8071503214460937	([411, 211], [411, 385, 211])
1	0.7807676947723128	0.8071849937688599	([258, 16], [299, 237, 16])
1	0.7971903459116588	0.8072580233731985	([353, 214], [353, 324, 231])
1	0.7609019843295841	0.8073279499848532	([55, 6], [55, 42, 6])
1	0.7657666759029175	0.8075687755993493	([300, 37], [311, 231, 12])
1	0.799538173477141	0.8075687755993493	([319, 12], [319, 311, 12])
1	0.7869586549941964	0.8078530041396893	([208, 9], [208, 34, 23])
1	0.7618636024517197	0.8078530041396893	([405, 89], [208, 89, 34])
1	0.7773935160574055	0.8079048201095163	([299, 25], [237, 189, 16])
1	0.7910313461794984	0.80810085650271	([314, 46], [314, 308, 158])
1	0.7640358513083857	0.8082196415825175	([344, 172], [344, 330, 158])
1	0.8030587381301153	0.8085020714387294	([383, 80], [383, 376, 80])
1	0.8036422677845159	0.8086967377124918	([401, 179], [401, 215, 178])
1	0.7818041749982437	0.8087155003171488	([170, 52], [170, 141, 84])
1	0.7991557605375357	0.8087874502677036	([394, 315], [410, 394, 315])
1	0.8056479809200586	0.8090966275332133	([358, 242], [358, 351, 251])
1	0.796203136664024	0.8092497692079275	([322, 61], [322, 153, 80])
1	0.7548775332985611	0.8093370785911892	([396, 166], [396, 363, 354])
1	0.7859953785586721	0.8094288405842077	([220, 24], [220, 202, 12])
1	0.7949811501390169	0.8095543137500634	([150, 9], [202, 156, 9])
1	0.7825861069672939	0.8096399462784906	([310, 45], [312, 309, 80])
1	0.8065365824108547	0.8098069898358842	([262, 177], [262, 233, 227])
1	0.784100639116094	0.8098069898358842	([262, 227], [266, 262, 233])
1	0.776439757403654	0.8102075115470287	([314, 234], [340, 314, 292])
1	0.8060360619170442	0.8103229358331826	([352, 145], [352, 181, 152])
1	0.743369604435434	0.8103996972905486	([362, 254], [369, 362, 254])
1	0.5166640701623991	0.8104227260162649	([336, 232], [336, 315, 299])
1	0.7998824406833185	0.8105540239637882	([361, 163], [361, 337, 163])
1	0.8086492186927239	0.8105819126445387	([258, 170], [258, 256, 139])
1	0.797088375412288	0.8105979620342664	([315, 200], [315, 295, 200])
1	0.7879653740687806	0.8106076077836127	([307, 34], [307, 290, 34])
1	0.7970733980295989	0.8108168398040713	([256, 9], [256, 238, 9])
1	0.7928367921921669	0.8111018139364631	([160, 56], [160, 56, 28])
1	0.6527614364279382	0.8111513671657951	([250, 92], [320, 250, 228])
1	0.8109398236541747	0.8111917146367934	([302, 9], [304, 302, 9])
1	0.7664413743339666	0.8112856070319334	([353, 268], [339, 292, 268])
1	0.8113519887164178	0.811773609080975	([192, 2], [215, 197, 2])
1	0.8087296301589393	0.8117843144432291	([296, 99], [296, 249, 99])
1	0.8101160776787187	0.8118705921844251	([243, 86], [243, 235, 86])
1	0.8086056000959584	0.8119273634967715	([209, 81], [243, 209, 81])
1	0.808757127018473	0.8120580577675149	([215, 2], [192, 32, 16])
1	0.8037678509200947	0.8120631661452961	([283, 156], [285, 283, 180])
1	0.509880929514175	0.8121152424954349	([315, 232], [336, 248, 232])
1	0.7699269929796879	0.8124223049827632	([383, 154], [383, 377, 154])
1	0.6695767292076301	0.8125465560823596	([312, 14], [371, 312, 36])
1	0.7726877440300409	0.8126507802131187	([348, 262], [373, 367, 262])
1	0.7883394315650035	0.8126826414077705	([287, 50], [310, 287, 50])
1	0.8027080544012963	0.8129010378158913	([197, 100], [197, 151, 100])
1	0.6611713498977879	0.8131020870179909	([416, 326], [416, 326, 312])
1	0.6552077015312482	0.8132875726488158	([416, 349], [416, 349, 1])
1	0.8087512765838089	0.8133927768465719	([411, 307], [411, 343, 307])
1	0.7672946033472766	0.8137059200235488	([330, 0], [330, 300, 0])
1	0.8036254630098052	0.8140358031176969	([356, 264], [356, 302, 264])
1	0.8132109266456667	0.8141610998538439	([365, 96], [371, 365, 96])
1	0.7753946473064688	0.8142463010652208	([302, 86], [302, 86, 24])
1	0.7932419086442273	0.8145156375872243	([380, 38], [380, 78, 7])
1	0.8022230326915171	0.8148864752576649	([282, 71], [282, 140, 104])
1	0.7675313900269025	0.8151038568421171	([331, 48], [331, 81, 48])
1	0.7348186984185056	0.8151038568421171	([331, 5], [331, 93, 81])
1	0.7606911485181151	0.8151845408211393	([194, 0], [227, 205, 0])
1	0.8057386204049002	0.8152037532828966	([400, 94], [394, 386, 99])
1	0.7855550516194258	0.815379186564596	([399, 13], [411, 399, 14])
1	0.796075897547951	0.815542120151615	([401, 25], [401, 78, 52])
1	0.7888951722077638	0.815633601004718	([389, 276], [389, 296, 276])
1	0.8078361504378151	0.8157994095237681	([268, 171], [330, 268, 171])
1	0.7793609572310579	0.8158262151146293	([384, 3], [410, 384, 3])
1	0.8054036555194753	0.8161055967865154	([355, 48], [355, 140, 133])
1	0.8128630049859651	0.8162602383027283	([360, 206], [360, 254, 206])
1	0.7584642562241329	0.8162602383027283	([360, 258], [360, 258, 254])
1	0.8115903243984939	0.8162611781081073	([212, 70], [212, 78, 70])
1	0.783996632752252	0.8162815509810802	([186, 52], [186, 143, 136])
1	0.8079237258802331	0.8166175180561808	([216, 48], [216, 49, 48])
1	0.8104046532414888	0.8166569517855963	([341, 20], [341, 328, 20])
1	0.6722382173203951	0.816967577284436	([416, 62], [416, 413, 62])
1	0.795690595774236	0.8172027719027026	([364, 263], [367, 364, 263])
1	0.8049885402573747	0.8174953403129812	([336, 264], [336, 288, 281])
1	0.8138521220862337	0.8176840891398228	([316, 47], [316, 95, 88])
1	0.7792415446488402	0.8178746537182795	([219, 35], [226, 219, 35])
1	0.8024319234704888	0.8180839157395344	([166, 25], [180, 166, 1])
1	0.8136027252044936	0.8182236679945296	([234, 14], [234, 194, 143])
1	0.4931570138764253	0.8185533115826208	([273, 232], [315, 273, 254])
1	0.8063481203486313	0.8186676791203947	([383, 33], [399, 383, 33])
1	0.778600645795445	0.8189394041422358	([353, 112], [329, 112, 105])
1	0.80121768612481	0.8191301195908006	([372, 61], [372, 61, 35])
1	0.7755538510005594	0.8192436573745783	([371, 0], [371, 18, 12])
1	0.803057503296216	0.8192436573745783	([371, 242], [371, 242, 12])
1	0.7912536353394944	0.8193057688623719	([354, 65], [354, 276, 268])
1	0.8062370040512253	0.8194759629520755	([271, 29], [271, 140, 29])
1	0.772118573859349	0.8194819091593909	([328, 26], [328, 290, 33])
1	0.8145410023487987	0.8197408995631333	([264, 200], [285, 264, 180])
1	0.7851064036961772	0.8197606373097422	([281, 153], [346, 281, 153])
1	0.8135968849205454	0.8197899804769613	([305, 13], [305, 83, 27])
1	0.7624192183369872	0.8198425840226732	([372, 85], [373, 372, 85])
1	0.783470340549239	0.81984649943428	([386, 110], [386, 110, 100])
1	0.793025534279954	0.819924137225505	([415, 104], [415, 104, 97])
1	0.8170470818132353	0.8211889619958674	([327, 13], [336, 327, 13])
1	0.7625202455412791	0.8212314722023681	([415, 77], [415, 77, 5])
1	0.5953173840988663	0.8221262629787986	([416, 140], [416, 349, 160])
1	0.7792371812796174	0.8221378586103311	([166, 71], [170, 166, 71])
1	0.8160294992663033	0.8222251950764817	([381, 82], [381, 374, 82])
1	0.7776074406408446	0.8222992579039665	([182, 13], [194, 182, 142])
1	0.8198664809113899	0.8223515840323009	([359, 170], [368, 359, 170])
1	0.8036855745392896	0.822846143637482	([371, 107], [371, 107, 34])
1	0.8078084119927285	0.8237881922510144	([324, 2], [330, 324, 2])
1	0.8224628433515082	0.8239605967127435	([367, 42], [378, 367, 229])
1	0.7834966839559735	0.8247164293282754	([325, 137], [325, 320, 137])
1	0.7338647842049449	0.8267274888810066	([289, 0], [324, 79, 26])
1	0.8059078895623438	0.826865952906208	([267, 86], [299, 267, 86])
1	0.8230271715563967	0.8270883698222579	([333, 47], [333, 321, 167])
1	0.7734391857070279	0.8275112899571214	([392, 26], [405, 26, 20])
1	0.8078339026610931	0.8278874316772893	([267, 12], [285, 267, 129])
1	0.8144289253640531	0.829363451184811	([368, 68], [368, 322, 305])
1	0.827922454714841	0.8302404038553213	([191, 138], [198, 191, 138])
1	0.7931076119059292	0.8302610286213067	([354, 212], [393, 354, 221])
1	0.7891201430116553	0.8307938514994706	([310, 108], [310, 272, 262])
1	0.8146951118111239	0.8308820709636898	([381, 261], [381, 261, 254])
1	0.8069518606075109	0.8311935835715211	([346, 11], [371, 346, 11])
1	0.8009872164761237	0.8313603380467528	([269, 154], [269, 263, 154])
1	0.8268890389982267	0.8322952512052473	([196, 134], [196, 164, 134])
1	0.8329401378581255	0.8331960043508393	([220, 53], [220, 53, 24])
1	0.8266105794560168	0.8334166231315733	([343, 70], [343, 275, 70])
1	0.7980106904225208	0.8336573222375374	([276, 189], [276, 216, 189])
1	0.5107710861762	0.8344829449192463	([379, 232], [379, 234, 232])
1	0.8242754639888471	0.8350570146834734	([328, 183], [328, 183, 139])
1	0.8133361569282801	0.8389811034315656	([268, 157], [268, 185, 169])
1	0.5268661002537299	0.8400115798590251	([132, 56], [132, 106, 56])
1	0.8328901756289993	0.8423975187166901	([350, 178], [350, 339, 178])
1	0.49483650256542083	0.844232251417811	([132, 16], [132, 56, 16])
1	0.825700071941626	0.8455517785571218	([387, 264], [402, 264, 179])
1	0.8445690424936981	0.8461942615793311	([364, 134], [364, 260, 165])
1	0.8343395154948369	0.8462274479272794	([356, 62], [356, 62, 0])
1	0.5022669620235429	0.8555744915132851	([273, 114], [273, 114, 54])
1	0.8567695025761994	0.8612478011559211	([358, 199], [358, 301, 199])
1	0.4938950455641441	0.8714466042864999	([234, 232], [350, 301, 199])
1	0.4879846859263572	0.8773146080003432	([232, 177], [242, 234, 232])
1	0.6642119564267557	0.8822067263274584	([416, 266], [416, 266, 140])
1	0.5971541137590135	0.8968373235913013	([203, 129], [203, 152, 129])
0	0.0	0.9731755377056178	([110], [115, 113])
0	0.0	0.9749461893190058	([111], [111, 110])
0	0.0	0.9808115401490932	([119], [176, 132])
0	0.0	0.9811617428564408	([113], [292, 291])
0	0.0	0.9815311524368611	([87], [87, 86])
0	0.0	0.98181850274986	([127], [294, 293])
0	0.0	0.9830086845751171	([17], [17, 16])
0	0.0	0.9831384418106618	([117], [260, 259])
0	0.0	0.9843753933190958	([120], [240, 232])
1	0.985948051445968	0.9868174071967337	([240, 239], [241, 240, 239])
1	0.97573887643387	0.9983411958578546	([132, 113], [132, 113, 106])
1	0.9822101230930363	0.9994906517001361	([177, 176], [176, 160, 57])
0	0.0	1.0	([118], [118, 0])
0	0.0	1.0	([121], [121, 0])
0	0.0	1.0	([123], [123, 0])
0	0.0	1.0	([126], [126, 0])
0	0.0	1.0	([131], [131, 0])
0	0.0	inf	([130], [])
