0	0.0	0.24025414649632124	([93], [93, 92])
0	0.0	0.24332562808060976	([471], [471, 470])
0	0.0	0.24695212550475645	([401], [401, 400])
0	0.0	0.24794584645186857	([476], [476, 475])
0	0.0	0.2479869073417296	([280], [280, 279])
0	0.0	0.24842374676754264	([460], [460, 459])
0	0.0	0.24870207104850447	([48], [48, 47])
0	0.0	0.249762389660306	([143], [143, 142])
0	0.0	0.2497920550824635	([134], [134, 133])
0	0.0	0.25100558119151695	([464], [464, 463])
0	0.0	0.2514961554664132	([452], [452, 451])
0	0.0	0.25205508414918015	([474], [474, 473])
0	0.0	0.2525057643890467	([368], [368, 367])
0	0.0	0.25305413159039714	([60], [60, 59])
0	0.0	0.2531919789997711	([444], [444, 443])
0	0.0	0.2543351129401125	([458], [458, 457])
0	0.0	0.2546287165227376	([480], [480, 479])
0	0.0	0.2551156486767219	([396], [396, 395])
0	0.0	0.25518554285162326	([43], [43, 42])
0	0.0	0.255386676545279	([310], [310, 309])
0	0.0	0.255469954768962	([409], [409, 408])
0	0.0	0.25565768449659243	([168], [168, 167])
0	0.0	0.25571375394357887	([162], [162, 161])
0	0.0	0.25620084648354513	([311], [311, 310])
0	0.0	0.2562135419779426	([300], [300, 299])
0	0.0	0.2563611493253622	([166], [166, 165])
0	0.0	0.2567359439662393	([384], [384, 383])
0	0.0	0.2572779074143197	([428], [428, 427])
0	0.0	0.25772883830811316	([403], [403, 402])
0	0.0	0.25871883816857955	([133], [133, 132])
0	0.0	0.2593653797645075	([146], [146, 145])
0	0.0	0.2593958521753258	([175], [175, 174])
0	0.0	0.25943670384711176	([46], [46, 45])
0	0.0	0.25950301332726755	([294], [294, 293])
0	0.0	0.26004096269978055	([224], [224, 223])
0	0.0	0.26007201061365104	([304], [304, 303])
0	0.0	0.26038645500586666	([99], [99, 98])
0	0.0	0.2605809462929024	([242], [242, 241])
0	0.0	0.2610730432250109	([64], [64, 63])
0	0.0	0.2612914534647638	([125], [125, 124])
0	0.0	0.2613687607574359	([441], [441, 440])
0	0.0	0.26138322695177457	([479], [479, 478])
0	0.0	0.26140409017198324	([442], [442, 441])
0	0.0	0.26177622347113216	([449], [449, 448])
0	0.0	0.262171036341601	([261], [261, 260])
0	0.0	0.2624164305647633	([285], [285, 284])
0	0.0	0.26279634723821105	([161], [161, 160])
0	0.0	0.26289784534592503	([414], [414, 413])
0	0.0	0.2631246472099182	([466], [466, 465])
0	0.0	0.26321395587094787	([450], [450, 449])
0	0.0	0.26349121925381813	([465], [465, 464])
0	0.0	0.264342872341928	([56], [56, 55])
0	0.0	0.26460871506229094	([412], [412, 411])
0	0.0	0.26508162919624895	([411], [411, 410])
0	0.0	0.26549159872880396	([425], [425, 424])
0	0.0	0.2656416329216702	([477], [477, 476])
0	0.0	0.2657649094902635	([55], [55, 54])
0	0.0	0.265943798238275	([131], [131, 130])
0	0.0	0.2661309613495867	([44], [44, 43])
0	0.0	0.26618655203256963	([268], [268, 267])
0	0.0	0.26630294850368724	([264], [264, 263])
0	0.0	0.2664998489469371	([23], [23, 22])
0	0.0	0.2665118788666313	([74], [74, 73])
0	0.0	0.26718273501284023	([28], [28, 27])
0	0.0	0.2678396349392281	([113], [113, 112])
0	0.0	0.2678902303666528	([291], [291, 290])
0	0.0	0.2678983216747915	([457], [457, 456])
0	0.0	0.2679162932169919	([157], [157, 156])
0	0.0	0.2679851606008771	([53], [53, 52])
0	0.0	0.2680470715710943	([309], [309, 308])
0	0.0	0.26809723686592607	([87], [87, 86])
0	0.0	0.2683999587548302	([421], [421, 420])
0	0.0	0.2685037313604575	([417], [417, 416])
0	0.0	0.2685171447907841	([297], [297, 296])
0	0.0	0.2685616681378291	([363], [363, 362])
0	0.0	0.26872485731787027	([448], [448, 447])
0	0.0	0.2689687284009352	([342], [342, 341])
0	0.0	0.2690030560274962	([100], [100, 99])
0	0.0	0.2691280451540316	([378], [378, 377])
0	0.0	0.2691533890900481	([140], [140, 139])
0	0.0	0.26917733880925376	([407], [407, 406])
0	0.0	0.2692993507215945	([22], [22, 21])
0	0.0	0.26943658690085487	([136], [136, 135])
0	0.0	0.26950169499005444	([379], [379, 378])
0	0.0	0.2699468535823333	([336], [336, 335])
0	0.0	0.2700022472990981	([388], [388, 387])
0	0.0	0.2704019943651893	([391], [391, 390])
0	0.0	0.2705515979693798	([68], [68, 67])
0	0.0	0.270860169445285	([290], [290, 289])
0	0.0	0.2710712731329211	([31], [31, 30])
0	0.0	0.2714552576209228	([20], [20, 19])
0	0.0	0.2714968193509265	([454], [454, 453])
0	0.0	0.2716710347209195	([84], [84, 83])
0	0.0	0.27173026156095853	([102], [102, 101])
0	0.0	0.27173688768059434	([314], [314, 313])
0	0.0	0.27227201655896327	([370], [370, 369])
0	0.0	0.27239469632667307	([29], [29, 28])
0	0.0	0.2728319105882558	([91], [91, 90])
0	0.0	0.27297410573033765	([221], [221, 220])
0	0.0	0.2730939692917939	([366], [366, 365])
0	0.0	0.27325666481664196	([397], [397, 396])
0	0.0	0.2734085138483861	([17], [17, 16])
0	0.0	0.27345948836094675	([128], [128, 127])
0	0.0	0.27350498574188153	([203], [203, 202])
0	0.0	0.2735311776718173	([147], [147, 146])
0	0.0	0.27399446628909657	([120], [120, 119])
0	0.0	0.2742025541946881	([174], [174, 173])
0	0.0	0.27429409063406707	([439], [439, 438])
0	0.0	0.2743508921512287	([228], [228, 227])
0	0.0	0.2743984205795615	([289], [289, 288])
0	0.0	0.27443567759683674	([475], [475, 474])
0	0.0	0.27456853620290733	([107], [107, 106])
0	0.0	0.2746396240793142	([42], [42, 41])
0	0.0	0.27466042238535554	([287], [287, 286])
0	0.0	0.2746681339806296	([389], [389, 388])
0	0.0	0.2747444809148205	([248], [248, 247])
0	0.0	0.27485577174528697	([112], [112, 111])
0	0.0	0.27489774004133366	([427], [427, 426])
0	0.0	0.2749255306785967	([208], [208, 207])
0	0.0	0.2751141783173837	([210], [210, 209])
0	0.0	0.27511772252789174	([124], [124, 123])
0	0.0	0.2755547239786348	([282], [282, 281])
0	0.0	0.27611558415013965	([276], [276, 275])
0	0.0	0.2763244596455217	([155], [155, 154])
0	0.0	0.27649026324367126	([104], [104, 103])
0	0.0	0.2765556968722605	([81], [81, 80])
0	0.0	0.2768050549182495	([163], [163, 162])
0	0.0	0.2769085722058381	([110], [110, 109])
0	0.0	0.27732152122363246	([178], [178, 177])
0	0.0	0.2774532811894261	([462], [462, 461])
0	0.0	0.2777113834976388	([62], [62, 61])
0	0.0	0.27781816857187563	([277], [277, 276])
0	0.0	0.2779119557269083	([306], [306, 305])
0	0.0	0.27806446600514284	([241], [241, 240])
0	0.0	0.27815355200079855	([65], [65, 64])
0	0.0	0.2781606995437387	([202], [202, 201])
0	0.0	0.27841267434618294	([148], [148, 147])
0	0.0	0.27845241497135687	([119], [119, 118])
0	0.0	0.27848053913777104	([338], [338, 337])
0	0.0	0.27851332770657383	([481], [481, 479])
0	0.0	0.27893213166796543	([152], [152, 151])
0	0.0	0.2789679767324511	([374], [374, 373])
0	0.0	0.2789971751733456	([40], [40, 39])
0	0.0	0.2790871700405371	([377], [377, 376])
0	0.0	0.2790933941358856	([337], [337, 336])
0	0.0	0.2791927112611011	([77], [77, 76])
0	0.0	0.2793163322506846	([318], [318, 317])
0	0.0	0.27956137673043013	([432], [432, 431])
0	0.0	0.2797277956265059	([52], [52, 51])
0	0.0	0.27974322055073736	([180], [180, 179])
0	0.0	0.2799629169167237	([283], [283, 282])
0	0.0	0.28003047943686155	([236], [236, 235])
0	0.0	0.2801269427490219	([195], [195, 194])
0	0.0	0.2801478246838259	([430], [430, 429])
0	0.0	0.28023085464620356	([97], [97, 96])
0	0.0	0.28041590998222604	([313], [313, 312])
0	0.0	0.280786926170303	([447], [447, 446])
0	0.0	0.2808452335739887	([170], [170, 169])
0	0.0	0.28087355905069145	([72], [72, 71])
0	0.0	0.2809925727363202	([431], [431, 430])
0	0.0	0.2810954733199929	([71], [71, 70])
0	0.0	0.28121803740901846	([182], [182, 181])
0	0.0	0.281226886760017	([269], [269, 268])
0	0.0	0.2817068925926898	([67], [67, 66])
0	0.0	0.28196179706560137	([328], [328, 327])
0	0.0	0.282297804492077	([51], [51, 50])
0	0.0	0.2823373322212898	([227], [227, 226])
0	0.0	0.28253391844019926	([111], [111, 110])
0	0.0	0.2825488382256021	([262], [262, 261])
0	0.0	0.2826115803528313	([130], [130, 129])
0	0.0	0.28263472319065747	([214], [214, 213])
0	0.0	0.28276840973537964	([19], [19, 18])
0	0.0	0.2829244798804934	([385], [385, 384])
0	0.0	0.2831056181698844	([127], [127, 126])
0	0.0	0.2832365084353648	([296], [296, 295])
0	0.0	0.2835515092968473	([215], [215, 214])
0	0.0	0.28390436567834937	([141], [141, 140])
0	0.0	0.2842595109053992	([253], [253, 252])
0	0.0	0.2842919451232328	([438], [438, 437])
0	0.0	0.2843193015416874	([204], [204, 203])
0	0.0	0.2844068398853041	([61], [61, 60])
0	0.0	0.2846068041036676	([435], [435, 434])
0	0.0	0.28471952226749286	([470], [470, 469])
0	0.0	0.2848554531204215	([317], [317, 316])
0	0.0	0.2851016137189112	([26], [26, 25])
0	0.0	0.28511755044595766	([218], [218, 217])
0	0.0	0.2851181236837286	([422], [422, 420])
0	0.0	0.28525714234071037	([256], [256, 255])
0	0.0	0.2856241702875639	([132], [132, 131])
0	0.0	0.28576051910670647	([197], [197, 196])
0	0.0	0.28585917777373926	([281], [281, 280])
0	0.0	0.2861611920367784	([151], [151, 150])
0	0.0	0.28634595579917405	([101], [101, 100])
0	0.0	0.28642402069269585	([250], [250, 249])
0	0.0	0.2865347960687778	([85], [85, 84])
0	0.0	0.2866407252342044	([345], [345, 344])
0	0.0	0.28672423193809726	([30], [30, 29])
0	0.0	0.2867957401631549	([211], [211, 210])
0	0.0	0.286824739223578	([245], [245, 244])
0	0.0	0.28693082405534875	([434], [434, 433])
0	0.0	0.28700324612279254	([75], [75, 74])
0	0.0	0.28706246565547194	([400], [400, 399])
0	0.0	0.28721333390423215	([58], [58, 57])
0	0.0	0.28730600049432825	([70], [70, 69])
0	0.0	0.2873218730354454	([139], [139, 138])
0	0.0	0.2873684914046911	([96], [96, 95])
0	0.0	0.2874653869199402	([244], [244, 243])
0	0.0	0.28755640582490916	([398], [398, 397])
0	0.0	0.2876071317931292	([159], [159, 158])
0	0.0	0.2877281077639278	([6], [6, 5])
0	0.0	0.2879206596841807	([122], [122, 121])
0	0.0	0.28801252044803477	([145], [148, 144])
0	0.0	0.28815281377373836	([260], [260, 259])
0	0.0	0.28818340390624786	([472], [472, 471])
0	0.0	0.28889615924658946	([83], [83, 82])
0	0.0	0.28897780685599816	([445], [445, 444])
0	0.0	0.2893969945742567	([394], [394, 390])
0	0.0	0.28943324026927336	([223], [223, 222])
0	0.0	0.2895168282910554	([275], [275, 274])
0	0.0	0.2895569961412499	([219], [219, 218])
0	0.0	0.28959079955677647	([126], [126, 125])
0	0.0	0.28960521601952616	([217], [217, 216])
0	0.0	0.2897909171652546	([49], [49, 48])
0	0.0	0.2898136153413399	([265], [265, 264])
0	0.0	0.2899806777598232	([292], [292, 291])
0	0.0	0.2899911542398051	([351], [351, 350])
0	0.0	0.29008037185624974	([115], [115, 114])
0	0.0	0.2903844914816714	([185], [185, 184])
0	0.0	0.2904116408673062	([387], [387, 386])
0	0.0	0.2905354294786906	([138], [138, 137])
0	0.0	0.2905583696381148	([82], [82, 81])
0	0.0	0.29059879988449316	([308], [308, 307])
0	0.0	0.2906020278835407	([39], [39, 38])
0	0.0	0.29063741818384675	([45], [46, 44])
0	0.0	0.290700750521624	([354], [354, 353])
0	0.0	0.29073241403418226	([406], [406, 405])
0	0.0	0.2907814330561192	([453], [453, 452])
0	0.0	0.2908244421801747	([380], [380, 379])
0	0.0	0.2908534206371164	([478], [478, 477])
0	0.0	0.2910880304989664	([463], [463, 462])
0	0.0	0.29132675986170786	([109], [109, 108])
0	0.0	0.29162225353389676	([237], [237, 236])
0	0.0	0.2917675336408138	([415], [415, 414])
0	0.0	0.2918148548572364	([343], [343, 342])
0	0.0	0.2920213136102208	([293], [294, 292])
0	0.0	0.2923856069973341	([326], [326, 325])
0	0.0	0.29265421804786906	([25], [25, 24])
0	0.0	0.2927579960266908	([230], [230, 229])
0	0.0	0.2929345587299905	([191], [191, 190])
0	0.0	0.29304363978539355	([76], [76, 75])
0	0.0	0.29355774336274826	([156], [156, 155])
0	0.0	0.2937925788824302	([59], [59, 58])
0	0.0	0.29386342013849504	([437], [437, 436])
0	0.0	0.2939937271439822	([116], [116, 115])
0	0.0	0.2941546624919999	([278], [278, 277])
0	0.0	0.29424143600538655	([184], [184, 183])
0	0.0	0.2942935651233203	([63], [63, 62])
0	0.0	0.2946391707404175	([206], [206, 205])
0	0.0	0.2946953913946137	([177], [177, 176])
0	0.0	0.29481415647361087	([226], [226, 225])
0	0.0	0.29488544126507393	([199], [199, 198])
0	0.0	0.29500773383062295	([167], [167, 166])
0	0.0	0.29518783796940895	([329], [329, 328])
0	0.0	0.29535587325883966	([332], [332, 331])
0	0.0	0.29545142063981217	([267], [267, 266])
0	0.0	0.29588259387532484	([216], [216, 215])
0	0.0	0.29588948984993524	([21], [21, 20])
0	0.0	0.2968601590139766	([106], [106, 105])
0	0.0	0.2969196212244279	([249], [249, 248])
0	0.0	0.297011539289702	([80], [80, 79])
0	0.0	0.29707236316189956	([383], [383, 382])
0	0.0	0.29708820732589086	([183], [183, 182])
1	0.29274254626303176	0.2971429715442605	([113, 110], [113, 112, 111])
0	0.0	0.2971703295561932	([284], [284, 283])
0	0.0	0.2971733396965886	([103], [103, 102])
0	0.0	0.29772958667287863	([333], [333, 332])
0	0.0	0.2977549554581688	([331], [331, 330])
0	0.0	0.2983799885552362	([188], [188, 187])
0	0.0	0.2984356159842959	([327], [327, 326])
0	0.0	0.29848994545980495	([410], [410, 409])
0	0.0	0.29859446545101465	([94], [94, 93])
0	0.0	0.29884549876707867	([194], [194, 193])
0	0.0	0.2989259208640262	([440], [440, 439])
0	0.0	0.29898479748833645	([372], [372, 371])
0	0.0	0.2990608566574931	([239], [239, 238])
0	0.0	0.299083978778861	([240], [240, 239])
0	0.0	0.29943871135996014	([420], [420, 419])
0	0.0	0.29974270341304843	([259], [259, 258])
0	0.0	0.29987460703578644	([325], [325, 324])
0	0.0	0.29990400525371574	([298], [298, 297])
0	0.0	0.30051969918725635	([352], [352, 351])
0	0.0	0.3007323649313589	([193], [193, 192])
0	0.0	0.300983012416278	([137], [137, 136])
0	0.0	0.30115290370448394	([201], [201, 200])
0	0.0	0.30139154304846033	([189], [189, 188])
0	0.0	0.3014964537970364	([118], [118, 117])
0	0.0	0.3015847345826553	([416], [416, 415])
0	0.0	0.30168058785079416	([235], [235, 234])
0	0.0	0.3017255060649116	([347], [347, 346])
0	0.0	0.3020496199955958	([165], [165, 164])
0	0.0	0.302120390586652	([231], [231, 230])
0	0.0	0.3022072976661234	([353], [353, 352])
0	0.0	0.30275151061187916	([172], [172, 171])
0	0.0	0.3028434313866947	([192], [192, 191])
0	0.0	0.303044113503272	([323], [323, 322])
0	0.0	0.30305665444154767	([319], [319, 318])
0	0.0	0.3031064869306772	([359], [359, 358])
0	0.0	0.30310692988914184	([73], [73, 72])
0	0.0	0.3031721898484113	([153], [153, 152])
0	0.0	0.30320372190796696	([200], [200, 199])
0	0.0	0.3035623913594007	([196], [196, 195])
0	0.0	0.3036667101151473	([13], [13, 12])
0	0.0	0.3037994237201105	([270], [270, 269])
0	0.0	0.3042230123572275	([321], [321, 320])
0	0.0	0.3042908373680453	([346], [346, 345])
0	0.0	0.30464712454215725	([341], [341, 340])
0	0.0	0.3046908337780107	([402], [402, 401])
0	0.0	0.30473726607824286	([456], [456, 455])
0	0.0	0.30502602675396995	([360], [360, 359])
0	0.0	0.30514458905807307	([209], [209, 208])
0	0.0	0.30522410958435026	([50], [50, 49])
0	0.0	0.30553476741478885	([335], [335, 334])
0	0.0	0.30569437831042545	([468], [468, 467])
0	0.0	0.30587241010215255	([252], [252, 251])
0	0.0	0.30627102554079605	([340], [340, 339])
0	0.0	0.3068068211432491	([375], [375, 374])
0	0.0	0.30735896104187616	([358], [358, 357])
0	0.0	0.3076659644100019	([301], [301, 300])
0	0.0	0.3077131921277162	([190], [190, 189])
0	0.0	0.30825697016345405	([27], [27, 26])
0	0.0	0.3087056575581526	([213], [213, 212])
0	0.0	0.30874300979537456	([390], [394, 393])
0	0.0	0.3089368425425811	([251], [251, 250])
0	0.0	0.30907848186330483	([123], [123, 122])
0	0.0	0.30915508247152024	([355], [355, 354])
0	0.0	0.30963169350121833	([299], [299, 298])
0	0.0	0.30967054924373294	([405], [405, 404])
0	0.0	0.3101334747465216	([320], [320, 319])
0	0.0	0.310396420130378	([164], [164, 160])
0	0.0	0.31083809286705966	([433], [433, 432])
0	0.0	0.3108460383711703	([36], [36, 35])
0	0.0	0.31091129465947853	([305], [305, 304])
0	0.0	0.31099955636898613	([322], [322, 321])
0	0.0	0.31100940213352923	([364], [364, 363])
0	0.0	0.311244511485224	([57], [57, 56])
0	0.0	0.3113520472424419	([473], [473, 472])
0	0.0	0.3120684889301732	([254], [254, 253])
0	0.0	0.31209346704149277	([330], [330, 329])
0	0.0	0.31230734421283657	([469], [472, 467])
0	0.0	0.3130900964291134	([467], [467, 466])
0	0.0	0.3132018011433677	([187], [187, 186])
0	0.0	0.3134500126241604	([373], [373, 372])
0	0.0	0.3135054248329103	([348], [348, 347])
1	0.30284670973134503	0.3142790135897212	([311, 308], [311, 310, 309])
0	0.0	0.31502536304397943	([14], [14, 13])
0	0.0	0.31521234349517885	([243], [243, 242])
0	0.0	0.3154593403964467	([461], [461, 460])
0	0.0	0.31568839730560627	([371], [371, 370])
0	0.0	0.31578200212428303	([171], [171, 170])
0	0.0	0.31592903062892536	([66], [66, 65])
0	0.0	0.3160665716410937	([316], [316, 315])
0	0.0	0.31628156661030604	([90], [90, 89])
0	0.0	0.31638459491083315	([324], [324, 323])
0	0.0	0.31699976176751493	([255], [255, 254])
0	0.0	0.3173673050001582	([47], [49, 46])
0	0.0	0.31778063891204406	([225], [225, 224])
0	0.0	0.31787055990519525	([92], [92, 91])
0	0.0	0.3182033148755023	([149], [149, 148])
0	0.0	0.3185035231953281	([16], [16, 15])
0	0.0	0.31947509289631454	([158], [158, 157])
0	0.0	0.3196182800160558	([423], [423, 422])
0	0.0	0.3197563145356358	([369], [369, 368])
0	0.0	0.31978609238885797	([365], [365, 364])
0	0.0	0.3198090056110923	([33], [33, 32])
0	0.0	0.32002830164433693	([436], [436, 435])
0	0.0	0.32031533685616126	([258], [259, 257])
0	0.0	0.32064241902073204	([207], [207, 206])
0	0.0	0.32064480446317245	([349], [349, 348])
0	0.0	0.32081696908866086	([426], [426, 425])
0	0.0	0.32092148394174724	([272], [272, 271])
0	0.0	0.3212660351025587	([350], [350, 349])
0	0.0	0.32134013360155267	([121], [121, 120])
1	0.3158811795464827	0.32150046699209367	([450, 446], [450, 449, 446])
0	0.0	0.32207040963486233	([393], [390, 389])
0	0.0	0.322783507923526	([108], [108, 105])
0	0.0	0.32283248333636005	([160], [160, 159])
0	0.0	0.32302390710226536	([376], [376, 375])
0	0.0	0.3230424163522211	([303], [304, 301])
0	0.0	0.32315211260178567	([266], [266, 265])
0	0.0	0.3234453820787232	([395], [395, 394])
0	0.0	0.32353910719039003	([150], [150, 149])
1	0.30999843592526355	0.3241948849133956	([454, 451], [454, 453, 451])
0	0.0	0.32460696629181074	([459], [459, 458])
0	0.0	0.3247517736433328	([288], [288, 287])
0	0.0	0.32500229011536913	([455], [455, 454])
0	0.0	0.3259403018652324	([424], [424, 423])
0	0.0	0.32635589386195263	([257], [257, 256])
0	0.0	0.32690772803988777	([205], [205, 204])
0	0.0	0.32739644142958974	([142], [142, 141])
0	0.0	0.32744689630567625	([413], [413, 412])
1	0.3073959792719501	0.32832249601742336	([145, 144], [147, 146, 144])
0	0.0	0.32837674044419324	([404], [404, 403])
1	0.31937936944844314	0.32882271634886945	([470, 467], [472, 471, 470])
0	0.0	0.32909137134501415	([344], [344, 343])
0	0.0	0.32945512454970705	([181], [181, 180])
0	0.0	0.32955995632874435	([367], [368, 366])
0	0.0	0.3297046931664713	([179], [179, 178])
0	0.0	0.3297681331609511	([443], [443, 442])
0	0.0	0.33006522310602676	([386], [386, 385])
0	0.0	0.33034762764908254	([234], [234, 232])
0	0.0	0.33046521326203127	([86], [86, 85])
0	0.0	0.33184337107457246	([15], [15, 14])
0	0.0	0.3318626974272056	([32], [32, 31])
1	0.3285532609908754	0.33201790936490455	([469, 468], [470, 469, 467])
0	0.0	0.33237025740880094	([271], [271, 270])
0	0.0	0.33316072494498566	([381], [381, 380])
0	0.0	0.3333393723795036	([117], [118, 116])
1	0.31903823406213594	0.33516322381011293	([269, 266], [269, 268, 267])
0	0.0	0.3352195432057035	([88], [88, 87])
0	0.0	0.33551915894156786	([286], [286, 285])
0	0.0	0.33574726488508905	([186], [186, 185])
0	0.0	0.3360902761689971	([54], [54, 53])
0	0.0	0.3361650414695943	([302], [302, 301])
0	0.0	0.3362851217393697	([273], [273, 272])
0	0.0	0.3366735130974152	([312], [312, 311])
0	0.0	0.33691375008398006	([356], [356, 355])
0	0.0	0.33700811552247156	([232], [232, 231])
0	0.0	0.3371202660954021	([357], [357, 356])
0	0.0	0.3373578055427481	([114], [114, 113])
0	0.0	0.337735439242264	([222], [222, 221])
0	0.0	0.3381370273597544	([392], [392, 391])
1	0.31643872977940374	0.3381577058410395	([164, 163], [164, 163, 161])
0	0.0	0.33829974429535387	([169], [169, 168])
0	0.0	0.3383278586992724	([279], [279, 278])
0	0.0	0.33837040467827234	([246], [246, 245])
0	0.0	0.33910075952330826	([95], [95, 94])
0	0.0	0.3401567185527732	([98], [98, 95])
0	0.0	0.34023815416253206	([9], [9, 8])
0	0.0	0.3412032781964941	([129], [129, 128])
0	0.0	0.3422213753186604	([78], [78, 77])
0	0.0	0.3426569302048201	([154], [154, 153])
0	0.0	0.3429215697127026	([399], [399, 398])
0	0.0	0.34353261962614	([41], [41, 40])
0	0.0	0.34377211685495723	([135], [135, 134])
0	0.0	0.34536164902110505	([418], [418, 417])
0	0.0	0.3455845354090182	([34], [34, 33])
0	0.0	0.3459862797377185	([69], [69, 68])
0	0.0	0.34718713529769835	([18], [18, 17])
0	0.0	0.3474992691565545	([429], [429, 428])
0	0.0	0.34772395894337116	([451], [451, 450])
0	0.0	0.3479079457817259	([229], [234, 233])
0	0.0	0.34794711921068894	([408], [408, 407])
0	0.0	0.3481121643169295	([220], [220, 219])
0	0.0	0.3497560077472551	([10], [10, 9])
0	0.0	0.35093488996765615	([362], [362, 361])
0	0.0	0.3516946160369843	([79], [79, 78])
0	0.0	0.3517809477756873	([307], [307, 306])
0	0.0	0.3519035153295653	([382], [382, 381])
0	0.0	0.3519451062912895	([1], [1, 0])
0	0.0	0.3521298232965162	([37], [37, 36])
0	0.0	0.35247118887639006	([5], [6, 4])
0	0.0	0.3526783147077739	([89], [89, 88])
0	0.0	0.35408402653986	([339], [339, 334])
0	0.0	0.3544133479826785	([315], [315, 314])
1	0.34745866427336575	0.3554225136421	([398, 395], [398, 397, 396])
0	0.0	0.3560573304002889	([38], [38, 37])
0	0.0	0.3561936658327541	([247], [247, 246])
1	0.3520436310423688	0.3568090200886514	([381, 376], [381, 380, 376])
0	0.0	0.35736992921031485	([173], [173, 172])
0	0.0	0.3574903353252376	([361], [361, 360])
0	0.0	0.3586959421940085	([12], [12, 10])
0	0.0	0.35879958284129687	([8], [12, 11])
1	0.34822281593842047	0.36027297773990385	([294, 288], [294, 292, 288])
0	0.0	0.36056374507549666	([105], [105, 104])
0	0.0	0.36133309186591644	([7], [7, 6])
0	0.0	0.362188640451754	([419], [419, 418])
0	0.0	0.3633184320879374	([24], [24, 23])
1	0.34486293800246154	0.3644470205065523	([338, 334], [338, 337, 334])
0	0.0	0.3647720705234683	([11], [8, 7])
1	0.3547202096466249	0.3661416312537589	([85, 79], [85, 82, 80])
1	0.3455987437802742	0.3662631542745596	([403, 399], [403, 401, 400])
0	0.0	0.3664857118596418	([238], [238, 237])
0	0.0	0.36831523379143644	([295], [295, 294])
0	0.0	0.3684642458213545	([334], [334, 333])
1	0.3660365398624268	0.37216032851360165	([243, 239], [243, 242, 239])
0	0.0	0.3731612216251006	([274], [274, 273])
1	0.36301623436168545	0.3743981422924542	([204, 199], [204, 203, 202])
0	0.0	0.37524884428285216	([3], [3, 2])
1	0.3682086721947781	0.37552772971834975	([286, 282], [286, 285, 284])
1	0.33334660646905034	0.37828292287378534	([113, 108], [113, 110, 109])
1	0.3701890581125508	0.3786247326197203	([363, 360], [363, 362, 361])
0	0.0	0.3798194799502586	([144], [144, 143])
0	0.0	0.380901191166286	([233], [229, 228])
0	0.0	0.38261420617243214	([35], [35, 33])
0	0.0	0.3846876867534213	([263], [263, 262])
0	0.0	0.38521927991083915	([212], [212, 211])
0	0.0	0.39163931725440737	([4], [5, 3])
1	0.382454469747226	0.39227454968836567	([251, 247], [251, 249, 248])
1	0.39120984398618985	0.3954281673719122	([282, 278], [282, 281, 280])
0	0.0	0.39594867116930044	([176], [176, 175])
1	0.39232031049608124	0.39720459735600805	([328, 325], [328, 327, 326])
0	0.0	0.40447615185548275	([446], [446, 445])
0	0.0	0.4089597019691845	([198], [198, 197])
1	0.42783218016301006	0.44922082828689097	([358, 348], [358, 355, 354])
1	0.47101619615897383	0.47818384186352114	([445, 429], [445, 438, 432])
1	0.4862128336428509	0.4876346565418079	([230, 220], [230, 225, 221])
1	0.5240578307115056	0.5377413246706586	([11, 2], [11, 9, 2])
0	0.0	0.5795757630333269	([2], [6, 1])
1	0.5820727197768751	0.5825121200784532	([296, 285], [296, 288, 287])
1	0.5710203714908072	0.5898603344088748	([412, 397], [412, 406, 397])
1	0.5907624916025481	0.5959392595986174	([219, 200], [219, 212, 200])
1	0.5977277908083928	0.600520211641945	([128, 113], [128, 117, 113])
1	0.5770154071272952	0.6043854555096496	([481, 465], [481, 475, 465])
1	0.6031387094082913	0.6051976828879048	([207, 182], [207, 198, 182])
1	0.5955763142548003	0.6089988987354205	([73, 59], [73, 68, 65])
1	0.6069614771500084	0.6143456664575183	([211, 175], [211, 197, 176])
1	0.6126251648982918	0.6342368564313074	([32, 6], [32, 10, 6])
1	0.6396346369644342	0.6425448071199422	([373, 345], [373, 367, 365])
1	0.6068534934854224	0.6440793310232482	([210, 174], [210, 206, 174])
1	0.6454613275469488	0.6457323772149014	([162, 135], [162, 157, 135])
1	0.6285187963435882	0.6473510184787794	([461, 440], [461, 457, 440])
1	0.6302847328524381	0.647530684344246	([462, 441], [462, 457, 441])
1	0.6219546265946779	0.6479768709129383	([48, 13], [48, 38, 22])
1	0.5661146053386664	0.6506870733470835	([34, 2], [34, 17, 9])
1	0.642600023524956	0.6508307016176393	([443, 405], [443, 427, 405])
1	0.647252675781153	0.653395202511672	([58, 28], [58, 38, 36])
1	0.6523193767197311	0.6567369222308272	([457, 412], [457, 440, 412])
1	0.6571281637301566	0.65805225022366	([119, 92], [119, 108, 92])
1	0.6599423106506175	0.6617963375987954	([147, 117], [147, 140, 121])
1	0.6616747519363197	0.664377751778299	([44, 23], [44, 33, 23])
1	0.6602770375655785	0.6669147642127299	([156, 125], [156, 141, 140])
1	0.6383831490934465	0.6684397860808396	([111, 83], [111, 93, 83])
1	0.6560145591004984	0.6684438002190329	([345, 306], [345, 331, 329])
1	0.6605234023695614	0.6693480986192417	([139, 106], [139, 122, 106])
1	0.6476145812591722	0.6706274284126246	([142, 109], [142, 133, 109])
1	0.6621975704363918	0.672576361165798	([111, 72], [111, 83, 72])
1	0.6482056286863819	0.6742019193211726	([66, 31], [66, 50, 44])
1	0.6632659430199492	0.6780695806099244	([106, 76], [106, 93, 89])
1	0.6781382263414129	0.6790799289474386	([47, 17], [47, 32, 22])
1	0.6651463699664162	0.681835576479725	([446, 399], [446, 416, 414])
1	0.678734385157174	0.6829618440669745	([353, 309], [353, 340, 309])
1	0.6607018682432692	0.683454687565659	([171, 136], [171, 166, 136])
1	0.6758907204983721	0.6837735331807112	([342, 296], [342, 317, 300])
1	0.6743064020760448	0.6840827207855271	([461, 402], [461, 425, 408])
1	0.6705407093876159	0.68461333544702	([143, 111], [143, 129, 122])
1	0.6869342324815402	0.6874591968250638	([444, 400], [444, 423, 400])
1	0.6781509061147143	0.6876450479373752	([112, 70], [112, 106, 77])
1	0.6739731482571372	0.6886653432963208	([115, 67], [115, 94, 67])
1	0.674049761815832	0.6893973967528787	([170, 117], [170, 141, 117])
1	0.6699928232688453	0.68968522075468	([455, 1], [471, 455, 452])
1	0.6864020288792115	0.6899620572837694	([396, 364], [398, 384, 364])
1	0.6887129369701176	0.6910168554694353	([301, 260], [301, 296, 260])
1	0.6854802135044658	0.691960220333239	([159, 35], [159, 137, 135])
1	0.6356396921208931	0.693266297820215	([416, 369], [416, 395, 379])
1	0.6768287214196138	0.6936950289275593	([94, 14], [94, 46, 14])
1	0.672501237754498	0.6944450509746463	([458, 396], [456, 452, 411])
1	0.6863340520136021	0.6946062316415432	([172, 119], [172, 137, 134])
1	0.6793230049372853	0.6956984030863221	([413, 368], [413, 395, 383])
1	0.6949153310062992	0.6966553191747842	([173, 112], [173, 163, 112])
1	0.6591965798110109	0.6976680925505147	([478, 404], [455, 443, 404])
1	0.6965114887799638	0.6977800368573454	([462, 397], [462, 440, 397])
1	0.6956279110474838	0.6979763452759536	([418, 371], [418, 416, 371])
1	0.6918371225041702	0.69807121767934	([121, 84], [121, 102, 97])
1	0.6979586308864253	0.6986609042142632	([63, 7], [63, 39, 32])
1	0.6281159549107568	0.6986895846414111	([459, 410], [459, 427, 425])
1	0.6778816841843722	0.6988140731888518	([36, 1], [36, 25, 1])
1	0.6773819485566586	0.6993681379435596	([92, 47], [92, 75, 47])
1	0.6402361856084883	0.6998159329378345	([404, 0], [404, 387, 381])
1	0.6841890440847828	0.7002052639634321	([421, 385], [421, 416, 385])
1	0.6909275801225843	0.7004967301943866	([141, 61], [125, 78, 75])
1	0.6950062983006887	0.7008718537179507	([115, 45], [115, 67, 53])
1	0.6929753735036536	0.7008718537179507	([107, 53], [115, 107, 53])
1	0.6988466033787395	0.7013153523217059	([141, 1], [141, 135, 1])
1	0.687085586120387	0.7017769198568664	([474, 400], [474, 456, 400])
1	0.6963773432588656	0.7021939568606117	([398, 1], [398, 386, 1])
1	0.6965243948785095	0.7023430901946318	([208, 142], [208, 171, 157])
1	0.7009060569587432	0.7041293938741077	([180, 157], [180, 172, 171])
1	0.6633221689033784	0.704293305990532	([125, 78], [125, 115, 109])
1	0.7028424116102236	0.7043755910912503	([114, 20], [114, 90, 67])
1	0.6914414226456072	0.7043755910912503	([136, 67], [136, 114, 67])
1	0.6510418249841118	0.7045669371735298	([464, 405], [464, 459, 405])
1	0.6952661828366102	0.7052192782903897	([172, 95], [172, 119, 95])
1	0.6733568278442279	0.7056509270047604	([473, 403], [473, 460, 400])
1	0.662801191535422	0.7057520268617982	([247, 172], [247, 234, 172])
1	0.6909746488843904	0.7063210322623444	([122, 1], [135, 39, 35])
1	0.706567110659424	0.706617487455186	([159, 64], [159, 64, 56])
1	0.700942711348751	0.706617487455186	([149, 56], [159, 149, 56])
1	0.5833302875605091	0.7072761464650017	([392, 2], [418, 392, 371])
1	0.6821604328320359	0.7077993766003352	([113, 59], [113, 110, 59])
1	0.6937918749827938	0.7079829594737596	([165, 111], [165, 142, 111])
1	0.6848751910174907	0.7089926845724533	([136, 52], [136, 135, 52])
1	0.68088650214278	0.7093167973689103	([177, 145], [180, 177, 148])
1	0.7026981780725227	0.7094891674506801	([137, 66], [137, 76, 66])
1	0.7039064395783727	0.7094891674506801	([137, 92], [137, 92, 76])
1	0.7003028041247573	0.7094891674506801	([137, 7], [137, 129, 76])
1	0.6684735142735441	0.7100775688849092	([135, 35], [135, 115, 39])
1	0.6927747498376303	0.7100922135941047	([474, 437], [471, 467, 437])
1	0.7101919686579845	0.7102902682605544	([112, 36], [112, 70, 36])
1	0.6951298160036657	0.7105321418566191	([129, 76], [137, 115, 92])
1	0.704404239070824	0.7106476123588542	([113, 35], [135, 117, 35])
1	0.7058727317705322	0.7110373785627687	([84, 11], [105, 84, 67])
1	0.6920199891761352	0.7114002525931438	([284, 221], [284, 262, 260])
1	0.6918222925532084	0.7114337973892854	([109, 52], [109, 78, 52])
1	0.7087472236454416	0.7117460988567227	([210, 118], [210, 161, 156])
1	0.6808602778421488	0.71187816421645	([380, 311], [380, 345, 318])
1	0.7116479585281659	0.7120350537739055	([404, 311], [404, 398, 311])
1	0.7114226814649427	0.7120571105520355	([207, 45], [207, 174, 34])
1	0.7010629077275182	0.7121157480650545	([103, 15], [115, 103, 45])
1	0.6783124323870938	0.7121382151289685	([214, 148], [214, 180, 175])
1	0.6885954968844162	0.7121427507758695	([127, 87], [127, 109, 87])
1	0.7098896991052883	0.7131106778088204	([123, 55], [123, 104, 81])
1	0.7051101306011138	0.713400715152373	([208, 71], [208, 142, 71])
1	0.7011920367980722	0.7137831916200454	([404, 345], [404, 394, 345])
1	0.6998944731263079	0.7142362246018004	([211, 155], [211, 173, 162])
1	0.7133181517441389	0.7144156274266097	([207, 1], [207, 170, 135])
1	0.7110025371772241	0.7144163787901551	([476, 387], [476, 410, 401])
1	0.7044941694820743	0.7145325734623847	([178, 122], [178, 170, 159])
1	0.6965589764209767	0.7147819869267049	([365, 310], [377, 367, 329])
1	0.6609632447537288	0.7150765513786552	([105, 11], [84, 64, 11])
1	0.7057129020845302	0.7150801581679429	([157, 97], [157, 149, 104])
1	0.7102563713196416	0.7156694517298532	([173, 89], [173, 112, 89])
1	0.6965722446834262	0.715788723480119	([120, 51], [120, 104, 61])
1	0.7098863185446953	0.7165670041024833	([154, 105], [154, 127, 116])
1	0.7087972269135371	0.7169332262544842	([104, 8], [104, 85, 8])
1	0.6994558309554038	0.71738363530258	([132, 72], [136, 132, 72])
1	0.7053413319592082	0.7184115570472276	([414, 344], [419, 414, 341])
1	0.7088331772919612	0.7184189661612094	([145, 96], [145, 96, 69])
1	0.7042761551522525	0.7184189661612094	([155, 69], [155, 145, 69])
1	0.714488389296511	0.7189407339617312	([117, 65], [117, 88, 82])
1	0.7144759921529228	0.7190674812366765	([151, 99], [151, 121, 113])
1	0.7095982875731828	0.7190674812366765	([167, 113], [167, 151, 113])
1	0.6890492922775345	0.7192802041546594	([145, 79], [155, 125, 78])
1	0.7001577046987278	0.7194146825651806	([155, 16], [155, 136, 16])
1	0.7166830486418293	0.720436326087517	([312, 1], [356, 337, 1])
1	0.6904759688240361	0.7205983566219465	([476, 410], [476, 465, 410])
1	0.7175410784413442	0.7209875015475283	([119, 29], [135, 119, 29])
1	0.7156750235176177	0.7213974132499681	([378, 301], [378, 367, 329])
1	0.7147527610476786	0.7214265140632675	([140, 47], [140, 112, 36])
1	0.7188064633185441	0.7215249405667176	([73, 13], [73, 34, 10])
1	0.7210049304287625	0.7218655649942125	([226, 1], [226, 214, 193])
1	0.7171409913318343	0.7227143329929198	([174, 101], [174, 163, 1])
1	0.7095355337624736	0.7229828811587675	([127, 33], [136, 127, 33])
1	0.7020696567916626	0.7234106325640275	([419, 341], [414, 399, 341])
1	0.6920245250974221	0.7234273507993828	([141, 41], [141, 61, 57])
1	0.6737369770034695	0.7234889964360279	([158, 55], [158, 107, 55])
1	0.709978260995948	0.7235553289397565	([161, 70], [161, 147, 70])
1	0.695308091355189	0.7237024682478446	([468, 375], [476, 468, 382])
1	0.7026923004216636	0.7238215772786936	([193, 7], [193, 174, 1])
1	0.7164125511837579	0.7239707760074938	([473, 70], [473, 125, 75])
1	0.723388401262106	0.7240307993920444	([397, 323], [397, 366, 328])
1	0.7158555390646382	0.7240407922881855	([192, 140], [192, 190, 149])
1	0.7226184437374293	0.7244079695056774	([179, 147], [179, 173, 147])
1	0.6596374045015791	0.7245105956283492	([272, 1], [272, 252, 1])
1	0.7129934142792917	0.7246514948631372	([110, 30], [110, 53, 47])
1	0.6756426911380204	0.7247842135098096	([372, 1], [372, 330, 1])
1	0.7171922404073561	0.7249587355664195	([237, 157], [272, 237, 232])
1	0.7017297856753303	0.7251824738002104	([165, 31], [157, 45, 34])
1	0.7057577750828149	0.7251824738002104	([152, 34], [157, 152, 34])
1	0.6983251796089394	0.7252138400007746	([211, 117], [211, 174, 117])
1	0.5983575362854902	0.7254773227885253	([302, 2], [361, 316, 302])
1	0.7132669938711542	0.7257527724549631	([173, 62], [173, 159, 64])
1	0.7250460217798402	0.7258612654067276	([188, 116], [188, 175, 116])
1	0.7203401468214709	0.7259332298535687	([162, 110], [162, 128, 124])
1	0.7114098748537312	0.7260142081869209	([150, 3], [150, 118, 66])
1	0.7224209172617372	0.7262544414157488	([356, 289], [356, 314, 299])
1	0.7030269050343664	0.7262544414157488	([388, 299], [388, 356, 299])
1	0.7167086442955218	0.7262737865514626	([128, 40], [172, 128, 119])
1	0.7218799589393551	0.7264577863043521	([130, 8], [167, 156, 8])
1	0.7180234473458651	0.726770721243524	([340, 290], [340, 314, 290])
1	0.718658326653455	0.7268170823091107	([163, 13], [163, 39, 31])
1	0.7111816611239415	0.726976518141365	([68, 5], [68, 41, 14])
1	0.6902491764550979	0.7272111863828469	([151, 50], [151, 50, 25])
1	0.6984105985839206	0.727219012353019	([130, 49], [132, 130, 72])
1	0.705895305624461	0.7272932168376436	([66, 3], [66, 10, 8])
1	0.7178464390007208	0.7275201974268743	([115, 22], [115, 53, 22])
1	0.7086015190679011	0.7277202679481602	([462, 352], [462, 397, 352])
1	0.6896315956369466	0.7281198652437413	([138, 32], [138, 75, 50])
1	0.7147278047988905	0.7281875137794886	([382, 321], [382, 358, 343])
1	0.6358756067065721	0.7282279787895359	([381, 0], [381, 356, 349])
1	0.7125302920742702	0.7284107745378857	([96, 40], [107, 96, 40])
1	0.7228541745181869	0.7285622346206562	([466, 168], [466, 168, 129])
1	0.7213795680751426	0.7285924427937039	([471, 417], [471, 452, 417])
1	0.6827411001458711	0.7289111787479111	([164, 40], [166, 135, 52])
1	0.7086107716672738	0.7289454510599382	([272, 157], [237, 211, 207])
1	0.7119872245801431	0.7289795539166548	([468, 292], [382, 380, 296])
1	0.6833090576103191	0.7290529524499069	([142, 27], [142, 64, 53])
1	0.6984725450248435	0.7293886891817043	([62, 24], [62, 38, 37])
1	0.7003642927799468	0.7294824599158924	([466, 129], [466, 453, 172])
1	0.6936014611388969	0.7300985460768176	([386, 289], [386, 377, 289])
1	0.7057792902439508	0.7301212253242242	([241, 163], [241, 172, 163])
1	0.7179775358547962	0.7303090912137512	([111, 37], [135, 111, 37])
1	0.7000600091959613	0.7304233965295222	([128, 69], [128, 92, 77])
1	0.6855834341790119	0.7304242294334268	([449, 363], [468, 449, 423])
1	0.7250760339034015	0.7305929021326998	([468, 273], [468, 296, 272])
1	0.7197930514258893	0.7307462115839426	([214, 76], [214, 209, 76])
1	0.7278901187157297	0.730786296357486	([215, 124], [215, 142, 124])
1	0.7146699945828899	0.7310560410057834	([167, 51], [173, 156, 62])
1	0.7308036440598126	0.7310574257167517	([367, 7], [372, 367, 7])
1	0.7255685655330479	0.7310574257167517	([392, 7], [392, 372, 7])
1	0.7288417975612478	0.7311774673247513	([410, 357], [410, 387, 357])
1	0.7143563405015037	0.7315820440638936	([480, 383], [480, 406, 383])
1	0.7301407631488666	0.7315869132834262	([456, 6], [456, 453, 4])
1	0.7154450027602859	0.7316695027759504	([460, 380], [460, 400, 386])
1	0.7044153211389227	0.7323619193287395	([172, 79], [172, 95, 77])
1	0.7298866262897005	0.7326145452052548	([471, 370], [471, 417, 394])
1	0.7102302986059785	0.7326990949587447	([167, 8], [130, 85, 72])
1	0.6927074022773688	0.7329715199291048	([172, 9], [172, 114, 12])
1	0.7066083661579828	0.7331122171200578	([478, 384], [480, 478, 384])
1	0.7129314961007772	0.7332183048390225	([196, 95], [196, 176, 95])
1	0.7315878638929959	0.7333733427798355	([209, 17], [209, 67, 55])
1	0.7171865202397467	0.733933431736897	([170, 59], [170, 138, 32])
1	0.721489717235298	0.734007428826855	([403, 137], [403, 137, 36])
1	0.7347074621292004	0.7351605322362714	([421, 327], [421, 360, 338])
1	0.7243448278682744	0.7353900525554253	([303, 223], [303, 267, 223])
1	0.7293358358439457	0.7356949217476715	([454, 369], [454, 430, 369])
1	0.7345522471959945	0.7357028785695987	([153, 24], [157, 153, 31])
1	0.7206170646920194	0.7365187622656122	([207, 91], [207, 168, 98])
1	0.7262966259095188	0.7366134631759637	([479, 134], [469, 134, 32])
1	0.7364361042835204	0.7368429068432704	([156, 91], [156, 135, 91])
1	0.7119042064096538	0.7368429068432704	([168, 98], [207, 135, 91])
1	0.7258743627310955	0.737232911801076	([236, 174], [242, 236, 174])
1	0.7165273535146871	0.7374582707227904	([266, 189], [266, 259, 189])
1	0.7190954230485546	0.7376196120573468	([183, 109], [209, 183, 156])
1	0.7188480720470628	0.7385249698630694	([171, 46], [171, 141, 46])
1	0.7289007485956601	0.7388664941522295	([292, 226], [292, 261, 226])
1	0.7012051003994744	0.7394478215206554	([134, 60], [139, 134, 56])
1	0.7329955893011477	0.7394885869311283	([479, 414], [479, 465, 414])
1	0.7305612331306184	0.7398139862423624	([108, 6], [108, 106, 9])
1	0.7332807406298625	0.7400402051029076	([265, 193], [265, 223, 193])
1	0.7308033300542869	0.7401535557884877	([324, 259], [324, 296, 274])
1	0.730372028566058	0.7403127059683239	([290, 213], [290, 265, 213])
1	0.718423299515209	0.740471974764402	([98, 10], [98, 87, 10])
1	0.7069157148172662	0.7406211024299372	([403, 57], [460, 453, 172])
1	0.7370893693461671	0.7409572718178431	([184, 97], [188, 184, 97])
1	0.7361085054219877	0.7409870450740657	([255, 150], [255, 228, 150])
1	0.7015378053767896	0.7410102979509504	([209, 67], [209, 152, 137])
1	0.7243066522363395	0.7410872017697869	([236, 147], [236, 209, 147])
1	0.7388944062479214	0.7411580515004692	([213, 123], [213, 170, 141])
1	0.7373820703144159	0.7414437911217389	([376, 277], [376, 270, 240])
1	0.7364903199430081	0.7414698894652135	([453, 361], [453, 393, 384])
1	0.7312346087373576	0.7416216116824111	([448, 356], [448, 399, 391])
1	0.6967979456600372	0.7419186542758615	([292, 172], [292, 226, 213])
1	0.7354300715486249	0.7419421294932904	([180, 90], [180, 147, 90])
1	0.700044952218726	0.7420496151830974	([183, 131], [183, 153, 139])
1	0.6910386511482254	0.7422534302713959	([300, 171], [300, 285, 171])
1	0.5980458422331519	0.7422538999003062	([361, 2], [418, 361, 341])
1	0.6940552736607922	0.7422802502816669	([166, 84], [166, 157, 11])
1	0.7382246736232344	0.7422867945217254	([266, 51], [287, 266, 253])
1	0.7329907822092817	0.7424383342513969	([244, 169], [244, 211, 169])
1	0.7162070772904151	0.74246207493723	([472, 66], [464, 444, 45])
1	0.7181048504277696	0.7427078216328461	([167, 80], [214, 167, 80])
1	0.7099651682086324	0.7429583475045453	([345, 256], [345, 306, 287])
1	0.7345691705830981	0.7429984224244195	([411, 44], [471, 411, 394])
1	0.7274528945417659	0.7429984224244195	([475, 411], [475, 471, 411])
1	0.7422108671267426	0.7430327781858266	([187, 125], [187, 125, 114])
1	0.7234952414051348	0.7435423279273404	([468, 38], [468, 171, 155])
1	0.7376703767063291	0.743677302140402	([143, 10], [143, 129, 76])
1	0.7401527955358167	0.7437212318035106	([201, 134], [201, 167, 139])
1	0.713757224597659	0.7437449534830592	([461, 43], [461, 72, 43])
1	0.7376709769597636	0.7439642896781579	([90, 4], [90, 67, 9])
1	0.7356465023200115	0.7439792383177118	([458, 310], [458, 387, 377])
1	0.7391017561549295	0.7443281940166235	([401, 166], [401, 291, 166])
1	0.7206326251233188	0.7444938404616332	([290, 120], [290, 213, 120])
1	0.7325287788435443	0.7444942575733764	([239, 8], [245, 239, 8])
1	0.7307035894230279	0.7445890509130475	([270, 111], [272, 270, 111])
1	0.7378939802062767	0.7447000844294285	([372, 279], [372, 363, 288])
1	0.7253205512522097	0.7448836244155215	([228, 4], [228, 190, 183])
1	0.7218427487504906	0.744998259852831	([124, 4], [124, 117, 28])
1	0.7087376952638119	0.7451559648208188	([210, 44], [210, 159, 35])
1	0.7224582737462989	0.7452073240471485	([479, 24], [479, 469, 35])
1	0.7435251671008031	0.7452466993911863	([293, 131], [293, 290, 120])
1	0.7241429121231089	0.7457753709156336	([471, 30], [471, 469, 35])
1	0.7455373049253737	0.7458762280761089	([400, 32], [469, 462, 32])
1	0.7441400853917147	0.745915091688617	([120, 13], [120, 45, 30])
1	0.7420699506483015	0.7463713986688257	([262, 146], [262, 230, 146])
1	0.6857023740091477	0.7463925593098016	([418, 303], [418, 346, 303])
1	0.7455280470735829	0.7464934720902487	([112, 17], [112, 82, 17])
1	0.7168928881225557	0.7465034172182684	([412, 309], [412, 385, 309])
1	0.7454570245796999	0.7469595628694136	([371, 247], [371, 349, 171])
1	0.7452598607743749	0.7469595628694136	([349, 171], [380, 371, 171])
1	0.7059073409395225	0.746976586761078	([444, 45], [473, 472, 74])
1	0.7236441815073239	0.7473204917610551	([379, 290], [379, 359, 290])
1	0.7258355107740823	0.7473674380328765	([288, 167], [290, 288, 167])
1	0.629199046985762	0.7474162005125236	([356, 0], [392, 7, 5])
1	0.7089032577717431	0.7474162005125236	([385, 5], [392, 385, 5])
1	0.7460464318736363	0.7476622924834752	([387, 9], [387, 365, 335])
1	0.7368415835880454	0.7476727103867511	([295, 155], [295, 288, 155])
1	0.7343238816380192	0.7477448375637336	([459, 307], [411, 405, 307])
1	0.713058661959995	0.747750893045256	([410, 294], [410, 397, 306])
1	0.7370652102246544	0.7477660067210747	([478, 21], [478, 405, 384])
1	0.7286295321582472	0.7478351728377478	([269, 170], [269, 237, 157])
1	0.7365665996791402	0.7478351728377478	([309, 157], [309, 269, 157])
1	0.6925944778779712	0.7478761228598718	([468, 128], [469, 468, 22])
1	0.7396569455899509	0.7479409962940986	([247, 142], [274, 248, 247])
1	0.7358660447284883	0.7480539875790997	([469, 166], [469, 172, 166])
1	0.6923473256014898	0.7480539875790997	([453, 172], [469, 453, 172])
1	0.736985687796622	0.7480902015045344	([406, 289], [406, 386, 383])
1	0.745687554551147	0.7481836575745503	([451, 309], [451, 393, 353])
1	0.747766807089928	0.7485873720561212	([289, 35], [469, 299, 289])
1	0.7294483995214665	0.7486300870570503	([378, 240], [376, 337, 270])
1	0.7098472040981548	0.7486463815245074	([480, 18], [480, 461, 43])
1	0.746095742008895	0.748736044299854	([310, 170], [310, 170, 134])
1	0.7311961218904497	0.7488218032716693	([274, 142], [247, 217, 142])
1	0.7380216284126254	0.7488282766039712	([380, 171], [349, 339, 171])
1	0.7361567207081099	0.7489106867224843	([396, 308], [396, 336, 330])
1	0.7257219275147431	0.749064019623304	([447, 332], [447, 416, 332])
1	0.7052991405233391	0.7491004568053331	([415, 342], [417, 415, 342])
1	0.7384317517500159	0.7491538262485875	([318, 246], [318, 273, 261])
1	0.7057102420308092	0.7491881844748934	([242, 115], [242, 215, 171])
1	0.735275941042537	0.7491933666311861	([415, 304], [415, 342, 304])
1	0.5678769921300424	0.7493342151842965	([418, 2], [330, 296, 278])
1	0.7416729175771927	0.7493591697362171	([407, 161], [465, 407, 161])
1	0.7352908798559357	0.7493985777447195	([401, 291], [401, 377, 344])
1	0.7080471707720623	0.749581209662404	([185, 105], [184, 181, 105])
1	0.7450156803711788	0.7496618326715878	([425, 334], [425, 384, 372])
1	0.7460567023712027	0.7497761542218967	([384, 274], [406, 383, 354])
1	0.7296532707177511	0.7498150431223977	([253, 96], [228, 148, 96])
1	0.7363711940199648	0.7499411065894291	([275, 191], [275, 193, 191])
1	0.7458600284975	0.7501260081199037	([265, 152], [265, 218, 157])
1	0.7366629236690976	0.7509178585282941	([479, 290], [481, 479, 290])
1	0.7092469449204759	0.7511701914981492	([405, 10], [405, 403, 10])
1	0.7490950710108369	0.7513121516355453	([306, 96], [306, 295, 96])
1	0.7398878338748297	0.751427494705871	([407, 287], [418, 407, 303])
1	0.7083968088487672	0.7517016329129038	([291, 119], [289, 275, 115])
1	0.7323734006492926	0.7518108574058651	([176, 66], [176, 106, 87])
1	0.7328515006003142	0.7520416363483389	([368, 228], [377, 368, 228])
1	0.7115903906413824	0.752050187520121	([249, 122], [249, 226, 122])
1	0.749564093319971	0.7520566377830997	([480, 59], [480, 59, 42])
1	0.7409832739548045	0.7521687874299532	([329, 167], [378, 329, 167])
1	0.7446549056316859	0.7521948536512434	([416, 19], [416, 362, 4])
1	0.7446316453183259	0.7521948536512434	([274, 4], [453, 416, 4])
1	0.7516187932969873	0.7529296724662143	([279, 145], [279, 266, 189])
1	0.74804673374037	0.7529951106620567	([466, 14], [466, 60, 35])
1	0.7429721022768521	0.7529951106620567	([475, 60], [469, 466, 35])
1	0.6939756841838363	0.7530405263745205	([453, 4], [274, 133, 4])
1	0.7516123216727963	0.7531133385422907	([473, 169], [473, 169, 153])
1	0.7339905066413229	0.7531133385422907	([465, 153], [473, 465, 153])
1	0.6762312798051686	0.7531453167949186	([469, 32], [396, 311, 172])
1	0.7262846675265202	0.7533744303618967	([407, 61], [472, 407, 52])
1	0.7434801036196624	0.7534111841628098	([463, 46], [468, 463, 171])
1	0.7519470773101549	0.7535396403781958	([408, 298], [408, 385, 309])
1	0.7401828844633181	0.7536149765498399	([231, 132], [200, 171, 170])
1	0.7523293947207812	0.7537746059689058	([382, 137], [403, 382, 365])
1	0.7187091704750372	0.753799939762201	([414, 285], [452, 415, 393])
1	0.7034095156566735	0.7538646240060417	([400, 279], [407, 400, 287])
1	0.7370305098911496	0.7538646240060417	([477, 287], [477, 400, 287])
1	0.706949495389145	0.7539438811862785	([216, 102], [216, 118, 97])
1	0.7480498547260633	0.7539981002143769	([478, 73], [478, 467, 73])
1	0.7412189588800538	0.7540000190680445	([272, 67], [261, 171, 67])
1	0.7275746232326069	0.7542547475721664	([456, 64], [456, 64, 11])
1	0.7205712817499578	0.7543877970628912	([295, 116], [295, 283, 96])
1	0.7052907753695944	0.7543940086289737	([473, 125], [468, 464, 9])
1	0.7424680739447812	0.754408894290922	([382, 45], [414, 382, 350])
1	0.7395619201145478	0.7544166055723298	([281, 100], [281, 275, 90])
1	0.7250608571991475	0.7544261217224225	([406, 13], [464, 460, 13])
1	0.7274165932772234	0.7544363298013308	([240, 81], [240, 213, 141])
1	0.695646405627391	0.7546316694053065	([271, 114], [269, 254, 114])
1	0.7500133007257045	0.7546715909796811	([252, 120], [293, 251, 120])
1	0.7461316533806075	0.7547158130935414	([474, 233], [474, 310, 273])
1	0.7539019401534073	0.7548190408432293	([293, 153], [293, 153, 136])
1	0.727074875789381	0.75482061428666	([154, 21], [154, 38, 23])
1	0.7262601777931441	0.754942924887685	([455, 297], [455, 370, 306])
1	0.7404704819207483	0.7550718860180049	([378, 150], [405, 378, 357])
1	0.7487037586593444	0.7550929990771033	([383, 154], [383, 373, 154])
1	0.7477435275744082	0.7552248496164448	([388, 259], [388, 299, 297])
1	0.7521729937895715	0.755234222339933	([387, 217], [387, 361, 335])
1	0.7422554123191677	0.7552793967366757	([272, 190], [272, 226, 215])
1	0.7427036142488558	0.7553092848343338	([306, 22], [306, 96, 22])
1	0.7329499813300893	0.7554081889108573	([427, 171], [463, 410, 171])
1	0.7364777500024953	0.7554988856325415	([182, 96], [182, 174, 94])
1	0.725263490955742	0.755531501776483	([456, 339], [457, 456, 339])
1	0.7543627044678651	0.7555688419246006	([456, 302], [456, 302, 4])
1	0.7355939298557924	0.7558815643476063	([411, 9], [464, 443, 395])
1	0.7410313769593992	0.7558829750161049	([476, 28], [476, 382, 45])
1	0.7307762923573343	0.7559070077605797	([350, 271], [371, 350, 247])
1	0.7408991105211217	0.7560116788124691	([226, 146], [226, 213, 146])
1	0.6403939393144491	0.7560333672369967	([271, 0], [274, 271, 4])
1	0.7234387628301064	0.7561145602732887	([413, 305], [413, 384, 305])
1	0.7405296747763331	0.7561716946719454	([424, 349], [424, 397, 349])
1	0.7431309007317206	0.7562714660852192	([268, 160], [268, 213, 170])
1	0.733887824463274	0.756273400966095	([454, 277], [454, 413, 277])
1	0.7411210816415784	0.7563588541513735	([320, 251], [320, 303, 251])
1	0.7368169742746783	0.7564921304596944	([245, 32], [275, 245, 32])
1	0.7235599930798178	0.7564921304596944	([288, 32], [288, 275, 32])
1	0.7497820678225693	0.756583155289949	([400, 175], [410, 400, 171])
1	0.7193622996735143	0.7566414872678182	([190, 4], [190, 25, 4])
1	0.7088169990675581	0.7566414872678182	([260, 25], [296, 25, 4])
1	0.7321249285639684	0.7566985470681146	([268, 86], [255, 238, 86])
1	0.7464176474401383	0.7567607749846228	([216, 6], [202, 193, 6])
1	0.7504982963035789	0.7568572910409651	([423, 329], [423, 399, 382])
1	0.7329679774217546	0.7568624164352403	([400, 142], [400, 142, 115])
1	0.7534856267789373	0.7570733741788014	([398, 127], [410, 398, 139])
1	0.7453004018627507	0.7571162297356614	([387, 64], [469, 387, 64])
1	0.756288346399645	0.7571670681162737	([245, 68], [245, 145, 97])
1	0.7559665186531287	0.7571670681162737	([245, 145], [268, 245, 97])
1	0.7339165319575182	0.757233593681875	([427, 251], [427, 283, 271])
1	0.7354202891234591	0.7573554648387449	([444, 337], [444, 414, 370])
1	0.7326817149492253	0.7574922172698985	([388, 22], [477, 388, 22])
1	0.7368863963865796	0.7578234756849243	([287, 19], [287, 51, 19])
1	0.7163481984121192	0.7578505125181823	([481, 270], [479, 477, 290])
1	0.7347961631839518	0.7579076317857187	([310, 61], [322, 310, 170])
1	0.7540775900612233	0.758502201101618	([288, 82], [288, 167, 82])
1	0.7207852685820908	0.7586012053573569	([399, 39], [400, 399, 115])
1	0.7444622439482458	0.7586108371436144	([351, 259], [351, 313, 259])
1	0.7293663814729381	0.7586837172180269	([322, 249], [322, 304, 249])
1	0.7531290337776116	0.7587873530577293	([297, 12], [297, 287, 172])
1	0.756785398656371	0.7589496663307623	([472, 350], [472, 350, 337])
1	0.7394550591265467	0.7590328374630211	([205, 37], [205, 174, 37])
1	0.75108592426598	0.7590483053917224	([443, 128], [461, 443, 128])
1	0.7538759340925709	0.7590599822216616	([472, 164], [472, 164, 72])
1	0.7348392802343628	0.7591088066117523	([258, 3], [258, 196, 170])
1	0.7364783945488868	0.7591269518983534	([191, 100], [191, 164, 109])
1	0.6632698683507449	0.7591754292407541	([471, 1], [470, 382, 381])
1	0.7389626517187434	0.7592121822993453	([383, 128], [383, 154, 128])
1	0.7555434117606815	0.759218152258854	([403, 312], [403, 400, 312])
1	0.7128019587864058	0.7592412046628014	([377, 245], [377, 371, 247])
1	0.7507078382090451	0.7592684198292613	([215, 52], [215, 140, 115])
1	0.7309457137717869	0.759321144585604	([481, 10], [481, 469, 36])
1	0.7526151304683302	0.7593828828420663	([448, 322], [448, 417, 317])
1	0.7535830117391815	0.7593991506294726	([401, 130], [401, 166, 130])
1	0.7540114103618529	0.7595006147437567	([392, 123], [392, 293, 120])
1	0.7477546986211584	0.7595931302168044	([445, 347], [445, 433, 347])
1	0.7569018475811903	0.7596480818103555	([446, 314], [460, 446, 292])
1	0.7370337424445567	0.7597580319403449	([223, 24], [243, 223, 24])
1	0.753362858284495	0.7597913814538354	([292, 33], [292, 106, 11])
1	0.7430949609118532	0.7598005320384457	([317, 97], [335, 317, 147])
1	0.7294269864074755	0.7598208308345165	([248, 165], [248, 245, 145])
1	0.721206418640618	0.759955998034871	([398, 84], [398, 139, 81])
1	0.7172295060629968	0.7599685203470758	([290, 56], [290, 136, 120])
1	0.7325760459723945	0.7601273513406732	([432, 359], [432, 385, 377])
1	0.7356205463035842	0.7604156297414082	([309, 43], [309, 135, 55])
1	0.7243017147979529	0.7605101008025796	([387, 273], [399, 387, 273])
1	0.7422965769450749	0.7605395480440604	([246, 31], [246, 227, 31])
1	0.7271028654261618	0.7608941049383363	([469, 299], [469, 400, 299])
1	0.7343449851114694	0.7609643151493325	([274, 73], [274, 268, 73])
1	0.7572614772307483	0.7610028641830149	([480, 130], [480, 383, 158])
1	0.7577400128608719	0.7611087994432228	([187, 10], [187, 150, 10])
1	0.7073043820792956	0.7611087994432228	([405, 145], [405, 150, 10])
1	0.7291994507698362	0.7612944976399376	([277, 139], [277, 273, 139])
1	0.7541822755355517	0.7612944976399376	([474, 139], [474, 273, 139])
1	0.7505013468985657	0.7613421725459316	([287, 130], [287, 157, 121])
1	0.7564275968505438	0.7613421725459316	([288, 121], [288, 287, 121])
1	0.7130508801592798	0.7613599732307126	([307, 236], [307, 275, 214])
1	0.7506947530582189	0.7615804499646612	([299, 207], [299, 229, 216])
1	0.7263234114091941	0.7616218942553211	([323, 187], [323, 299, 187])
1	0.7472873474967686	0.7617152791468389	([169, 15], [169, 70, 58])
1	0.7201005761673753	0.7617296251829108	([287, 51], [287, 172, 51])
1	0.7537367240406716	0.7618180863029899	([212, 99], [245, 212, 68])
1	0.761119326879065	0.7618637833765973	([284, 92], [284, 243, 92])
1	0.7401507407266622	0.7619096499643332	([421, 3], [421, 340, 327])
1	0.7101513939074591	0.7621330329136209	([261, 7], [297, 261, 12])
1	0.7513469674443116	0.7621688869939605	([466, 295], [466, 455, 293])
1	0.7445493937825053	0.7622306323895485	([447, 267], [447, 387, 267])
1	0.756964596967799	0.7622819051630576	([451, 95], [451, 95, 32])
1	0.7255851603465269	0.7622819051630576	([451, 31], [454, 451, 32])
1	0.7236701341495758	0.7624700035751671	([470, 49], [477, 470, 49])
1	0.735551894844702	0.7625159545197647	([410, 126], [410, 171, 126])
1	0.7258730505977854	0.7625889751932096	([481, 63], [481, 63, 46])
1	0.7356136903795294	0.7626766048851622	([379, 117], [397, 117, 49])
1	0.747150593647907	0.7627945001307685	([388, 111], [461, 388, 111])
1	0.7539119422829283	0.7627945001307685	([467, 111], [467, 461, 111])
1	0.7578547848399614	0.762912849887219	([286, 77], [286, 77, 35])
1	0.7546058279409219	0.7630490796615622	([398, 31], [478, 398, 31])
1	0.7513384940121687	0.763161792015678	([227, 133], [227, 133, 100])
1	0.728779809838018	0.763161792015678	([276, 90], [257, 227, 100])
1	0.7554299712795604	0.7631661092626285	([465, 107], [465, 107, 56])
1	0.7009741448076282	0.7632045638519278	([331, 3], [469, 392, 340])
1	0.7575645741670757	0.7632198264058773	([364, 167], [378, 364, 309])
1	0.7513089581730988	0.763224090465775	([283, 138], [283, 205, 183])
1	0.7279392744730239	0.7633992780703002	([293, 15], [296, 293, 15])
1	0.7360693835761554	0.7635332662978269	([280, 159], [280, 214, 139])
1	0.7357550457431992	0.7635571409951368	([395, 28], [396, 395, 28])
1	0.7434909207710572	0.7637808407731093	([286, 180], [286, 208, 180])
1	0.7508610005829701	0.7638236334714129	([404, 110], [404, 167, 159])
1	0.7638675900900692	0.7640291862819785	([355, 219], [355, 351, 200])
1	0.7568340152795578	0.7640755845096623	([329, 12], [329, 292, 12])
1	0.7555694686428641	0.7641392753388642	([326, 194], [326, 288, 272])
1	0.7521968957238079	0.764474315888932	([341, 182], [373, 341, 321])
1	0.7575431416913194	0.7645941340821859	([259, 135], [259, 209, 189])
1	0.7551705925929543	0.7647168809279247	([366, 223], [373, 366, 223])
1	0.7376472300120471	0.7650234692319587	([375, 266], [375, 266, 245])
1	0.7421909250780846	0.7650999888205304	([278, 140], [278, 273, 139])
1	0.7636674723739716	0.7652047997402898	([411, 116], [411, 116, 24])
1	0.7626274851336927	0.7652047997402898	([418, 24], [418, 411, 24])
1	0.7639144195512982	0.7653794980723299	([313, 151], [298, 273, 151])
1	0.7398130932216587	0.7654653442220238	([381, 15], [381, 279, 15])
1	0.7389576323753202	0.7656033802541397	([416, 157], [471, 416, 157])
1	0.7345215145839988	0.7658335469744612	([147, 5], [147, 100, 6])
1	0.7554012473063463	0.7658816917161487	([295, 9], [295, 245, 8])
1	0.7445282334881184	0.7658816917161487	([322, 8], [322, 295, 8])
1	0.7527451840468954	0.7659425515464952	([376, 174], [376, 275, 174])
1	0.754686896083388	0.7659449699784054	([341, 156], [341, 182, 172])
1	0.7412721058533988	0.7659449699784054	([373, 96], [460, 341, 172])
1	0.7506916130492249	0.7662931456764461	([234, 126], [234, 172, 165])
1	0.7627709915508538	0.76632277100692	([273, 85], [273, 151, 85])
1	0.7573663873670963	0.7664142247970877	([374, 30], [455, 374, 367])
1	0.7385810018654078	0.7665832372368362	([431, 8], [425, 403, 8])
1	0.7540678472022684	0.7666009198561772	([310, 206], [310, 206, 174])
1	0.7609792872470983	0.7666076541544664	([380, 99], [380, 318, 99])
1	0.764683195720918	0.766724342881115	([335, 252], [335, 287, 266])
1	0.766582137925698	0.7667750625719046	([477, 241], [477, 287, 273])
1	0.7503050261364266	0.7672752800353553	([220, 9], [233, 220, 9])
1	0.765742650825577	0.7674250507032156	([289, 209], [289, 210, 209])
1	0.7593686163828499	0.7675209511078659	([387, 136], [387, 136, 93])
1	0.7650109080099725	0.7675209511078659	([365, 93], [387, 365, 93])
1	0.7309789165159023	0.7676255195018019	([393, 258], [393, 327, 277])
1	0.7410000756674521	0.7676744966655495	([352, 233], [373, 352, 233])
1	0.7367434223196667	0.7677009919577087	([373, 246], [352, 338, 214])
1	0.7659423072298035	0.7677490489719444	([468, 229], [468, 293, 229])
1	0.7576341304405717	0.7678773283073733	([446, 190], [446, 393, 311])
1	0.7499091952527647	0.767898153275591	([314, 86], [314, 295, 86])
1	0.7282740231927763	0.767902057262214	([262, 102], [262, 219, 111])
1	0.7487114604356817	0.7679512471054369	([363, 52], [386, 363, 122])
1	0.7296686465602931	0.7679859437102423	([243, 61], [243, 172, 77])
1	0.7472115132420201	0.7682569680263752	([351, 200], [355, 322, 299])
1	0.735972499681391	0.7682921862335517	([438, 291], [438, 376, 275])
1	0.7660023702251488	0.7682921862335517	([453, 275], [453, 438, 275])
1	0.7560470568416444	0.7683323010696956	([283, 24], [418, 319, 303])
1	0.7653085700258354	0.768585252851511	([274, 37], [274, 154, 21])
1	0.7291138302812644	0.7687597826494452	([363, 25], [363, 52, 25])
1	0.7516083309042052	0.7688035317217926	([383, 200], [383, 355, 333])
1	0.7670920538069883	0.7690026603905806	([181, 13], [248, 181, 165])
1	0.7554492976703372	0.7692895693719327	([368, 109], [384, 368, 109])
1	0.75668132725825	0.7693543095445856	([432, 236], [432, 407, 377])
1	0.7438822043902514	0.7693738788096524	([397, 252], [397, 316, 252])
1	0.7668048188151199	0.7695608937702094	([199, 84], [199, 169, 87])
1	0.7574495136946692	0.76962938166617	([395, 272], [395, 366, 306])
1	0.768072742901136	0.7698166491344717	([391, 23], [391, 313, 310])
1	0.7454319523248487	0.7698173449739547	([361, 217], [387, 198, 170])
1	0.7649913430748781	0.7698301618890292	([458, 88], [458, 407, 70])
1	0.7165927123536883	0.7698371420225033	([406, 140], [480, 477, 173])
1	0.7377567765845845	0.7698380073421135	([314, 202], [314, 202, 86])
1	0.7272467542331592	0.7698603550954758	([438, 124], [431, 396, 124])
1	0.7648344951341327	0.7698853467442986	([428, 270], [428, 410, 294])
1	0.7605499371791116	0.7699449839973661	([394, 33], [394, 376, 174])
1	0.7617552893625715	0.769975849921974	([278, 10], [278, 239, 8])
1	0.765219766185641	0.7701909652159683	([391, 40], [391, 44, 40])
1	0.7604293990834815	0.7702802931663503	([463, 358], [463, 406, 358])
1	0.5820736068130786	0.7703559716173372	([233, 2], [222, 220, 9])
1	0.7695526518962456	0.7704601295825566	([296, 94], [296, 119, 94])
1	0.7705181101861326	0.7705386447295265	([378, 42], [395, 378, 28])
1	0.752906158905305	0.7708883558233468	([201, 42], [201, 141, 55])
1	0.7700132700368187	0.7708966833023402	([449, 37], [463, 449, 37])
1	0.5948112114541835	0.7709161467795215	([88, 2], [88, 34, 8])
1	0.7297074497270318	0.7710618568321189	([453, 33], [453, 410, 384])
1	0.7664058836868493	0.7711362881468765	([385, 143], [411, 385, 143])
1	0.7570180495358648	0.7713985093277339	([457, 93], [457, 196, 85])
1	0.7701601215042139	0.7714356181511283	([236, 15], [236, 58, 45])
1	0.7690351526965032	0.7714356181511283	([236, 58], [236, 96, 45])
1	0.7208582406280547	0.7716328433440733	([427, 283], [427, 385, 96])
1	0.7418072294209967	0.7716597579726894	([391, 119], [391, 381, 119])
1	0.7681689972505145	0.7716749505221482	([225, 65], [225, 209, 65])
1	0.732245655946987	0.7717128030487534	([437, 127], [437, 398, 330])
1	0.738541174323767	0.7717362097800382	([481, 154], [481, 154, 137])
1	0.7613265607990609	0.7717640826204824	([424, 142], [424, 406, 142])
1	0.769255945688614	0.7719661222029123	([427, 313], [427, 405, 307])
1	0.768789736473797	0.7719674433843164	([448, 280], [448, 432, 267])
1	0.7540117935059201	0.7723711116358998	([480, 306], [480, 404, 291])
1	0.770686458765074	0.7724947532584848	([322, 109], [368, 329, 109])
1	0.7616977592147687	0.7726855041304721	([323, 248], [323, 295, 248])
1	0.7202668519401272	0.7727795010659644	([381, 6], [380, 175, 171])
1	0.75829096899376	0.7728001919959063	([250, 22], [250, 245, 22])
1	0.7532264649134544	0.772835367263052	([331, 148], [325, 262, 148])
1	0.7645054972854782	0.7729193886848108	([334, 87], [334, 310, 287])
1	0.7720880159407993	0.7729312192555295	([381, 255], [381, 279, 255])
1	0.753815155770158	0.7729616823373089	([276, 5], [312, 276, 274])
1	0.7403134885580285	0.7730036642089348	([452, 215], [452, 421, 215])
1	0.7685372714296708	0.773057476222927	([233, 70], [243, 233, 77])
1	0.7435301823393279	0.7731394279071849	([333, 68], [333, 68, 52])
1	0.7596238700581734	0.7732161774822066	([305, 31], [305, 277, 114])
1	0.7658174828639224	0.77330550513398	([376, 55], [391, 376, 23])
1	0.7559713633535929	0.7733819592011294	([228, 29], [228, 214, 29])
1	0.7673156454390725	0.7734951469551311	([392, 183], [392, 226, 183])
1	0.7351909052413984	0.7735055493006703	([260, 66], [260, 241, 207])
1	0.7529187149569988	0.7736661816210058	([391, 239], [391, 279, 274])
1	0.7529401133903979	0.7737900662078417	([354, 242], [354, 341, 242])
1	0.767678274006097	0.7739338897842422	([395, 229], [395, 391, 229])
1	0.7683361936444398	0.7741414098274877	([276, 164], [276, 225, 202])
1	0.7582751592478416	0.7741620906811926	([362, 140], [362, 333, 52])
1	0.7626107143872528	0.7744312204311768	([418, 188], [432, 418, 188])
1	0.7522619492288721	0.7746761637388982	([475, 318], [475, 318, 51])
1	0.7459559572845906	0.7750019857735965	([367, 195], [367, 345, 204])
1	0.773517900634578	0.7752263874702036	([308, 83], [322, 308, 108])
1	0.7503018466979593	0.7752300974172802	([353, 20], [353, 152, 30])
1	0.753309568478853	0.7753284526212816	([336, 92], [392, 357, 92])
1	0.7259441520264698	0.7754872117728302	([365, 9], [351, 341, 9])
1	0.7611235524148688	0.7756157345808654	([337, 186], [337, 322, 186])
1	0.7694595541700935	0.7757444721711971	([285, 132], [285, 145, 132])
1	0.7291704086818508	0.7757617422628112	([472, 131], [481, 472, 131])
1	0.7616919357946115	0.7758830874753407	([264, 95], [299, 264, 95])
1	0.7742655091738873	0.7759204135933538	([183, 21], [183, 158, 21])
1	0.7566969605433023	0.7759741852143613	([235, 23], [235, 146, 114])
1	0.7559640228809286	0.7759943004773381	([390, 199], [421, 390, 215])
1	0.7302273662052825	0.7761794692310247	([325, 191], [373, 325, 184])
1	0.7673028506279672	0.776375703789519	([449, 258], [449, 390, 258])
1	0.7740920359562732	0.7765691713437769	([438, 168], [438, 407, 161])
1	0.7683924460505921	0.7769171249231357	([361, 22], [361, 321, 22])
1	0.7759238309580103	0.7769964590021062	([279, 68], [279, 145, 57])
1	0.7559135612434725	0.7771133201652918	([406, 60], [406, 60, 50])
1	0.7470197285789966	0.777159197237867	([439, 210], [439, 210, 139])
1	0.7555423848060255	0.777258614383847	([249, 28], [292, 249, 11])
1	0.7494363519672513	0.7775215963450077	([329, 193], [329, 193, 109])
1	0.7014861858757739	0.77767594745571	([461, 274], [461, 435, 274])
1	0.7591118644806255	0.778086880921531	([440, 156], [440, 275, 242])
1	0.7376528609738071	0.7782983564625617	([457, 196], [457, 400, 117])
1	0.7596348474284795	0.7785125990206696	([232, 84], [232, 217, 84])
1	0.7691827368054217	0.7786216582685852	([463, 257], [423, 296, 294])
1	0.7543081989634217	0.7788889116643766	([434, 256], [414, 285, 256])
1	0.7482658105008717	0.778982510690726	([199, 20], [199, 159, 134])
1	0.7711373109069117	0.7792022829967347	([321, 220], [361, 321, 220])
1	0.7560088642233025	0.7793976829010649	([221, 93], [221, 152, 76])
1	0.7731238560282839	0.7796200110462921	([426, 159], [426, 391, 161])
1	0.7350805575087387	0.7796346496802692	([441, 146], [457, 146, 92])
1	0.7471411616857326	0.7796546576004788	([378, 182], [378, 182, 171])
1	0.7747433228715012	0.7797759856698974	([375, 135], [375, 196, 135])
1	0.7694329246829203	0.7799876005941975	([451, 145], [451, 306, 261])
1	0.7660934672083001	0.7799981366443732	([348, 141], [450, 348, 141])
1	0.7654264080127324	0.7803630096925448	([420, 71], [420, 415, 71])
1	0.7673876580320471	0.7805300695132408	([384, 32], [474, 404, 384])
1	0.7756984466277131	0.7805786964420075	([360, 210], [360, 337, 210])
1	0.7454997446744501	0.780761225800977	([355, 13], [355, 200, 155])
1	0.7717628530319307	0.7809258282267537	([251, 88], [251, 143, 88])
1	0.7422882211991129	0.7809431421435196	([353, 189], [379, 353, 179])
1	0.7625931285001636	0.7810432454069804	([311, 54], [311, 139, 77])
1	0.7724937204748639	0.7811045967094734	([444, 91], [462, 444, 91])
1	0.7753694617960459	0.7812334480902318	([434, 205], [434, 205, 164])
1	0.7453695574166351	0.7812467983275152	([381, 102], [381, 102, 65])
1	0.7424233040863396	0.7812467983275152	([389, 63], [389, 381, 65])
1	0.7796967670004464	0.7815020115731908	([479, 194], [479, 468, 194])
1	0.7504906322096528	0.7817517872074207	([460, 121], [460, 121, 15])
1	0.7711119511025882	0.7819118353820622	([412, 206], [398, 206, 139])
1	0.7573855530187753	0.7819159582141275	([418, 237], [431, 418, 237])
1	0.7426273093374228	0.782025747744581	([450, 114], [348, 202, 141])
1	0.7804732627019141	0.7821252077113724	([379, 16], [379, 274, 16])
1	0.7619499532276864	0.7822542028067727	([445, 120], [440, 156, 151])
1	0.721156439355488	0.7825295288234181	([474, 184], [474, 184, 168])
1	0.746697241905861	0.7831326140841935	([462, 132], [462, 132, 48])
1	0.7745380373843025	0.7832941358027603	([330, 76], [341, 330, 76])
1	0.7592422002029393	0.7835923077671293	([464, 200], [464, 355, 200])
1	0.760631520435136	0.7836309688442983	([362, 101], [362, 180, 140])
1	0.7582377587578484	0.7836454415551312	([204, 18], [204, 144, 9])
1	0.7578933654143136	0.7838449546841979	([404, 196], [404, 325, 196])
1	0.7822431430776275	0.7838797048098028	([475, 253], [475, 388, 253])
1	0.7523060887192774	0.7845502168768678	([323, 81], [481, 323, 81])
1	0.7242760578046068	0.7846464417576643	([430, 220], [430, 361, 338])
1	0.7714786898095205	0.784778301570559	([370, 163], [370, 307, 163])
1	0.7677683973643676	0.7848084539637123	([360, 56], [464, 360, 355])
1	0.7829555772201985	0.7849381817477784	([465, 255], [465, 452, 255])
1	0.7350871765161594	0.7852042312812529	([459, 23], [459, 58, 22])
1	0.7747188478732363	0.78527273590604	([353, 234], [419, 383, 214])
1	0.7347071568392194	0.78527273590604	([436, 214], [436, 419, 214])
1	0.7662592669595788	0.7856058708755361	([438, 224], [438, 275, 262])
1	0.7492610743917559	0.7857705400515689	([413, 98], [413, 149, 89])
1	0.767076140868264	0.7863482966294978	([452, 12], [452, 407, 12])
1	0.7473348304692662	0.7864660327461868	([267, 50], [267, 70, 50])
1	0.7768224591321349	0.7866788454937468	([428, 16], [428, 294, 33])
1	0.7647545712643128	0.7868124532713716	([360, 148], [360, 228, 148])
1	0.7756073573780647	0.7869295939880258	([263, 14], [263, 163, 14])
1	0.7735612326335499	0.7871509851246828	([363, 196], [375, 266, 196])
1	0.7782726143227852	0.7874874328438757	([402, 254], [402, 254, 123])
1	0.7589769659741709	0.7879533978397335	([426, 148], [426, 159, 148])
1	0.777630598199926	0.7879996727680326	([359, 146], [359, 290, 274])
1	0.7256425832653615	0.7880003263473498	([358, 86], [393, 358, 86])
1	0.7808444408669095	0.788152181744014	([428, 81], [428, 270, 230])
1	0.7540561458070066	0.7888837547438516	([359, 106], [359, 354, 211])
1	0.782853077414969	0.7891372322372021	([365, 207], [365, 299, 279])
1	0.7777856988668028	0.7893650660645227	([384, 192], [384, 257, 192])
1	0.5802850696772842	0.790212712540836	([4, 0], [356, 181, 4])
1	0.7728182762185328	0.7902931262032827	([422, 216], [422, 339, 171])
1	0.7715983069255578	0.7908242943648306	([371, 75], [409, 371, 323])
1	0.7591081950470187	0.7911421765169547	([436, 106], [436, 424, 106])
1	0.7648347519267816	0.7913564516953752	([467, 223], [467, 431, 223])
1	0.7660527025254131	0.791918233671196	([366, 176], [384, 366, 176])
1	0.7733135916078674	0.7924668185669248	([475, 183], [475, 210, 183])
1	0.777863729656727	0.7925591696077667	([460, 212], [460, 341, 242])
1	0.786644042432622	0.7925946499562929	([476, 174], [481, 476, 174])
1	0.7708932333179471	0.7950070470722932	([426, 253], [426, 319, 275])
1	0.7948729006088704	0.7958080052062515	([431, 54], [431, 104, 54])
1	0.7857303468939918	0.7961464911125111	([471, 195], [471, 201, 195])
1	0.7844152883218152	0.7966399030734768	([444, 201], [444, 241, 219])
1	0.7729891514242899	0.797675652467628	([359, 58], [364, 359, 58])
1	0.7786087472939507	0.7980682077501752	([319, 53], [361, 319, 53])
1	0.7694141378667918	0.7982664537173461	([448, 80], [470, 448, 80])
1	0.777790915864978	0.7993281023626477	([429, 88], [458, 429, 387])
1	0.7833839469511005	0.8025357911587998	([348, 26], [348, 313, 26])
1	0.7740225304286207	0.803391345632035	([338, 50], [338, 148, 36])
1	0.6247606587365672	0.8275178850623743	([78, 0], [271, 78, 12])
0	0.0	inf	([0], [])
