0	0.0	0.013784361049479542	([137], [137, 127])
0	0.0	0.01644187933327853	([161], [161, 135])
0	0.0	0.0165339337200454	([134], [134, 4])
0	0.0	0.01895574799793447	([141], [141, 123])
0	0.0	0.2515719022905486	([319], [319, 318])
0	0.0	0.2576976555829055	([313], [313, 312])
0	0.0	0.2579970551325553	([22], [22, 21])
0	0.0	0.26255303390764223	([89], [89, 88])
0	0.0	0.2646838968542217	([170], [170, 169])
0	0.0	0.2701030567554591	([231], [231, 230])
0	0.0	0.27194733989471054	([32], [32, 31])
0	0.0	0.27424908696112993	([110], [110, 109])
0	0.0	0.27534978747051936	([321], [321, 320])
0	0.0	0.2753587937523103	([289], [289, 288])
0	0.0	0.2775279020466657	([97], [97, 96])
0	0.0	0.2785522720594576	([249], [249, 248])
0	0.0	0.28046724621661284	([163], [163, 162])
0	0.0	0.280655182899661	([228], [228, 227])
0	0.0	0.28068079958690867	([20], [20, 19])
0	0.0	0.2815938802437936	([160], [160, 159])
0	0.0	0.28292585849557633	([247], [247, 246])
0	0.0	0.28314332568779643	([7], [7, 6])
0	0.0	0.28347487711382524	([286], [286, 285])
0	0.0	0.2838730951238598	([165], [165, 164])
0	0.0	0.2840107780378015	([85], [85, 84])
0	0.0	0.2844334942131134	([49], [49, 48])
0	0.0	0.2844788094843238	([311], [311, 310])
0	0.0	0.2850771319217858	([168], [168, 167])
0	0.0	0.28561922791374555	([1], [1, 0])
0	0.0	0.28562780146177474	([16], [16, 15])
0	0.0	0.28789682364214336	([244], [244, 243])
0	0.0	0.2883466816690926	([46], [46, 45])
0	0.0	0.2885396198375301	([198], [198, 197])
0	0.0	0.2889650713014792	([191], [191, 190])
0	0.0	0.2899572315992316	([175], [175, 174])
0	0.0	0.2903273759054467	([14], [14, 13])
0	0.0	0.29177814203029606	([10], [10, 9])
0	0.0	0.29197843488130276	([318], [318, 317])
0	0.0	0.29202672407461355	([173], [173, 172])
0	0.0	0.29285650824670983	([284], [284, 283])
0	0.0	0.2933391011572759	([126], [126, 125])
0	0.0	0.2939219659822418	([187], [187, 186])
0	0.0	0.29443220010039606	([226], [226, 225])
0	0.0	0.29465723058117144	([293], [293, 292])
0	0.0	0.2947868025694613	([302], [302, 301])
0	0.0	0.29491198296805055	([272], [272, 271])
0	0.0	0.2951488585889858	([178], [178, 177])
0	0.0	0.29533797260333555	([240], [240, 239])
0	0.0	0.29559418152775596	([179], [179, 178])
0	0.0	0.295830909154976	([35], [35, 34])
0	0.0	0.2959591524280057	([269], [269, 268])
0	0.0	0.2963450597749381	([105], [105, 104])
0	0.0	0.2966924237212781	([316], [316, 315])
0	0.0	0.29742749218333214	([252], [252, 251])
0	0.0	0.29793220962863726	([317], [317, 316])
0	0.0	0.29830604817990364	([24], [24, 23])
0	0.0	0.2986318305090257	([256], [256, 255])
0	0.0	0.2987512258088361	([94], [94, 93])
0	0.0	0.29885465437572295	([194], [194, 193])
0	0.0	0.2995239730357702	([320], [320, 319])
0	0.0	0.2999293506865199	([149], [149, 146])
0	0.0	0.3002041645822496	([265], [265, 264])
0	0.0	0.3004101925271308	([41], [41, 40])
0	0.0	0.30121794381147143	([182], [182, 181])
0	0.0	0.3012403783968608	([45], [45, 44])
0	0.0	0.30141724591985114	([67], [67, 66])
0	0.0	0.30145151563509437	([17], [17, 16])
0	0.0	0.3020858247715716	([15], [15, 14])
0	0.0	0.302157113501179	([227], [227, 226])
0	0.0	0.30256983934325427	([237], [237, 236])
0	0.0	0.30278468544288195	([116], [116, 115])
0	0.0	0.3032945461283343	([218], [218, 217])
0	0.0	0.30338151952427106	([309], [309, 308])
0	0.0	0.3035644442963035	([38], [38, 37])
0	0.0	0.30430560345592	([184], [184, 183])
0	0.0	0.30441482536496134	([176], [176, 175])
0	0.0	0.3048800002503455	([223], [223, 222])
0	0.0	0.305521550158317	([102], [102, 101])
0	0.0	0.3055574025441044	([99], [99, 98])
0	0.0	0.30556714814979613	([172], [172, 171])
0	0.0	0.3065460164634291	([54], [54, 53])
0	0.0	0.30716056929353824	([153], [153, 152])
0	0.0	0.30733412162806467	([275], [275, 274])
0	0.0	0.3079628545699969	([290], [290, 289])
0	0.0	0.3093051514684852	([315], [315, 314])
0	0.0	0.3097955954385944	([292], [292, 291])
0	0.0	0.31005455036964785	([55], [55, 54])
0	0.0	0.31065104891997175	([189], [189, 188])
0	0.0	0.3108755657294938	([101], [101, 100])
0	0.0	0.3109046497056103	([296], [296, 295])
0	0.0	0.31101879347488753	([259], [259, 258])
0	0.0	0.3114647916295588	([250], [250, 249])
0	0.0	0.3116514038170285	([114], [114, 113])
0	0.0	0.312125998228448	([224], [224, 223])
0	0.0	0.31281248498745606	([241], [241, 240])
0	0.0	0.31286474330528624	([51], [51, 50])
0	0.0	0.31346063258221235	([246], [246, 245])
0	0.0	0.3135695673889521	([19], [19, 18])
0	0.0	0.31377101902434373	([88], [88, 87])
0	0.0	0.31397352999756667	([130], [130, 129])
0	0.0	0.31403585349951185	([6], [6, 5])
0	0.0	0.3143617554916224	([8], [8, 7])
0	0.0	0.31455504371769305	([215], [215, 214])
0	0.0	0.3156880056253558	([66], [66, 65])
0	0.0	0.3158680331791767	([18], [18, 17])
0	0.0	0.3168463694145071	([242], [242, 241])
0	0.0	0.31685131170250785	([154], [154, 152])
0	0.0	0.3170062383075507	([148], [148, 147])
0	0.0	0.31725864790659347	([263], [263, 262])
0	0.0	0.3174512083558204	([13], [13, 12])
0	0.0	0.31774252274041126	([277], [277, 276])
0	0.0	0.3177718447009508	([257], [257, 256])
0	0.0	0.31916085191395616	([233], [233, 232])
0	0.0	0.3192811061435744	([212], [212, 211])
0	0.0	0.3193357657866556	([70], [70, 69])
0	0.0	0.31970785524553724	([222], [222, 221])
0	0.0	0.31976306709490876	([314], [314, 313])
0	0.0	0.31982547321173543	([74], [74, 73])
0	0.0	0.31987577248079674	([305], [305, 304])
0	0.0	0.3200724967579689	([107], [107, 106])
0	0.0	0.3202246100878511	([169], [169, 168])
0	0.0	0.32034586377626467	([36], [36, 35])
0	0.0	0.320483645756357	([25], [25, 24])
0	0.0	0.32180828003354456	([57], [57, 56])
0	0.0	0.32185338144271164	([166], [166, 165])
0	0.0	0.32210029689922987	([64], [64, 63])
0	0.0	0.3222864608081585	([113], [113, 112])
0	0.0	0.3225726233766464	([295], [295, 294])
0	0.0	0.3228328567057198	([53], [53, 52])
0	0.0	0.3228365405814387	([122], [122, 121])
0	0.0	0.32338834956526585	([42], [42, 41])
0	0.0	0.32495882954455313	([188], [188, 187])
0	0.0	0.3252326830929202	([276], [276, 275])
0	0.0	0.32535775196399047	([73], [73, 72])
0	0.0	0.32545745932983033	([251], [252, 250])
0	0.0	0.32595997855208536	([202], [202, 201])
0	0.0	0.32603985216205794	([279], [279, 278])
0	0.0	0.32610118208975125	([253], [253, 252])
0	0.0	0.3263609207742336	([131], [131, 130])
0	0.0	0.32661401400569934	([260], [260, 259])
0	0.0	0.3270994062766635	([12], [12, 11])
0	0.0	0.3272514197032413	([287], [287, 286])
0	0.0	0.3272549969153083	([43], [43, 42])
0	0.0	0.32782594191494546	([91], [91, 90])
0	0.0	0.328520624714192	([30], [30, 29])
0	0.0	0.3285835209833832	([60], [60, 59])
0	0.0	0.32875426820161713	([180], [180, 179])
0	0.0	0.32878098722749616	([177], [177, 176])
0	0.0	0.32890808223124	([106], [106, 105])
0	0.0	0.32897209520238824	([115], [115, 114])
0	0.0	0.3291787530556567	([303], [303, 302])
0	0.0	0.3298066623188066	([79], [79, 78])
0	0.0	0.3299930056191807	([83], [83, 82])
0	0.0	0.330278792487106	([280], [280, 279])
0	0.0	0.3302829478222033	([28], [28, 27])
0	0.0	0.33072027506352447	([201], [201, 200])
0	0.0	0.33073256097219844	([281], [281, 280])
0	0.0	0.3315211979497476	([164], [164, 163])
0	0.0	0.33158157813002176	([109], [110, 108])
0	0.0	0.33223003918313415	([158], [158, 157])
0	0.0	0.33268785507405585	([75], [75, 74])
0	0.0	0.3329633453017748	([208], [208, 207])
0	0.0	0.3330912186165787	([312], [312, 311])
0	0.0	0.3334691985629523	([95], [95, 94])
0	0.0	0.33385873537680005	([232], [232, 231])
0	0.0	0.33391230690943574	([308], [308, 307])
0	0.0	0.33398301655065943	([299], [299, 298])
0	0.0	0.33498561326520504	([204], [204, 203])
0	0.0	0.3351405010436936	([200], [200, 199])
0	0.0	0.3356587070358559	([219], [219, 218])
0	0.0	0.33619008638657194	([297], [297, 296])
0	0.0	0.3363157253471237	([210], [210, 209])
0	0.0	0.3383103873489076	([307], [307, 306])
0	0.0	0.33851458910396864	([234], [234, 233])
0	0.0	0.3388586164277292	([248], [249, 247])
0	0.0	0.3395459439135406	([206], [206, 205])
0	0.0	0.33964903939222707	([264], [264, 263])
0	0.0	0.33974962471687203	([304], [304, 303])
0	0.0	0.34010141527721377	([132], [132, 131])
0	0.0	0.34034746726107207	([59], [59, 58])
0	0.0	0.3404037154601281	([33], [33, 32])
0	0.0	0.3408341439504415	([104], [104, 103])
0	0.0	0.3409365752289068	([301], [301, 300])
0	0.0	0.3412352727672305	([100], [100, 99])
0	0.0	0.34124865630238543	([225], [225, 224])
0	0.0	0.34157909163332206	([159], [159, 158])
0	0.0	0.3418804471231192	([267], [267, 266])
0	0.0	0.34221629291301375	([220], [220, 219])
0	0.0	0.3423892834622676	([183], [183, 182])
0	0.0	0.3427355393489271	([81], [81, 80])
0	0.0	0.3436350716041019	([29], [29, 28])
0	0.0	0.34369128966511087	([34], [34, 33])
0	0.0	0.34433738194616326	([56], [56, 55])
0	0.0	0.3447013045485823	([186], [186, 185])
0	0.0	0.3448860636753132	([238], [238, 237])
0	0.0	0.3453160839212599	([230], [230, 229])
0	0.0	0.34544109358767455	([68], [68, 67])
0	0.0	0.34554134830748534	([147], [147, 146])
0	0.0	0.3466330180557767	([144], [144, 143])
0	0.0	0.34668435684391774	([278], [278, 277])
0	0.0	0.346761833569842	([80], [80, 79])
0	0.0	0.3476395950644318	([27], [27, 26])
0	0.0	0.3487586490090625	([190], [190, 189])
0	0.0	0.3487935081348822	([39], [39, 38])
0	0.0	0.3490338733512667	([207], [207, 206])
0	0.0	0.3493718934011309	([112], [112, 111])
0	0.0	0.34939158728592484	([125], [125, 124])
0	0.0	0.34988205710746784	([203], [203, 202])
0	0.0	0.35004947037265777	([239], [239, 238])
0	0.0	0.35028286567149963	([205], [205, 204])
0	0.0	0.3504916535417471	([294], [294, 293])
0	0.0	0.35125814747256306	([285], [285, 284])
0	0.0	0.35164277202226035	([221], [221, 220])
0	0.0	0.35173537279913697	([211], [211, 210])
0	0.0	0.3517936313505319	([174], [174, 173])
1	0.34343783016870505	0.35188364782477116	([43, 40], [43, 42, 40])
0	0.0	0.3519007638460927	([117], [117, 116])
0	0.0	0.3519895188332707	([254], [254, 253])
0	0.0	0.3521836647873642	([37], [37, 36])
0	0.0	0.35234876524170167	([273], [273, 272])
0	0.0	0.35252758366821063	([63], [63, 62])
0	0.0	0.352805457172715	([65], [65, 64])
0	0.0	0.35332827684688956	([268], [269, 267])
0	0.0	0.353514975119463	([3], [3, 1])
0	0.0	0.35370385743195476	([214], [214, 213])
0	0.0	0.35380623568988057	([266], [266, 265])
0	0.0	0.3538220346311603	([213], [213, 212])
0	0.0	0.3541097457990975	([181], [181, 180])
0	0.0	0.35450738874134974	([26], [26, 25])
0	0.0	0.35456209222337626	([195], [195, 194])
0	0.0	0.3547634328998207	([270], [270, 269])
0	0.0	0.3550345836992083	([111], [111, 110])
0	0.0	0.35539717729218473	([50], [50, 49])
0	0.0	0.35557608034661703	([185], [185, 184])
0	0.0	0.35649483155990125	([82], [82, 81])
0	0.0	0.3571082851742297	([171], [171, 170])
0	0.0	0.3571774503454669	([274], [274, 273])
0	0.0	0.3573606977821944	([76], [76, 75])
0	0.0	0.35798273899898425	([156], [156, 155])
0	0.0	0.3587398633019573	([11], [11, 10])
0	0.0	0.3595144368540121	([157], [157, 156])
0	0.0	0.36037268995712074	([306], [306, 305])
0	0.0	0.3616344667634199	([23], [23, 22])
0	0.0	0.36203601604687075	([9], [9, 8])
0	0.0	0.36242676927769407	([209], [209, 208])
0	0.0	0.36244099050501694	([162], [162, 160])
0	0.0	0.36437941282008035	([193], [193, 192])
0	0.0	0.3651933176251879	([255], [256, 254])
0	0.0	0.36552007040394735	([258], [258, 257])
0	0.0	0.36631060520084724	([300], [300, 299])
0	0.0	0.36748656952771813	([298], [298, 297])
0	0.0	0.36848021124252317	([229], [229, 228])
0	0.0	0.36872678219394167	([310], [310, 309])
0	0.0	0.3687656993167867	([152], [152, 151])
0	0.0	0.36981058451573906	([262], [262, 261])
0	0.0	0.36997553186120824	([48], [48, 47])
0	0.0	0.37035380216535674	([145], [145, 144])
0	0.0	0.3712461225392445	([243], [243, 242])
0	0.0	0.37212399429325405	([245], [245, 244])
0	0.0	0.37287715912554564	([52], [52, 51])
1	0.3515151768232828	0.37478593684924405	([107, 104], [107, 106, 105])
0	0.0	0.375830330366767	([192], [192, 191])
0	0.0	0.3758476458592264	([78], [78, 77])
0	0.0	0.37596020633472693	([167], [167, 166])
0	0.0	0.37660984469244674	([283], [283, 282])
0	0.0	0.37720909259028396	([77], [77, 76])
0	0.0	0.3777734912174738	([271], [271, 270])
0	0.0	0.37805207549841746	([282], [282, 281])
0	0.0	0.37936059008045675	([199], [199, 198])
0	0.0	0.37937081135272344	([92], [92, 91])
0	0.0	0.3843484633230458	([96], [96, 95])
0	0.0	0.38502170076437997	([40], [40, 39])
0	0.0	0.38604075719636144	([124], [124, 119])
0	0.0	0.38656025953501827	([90], [90, 89])
1	0.3640800401662974	0.3868677070489219	([132, 129], [132, 131, 130])
0	0.0	0.3870923351780014	([5], [5, 3])
0	0.0	0.38758157982406277	([119], [124, 122])
0	0.0	0.38790701113424564	([150], [150, 146])
0	0.0	0.38853090274373736	([21], [21, 20])
0	0.0	0.38854258521557516	([216], [216, 215])
0	0.0	0.3893716165239379	([151], [151, 146])
0	0.0	0.38953474118616954	([103], [103, 102])
0	0.0	0.3896363459089664	([93], [93, 92])
0	0.0	0.3908602782468273	([98], [98, 97])
0	0.0	0.3915906456457421	([146], [147, 145])
0	0.0	0.3921371436361186	([136], [136, 128])
0	0.0	0.3924846992532639	([108], [108, 107])
0	0.0	0.3946157054776855	([217], [217, 216])
0	0.0	0.3949462178245859	([69], [69, 68])
0	0.0	0.3950386468308407	([31], [31, 30])
0	0.0	0.3963200069817165	([143], [154, 142])
0	0.0	0.3982145188190655	([261], [261, 260])
0	0.0	0.4017503294965535	([62], [62, 60])
0	0.0	0.4023585304385615	([288], [290, 287])
0	0.0	0.4047919480771132	([87], [87, 84])
1	0.37875102792275644	0.4064520265698573	([39, 36], [39, 38, 36])
0	0.0	0.4089106841745869	([236], [236, 233])
0	0.0	0.41321704992385627	([44], [46, 43])
0	0.0	0.414621704006989	([47], [47, 46])
0	0.0	0.4155011500118371	([291], [291, 290])
0	0.0	0.4167262747610866	([197], [197, 195])
0	0.0	0.42062890876403664	([235], [235, 234])
0	0.0	0.4208803734938869	([155], [155, 143])
1	0.41334563366941796	0.4269287671701602	([148, 144], [148, 147, 145])
1	0.39749159908250475	0.4269287671701602	([149, 145], [149, 148, 145])
0	0.0	0.4273232554462514	([0], [3, 2])
0	0.0	0.42860594687644066	([58], [58, 57])
0	0.0	0.42977928074329963	([2], [62, 61])
0	0.0	0.4331118361621456	([120], [120, 119])
1	0.3750304493197613	0.4356475250238401	([149, 148], [149, 148, 146])
1	0.4120494565623681	0.4356475250238401	([151, 148], [151, 148, 146])
0	0.0	0.4391682102380186	([129], [129, 126])
0	0.0	0.44362799188012253	([86], [86, 85])
1	0.43166987469339824	0.4441594023206949	([216, 209], [215, 211, 210])
1	0.44312511806914523	0.4461138256014269	([152, 145], [152, 151, 145])
0	0.0	0.4479309556777081	([142], [197, 196])
0	0.0	0.451519407336081	([118], [118, 117])
0	0.0	0.4556443016936642	([72], [72, 71])
1	0.4106331440257435	0.45788959508890936	([281, 273], [281, 279, 273])
0	0.0	0.4582950294682436	([121], [119, 118])
0	0.0	0.461185476030381	([128], [136, 118])
0	0.0	0.46279893238236275	([140], [140, 2])
0	0.0	0.4639259637871043	([196], [235, 139])
0	0.0	0.46549564887241246	([84], [84, 83])
0	0.0	0.4676699164434218	([139], [139, 86])
0	0.0	0.47252662099503756	([71], [76, 70])
1	0.46148755265899605	0.4749542908389878	([237, 234], [237, 236, 234])
1	0.4471474040642634	0.4793577343230269	([147, 143], [147, 146, 143])
1	0.44677910213252947	0.4793577343230269	([155, 150], [155, 146, 143])
1	0.45478430850637236	0.4852538208393034	([204, 195], [203, 202, 195])
1	0.46533375108205727	0.4874856562039857	([156, 147], [156, 155, 147])
1	0.4742432321636009	0.48953669295359287	([83, 70], [82, 78, 70])
1	0.464604851955431	0.49998484063370857	([156, 144], [156, 155, 144])
1	0.5282630324471643	0.5344357011675818	([217, 207], [217, 215, 208])
1	0.5368464498427827	0.552356630990437	([298, 290], [298, 297, 290])
1	0.5423070168444618	0.5596691166413948	([154, 150], [154, 151, 150])
1	0.4732268344121375	0.5596691166413948	([154, 143], [154, 152, 151])
1	0.5630685563095791	0.5654310245125135	([218, 209], [218, 217, 216])
1	0.5744680296779476	0.5809929487686949	([132, 119], [132, 129, 126])
1	0.5919656053483736	0.5933491251999864	([301, 293], [301, 298, 293])
1	0.6079439441880662	0.6136930383909	([37, 26], [37, 30, 26])
1	0.6101085577215984	0.6317325973278758	([243, 231], [243, 236, 234])
1	0.6233612618433637	0.6347239653620612	([47, 26], [47, 38, 30])
0	0.0	0.6347985005308713	([133], [133, 122])
1	0.621786269849778	0.6554637678174108	([277, 143], [277, 275, 156])
1	0.6377486838747576	0.6630492105801461	([142, 81], [142, 90, 81])
1	0.6628979820881329	0.6647236803232749	([221, 193], [221, 206, 205])
1	0.5049905589705568	0.6666067554295447	([129, 128], [136, 128, 118])
1	0.6624879632274394	0.6711345223653158	([274, 149], [275, 274, 155])
1	0.6325947190603898	0.677261918235167	([213, 142], [213, 205, 195])
1	0.6567777552144988	0.6781240402062015	([54, 32], [54, 46, 45])
1	0.6774972229750408	0.6837551031903795	([222, 142], [222, 218, 142])
1	0.6770409490913863	0.6838259777616013	([142, 122], [142, 131, 122])
1	0.6487533505051104	0.6843426136580685	([131, 111], [131, 122, 114])
1	0.6275016100844296	0.6846426892691652	([257, 245], [257, 253, 245])
1	0.6843792878005176	0.685030809569479	([291, 142], [291, 287, 142])
1	0.6695330120619792	0.6874722021217788	([206, 186], [206, 194, 186])
1	0.6651545669481763	0.6898959987102212	([224, 192], [224, 218, 192])
1	0.686984790151354	0.6906861304438803	([281, 157], [281, 274, 149])
1	0.6878511781623095	0.6920523516165639	([266, 142], [274, 263, 142])
1	0.6837080349967943	0.6920523516165639	([282, 142], [282, 274, 142])
1	0.6899445759127435	0.6924044113594202	([291, 255], [291, 290, 255])
1	0.6740605489587167	0.6929836344736049	([286, 259], [286, 271, 270])
1	0.6735967336636294	0.702220145293064	([192, 164], [192, 180, 164])
1	0.636416760935592	0.703582768565662	([133, 111], [133, 122, 111])
1	0.7030629675187234	0.7044660825774589	([246, 178], [246, 232, 178])
1	0.6902214387757951	0.7116939383285089	([142, 31], [142, 53, 32])
1	0.7079032949902353	0.711709581108489	([294, 253], [294, 283, 268])
1	0.6904638628238331	0.7121944254618148	([240, 220], [240, 228, 220])
1	0.6546386476826819	0.7127134791404468	([298, 274], [298, 287, 278])
1	0.7079340663123712	0.7128241180433624	([295, 149], [295, 290, 149])
1	0.7071346793268536	0.7141354041347541	([119, 85], [119, 106, 85])
1	0.6762183537564109	0.7153241139550989	([233, 142], [233, 225, 218])
1	0.699158906749986	0.7176735234785087	([232, 185], [232, 224, 185])
1	0.7140993294136871	0.7185673643198643	([259, 237], [259, 253, 237])
1	0.6837836863365759	0.718676945498337	([151, 129], [151, 129, 91])
1	0.7148589314969938	0.719034796933149	([81, 0], [81, 48, 46])
1	0.7019266096447562	0.7198621117087022	([153, 87], [124, 112, 92])
1	0.7065940981731055	0.720316797446983	([190, 153], [190, 180, 143])
1	0.7193258827207416	0.7207604161274439	([96, 9], [96, 9, 0])
1	0.683396189172268	0.7209792249700622	([258, 226], [258, 239, 226])
1	0.6567980212460149	0.721645149049032	([142, 131], [131, 110, 108])
1	0.7009623533349617	0.7217704689085922	([48, 0], [28, 21, 0])
1	0.687358292670914	0.7228562454692431	([262, 143], [277, 263, 262])
1	0.7222739754269434	0.7233360879183295	([223, 191], [230, 223, 191])
1	0.7192989539110738	0.7236569717867334	([96, 60], [96, 83, 67])
1	0.7207447405191527	0.7238243937297102	([209, 144], [211, 209, 149])
1	0.6917273920168551	0.7238464095061325	([265, 158], [281, 267, 157])
1	0.6776427744636129	0.7249801766371162	([184, 142], [222, 194, 188])
1	0.7116267906665256	0.7249801766371162	([231, 188], [231, 222, 188])
1	0.7078129886940134	0.7252694022127608	([217, 184], [221, 217, 184])
1	0.6677524356823471	0.7261269782570827	([151, 106], [152, 151, 91])
1	0.6987678115683132	0.7262620657203	([321, 290], [321, 308, 302])
1	0.7181129168177749	0.7268378953604443	([145, 96], [152, 145, 96])
1	0.714928258337007	0.7269374366244126	([234, 162], [251, 242, 234])
1	0.7103225888470754	0.7273819721892719	([233, 181], [233, 218, 181])
1	0.701842997740663	0.7275258185450707	([221, 175], [217, 194, 180])
1	0.720358328212919	0.7277484841479548	([130, 94], [130, 110, 103])
1	0.7082454360193895	0.7277603011233947	([244, 169], [251, 244, 164])
1	0.7215276877561732	0.7287943200900839	([207, 171], [224, 220, 171])
1	0.7022242386113287	0.7291974174123138	([289, 247], [288, 266, 258])
1	0.710540223332414	0.7295026612352148	([255, 224], [255, 242, 228])
1	0.7128939022517223	0.729781006230441	([268, 200], [268, 222, 200])
1	0.7170086978391678	0.7298046850788592	([305, 151], [305, 289, 282])
1	0.6544974169779914	0.729841393344799	([145, 124], [153, 142, 112])
1	0.7152387531066796	0.7308920862701342	([216, 156], [214, 213, 156])
1	0.7259183267793549	0.7310215303235051	([130, 55], [130, 89, 76])
1	0.7049826211172358	0.7311983151246628	([224, 159], [224, 176, 171])
1	0.7129501396904065	0.7317345595118497	([168, 151], [168, 159, 151])
1	0.7207641275709028	0.73200467155556	([208, 147], [208, 198, 192])
1	0.7191587299092551	0.7323223365056275	([90, 19], [108, 93, 21])
1	0.7221301567534336	0.7328505837165238	([217, 158], [217, 203, 158])
1	0.6874268631406807	0.7330560670509166	([224, 171], [207, 192, 186])
1	0.7253298092617256	0.7336816549051113	([310, 166], [310, 175, 166])
1	0.7345105147518409	0.7348668848028923	([313, 247], [313, 311, 247])
1	0.6320267892049518	0.7357545776673414	([306, 142], [306, 287, 268])
1	0.7325010083129387	0.7360334733110863	([303, 215], [303, 298, 215])
1	0.7121180578542468	0.7366325136516758	([198, 166], [198, 188, 166])
1	0.6574853712077476	0.7367343964361246	([251, 167], [231, 188, 164])
1	0.7221420462705075	0.7368650840694738	([247, 179], [247, 179, 171])
1	0.7260809502379364	0.7373625140749321	([321, 250], [321, 250, 232])
1	0.7357857084924094	0.7381109940857309	([158, 1], [158, 143, 142])
1	0.6911997905688365	0.73813901182971	([203, 153], [203, 167, 158])
1	0.7240482250399012	0.7382697441701492	([103, 17], [103, 38, 28])
1	0.7009774384609443	0.7384312588279781	([234, 177], [234, 177, 167])
1	0.7314127909022236	0.7388240312563601	([299, 233], [311, 299, 233])
1	0.718386990616602	0.7388916432229101	([255, 160], [282, 255, 160])
1	0.7129594886288718	0.7390119657172411	([96, 0], [96, 81, 63])
1	0.6925686036049721	0.739536722231413	([173, 150], [172, 164, 154])
1	0.6845671366403493	0.7396950450617943	([198, 147], [217, 208, 157])
1	0.7348295341971064	0.7397519102401349	([236, 187], [236, 221, 187])
1	0.734347607788522	0.7397582008175322	([219, 170], [219, 187, 181])
1	0.6983955346231522	0.7399100289139939	([252, 186], [252, 247, 180])
1	0.7226022624293982	0.739953367457328	([143, 117], [151, 143, 106])
1	0.7292150452374321	0.7406612729553356	([238, 200], [238, 234, 200])
1	0.7219961655248643	0.7407798004313145	([313, 224], [313, 310, 229])
1	0.6006841325728088	0.7408397247358783	([278, 148], [265, 257, 158])
1	0.7062651903097744	0.7412818512742291	([308, 243], [311, 308, 243])
1	0.7129075854177944	0.7412896603044993	([310, 229], [310, 254, 229])
1	0.7350471131131605	0.7414468993085364	([299, 185], [309, 299, 185])
1	0.7169215574222518	0.741495255568763	([314, 249], [314, 313, 249])
1	0.6846568040868115	0.7423060752650121	([211, 151], [211, 210, 151])
1	0.7138490583580066	0.7427257349244641	([232, 163], [232, 178, 167])
1	0.6647323882341732	0.7428370470353054	([150, 131], [155, 150, 131])
1	0.7339398945174622	0.7433865000800489	([256, 225], [256, 247, 245])
1	0.7131389654157646	0.7438999120274055	([108, 21], [90, 65, 54])
1	0.7278359884962395	0.7439347237850126	([291, 231], [291, 254, 231])
1	0.7343435808482829	0.7439675959068451	([315, 231], [315, 292, 231])
1	0.7250765306962812	0.7440422257867936	([261, 244], [261, 256, 244])
1	0.7378783004232881	0.7441340373424636	([68, 18], [68, 33, 18])
1	0.7119646104465635	0.7443775102668745	([251, 198], [251, 191, 167])
1	0.7172645370521108	0.7446491866361232	([97, 5], [96, 92, 9])
1	0.7385002255934149	0.7446905931953757	([244, 205], [244, 222, 205])
1	0.7324892104767027	0.7450102816664249	([250, 170], [250, 232, 167])
1	0.6327172306048001	0.7452934224239796	([142, 11], [142, 32, 24])
1	0.7162841511200521	0.7458953900738285	([74, 34], [74, 63, 34])
1	0.6907692744059429	0.7461723534961637	([154, 126], [157, 145, 124])
1	0.695707379714468	0.7464888903034911	([317, 142], [317, 306, 297])
1	0.7103791073948248	0.746489703739039	([303, 182], [303, 300, 181])
1	0.7144367208275078	0.7465965262675647	([56, 19], [56, 31, 19])
1	0.7084888649438706	0.7471805673159478	([142, 2], [142, 11, 2])
1	0.7231005497539077	0.747254118733109	([248, 163], [248, 232, 227])
1	0.7047271824033172	0.7474515003135613	([166, 148], [166, 159, 158])
1	0.6741293444498623	0.7479591619218249	([196, 145], [209, 198, 144])
1	0.7465513117109652	0.7479960828026814	([268, 174], [268, 222, 174])
1	0.626062051379565	0.7485304634590334	([205, 142], [291, 184, 162])
1	0.6940439879045961	0.7485304634590334	([309, 194], [299, 291, 184])
1	0.7407150034060083	0.7488538165830426	([129, 15], [132, 129, 28])
1	0.7455260589288765	0.7495505543828819	([214, 182], [214, 204, 182])
1	0.706476452210738	0.7496194171025685	([306, 183], [313, 292, 192])
1	0.7015739836675647	0.7501624338729271	([145, 27], [145, 131, 27])
1	0.7224752323524175	0.7501909924036465	([287, 220], [287, 223, 220])
1	0.6316026232237014	0.7507201956974887	([132, 95], [132, 95, 77])
1	0.7266213635929092	0.750734308175924	([218, 160], [218, 192, 164])
1	0.723248277696862	0.7510401497587275	([103, 38], [99, 92, 20])
1	0.7384900619488804	0.7513647488031437	([320, 256], [320, 303, 260])
1	0.7204297805178425	0.7517397323193054	([320, 169], [320, 229, 193])
1	0.6872343595505266	0.752030420058855	([252, 142], [263, 252, 251])
1	0.650792843860503	0.7521221847297589	([219, 152], [170, 163, 152])
1	0.7433682485218924	0.7522786646529199	([293, 224], [293, 286, 224])
1	0.7392124643118418	0.752518423098293	([272, 215], [272, 215, 211])
1	0.7334957374192329	0.7526565176997992	([229, 165], [229, 203, 158])
1	0.7218422020185536	0.7526954872237691	([319, 158], [319, 294, 283])
1	0.7307105059576169	0.7535695406932511	([255, 188], [255, 188, 174])
1	0.7050449286653023	0.7535695406932511	([268, 222], [268, 255, 174])
1	0.7345778115980341	0.7536713608237005	([285, 207], [291, 207, 199])
1	0.7374471590395184	0.7536760167609425	([96, 26], [124, 102, 26])
1	0.7279007655316379	0.7537529371463125	([304, 195], [304, 195, 191])
1	0.7360408934371865	0.753968837119617	([259, 201], [259, 223, 193])
1	0.694306071812658	0.753968837119617	([296, 193], [286, 259, 193])
1	0.7414876455931814	0.7542460965875405	([319, 168], [319, 294, 173])
1	0.7461721609830111	0.7542460965875405	([317, 173], [319, 317, 173])
1	0.7172005319712869	0.7542678448288874	([110, 79], [110, 98, 59])
1	0.7422721416906815	0.7543461690006705	([294, 159], [295, 288, 159])
1	0.7356270642621264	0.7544442918028896	([106, 29], [106, 62, 54])
1	0.7239560120277858	0.7546402022639848	([321, 267], [321, 267, 153])
1	0.7440448442989739	0.7547219444606919	([260, 217], [285, 260, 217])
1	0.7099925019574633	0.7549519811136669	([130, 26], [97, 96, 26])
1	0.7483685726328495	0.7550154720436303	([256, 189], [256, 237, 225])
1	0.7499484435047945	0.7551379767801863	([300, 244], [300, 295, 244])
1	0.7256308945351937	0.755268624600291	([297, 178], [297, 296, 182])
1	0.7391135078202071	0.7554487714658474	([321, 29], [321, 29, 1])
1	0.7483787491647009	0.7554558593866172	([238, 172], [241, 239, 166])
1	0.624556082673348	0.7554655989815519	([321, 1], [320, 291, 8])
1	0.753115445424079	0.7559247883457362	([307, 186], [307, 254, 232])
1	0.7393875132925865	0.7562895634410274	([98, 6], [107, 98, 7])
1	0.7448401941528169	0.7563853204697841	([164, 129], [164, 129, 122])
1	0.726223200318365	0.7564075939068696	([259, 159], [259, 193, 159])
1	0.7339408346357739	0.7564125559556932	([185, 10], [185, 23, 10])
1	0.6990593304121149	0.7565065347558729	([253, 173], [294, 173, 159])
1	0.699873989732254	0.7567782000197915	([316, 0], [314, 309, 0])
1	0.747152239282434	0.75689623831927	([303, 240], [303, 285, 231])
1	0.742603519479879	0.7571399928778174	([242, 152], [242, 229, 152])
1	0.7527662788179007	0.7571787234699034	([105, 25], [153, 112, 25])
1	0.7110067391195485	0.7575761514047296	([143, 1], [158, 154, 126])
1	0.7259734627123382	0.7575761514047296	([286, 126], [286, 158, 126])
1	0.705874260882689	0.7577320040127308	([298, 219], [298, 233, 229])
1	0.752623370492981	0.7577358237733764	([303, 152], [268, 222, 152])
1	0.7066267271052638	0.757744722908219	([107, 7], [119, 98, 85])
1	0.7018324000009099	0.7577947201254799	([310, 175], [304, 291, 166])
1	0.7484289830974958	0.7579162753841051	([311, 177], [321, 311, 177])
1	0.7237457110754918	0.7579293785822622	([321, 232], [321, 308, 232])
1	0.7198536970055354	0.7579326648726193	([278, 209], [278, 209, 144])
1	0.6922803865816389	0.7581567237966801	([239, 166], [245, 238, 172])
1	0.7424406964234178	0.7586527497869561	([164, 99], [164, 154, 126])
1	0.74788107368873	0.7588428198730156	([301, 236], [301, 289, 236])
1	0.7501928014593365	0.7589065778694757	([294, 119], [283, 282, 129])
1	0.705918513761622	0.758947060825105	([243, 165], [243, 229, 226])
1	0.7499895261996599	0.7590637285765928	([87, 27], [87, 45, 29])
1	0.7547060585897847	0.7600152313259243	([313, 170], [313, 298, 229])
1	0.7094329048758562	0.7603353001123478	([153, 25], [112, 83, 66])
1	0.7166601479271583	0.7603483991447109	([299, 250], [299, 259, 255])
1	0.7040248598593299	0.7603542916577377	([321, 151], [321, 306, 153])
1	0.7171902397840058	0.7604603340283799	([225, 166], [225, 193, 191])
1	0.7424849684455865	0.7610274091167736	([248, 147], [321, 248, 232])
1	0.7254954423330577	0.7613698252523835	([148, 105], [148, 144, 113])
1	0.7519933141104603	0.7616598160276256	([309, 160], [309, 284, 160])
1	0.6401103692094675	0.7618350673451715	([132, 28], [129, 93, 89])
1	0.7470571100814285	0.762136718185838	([288, 187], [288, 187, 182])
1	0.6938125675939669	0.762148718548774	([131, 38], [131, 111, 69])
1	0.7410490508884902	0.7624529383708238	([245, 153], [230, 206, 153])
1	0.7272407435736575	0.7625836600644512	([302, 13], [302, 183, 171])
1	0.7192805154762072	0.7625836600644512	([302, 171], [306, 302, 183])
1	0.7423791394254629	0.762865896751838	([254, 113], [254, 154, 113])
1	0.7054043252323967	0.7629558434280757	([148, 69], [148, 108, 69])
1	0.7433889621886142	0.7635748770235324	([167, 117], [167, 157, 150])
1	0.7585169466745915	0.7637539116579624	([287, 172], [287, 172, 166])
1	0.7047071274888879	0.7646831891717244	([243, 145], [243, 185, 165])
1	0.7619822557078051	0.7649029378356256	([315, 245], [315, 314, 245])
1	0.7268604829818079	0.7654403526859028	([60, 8], [60, 38, 8])
1	0.7631553473931313	0.7657894547966881	([301, 180], [304, 301, 180])
1	0.6813424277348602	0.7659096330454606	([293, 0], [314, 313, 3])
1	0.7657902468484448	0.7659987263402442	([299, 198], [299, 198, 195])
1	0.7578256843746424	0.7662286880214725	([259, 7], [259, 160, 158])
1	0.7246629687779537	0.7671027704819834	([318, 234], [318, 234, 172])
1	0.6871104388931828	0.7674837078580988	([156, 130], [267, 255, 122])
1	0.7567933358997144	0.7676900201669415	([294, 202], [294, 233, 202])
1	0.7650456964270557	0.7679765001472092	([310, 150], [310, 299, 150])
1	0.736943316415218	0.7681819666098004	([321, 216], [321, 232, 216])
1	0.7330268937567272	0.7682131014739426	([160, 7], [259, 107, 105])
1	0.737519058216838	0.7682676578110326	([186, 1], [186, 160, 158])
1	0.7552051776109042	0.7683917089431833	([312, 165], [312, 294, 173])
1	0.7592798860875465	0.7687052612479266	([312, 258], [312, 292, 288])
1	0.7584919033193013	0.7691215885181052	([269, 219], [279, 269, 219])
1	0.7014159045314919	0.7691599477759458	([187, 145], [185, 169, 145])
1	0.764057004076393	0.7691972904482058	([115, 19], [115, 92, 9])
1	0.6964581866759001	0.769462526571076	([318, 171], [318, 313, 170])
1	0.7645837171458981	0.7695068689874512	([50, 9], [50, 24, 23])
1	0.7672594091078181	0.7695596789672706	([184, 9], [222, 184, 142])
1	0.7586467759363164	0.7695676452279073	([247, 5], [247, 226, 5])
1	0.7631382661480317	0.7696240400444943	([300, 7], [300, 289, 7])
1	0.7330896541253089	0.7697473428674172	([302, 144], [302, 294, 158])
1	0.753925269237908	0.7702497063297029	([180, 7], [193, 180, 7])
1	0.7558566879057009	0.770280027811683	([109, 11], [109, 102, 1])
1	0.7702025377052117	0.7703013812005965	([149, 73], [149, 147, 73])
1	0.7529986562589972	0.7705256109080616	([211, 162], [233, 211, 190])
1	0.760007139201362	0.771012786234291	([239, 18], [239, 75, 18])
1	0.7484381063939072	0.7713643638472726	([317, 220], [317, 220, 171])
1	0.7481080320812146	0.7717664172242156	([227, 129], [283, 231, 220])
1	0.7615673105405014	0.7718143484669534	([264, 208], [264, 258, 208])
1	0.7470021840105642	0.7721586236818643	([162, 14], [174, 162, 159])
1	0.7085411128080008	0.7725034051711515	([126, 1], [321, 295, 244])
1	0.7628909019173986	0.7725960399666114	([131, 17], [131, 27, 17])
1	0.7436333018371218	0.7728744030808969	([174, 0], [159, 103, 0])
1	0.7628236225877888	0.7731014175792962	([293, 107], [293, 107, 0])
1	0.7724361297916634	0.7733182433628804	([215, 107], [215, 157, 155])
1	0.7091069188346626	0.7734286064360474	([150, 98], [150, 97, 26])
1	0.7534521477935889	0.7734286064360474	([147, 26], [150, 147, 26])
1	0.7726419822766165	0.7736725308994752	([168, 11], [182, 168, 153])
1	0.6958637219890862	0.7744585249829717	([296, 145], [298, 296, 145])
1	0.7567120163186462	0.7747927036504226	([64, 13], [64, 25, 13])
1	0.769972191895661	0.7764215010498886	([301, 131], [301, 298, 131])
1	0.775465474393185	0.7766176470229076	([171, 92], [184, 171, 92])
1	0.757656842571363	0.7767923940305097	([222, 9], [228, 222, 19])
1	0.763440619658305	0.7767923940305097	([319, 19], [310, 222, 19])
1	0.7713658693562777	0.7772018855681937	([182, 11], [182, 153, 25])
1	0.7725051496023642	0.7772455894806536	([238, 150], [238, 226, 150])
1	0.7371695964716354	0.7773048055081145	([228, 19], [184, 164, 21])
1	0.7314664477501877	0.7774411059686777	([248, 8], [291, 248, 184])
1	0.5930977594085454	0.7776103409599421	([132, 77], [132, 119, 95])
1	0.7693807712476455	0.777641194414688	([210, 6], [304, 210, 191])
1	0.7208614245566453	0.7778398954584814	([232, 0], [314, 249, 232])
1	0.7739121504682348	0.7781080013907878	([122, 14], [122, 59, 54])
1	0.7371834177855132	0.778146326675897	([211, 0], [206, 177, 174])
1	0.7522794664967127	0.7787668799806701	([231, 15], [311, 308, 19])
1	0.7086375570435879	0.778883640128807	([260, 187], [260, 246, 145])
1	0.7377882399184768	0.7794530232722336	([291, 115], [291, 288, 115])
1	0.7520634558084873	0.7801244678960604	([167, 8], [167, 151, 150])
1	0.7573726249371205	0.7803142721389761	([242, 16], [230, 166, 162])
1	0.7565765225578498	0.7809412794414285	([307, 117], [307, 298, 117])
1	0.7405579112798697	0.7812657010115609	([170, 16], [185, 166, 20])
1	0.7795075991124972	0.7816506112768231	([228, 94], [228, 94, 5])
1	0.730673518787304	0.781857142796879	([152, 22], [152, 80, 22])
1	0.7773056751013608	0.7821341938387045	([154, 14], [154, 19, 14])
1	0.7713393833399147	0.7821341938387045	([163, 19], [163, 154, 19])
1	0.7614215890683318	0.7827554580337247	([281, 90], [281, 157, 90])
1	0.7400098008601094	0.7827734587088457	([116, 34], [124, 116, 34])
1	0.7039073663802007	0.7833807429266028	([151, 2], [321, 320, 151])
1	0.7796487289906839	0.7835747925540089	([263, 22], [263, 237, 218])
1	0.7222901733483077	0.7835937578135644	([185, 23], [230, 169, 9])
1	0.7122538695373489	0.7842990951728849	([189, 19], [311, 189, 186])
1	0.7656254184724045	0.7845056608963304	([313, 121], [313, 302, 121])
1	0.7669906243489342	0.7847526083232438	([297, 201], [297, 234, 229])
1	0.7766871953195146	0.7851417750925318	([321, 120], [321, 120, 29])
1	0.7852878378323185	0.7858428430552988	([272, 178], [272, 228, 178])
1	0.7659392612867895	0.7860453584770072	([220, 26], [302, 220, 121])
1	0.6398306444997919	0.786272223626483	([133, 58], [133, 111, 58])
1	0.7211422695525972	0.7863822408063746	([198, 130], [209, 156, 144])
1	0.6801319015882115	0.7864194564939851	([312, 16], [312, 236, 230])
1	0.750981679679666	0.7866454454446832	([239, 75], [242, 239, 6])
1	0.7486607663435721	0.7867255712465779	([188, 6], [239, 178, 6])
1	0.7652994109678651	0.7867771294346978	([246, 89], [246, 164, 89])
1	0.7719261823482664	0.7869180709589777	([258, 102], [258, 248, 126])
1	0.7370156519763588	0.7872008664600304	([303, 114], [303, 152, 99])
1	0.7429361835344299	0.7872008664600304	([299, 99], [303, 299, 99])
1	0.7494648620582172	0.7876502784134655	([225, 12], [225, 163, 23])
1	0.7648947299942541	0.78828001351735	([304, 6], [210, 157, 6])
1	0.7621487596749255	0.7883290449170396	([264, 10], [300, 264, 158])
1	0.780200357542755	0.7885244397104683	([170, 109], [170, 126, 115])
1	0.7119572415427816	0.7885759990088316	([246, 12], [246, 245, 12])
1	0.787832642532747	0.789118525340509	([192, 30], [192, 158, 3])
1	0.7731728690816557	0.7893459261985596	([243, 98], [243, 145, 98])
1	0.7752274274665973	0.7895495339443197	([213, 109], [213, 188, 109])
1	0.783115903174079	0.7895495339443197	([300, 109], [300, 188, 109])
1	0.784358636651676	0.7901976351766313	([160, 95], [259, 160, 74])
1	0.770872181096576	0.7902627811809143	([158, 45], [158, 75, 45])
1	0.7558379048770302	0.7906475826821884	([286, 24], [286, 106, 103])
1	0.7870541516158122	0.7907320050881148	([95, 10], [95, 60, 27])
1	0.7805954982100549	0.7908121814681105	([165, 24], [165, 160, 5])
1	0.7743002019269072	0.7911251786867682	([237, 22], [263, 254, 22])
1	0.7115854122994137	0.7911564137045324	([183, 13], [173, 154, 19])
1	0.7280320655973473	0.7914406522165324	([301, 105], [301, 131, 105])
1	0.6503427038966157	0.7914578528587174	([133, 128], [133, 128, 122])
1	0.7614609962272928	0.7919212413337503	([309, 26], [225, 220, 23])
1	0.7917244499174683	0.7919476617267094	([293, 23], [293, 260, 244])
1	0.7573073629579439	0.7919806007186293	([157, 30], [157, 96, 90])
1	0.7632579166801763	0.792331701498527	([251, 17], [251, 158, 1])
1	0.7521893443983406	0.7923846675194806	([316, 11], [316, 11, 0])
1	0.7661478383847421	0.7934175375101935	([259, 74], [164, 160, 74])
1	0.7781107035982353	0.7935283217145774	([190, 104], [190, 153, 116])
1	0.7899718685735944	0.7935530016692338	([182, 72], [182, 72, 18])
1	0.7890511118848781	0.7937129870707286	([182, 93], [182, 93, 25])
1	0.7892712629973008	0.7945210292976025	([289, 20], [289, 288, 20])
1	0.7856843590508102	0.7945638941056963	([148, 9], [158, 148, 9])
1	0.7810042025226037	0.7947968989596216	([280, 121], [280, 157, 143])
1	0.7893607492681323	0.7950778323515766	([260, 23], [261, 260, 23])
1	0.7631626939017674	0.7957596570465846	([190, 8], [296, 248, 8])
1	0.7943858975127155	0.7961016592511891	([296, 29], [296, 96, 75])
1	0.7745691651711339	0.7970179634395909	([168, 69], [168, 147, 112])
1	0.7903618307070674	0.7971226532814158	([165, 88], [165, 88, 24])
1	0.7558747280785827	0.7979307474763098	([144, 46], [144, 113, 68])
1	0.7665868075180327	0.7980984812611961	([307, 89], [307, 117, 81])
1	0.7841005286910946	0.7981465068354614	([146, 95], [154, 146, 95])
1	0.7945599139365691	0.7982306732522398	([266, 25], [266, 25, 20])
1	0.7669968425067528	0.798346942872003	([298, 53], [298, 242, 170])
1	0.7884384919293983	0.7989479741999302	([143, 16], [143, 117, 25])
1	0.7912336239677792	0.7998675613200382	([173, 43], [173, 43, 19])
1	0.78463486808585	0.7999859617428638	([159, 42], [159, 145, 27])
1	0.7841491169324163	0.8002030073225147	([314, 126], [314, 248, 173])
1	0.7896849876768784	0.8005659802266516	([225, 52], [225, 54, 52])
1	0.7992473958549375	0.800820531168775	([250, 101], [271, 250, 225])
1	0.7635880499996608	0.8008705802407363	([272, 14], [272, 207, 14])
1	0.796741768095979	0.8010382385711806	([203, 37], [203, 145, 37])
1	0.7869584414795506	0.8016605038531477	([208, 100], [226, 208, 100])
1	0.7982709085235142	0.8018567437184004	([295, 98], [295, 98, 6])
1	0.7827930306007994	0.8018938323430387	([149, 48], [150, 149, 48])
1	0.78387453927451	0.8021947333358519	([187, 64], [187, 170, 12])
1	0.7476043087865168	0.8023365163472786	([292, 22], [292, 286, 22])
1	0.7629690972890942	0.8025002417663326	([229, 27], [229, 180, 12])
1	0.7994029782882048	0.8026386890722865	([305, 80], [305, 289, 80])
1	0.7268248482331802	0.8030518997361131	([305, 12], [305, 250, 12])
1	0.7755972357939984	0.8049668473685059	([257, 118], [257, 251, 113])
1	0.7690925992811666	0.8051774061837587	([167, 59], [167, 117, 59])
1	0.7910658488375119	0.8052133472596332	([172, 34], [172, 165, 24])
1	0.7833489327777364	0.8061282966144263	([172, 94], [183, 172, 94])
1	0.7928868425412484	0.8070593611166464	([272, 45], [272, 151, 99])
1	0.8057784469153936	0.8084965374435413	([300, 50], [300, 50, 28])
1	0.8062331190327695	0.8087902709697564	([261, 97], [261, 144, 113])
1	0.790903642037876	0.8093921570430743	([315, 100], [315, 159, 114])
1	0.7879801612369352	0.810276026683829	([320, 55], [320, 55, 5])
1	0.8118871068317552	0.8121444229609984	([285, 54], [285, 116, 54])
1	0.8008063112676993	0.8138716761556632	([231, 79], [245, 231, 79])
1	0.8043843391880947	0.8143622667793432	([193, 34], [193, 34, 7])
1	0.7996588393907879	0.814444243922691	([177, 28], [289, 177, 28])
1	0.778347440240971	0.8149719319131288	([218, 60], [218, 198, 60])
1	0.5000748392253888	0.8162566704063959	([136, 61], [128, 106, 61])
1	0.811536853503102	0.8166941295623192	([261, 76], [261, 97, 76])
1	0.7771661838377679	0.8189015013550903	([255, 42], [255, 130, 26])
1	0.7947267991093389	0.818945469822996	([248, 40], [248, 225, 54])
1	0.8004567223849038	0.8197753667555231	([247, 59], [247, 59, 1])
1	0.7952696519345955	0.8207809575283005	([190, 55], [190, 55, 19])
1	0.7451873949323353	0.8214211923987924	([319, 130], [319, 169, 130])
1	0.8056337891603699	0.8225060535543645	([256, 29], [256, 252, 29])
1	0.7863153051108814	0.8230899297229266	([267, 57], [267, 158, 57])
1	0.8159552315172272	0.8265980293932503	([266, 104], [266, 114, 104])
1	0.8213325632233935	0.8271561400080746	([175, 53], [177, 175, 53])
1	0.7972285976692981	0.8280950130925958	([243, 31], [311, 243, 31])
1	0.6389532178017612	0.8320576288442636	([199, 132], [199, 132, 129])
1	0.8337376785292508	0.8372673718590082	([244, 57], [244, 57, 12])
1	0.4676731144798163	0.8841835846290619	([196, 139], [235, 234, 139])
1	0.48076331777743014	0.8900727351775218	([140, 120], [140, 120, 3])
1	0.606045594965086	0.8922415203163707	([142, 90], [234, 139, 86])
1	0.47504989648048973	0.8924131819400065	([140, 71], [140, 71, 1])
0	0.0	0.9726025361620848	([61], [136, 123])
0	0.0	0.9775708610853715	([123], [5, 4])
0	0.0	0.9776118556118876	([4], [162, 161])
0	0.0	0.9822748560181761	([127], [127, 126])
1	0.980289740948372	0.9862384487394436	([123, 122], [136, 124, 123])
0	0.0	1.0	([138], [138, 0])
0	0.0	inf	([135], [])
