0	0.0	0.014382729542759792	([45], [45, 38])
0	0.0	0.014475298752179993	([54], [54, 39])
0	0.0	0.017569529085797047	([30], [30, 24])
0	0.0	0.24706397328506408	([37], [37, 36])
0	0.0	0.26009098889070104	([75], [75, 74])
0	0.0	0.26356154098092327	([48], [48, 47])
0	0.0	0.2637883661339888	([42], [42, 41])
0	0.0	0.2665501357413451	([56], [56, 55])
0	0.0	0.2666838443481698	([200], [200, 199])
0	0.0	0.2673134514723522	([150], [150, 149])
0	0.0	0.26986789419303214	([2], [2, 0])
0	0.0	0.27109625487367955	([156], [156, 155])
0	0.0	0.2715035643997674	([143], [143, 142])
0	0.0	0.2720426256608826	([162], [162, 161])
0	0.0	0.27280928787033293	([126], [126, 125])
0	0.0	0.2749010497116142	([197], [197, 196])
0	0.0	0.27736511439190215	([50], [50, 49])
0	0.0	0.2807000148313178	([134], [134, 133])
0	0.0	0.28169394437556766	([138], [138, 137])
0	0.0	0.2829108515608764	([159], [159, 158])
0	0.0	0.28370296521022037	([168], [168, 167])
0	0.0	0.28425559998967526	([85], [85, 84])
0	0.0	0.2869975294173596	([152], [152, 151])
0	0.0	0.2898528434422134	([106], [106, 105])
0	0.0	0.29114074342572066	([176], [176, 175])
0	0.0	0.2935582108204927	([146], [146, 145])
0	0.0	0.29388709810876357	([74], [74, 73])
0	0.0	0.29402796016103344	([61], [61, 60])
0	0.0	0.2940666056847246	([34], [34, 33])
0	0.0	0.2945609146943274	([174], [174, 173])
0	0.0	0.2954796249559029	([66], [66, 65])
0	0.0	0.29810851299000096	([72], [72, 71])
0	0.0	0.3002498994722837	([182], [182, 181])
0	0.0	0.3005668418129445	([92], [92, 91])
0	0.0	0.3013810553107702	([179], [179, 178])
0	0.0	0.30311238668320023	([169], [169, 168])
0	0.0	0.30408982609328206	([165], [165, 164])
0	0.0	0.3046440779712991	([154], [154, 153])
0	0.0	0.3054556376171727	([118], [118, 117])
0	0.0	0.3069397988536696	([89], [89, 87])
0	0.0	0.30709856813763087	([129], [129, 128])
0	0.0	0.30712036693802325	([172], [172, 171])
0	0.0	0.30814204736415246	([110], [110, 109])
0	0.0	0.31014508644307476	([161], [161, 160])
0	0.0	0.31019139464097134	([101], [101, 100])
0	0.0	0.31093396641870097	([116], [116, 115])
0	0.0	0.3109593231551863	([87], [89, 88])
0	0.0	0.31117092304981714	([114], [114, 113])
0	0.0	0.3114970860015441	([47], [47, 46])
0	0.0	0.3116316876302768	([148], [148, 147])
0	0.0	0.31284668271515464	([127], [127, 126])
0	0.0	0.31343869727902934	([139], [139, 138])
0	0.0	0.3138555746047447	([63], [63, 62])
0	0.0	0.3146188740975241	([158], [158, 157])
0	0.0	0.314983413839585	([44], [44, 43])
0	0.0	0.3155537707376056	([71], [71, 70])
0	0.0	0.31690544518566194	([131], [131, 130])
0	0.0	0.3172835252316518	([102], [102, 101])
0	0.0	0.3177440222362822	([36], [36, 35])
0	0.0	0.3188698103557978	([77], [77, 76])
0	0.0	0.31904972915024377	([120], [120, 119])
0	0.0	0.3191122200616014	([96], [96, 95])
0	0.0	0.3200607631849349	([62], [62, 61])
0	0.0	0.32066653794053973	([193], [193, 192])
0	0.0	0.32080031678145177	([147], [147, 146])
0	0.0	0.3210947952644965	([136], [136, 135])
0	0.0	0.3221281152302943	([173], [173, 172])
0	0.0	0.3222753166998273	([43], [43, 42])
0	0.0	0.32318008302095275	([111], [111, 110])
0	0.0	0.3242791763037209	([194], [194, 193])
0	0.0	0.32635563667646295	([105], [105, 104])
0	0.0	0.3263719813793588	([80], [80, 79])
0	0.0	0.3270569867451429	([178], [178, 177])
0	0.0	0.3282540988334245	([78], [78, 77])
0	0.0	0.3286255011502694	([99], [99, 98])
0	0.0	0.3293509190027594	([153], [153, 152])
0	0.0	0.3294161178882158	([133], [133, 132])
0	0.0	0.32963156319823983	([65], [65, 64])
0	0.0	0.32984215594270955	([130], [130, 129])
0	0.0	0.32994830798657754	([157], [157, 156])
0	0.0	0.3314627712743386	([68], [68, 67])
0	0.0	0.3331040691306692	([81], [81, 80])
0	0.0	0.33361331957968127	([98], [98, 97])
0	0.0	0.3337063863478074	([180], [180, 179])
0	0.0	0.33385845140177317	([185], [185, 184])
0	0.0	0.3351010807555359	([51], [51, 50])
0	0.0	0.3357125069103821	([97], [97, 95])
0	0.0	0.33573386519499154	([100], [100, 99])
0	0.0	0.33643880587034886	([35], [35, 34])
0	0.0	0.33796549434824763	([145], [145, 144])
0	0.0	0.3384254483330259	([49], [49, 48])
0	0.0	0.33928192395507784	([186], [186, 185])
0	0.0	0.339386893931603	([121], [121, 120])
0	0.0	0.3398009396394251	([64], [64, 63])
0	0.0	0.3398374383774388	([151], [151, 150])
0	0.0	0.3401614395506238	([132], [132, 131])
0	0.0	0.34141046766000765	([188], [188, 187])
0	0.0	0.3415127582755393	([191], [191, 190])
0	0.0	0.3442023654114625	([124], [124, 123])
0	0.0	0.3446409407712631	([135], [135, 134])
0	0.0	0.34537198746253017	([144], [144, 143])
0	0.0	0.3454241203961544	([128], [128, 127])
0	0.0	0.3468066416350311	([108], [108, 107])
0	0.0	0.3470145971181792	([117], [117, 116])
0	0.0	0.34791329175770447	([95], [95, 94])
0	0.0	0.34854477752399937	([187], [187, 186])
0	0.0	0.35022965296460823	([94], [94, 93])
0	0.0	0.35083561192288576	([171], [171, 170])
0	0.0	0.3520371198713413	([163], [163, 162])
0	0.0	0.3522078046764389	([103], [103, 102])
0	0.0	0.352308746758267	([175], [175, 174])
0	0.0	0.35432636313601795	([52], [52, 51])
0	0.0	0.35443877459566325	([115], [115, 114])
0	0.0	0.35467411548551314	([184], [184, 183])
0	0.0	0.35512341693166083	([189], [189, 188])
0	0.0	0.35579920460452086	([122], [122, 121])
0	0.0	0.3568150439155201	([91], [91, 90])
0	0.0	0.3578948940467177	([73], [73, 72])
0	0.0	0.3579845223035074	([192], [192, 191])
0	0.0	0.35851456251695735	([84], [84, 83])
0	0.0	0.3585929910715978	([93], [93, 92])
0	0.0	0.35937344089433565	([160], [160, 159])
0	0.0	0.3599522851237053	([140], [140, 139])
0	0.0	0.36040669090252975	([10], [10, 9])
0	0.0	0.36368353614222715	([164], [164, 163])
0	0.0	0.3640696140488944	([177], [177, 176])
0	0.0	0.3648505332531252	([113], [113, 112])
0	0.0	0.3653431054128904	([57], [57, 56])
0	0.0	0.36707980054002926	([83], [83, 81])
0	0.0	0.36765371464378954	([107], [107, 106])
0	0.0	0.3679988955740701	([137], [137, 136])
0	0.0	0.3705479124145757	([149], [149, 148])
0	0.0	0.3706623091125402	([88], [87, 86])
0	0.0	0.37116631646153536	([104], [104, 103])
0	0.0	0.37183772143565813	([170], [170, 169])
0	0.0	0.37402154095259543	([167], [167, 166])
0	0.0	0.37533596315126366	([155], [155, 154])
0	0.0	0.3753806627943397	([125], [125, 124])
0	0.0	0.375969024343682	([166], [166, 165])
0	0.0	0.3773820662600871	([183], [183, 182])
0	0.0	0.379993086272536	([79], [79, 78])
0	0.0	0.3832187093801994	([112], [112, 111])
0	0.0	0.3837987026136279	([67], [67, 66])
0	0.0	0.3839178576605735	([109], [109, 108])
1	0.3652054047508844	0.3875599324183083	([122, 119], [122, 121, 120])
0	0.0	0.3886653005149435	([90], [90, 89])
0	0.0	0.3889510673870605	([123], [123, 122])
0	0.0	0.3902690959713862	([76], [76, 75])
0	0.0	0.39164516208466515	([190], [190, 189])
0	0.0	0.3930411203817879	([198], [198, 197])
0	0.0	0.39436704245139703	([58], [58, 53])
0	0.0	0.3948294587540762	([199], [199, 198])
0	0.0	0.3972467283887417	([142], [142, 141])
0	0.0	0.3982620452781133	([181], [181, 180])
0	0.0	0.39978372080477065	([31], [31, 23])
0	0.0	0.4060150175751387	([86], [86, 84])
0	0.0	0.40698347310874283	([9], [10, 8])
0	0.0	0.41297298892877415	([141], [142, 140])
0	0.0	0.4151190128220626	([5], [5, 4])
0	0.0	0.41532869402444816	([3], [3, 1])
0	0.0	0.4282444585661807	([119], [122, 118])
0	0.0	0.4306721173159733	([27], [27, 25])
0	0.0	0.43269785369752806	([69], [69, 53])
1	0.426187544383246	0.43403273703197737	([86, 80], [86, 84, 80])
0	0.0	0.4342515293586079	([29], [29, 28])
1	0.43363947564375255	0.43567492901102284	([148, 144], [148, 147, 146])
0	0.0	0.4407388194846299	([195], [195, 194])
0	0.0	0.4419144583180967	([60], [60, 59])
0	0.0	0.44194027903976363	([33], [33, 32])
0	0.0	0.4452527766367357	([82], [82, 81])
0	0.0	0.44649223819547196	([70], [82, 6])
0	0.0	0.4471337111229028	([46], [46, 44])
0	0.0	0.4481419581641748	([53], [69, 6])
0	0.0	0.4513204780196984	([59], [59, 6])
0	0.0	0.4531362223675666	([8], [9, 4])
1	0.45765883608348445	0.4578986491150327	([78, 73], [78, 76, 73])
0	0.0	0.459346445837017	([23], [31, 25])
0	0.0	0.4623156877909613	([196], [196, 195])
0	0.0	0.46440662403716604	([28], [28, 27])
0	0.0	0.46442852551078306	([32], [32, 23])
0	0.0	0.472523171358491	([4], [4, 3])
0	0.0	0.4859282630634412	([25], [28, 26])
0	0.0	0.48653037041411024	([6], [195, 23])
0	0.0	0.4941746306666326	([26], [58, 57])
0	0.0	0.5028683632527678	([41], [41, 37])
0	0.0	0.515562821642441	([1], [5, 2])
0	0.0	0.5493469656933871	([55], [52, 40])
1	0.4727606326049461	0.5565970783721786	([5, 1], [5, 4, 3])
1	0.5712670783932884	0.5735273174316101	([31, 26], [31, 29, 28])
1	0.5828629734468955	0.5846560624629288	([62, 56], [62, 59, 57])
1	0.5461677792020111	0.586334378802711	([31, 29], [31, 27, 26])
1	0.5808380356914232	0.5882293616636215	([171, 164], [171, 170, 168])
0	0.0	0.6063085372915871	([40], [108, 8])
1	0.6177282522646119	0.6208164868301967	([64, 55], [64, 59, 55])
1	0.6257748258736379	0.6296575214788557	([55, 46], [55, 51, 46])
1	0.6251879753238785	0.677512539380099	([76, 60], [76, 71, 60])
1	0.6290715303334125	0.6821267703741724	([154, 137], [154, 147, 137])
1	0.686724342991195	0.6942166061651128	([83, 67], [83, 75, 67])
1	0.6920110837531808	0.6965419004050754	([200, 179], [200, 194, 182])
1	0.6768479477200504	0.6982721879339585	([73, 57], [73, 71, 57])
1	0.6827940517909248	0.7035988504860649	([191, 169], [191, 179, 172])
1	0.711200611312281	0.7122513248903558	([173, 154], [173, 166, 154])
1	0.7018310215073024	0.7124426742401099	([127, 106], [127, 115, 106])
1	0.7038026222649109	0.7140320466144794	([130, 105], [130, 128, 105])
1	0.7091072179247366	0.7159715548376036	([99, 77], [99, 92, 83])
1	0.7165264000399553	0.7165563532055673	([123, 99], [123, 109, 104])
1	0.690858955746692	0.7207075464517035	([109, 3], [120, 109, 107])
1	0.7012214858134111	0.721113361897093	([102, 68], [102, 93, 80])
1	0.6942638435885795	0.7220822215950469	([145, 130], [145, 140, 130])
1	0.7233400696584922	0.7246778609478561	([70, 3], [81, 72, 70])
1	0.7244855751236611	0.7252874800400448	([188, 4], [188, 184, 4])
1	0.7058162724026887	0.7262130241609851	([98, 70], [99, 98, 70])
1	0.7166536098884668	0.7274711332404792	([158, 136], [158, 151, 142])
1	0.7159349730936424	0.728140350543248	([100, 67], [104, 100, 67])
1	0.7283975167333115	0.7290702178405039	([155, 133], [155, 143, 133])
1	0.7311226422733635	0.7334553657660408	([105, 29], [120, 104, 29])
1	0.7339592010584854	0.7342416554309106	([161, 146], [161, 158, 146])
1	0.6808912049361815	0.7360554896438568	([75, 51], [75, 72, 51])
1	0.659009832945967	0.7371387969799402	([96, 56], [96, 78, 56])
1	0.7001849938761299	0.7386710022131752	([81, 44], [81, 72, 55])
1	0.6712773501647397	0.7399573499219249	([46, 29], [46, 44, 29])
1	0.6373854520358129	0.7399573499219249	([57, 29], [57, 44, 29])
1	0.7228720442693823	0.7404243651845204	([59, 28], [60, 59, 28])
1	0.6901272567437945	0.7405547119314648	([111, 28], [111, 104, 29])
1	0.7404003700049867	0.7408593369071473	([182, 106], [182, 120, 106])
1	0.7015419602013351	0.7412876858468761	([138, 120], [138, 130, 120])
1	0.7089342734400683	0.7415360306073695	([105, 70], [105, 99, 97])
1	0.7224452728361899	0.7423937197336506	([80, 4], [97, 80, 79])
1	0.7317262906367368	0.7425203826283864	([170, 136], [170, 155, 136])
1	0.7433293545156326	0.744002086633998	([167, 50], [167, 157, 155])
1	0.7310886894488614	0.7444753448987638	([66, 33], [66, 55, 33])
1	0.7364527060980757	0.7447454312652715	([94, 57], [94, 78, 73])
1	0.7086137330620732	0.7451791918523494	([33, 9], [43, 33, 5])
1	0.7439699997248678	0.7456374320734553	([120, 61], [120, 63, 61])
1	0.7376188791536292	0.7465792172640718	([121, 96], [121, 105, 96])
1	0.7242524046429922	0.7465792172640718	([140, 95], [129, 105, 96])
1	0.7407991444024952	0.7465822331053064	([150, 125], [150, 137, 125])
1	0.7363832424243392	0.7469824513497373	([164, 145], [164, 155, 145])
1	0.6652280466843663	0.7479301137113319	([120, 29], [105, 70, 60])
1	0.7470989020260745	0.7496721267372534	([152, 103], [152, 139, 136])
1	0.7174977992941641	0.7501442739182186	([70, 46], [75, 70, 46])
1	0.7122979983118383	0.7527291410950057	([103, 48], [111, 103, 63])
1	0.7500095535505655	0.7533587129868016	([159, 108], [159, 131, 108])
1	0.7501251497952908	0.7534007944170467	([125, 5], [125, 123, 5])
1	0.7497745951887878	0.7548435303902128	([106, 89], [106, 99, 95])
1	0.7153617998290557	0.7548435303902128	([128, 95], [128, 106, 95])
1	0.7415680125623377	0.7551336751141285	([200, 55], [200, 190, 68])
1	0.7294846768400339	0.756171437700366	([200, 148], [200, 170, 166])
1	0.7299472464449285	0.7565553121768959	([171, 138], [169, 156, 151])
1	0.7510224747731772	0.7566040526816173	([115, 56], [115, 106, 56])
1	0.7551566586399636	0.75725345862897	([122, 77], [122, 106, 99])
1	0.7376193469434291	0.7579341594655056	([139, 66], [139, 96, 66])
1	0.7427078397310481	0.7584877452136739	([159, 131], [159, 150, 125])
1	0.7574978019445481	0.7591494810907069	([87, 48], [87, 71, 52])
1	0.7167237609616436	0.7595491904908742	([158, 68], [136, 103, 68])
1	0.714691082442009	0.7603457296365328	([109, 76], [109, 105, 60])
1	0.7497837592244997	0.7618478002003354	([144, 104], [144, 130, 104])
1	0.7583005380643397	0.762066282216931	([105, 36], [105, 60, 47])
1	0.7580797919884384	0.7626674058324702	([182, 146], [182, 160, 146])
1	0.7360209032173942	0.7627888908522621	([191, 29], [193, 182, 120])
1	0.7540581335478364	0.7641966353311547	([155, 120], [155, 133, 120])
1	0.7554198210082873	0.7641966353311547	([193, 133], [193, 133, 120])
1	0.7008756784837956	0.7655498320493273	([98, 28], [104, 98, 28])
1	0.6797891349250305	0.7655498320493273	([119, 28], [119, 104, 28])
1	0.7643454788898497	0.7656837198282318	([136, 52], [136, 103, 100])
1	0.7394178611076885	0.7660396873439399	([197, 140], [197, 160, 140])
1	0.7536166072890198	0.766288748518658	([175, 137], [177, 175, 137])
1	0.6987353556388055	0.767234544569068	([76, 10], [103, 76, 68])
1	0.6938853285292113	0.7676277436865623	([81, 3], [117, 109, 3])
1	0.7671817147934625	0.7679554745415075	([182, 51], [196, 182, 60])
1	0.7410725560544388	0.7680889776469757	([135, 67], [135, 106, 100])
1	0.7158730050391034	0.7682118290993707	([138, 94], [137, 131, 107])
1	0.7652965251546658	0.7685453119606436	([107, 62], [107, 73, 61])
1	0.7348317007316216	0.7690581321002847	([190, 68], [200, 196, 41])
1	0.7684562543168922	0.7691327188311945	([154, 106], [154, 135, 132])
1	0.7574262408764016	0.7700422090762311	([175, 85], [175, 109, 76])
1	0.7667063359044917	0.7701593421314015	([172, 127], [172, 166, 127])
1	0.7683731836297127	0.7706299722593368	([93, 42], [93, 71, 42])
1	0.7695835816283866	0.770777424892946	([124, 64], [124, 104, 66])
1	0.73779577110848	0.7710951388216304	([146, 102], [146, 130, 114])
1	0.7561892429692546	0.7711303861036126	([194, 108], [200, 194, 109])
1	0.7015402530298862	0.771799626423592	([106, 34], [106, 56, 42])
1	0.7703395437084491	0.7718953273979333	([166, 114], [166, 146, 145])
1	0.7462903833448115	0.7719224285281843	([112, 71], [112, 106, 71])
1	0.7660792848732202	0.7721101806419323	([160, 74], [160, 68, 63])
1	0.7547998227915982	0.7724505068915513	([132, 91], [132, 127, 91])
1	0.7373179196410771	0.7725800040814865	([157, 46], [160, 157, 63])
1	0.7563820707298289	0.7726442048659262	([181, 131], [181, 145, 131])
1	0.7661251324080471	0.7744141199794866	([135, 86], [135, 86, 67])
1	0.7391671074317132	0.7747604999506944	([125, 86], [125, 102, 94])
1	0.7304145405067348	0.7748303994591926	([199, 136], [199, 168, 134])
1	0.7734860841510072	0.7748526828365832	([167, 3], [167, 132, 3])
1	0.7741334828922112	0.7749588713913671	([131, 28], [131, 110, 28])
1	0.7578318786696128	0.7753457639298319	([196, 5], [196, 61, 41])
1	0.7613557030321552	0.7753457639298319	([196, 60], [196, 61, 60])
1	0.728489321624846	0.7753630814743532	([181, 145], [199, 181, 179])
1	0.730077757701506	0.7762629675794175	([196, 41], [182, 160, 51])
1	0.7702288389257247	0.7762698541650073	([188, 117], [188, 165, 161])
1	0.7287396522432558	0.7765181302813988	([182, 120], [193, 175, 137])
1	0.7072457935751677	0.776612807254278	([200, 109], [194, 185, 3])
1	0.7602787893212369	0.7767721376432488	([132, 65], [132, 103, 75])
1	0.7612545423633346	0.7777162148580031	([134, 83], [134, 131, 83])
1	0.7762687195335717	0.7779747628869559	([152, 28], [152, 126, 28])
1	0.7374220385690594	0.7782064583251243	([164, 102], [164, 117, 102])
1	0.7524945842416807	0.778390355672024	([156, 98], [173, 130, 98])
1	0.7688270297337432	0.7784107614160775	([176, 104], [176, 166, 127])
1	0.7696911311730941	0.7785130911168953	([130, 50], [167, 129, 50])
1	0.7498140943079971	0.778827301558009	([155, 94], [155, 94, 67])
1	0.7771310197475791	0.7791397503415379	([187, 132], [187, 173, 140])
1	0.7794564060068893	0.779482394470624	([147, 97], [147, 139, 101])
1	0.7703158540999242	0.779482394470624	([167, 89], [167, 147, 101])
1	0.7761204334284264	0.7801606756672301	([186, 57], [194, 186, 108])
1	0.7597957654742036	0.7801617536311288	([113, 52], [113, 72, 51])
1	0.7731358330044493	0.7802945103885258	([163, 60], [163, 60, 43])
1	0.7556041411962013	0.7804869279333296	([166, 56], [195, 171, 56])
1	0.7729124055074287	0.7807300216788194	([36, 3], [70, 43, 36])
1	0.7313073186528996	0.7807841370545051	([124, 41], [124, 64, 41])
1	0.740429792925074	0.7813987534181905	([144, 41], [196, 155, 144])
1	0.7645480439818695	0.7813987534181905	([185, 144], [196, 185, 144])
1	0.7278170281911365	0.7816942889855494	([161, 117], [164, 153, 129])
1	0.7136533689086254	0.7817444946254688	([155, 50], [155, 153, 94])
1	0.7491306328719493	0.7819944607821121	([175, 109], [175, 137, 85])
1	0.7750157811610747	0.7824795474296405	([172, 97], [172, 97, 74])
1	0.7808828845485473	0.7831480078773783	([198, 48], [198, 171, 165])
1	0.7217300711077275	0.7843736906990117	([162, 70], [183, 180, 70])
1	0.7847092181177049	0.7847256151140628	([193, 43], [193, 165, 163])
1	0.6812201042627701	0.7852476141211345	([27, 3], [36, 28, 27])
1	0.7466291272137291	0.785296421317432	([104, 5], [122, 117, 43])
1	0.7781405295048704	0.7863753213959027	([149, 88], [159, 149, 87])
1	0.7580380873479395	0.7864255097136553	([165, 48], [165, 160, 48])
1	0.7752320046214036	0.7868268952051913	([191, 102], [191, 173, 162])
1	0.773553759392744	0.7879672271863937	([168, 62], [168, 157, 62])
1	0.763086013717595	0.788076710969178	([189, 42], [200, 187, 42])
1	0.7357763837398033	0.7881317904991488	([192, 118], [200, 197, 67])
1	0.7881709282108218	0.7886236757814348	([137, 49], [140, 137, 49])
1	0.7031460705130127	0.788682578113273	([151, 56], [151, 135, 67])
1	0.7559353533423867	0.7891578646525591	([135, 47], [135, 67, 47])
1	0.7496996201489916	0.7894667431438006	([180, 44], [190, 179, 44])
1	0.7283061690615031	0.7895430482747101	([64, 5], [104, 64, 46])
1	0.7808096318612233	0.7895685419734643	([144, 79], [144, 134, 83])
1	0.7662243009873695	0.7901317636687167	([171, 111], [171, 111, 100])
1	0.7881228293100836	0.7901328126285556	([184, 65], [184, 182, 51])
1	0.7869450153650677	0.7910921630243636	([165, 112], [171, 165, 112])
1	0.7428311766175234	0.7913145646177203	([190, 113], [194, 190, 113])
1	0.7796734413098995	0.7922721851365386	([189, 128], [189, 167, 128])
1	0.7507026551311862	0.7924344720876957	([150, 91], [150, 142, 91])
1	0.7712244153113114	0.7924723347645711	([146, 76], [146, 123, 102])
1	0.7576628498660789	0.7925757055130289	([174, 94], [174, 130, 123])
1	0.770203404510748	0.7939426487160436	([170, 110], [170, 133, 131])
1	0.7801700558714146	0.7963407711954676	([187, 90], [187, 132, 103])
1	0.7837178752317335	0.7964008046152299	([125, 35], [125, 98, 35])
1	0.7423741653328829	0.797690029344091	([84, 41], [84, 67, 41])
1	0.7249318022443301	0.7978134748004904	([188, 37], [179, 103, 48])
1	0.7700092845666867	0.7984456762918518	([163, 43], [200, 163, 60])
1	0.7294278051193356	0.7984852928809552	([145, 73], [145, 139, 73])
1	0.7784420717835577	0.7993849656138631	([143, 89], [143, 89, 66])
1	0.7918867874187604	0.7999350210402497	([191, 64], [191, 183, 41])
1	0.7682201159989879	0.8016205617069657	([174, 46], [174, 166, 66])
1	0.7936630716312663	0.8036667584836616	([73, 27], [73, 42, 41])
1	0.798835873617063	0.8061403046057364	([161, 92], [161, 129, 92])
1	0.752037933892578	0.8061710822260431	([192, 35], [192, 70, 50])
1	0.697977090441083	0.806990455962364	([179, 28], [165, 63, 48])
1	0.7844609483206193	0.8081893181598652	([179, 88], [179, 100, 88])
1	0.7182757722080978	0.8137465258373656	([121, 9], [121, 41, 33])
1	0.49234193393374165	0.8154212547939464	([69, 68], [69, 59, 46])
1	0.7620525407389002	0.8173564526098791	([74, 31], [74, 46, 34])
1	0.7406357224975677	0.8201428840403576	([151, 0], [192, 178, 0])
1	0.7451102406205166	0.8206693883453289	([36, 0], [139, 101, 0])
1	0.5199812475017261	0.8248983322948126	([198, 25], [198, 141, 48])
1	0.49491146707280553	0.8270648961489251	([59, 57], [69, 58, 53])
1	0.6523285794879539	0.8279599226341132	([177, 26], [177, 69, 63])
1	0.7537475551521724	0.8420882171484032	([143, 29], [143, 60, 59])
1	0.7928162210269024	0.8442032166034773	([181, 27], [181, 102, 27])
1	0.6647849503437492	0.8445309648650517	([129, 26], [177, 129, 46])
1	0.5164503728441842	0.8562385728533134	([141, 25], [198, 60, 31])
1	0.7031842531572104	0.8577666993816279	([184, 10], [184, 37, 33])
1	0.7592846905053128	0.8589128577732772	([168, 5], [168, 125, 76])
1	0.5802573827645291	0.8641349427465896	([69, 26], [177, 46, 27])
1	0.6736538918133826	0.8643625721837	([43, 5], [121, 80, 56])
1	0.5148858851311053	0.8861130617734183	([55, 52], [195, 31, 29])
1	0.48466535973723945	0.8909740270584394	([70, 68], [82, 81, 6])
1	0.7193752184253275	0.9085568501814197	([152, 9], [152, 33, 28])
1	0.6576144792508953	0.9164659982562868	([97, 4], [184, 103, 37])
1	0.6700171206480654	0.9530748516233714	([135, 8], [135, 107, 8])
1	0.7132123524996546	0.9619510996367631	([178, 0], [97, 4, 0])
0	0.0	0.9753847169422136	([24], [30, 29])
1	0.7079196728745583	0.9776233290090584	([55, 2], [55, 36, 0])
0	0.0	0.9805713125517472	([0], [46, 45])
0	0.0	0.980957389411728	([38], [55, 54])
1	0.6802485045234835	0.9902263949521606	([120, 3], [109, 107, 8])
1	0.660711403952205	0.9932917187633303	([95, 1], [95, 80, 4])
1	0.6310612982178987	0.9979724122664962	([103, 10], [108, 103, 9])
0	0.0	1.0	([7], [7, 0])
0	0.0	1.0	([11], [11, 0])
0	0.0	1.0	([12], [12, 0])
0	0.0	1.0	([13], [13, 0])
0	0.0	1.0	([14], [14, 0])
0	0.0	1.0	([15], [15, 0])
0	0.0	1.0	([16], [16, 0])
0	0.0	1.0	([17], [17, 0])
0	0.0	1.0	([18], [18, 0])
0	0.0	1.0	([19], [19, 0])
0	0.0	1.0	([20], [20, 0])
0	0.0	1.0	([21], [21, 0])
0	0.0	1.0	([22], [22, 0])
0	0.0	inf	([39], [])
