0	0.0	0.2343595226637266	([436], [436, 435])
0	0.0	0.2350499800094546	([387], [387, 386])
0	0.0	0.23585099252403577	([419], [419, 418])
0	0.0	0.23862635116236358	([379], [379, 378])
0	0.0	0.2406589739211486	([90], [90, 89])
0	0.0	0.24328766664903276	([170], [170, 169])
0	0.0	0.24336710503887324	([375], [375, 374])
0	0.0	0.2435802796437568	([297], [297, 296])
0	0.0	0.2441239003831434	([373], [373, 372])
0	0.0	0.244147470531432	([442], [442, 441])
0	0.0	0.245653843232054	([389], [389, 388])
0	0.0	0.2461854855009416	([104], [104, 103])
0	0.0	0.2463047729812547	([37], [37, 36])
0	0.0	0.24687914997812654	([399], [399, 398])
0	0.0	0.24690668159382487	([434], [434, 433])
0	0.0	0.24730866769654503	([228], [228, 227])
0	0.0	0.2474327836685023	([301], [301, 300])
0	0.0	0.24774496736099394	([289], [289, 288])
0	0.0	0.24815578767793034	([32], [32, 31])
0	0.0	0.24827068711680153	([219], [219, 218])
0	0.0	0.24830119792139654	([45], [45, 44])
0	0.0	0.25080714460081094	([193], [193, 192])
0	0.0	0.2519548258834295	([265], [265, 264])
0	0.0	0.25215791757635897	([214], [214, 213])
0	0.0	0.2529718754401327	([205], [205, 204])
0	0.0	0.25311153307800865	([270], [270, 269])
0	0.0	0.2532977443591522	([284], [284, 283])
0	0.0	0.25343647967369004	([445], [445, 444])
0	0.0	0.25345601867377454	([299], [299, 298])
0	0.0	0.2536868566884242	([107], [107, 106])
0	0.0	0.2546125109121137	([305], [305, 304])
0	0.0	0.25530665055092794	([287], [287, 286])
0	0.0	0.2554413467800661	([271], [271, 270])
0	0.0	0.2561359271455565	([25], [25, 24])
0	0.0	0.2564967119510182	([441], [441, 440])
0	0.0	0.2573673817806929	([385], [385, 384])
0	0.0	0.2579316101351938	([98], [98, 97])
0	0.0	0.2581695490556954	([209], [209, 208])
0	0.0	0.2587939487405528	([296], [296, 295])
0	0.0	0.2593571547267895	([224], [224, 223])
0	0.0	0.2596274332581868	([401], [401, 400])
0	0.0	0.2597478555925969	([412], [412, 411])
0	0.0	0.26000104249431577	([292], [292, 291])
0	0.0	0.260164929726699	([172], [172, 171])
0	0.0	0.26034300309622177	([364], [364, 363])
0	0.0	0.26053709381076595	([431], [431, 430])
0	0.0	0.2607665721003894	([382], [382, 381])
0	0.0	0.2608033075979368	([178], [178, 177])
0	0.0	0.26111707474636625	([255], [255, 254])
0	0.0	0.26150882144576576	([75], [75, 74])
0	0.0	0.2616994936905245	([262], [262, 261])
0	0.0	0.2617535009817057	([112], [112, 111])
0	0.0	0.2617772119261935	([230], [230, 229])
0	0.0	0.26179607150616485	([295], [295, 294])
0	0.0	0.26265639554329406	([283], [283, 282])
0	0.0	0.263023996486136	([36], [36, 35])
0	0.0	0.26306162158562424	([368], [368, 367])
0	0.0	0.2638396158445808	([331], [331, 330])
0	0.0	0.2642940017839644	([396], [396, 395])
0	0.0	0.2643383854001324	([35], [35, 34])
0	0.0	0.2646896802332885	([29], [29, 28])
0	0.0	0.26506206899134593	([33], [33, 32])
0	0.0	0.2653373883255103	([444], [444, 443])
0	0.0	0.26553782910026963	([424], [424, 423])
0	0.0	0.26587775063530533	([423], [423, 422])
0	0.0	0.2660802915352123	([425], [425, 424])
0	0.0	0.26631470565268933	([263], [263, 262])
0	0.0	0.2663263877811784	([222], [222, 221])
0	0.0	0.26638679405863475	([281], [281, 280])
0	0.0	0.2663875410190342	([154], [154, 153])
0	0.0	0.2670117620814903	([114], [114, 113])
0	0.0	0.2675280892535094	([200], [200, 199])
0	0.0	0.26774236522854084	([182], [182, 181])
0	0.0	0.26835377384072046	([433], [433, 432])
0	0.0	0.26929548668644326	([101], [101, 100])
0	0.0	0.26935122530139516	([258], [258, 257])
0	0.0	0.2694842331439757	([53], [53, 52])
0	0.0	0.26957592774546735	([248], [248, 247])
0	0.0	0.2696171831059267	([383], [383, 382])
0	0.0	0.2696769125116529	([94], [94, 93])
0	0.0	0.26970417147155434	([429], [429, 428])
0	0.0	0.2700003615858003	([198], [198, 197])
0	0.0	0.2701802532452978	([253], [253, 252])
0	0.0	0.27114702924429873	([204], [204, 203])
0	0.0	0.27119038152782626	([316], [316, 315])
0	0.0	0.27135131522333505	([278], [278, 277])
0	0.0	0.2714123400391616	([60], [60, 59])
0	0.0	0.2714701246660643	([233], [233, 232])
0	0.0	0.2715183387069741	([452], [452, 451])
0	0.0	0.27166521711984193	([446], [446, 445])
0	0.0	0.27185217834076486	([361], [361, 360])
0	0.0	0.27193278179985175	([306], [306, 305])
0	0.0	0.2720937577665825	([307], [307, 306])
0	0.0	0.2727757768868742	([322], [322, 321])
0	0.0	0.27286275392199205	([34], [34, 33])
0	0.0	0.27286973447199186	([62], [62, 61])
0	0.0	0.273072751475659	([381], [381, 380])
0	0.0	0.2731254577372038	([268], [268, 267])
0	0.0	0.27361815709343945	([414], [414, 413])
0	0.0	0.2737975512360782	([100], [100, 99])
0	0.0	0.2739092941097247	([449], [449, 448])
0	0.0	0.27457100320862443	([161], [161, 160])
0	0.0	0.27470482981182565	([177], [177, 176])
0	0.0	0.27480066711705564	([241], [241, 240])
0	0.0	0.27482893015380383	([74], [74, 73])
0	0.0	0.2748471358421853	([173], [173, 172])
0	0.0	0.27485816515352396	([188], [188, 187])
0	0.0	0.27490221037523116	([201], [201, 200])
0	0.0	0.27493397980228657	([439], [439, 438])
0	0.0	0.2752140325662332	([402], [402, 401])
0	0.0	0.2752249022748594	([443], [443, 442])
0	0.0	0.2756929106206353	([293], [293, 292])
0	0.0	0.2758843563162273	([290], [290, 289])
0	0.0	0.2759228524986378	([409], [409, 408])
0	0.0	0.2761096241296753	([349], [349, 348])
0	0.0	0.27631605810481824	([102], [102, 101])
0	0.0	0.27636132912324174	([437], [437, 436])
0	0.0	0.277248717908906	([291], [291, 290])
0	0.0	0.2775127393392898	([447], [447, 446])
0	0.0	0.27756690031579806	([438], [438, 437])
0	0.0	0.2775712007686414	([186], [186, 185])
0	0.0	0.2782755867202975	([393], [393, 392])
0	0.0	0.2782973033408814	([148], [148, 147])
0	0.0	0.27853892675895087	([310], [310, 309])
0	0.0	0.2786573561064546	([277], [277, 276])
0	0.0	0.27873696887238575	([183], [183, 182])
0	0.0	0.27893291895468936	([356], [356, 355])
0	0.0	0.2790971480876243	([303], [303, 302])
0	0.0	0.27922362839762943	([57], [57, 56])
0	0.0	0.2792956996279104	([254], [254, 253])
0	0.0	0.27932279343894073	([240], [240, 239])
0	0.0	0.2794414463969427	([167], [167, 166])
0	0.0	0.27948078283501204	([432], [432, 431])
0	0.0	0.2794892713390027	([48], [48, 47])
0	0.0	0.27976768045702843	([189], [189, 188])
0	0.0	0.27984169389166463	([420], [420, 419])
0	0.0	0.2800307486043266	([76], [76, 75])
0	0.0	0.2801841167997525	([151], [151, 150])
0	0.0	0.28018824871875697	([294], [294, 293])
0	0.0	0.2802635889961381	([91], [91, 90])
0	0.0	0.2802667852924043	([256], [256, 255])
0	0.0	0.28034929534635394	([41], [41, 40])
0	0.0	0.2804114938025251	([430], [430, 429])
0	0.0	0.2804185009600851	([220], [220, 219])
0	0.0	0.2807578914029403	([260], [260, 259])
0	0.0	0.2813724965582966	([453], [453, 452])
0	0.0	0.28149343703038593	([454], [454, 453])
0	0.0	0.2816080020204234	([408], [408, 407])
0	0.0	0.2818981823870921	([407], [407, 406])
0	0.0	0.2820546818173877	([286], [286, 285])
0	0.0	0.2821661577223062	([165], [165, 164])
0	0.0	0.2822243904350898	([274], [274, 273])
0	0.0	0.28230678180248114	([56], [56, 55])
0	0.0	0.2827867301174679	([415], [415, 414])
0	0.0	0.28279567434276026	([366], [366, 365])
0	0.0	0.28291867661657444	([280], [280, 279])
0	0.0	0.2829857116566548	([251], [251, 250])
0	0.0	0.2834437814491285	([208], [208, 207])
0	0.0	0.2834831098153105	([86], [86, 85])
0	0.0	0.2834945598492619	([142], [142, 141])
0	0.0	0.28355197217734907	([96], [96, 95])
0	0.0	0.2835959629052022	([321], [321, 320])
0	0.0	0.28386618025104604	([318], [318, 317])
0	0.0	0.28396818722614053	([244], [244, 243])
0	0.0	0.28398787785620777	([234], [234, 233])
0	0.0	0.28425865566350356	([216], [216, 215])
0	0.0	0.284292537425869	([236], [236, 235])
0	0.0	0.2849476452024188	([238], [238, 237])
0	0.0	0.28499536927113245	([272], [272, 271])
0	0.0	0.2851499572936016	([169], [169, 168])
0	0.0	0.2852297747807653	([339], [339, 338])
0	0.0	0.28524329804963977	([67], [67, 66])
0	0.0	0.28550892289916474	([243], [243, 242])
0	0.0	0.28553292021516646	([418], [418, 417])
0	0.0	0.28557243121943565	([302], [302, 301])
0	0.0	0.28609674825278164	([196], [196, 195])
0	0.0	0.28613398826377046	([105], [105, 104])
0	0.0	0.28628096608690096	([367], [367, 366])
0	0.0	0.2862895253454686	([317], [317, 316])
0	0.0	0.286373127071208	([276], [276, 275])
0	0.0	0.28638344597939336	([58], [58, 57])
0	0.0	0.2864629088094207	([46], [46, 45])
0	0.0	0.2866580741107692	([404], [404, 403])
0	0.0	0.2868575952303035	([421], [421, 420])
0	0.0	0.28688746143728006	([325], [325, 324])
0	0.0	0.28709058318013675	([149], [149, 148])
0	0.0	0.28741225986300034	([175], [175, 174])
0	0.0	0.2876345504427063	([79], [79, 78])
0	0.0	0.2878298419199885	([332], [332, 331])
0	0.0	0.28783289989369665	([125], [125, 124])
0	0.0	0.2880318828755515	([378], [378, 377])
0	0.0	0.2880756407255442	([313], [313, 312])
0	0.0	0.28816336191581776	([344], [344, 343])
0	0.0	0.28828560128015435	([352], [352, 351])
0	0.0	0.28857940029858437	([123], [123, 122])
0	0.0	0.2887104394300363	([195], [195, 194])
0	0.0	0.2888381522407519	([354], [354, 353])
0	0.0	0.2895118805688297	([261], [261, 260])
0	0.0	0.2898228643698874	([140], [140, 139])
0	0.0	0.28995455516873614	([133], [133, 132])
0	0.0	0.29045910041284767	([312], [312, 311])
0	0.0	0.29050554802554013	([185], [185, 184])
0	0.0	0.29072111107201903	([143], [143, 142])
0	0.0	0.2907490082351343	([353], [353, 352])
0	0.0	0.29098882422736955	([160], [160, 159])
0	0.0	0.2911205084426281	([116], [116, 115])
0	0.0	0.29113909180305764	([121], [121, 120])
0	0.0	0.29122045928597046	([210], [210, 209])
0	0.0	0.29140562389796565	([347], [347, 346])
0	0.0	0.2914172046253842	([357], [357, 356])
0	0.0	0.2914336069175586	([288], [288, 287])
0	0.0	0.2914429034862606	([405], [405, 404])
0	0.0	0.29155102803764826	([145], [145, 144])
0	0.0	0.29211526753421496	([440], [440, 439])
0	0.0	0.29236996083149336	([323], [323, 322])
0	0.0	0.29238771301842004	([422], [422, 421])
0	0.0	0.29252430336535257	([78], [78, 77])
0	0.0	0.2926166312751906	([337], [337, 336])
0	0.0	0.2926363365721582	([372], [372, 371])
0	0.0	0.29287990331012126	([376], [376, 375])
0	0.0	0.29300598443227505	([164], [164, 163])
0	0.0	0.2930437291659057	([338], [338, 337])
0	0.0	0.29306147092821566	([129], [129, 128])
0	0.0	0.2931973426768453	([351], [351, 350])
0	0.0	0.29334989389545524	([227], [227, 226])
0	0.0	0.2937595998633573	([362], [362, 361])
0	0.0	0.2938203911088674	([309], [309, 308])
0	0.0	0.2946048325544034	([119], [119, 118])
0	0.0	0.29462306345981176	([82], [82, 81])
0	0.0	0.2946505449207146	([213], [213, 212])
0	0.0	0.2949828611014133	([199], [199, 198])
0	0.0	0.2951863903666246	([311], [311, 310])
0	0.0	0.2954207107020285	([398], [398, 397])
0	0.0	0.29544788843990794	([136], [136, 135])
0	0.0	0.2956923951305242	([400], [400, 399])
0	0.0	0.295755359284799	([127], [127, 126])
0	0.0	0.29644590731301257	([410], [410, 409])
0	0.0	0.2967775448451277	([334], [334, 333])
0	0.0	0.2970122170791635	([435], [435, 434])
0	0.0	0.2977701588839182	([217], [217, 216])
0	0.0	0.2979173508418748	([341], [341, 340])
0	0.0	0.29797149685914137	([163], [163, 162])
0	0.0	0.29801539387608883	([171], [171, 170])
0	0.0	0.29822983409487175	([308], [308, 307])
0	0.0	0.2988490475327207	([392], [392, 391])
0	0.0	0.298898508617329	([95], [95, 94])
0	0.0	0.2991017885587097	([139], [139, 138])
0	0.0	0.2991786241909741	([359], [359, 358])
0	0.0	0.2993206858447059	([225], [225, 223])
0	0.0	0.2996753793719299	([81], [81, 80])
0	0.0	0.30009073800515124	([377], [377, 376])
0	0.0	0.3001805016733563	([335], [335, 334])
0	0.0	0.3005370055530351	([371], [371, 370])
0	0.0	0.30069397130707154	([80], [80, 79])
0	0.0	0.30070220950127935	([124], [124, 123])
0	0.0	0.30079411772737363	([132], [132, 131])
0	0.0	0.30128060521116623	([252], [252, 251])
0	0.0	0.30153766160583945	([403], [403, 402])
0	0.0	0.3017623612179317	([327], [327, 326])
0	0.0	0.30186020756678117	([47], [47, 46])
0	0.0	0.3023511261984221	([413], [413, 412])
0	0.0	0.30242881077608064	([134], [134, 133])
0	0.0	0.3024784667544781	([336], [336, 335])
0	0.0	0.3025721200934129	([235], [235, 234])
0	0.0	0.30260885199769644	([249], [249, 248])
0	0.0	0.30283808868122714	([247], [247, 246])
0	0.0	0.3029903731884255	([342], [342, 341])
0	0.0	0.30316016363829523	([324], [324, 323])
0	0.0	0.3031613488903959	([329], [329, 328])
0	0.0	0.3031941652501922	([59], [59, 58])
0	0.0	0.3032779685542882	([269], [269, 268])
0	0.0	0.3032989444077661	([66], [66, 65])
0	0.0	0.3034607060028667	([416], [416, 415])
0	0.0	0.30363535020360716	([103], [103, 102])
0	0.0	0.30445421649132615	([184], [184, 183])
0	0.0	0.30480595093170454	([391], [391, 390])
0	0.0	0.304818998961448	([215], [215, 214])
0	0.0	0.30504311918413746	([27], [27, 26])
0	0.0	0.30524452333221475	([135], [135, 134])
0	0.0	0.3054571332902477	([226], [226, 225])
0	0.0	0.3056811426714844	([428], [428, 427])
0	0.0	0.3057180087583677	([333], [333, 332])
0	0.0	0.3057820497821644	([146], [146, 145])
0	0.0	0.3063788654883583	([174], [174, 173])
0	0.0	0.3065402735564773	([92], [92, 91])
0	0.0	0.30659998232949986	([343], [343, 342])
0	0.0	0.3067039922652583	([298], [298, 297])
0	0.0	0.3067206215351587	([211], [211, 210])
0	0.0	0.30674197874838643	([279], [279, 278])
0	0.0	0.3068964671359954	([239], [239, 238])
0	0.0	0.307487374601461	([194], [194, 193])
0	0.0	0.3078277458293861	([221], [221, 220])
0	0.0	0.30844125850928034	([345], [345, 344])
0	0.0	0.3087741659790905	([319], [319, 318])
0	0.0	0.3088444797915564	([369], [369, 368])
0	0.0	0.30890875088720415	([250], [250, 249])
0	0.0	0.3093932581441388	([212], [212, 211])
0	0.0	0.3096632440327716	([28], [28, 27])
0	0.0	0.3098586604065914	([285], [285, 284])
0	0.0	0.3101834840055158	([150], [150, 149])
0	0.0	0.3103886880977976	([111], [111, 110])
0	0.0	0.3105156287059706	([370], [370, 369])
0	0.0	0.31056268097480916	([158], [158, 157])
0	0.0	0.3111536257574767	([157], [157, 156])
0	0.0	0.31129721982482733	([314], [314, 313])
0	0.0	0.31177872151254155	([77], [77, 76])
0	0.0	0.3117901364850301	([411], [411, 410])
0	0.0	0.31197928552266835	([54], [54, 53])
0	0.0	0.31202220524376256	([358], [358, 357])
0	0.0	0.3122314048793475	([390], [390, 389])
0	0.0	0.31235863538931696	([179], [179, 178])
0	0.0	0.3123634831359961	([395], [395, 393])
0	0.0	0.3127350127724476	([109], [109, 108])
0	0.0	0.3133112609857023	([275], [275, 274])
0	0.0	0.3133377272394921	([397], [397, 396])
0	0.0	0.31427909874699633	([384], [384, 383])
0	0.0	0.3142996346320142	([304], [304, 303])
0	0.0	0.3144088694332269	([427], [427, 425])
0	0.0	0.31471331554207854	([26], [26, 25])
0	0.0	0.3147659452536505	([203], [205, 202])
0	0.0	0.3149679416492663	([417], [427, 426])
0	0.0	0.3154491283427896	([191], [191, 189])
0	0.0	0.31562473390314394	([61], [61, 60])
0	0.0	0.31587001251106317	([426], [417, 416])
0	0.0	0.3161137529403634	([159], [159, 158])
0	0.0	0.316117372860359	([113], [113, 112])
0	0.0	0.3162194040315154	([340], [340, 339])
0	0.0	0.3164148766157062	([380], [380, 379])
0	0.0	0.3164423450790129	([122], [122, 121])
0	0.0	0.3168187122465635	([300], [300, 299])
0	0.0	0.31684245173413417	([257], [257, 256])
0	0.0	0.3170262316908938	([232], [232, 231])
0	0.0	0.3171467150138606	([141], [141, 140])
0	0.0	0.3176881231416772	([448], [448, 447])
0	0.0	0.31781238174201915	([451], [451, 450])
0	0.0	0.3182276011655129	([346], [346, 345])
0	0.0	0.31841309312863286	([147], [147, 146])
0	0.0	0.31876472943017936	([166], [166, 165])
0	0.0	0.31944742131443615	([202], [202, 201])
0	0.0	0.3194693159764278	([120], [120, 119])
0	0.0	0.3194730017319684	([108], [108, 106])
0	0.0	0.3195880449475571	([152], [152, 151])
0	0.0	0.31984041267712565	([245], [245, 244])
0	0.0	0.3198703414279563	([207], [207, 206])
0	0.0	0.3201792748999204	([242], [242, 241])
0	0.0	0.32047044515574097	([99], [99, 98])
0	0.0	0.3204801346602944	([320], [320, 319])
0	0.0	0.32060432623555846	([355], [355, 354])
0	0.0	0.32101978608993115	([97], [97, 96])
1	0.3087597289956661	0.3217822023939851	([201, 198], [201, 200, 199])
0	0.0	0.322016924772615	([363], [363, 362])
0	0.0	0.3221183149666552	([88], [88, 87])
0	0.0	0.32215926177065973	([388], [388, 387])
0	0.0	0.32249638803739233	([406], [406, 405])
0	0.0	0.3226284049507506	([350], [350, 349])
0	0.0	0.3230924685476954	([93], [93, 92])
0	0.0	0.32324268711720855	([197], [197, 196])
0	0.0	0.3233643059567025	([450], [451, 449])
0	0.0	0.323381201150524	([153], [153, 152])
0	0.0	0.3238487952219982	([330], [330, 329])
0	0.0	0.32423728467087726	([267], [267, 266])
0	0.0	0.3252279034388928	([115], [115, 114])
0	0.0	0.32525470381068877	([190], [190, 189])
0	0.0	0.3253320270172509	([229], [229, 227])
0	0.0	0.32534484428314897	([206], [206, 205])
0	0.0	0.32582402203924904	([176], [176, 175])
0	0.0	0.32600581103710685	([259], [259, 258])
0	0.0	0.3260639420021454	([246], [246, 245])
0	0.0	0.3261184286430377	([218], [218, 217])
0	0.0	0.3263937244051019	([187], [187, 186])
0	0.0	0.3266061532801394	([126], [126, 125])
0	0.0	0.3266690535944357	([192], [192, 191])
0	0.0	0.32755475174831755	([162], [162, 161])
0	0.0	0.32764650101358067	([282], [282, 281])
0	0.0	0.32842217164045534	([110], [110, 109])
0	0.0	0.32857233411426773	([87], [87, 86])
0	0.0	0.32928465342689	([237], [237, 236])
1	0.3263050865353005	0.32943225558546674	([215, 212], [215, 214, 213])
0	0.0	0.32956802561348497	([374], [374, 373])
0	0.0	0.3299997118583245	([273], [273, 272])
0	0.0	0.33050190457862594	([266], [266, 265])
0	0.0	0.3314121856835685	([55], [55, 54])
0	0.0	0.3316496201394319	([85], [85, 83])
0	0.0	0.3316729412455553	([70], [70, 68])
0	0.0	0.3318228051189005	([386], [386, 385])
0	0.0	0.3325487295830337	([73], [73, 72])
0	0.0	0.3336981299195563	([72], [72, 71])
0	0.0	0.3337403489980842	([138], [138, 137])
0	0.0	0.333869947612567	([68], [68, 67])
0	0.0	0.3342965492822415	([360], [360, 359])
0	0.0	0.334946111872108	([30], [30, 29])
1	0.3246588160719098	0.33575067219760973	([191, 187], [191, 189, 187])
0	0.0	0.3359740141651158	([24], [24, 23])
0	0.0	0.3362699160150081	([52], [52, 51])
0	0.0	0.3365558266663468	([156], [156, 155])
0	0.0	0.33677654579391203	([51], [51, 50])
0	0.0	0.33760104840735	([39], [39, 38])
0	0.0	0.33763645761027605	([69], [69, 68])
0	0.0	0.33814276592164955	([130], [130, 129])
0	0.0	0.338587603995521	([365], [365, 364])
0	0.0	0.339160950821905	([71], [71, 70])
0	0.0	0.33959627074547316	([137], [137, 136])
0	0.0	0.34139220874682835	([31], [31, 30])
0	0.0	0.34203896273475254	([223], [223, 222])
1	0.31829750170996074	0.34462814720332224	([369, 365], [369, 368, 365])
0	0.0	0.3452126587634414	([348], [348, 347])
0	0.0	0.3456851791166428	([144], [144, 143])
0	0.0	0.3469586694925493	([155], [155, 154])
0	0.0	0.34963450629427545	([264], [264, 263])
0	0.0	0.35039106794815894	([328], [328, 327])
0	0.0	0.3513481350478545	([118], [118, 117])
1	0.3424919450259263	0.35186973296660884	([324, 320], [324, 323, 320])
0	0.0	0.35270469980154673	([326], [326, 325])
0	0.0	0.35340714942810286	([231], [231, 230])
1	0.3536435019089298	0.3536591053021228	([452, 448], [452, 450, 449])
0	0.0	0.3549047649838511	([106], [106, 105])
0	0.0	0.3550541033202372	([131], [131, 130])
0	0.0	0.3553703382875648	([65], [65, 64])
0	0.0	0.35565622969459176	([50], [50, 48])
0	0.0	0.35616083309857854	([44], [45, 43])
0	0.0	0.3562610859319946	([168], [168, 167])
0	0.0	0.35638874413813637	([315], [315, 314])
0	0.0	0.3568776145453432	([181], [181, 180])
0	0.0	0.35884681470277024	([180], [180, 179])
1	0.35773051183248245	0.3603141991719194	([319, 315], [319, 318, 315])
1	0.36020474972068167	0.3611518142854421	([264, 259], [264, 263, 261])
0	0.0	0.36127335547721356	([40], [40, 37])
0	0.0	0.361567781303955	([89], [89, 88])
0	0.0	0.3635098795505229	([117], [117, 116])
0	0.0	0.36474071833999455	([64], [64, 63])
0	0.0	0.3669134195121197	([63], [63, 62])
0	0.0	0.36949859293402243	([20], [20, 18])
0	0.0	0.372253902434272	([128], [128, 127])
0	0.0	0.3725446769873919	([83], [83, 82])
0	0.0	0.3740917898093514	([23], [40, 39])
1	0.38107210897468263	0.38278111017930616	([38, 37], [40, 39, 37])
0	0.0	0.38395793964546415	([15], [15, 12])
0	0.0	0.38403285453392944	([38], [23, 22])
0	0.0	0.39295400674369535	([84], [84, 83])
0	0.0	0.394329012390086	([18], [20, 19])
0	0.0	0.39710225879305944	([394], [394, 393])
0	0.0	0.4050931920792273	([13], [13, 11])
0	0.0	0.4142208887658018	([22], [22, 21])
0	0.0	0.4172244046265645	([21], [21, 20])
0	0.0	0.4265507252048785	([43], [43, 41])
0	0.0	0.42945332300138983	([19], [50, 49])
1	0.43542346802821313	0.43895491475444537	([91, 82], [91, 85, 83])
0	0.0	0.44170394201336416	([42], [42, 41])
0	0.0	0.4494892300561544	([49], [42, 17])
0	0.0	0.4556149028833346	([17], [19, 15])
0	0.0	0.46978228267896954	([12], [20, 13])
0	0.0	0.4857763773931492	([11], [18, 16])
0	0.0	0.49195693706449173	([16], [21, 14])
0	0.0	0.5227821376232717	([14], [18, 0])
1	0.5768954695921387	0.5817461572416196	([37, 25], [37, 33, 25])
1	0.5815297316601875	0.5823943343207941	([38, 30], [38, 35, 31])
1	0.579614792764973	0.597479217951267	([170, 145], [168, 158, 147])
1	0.5968715462284916	0.5974956120477692	([145, 115], [145, 137, 116])
1	0.5798483901879662	0.5982081838004899	([40, 23], [40, 32, 27])
1	0.6073935867057464	0.6075638313330235	([356, 326], [356, 347, 326])
1	0.6094722057558688	0.6153823790131911	([44, 29], [44, 38, 29])
1	0.6123771115671397	0.616775947857353	([169, 146], [169, 167, 146])
1	0.6166996506103183	0.6222703280629165	([30, 11], [30, 24, 23])
1	0.6195145324533681	0.6229300807396254	([288, 267], [288, 276, 267])
1	0.6298160998221036	0.6303081022433841	([253, 234], [253, 244, 240])
1	0.623262887470958	0.6310485899763939	([30, 12], [30, 23, 21])
1	0.6327208532137778	0.6362340819648297	([448, 432], [448, 443, 442])
1	0.6122688863279	0.644890815263698	([43, 11], [43, 20, 13])
1	0.5937306203870287	0.6488060072903462	([39, 20], [43, 19, 15])
1	0.5910469018607286	0.6488060072903462	([38, 15], [43, 28, 19])
1	0.628827521117561	0.6488060072903462	([47, 19], [47, 43, 19])
1	0.6492883695206103	0.6503848211480552	([445, 426], [445, 436, 426])
1	0.6517887668513013	0.6545779026063205	([399, 377], [399, 385, 377])
1	0.6574076880764805	0.6583262507453728	([418, 388], [418, 402, 388])
1	0.6501878973579913	0.6588702625106573	([260, 224], [260, 257, 228])
1	0.6642219104938802	0.6678726210110689	([74, 40], [74, 63, 45])
1	0.6621718438142258	0.6695464425114976	([420, 378], [420, 396, 391])
1	0.637643067550201	0.6701234209789579	([450, 19], [450, 19, 18])
1	0.6687076590128739	0.6705231700767518	([367, 308], [372, 367, 308])
1	0.6628183653835804	0.6714511601491849	([213, 191], [213, 200, 195])
1	0.6684661792682587	0.67208408778432	([171, 144], [171, 163, 144])
1	0.6399588540127632	0.677446407471076	([75, 41], [75, 63, 44])
1	0.5998611714656141	0.6796284622039024	([69, 15], [64, 44, 43])
1	0.6498575585869095	0.6830169882889474	([372, 305], [372, 363, 326])
1	0.6777980700494664	0.6831410783787035	([154, 107], [154, 146, 107])
1	0.683106680382573	0.6841303718857081	([380, 307], [380, 364, 307])
1	0.672596112603598	0.6841963506913328	([369, 309], [384, 380, 309])
1	0.6452208635043661	0.6846892074442371	([305, 273], [305, 292, 291])
1	0.6299837894849001	0.6864383415459477	([87, 11], [87, 71, 51])
1	0.6864702847244074	0.6883179267801962	([361, 312], [361, 360, 313])
1	0.6814282709491715	0.6884884686546295	([452, 20], [452, 451, 20])
1	0.6736194433603884	0.6886327234216734	([376, 303], [376, 370, 301])
1	0.6767690887843956	0.6892236670347889	([145, 76], [145, 115, 96])
1	0.6730580813536081	0.6902002188855932	([378, 301], [370, 311, 301])
1	0.6826581776123388	0.6908285984550295	([263, 216], [263, 243, 225])
1	0.6859667741245283	0.6931728374627247	([445, 405], [445, 423, 405])
1	0.6105141062024111	0.6933473015985557	([63, 16], [64, 43, 20])
1	0.6933353661760664	0.693634272084029	([292, 242], [292, 268, 242])
1	0.6951602637032577	0.6953582878232952	([99, 54], [99, 78, 51])
1	0.6936430305125082	0.6960512414873958	([439, 387], [439, 431, 387])
1	0.6881144302234801	0.6969585870907903	([111, 70], [111, 99, 70])
1	0.6225276224911451	0.6978214386651492	([71, 11], [71, 44, 43])
1	0.699926058482421	0.7001666853937595	([391, 299], [391, 378, 299])
1	0.6949413400407114	0.7002102169790785	([414, 370], [414, 405, 370])
1	0.6870647421065776	0.7007875783559694	([423, 380], [423, 393, 384])
1	0.6936187348459262	0.7007875783559694	([445, 384], [445, 423, 384])
1	0.6521928607553049	0.700982293669358	([51, 12], [51, 42, 38])
1	0.7030643911408012	0.703218230482026	([384, 293], [384, 309, 300])
1	0.6693029610767631	0.7036046282285254	([439, 413], [439, 422, 411])
1	0.46554620391525625	0.7038268895429889	([49, 17], [49, 42, 41])
1	0.6861618796588599	0.703971685290172	([218, 181], [218, 215, 181])
1	0.6962683169564754	0.704239797365084	([282, 249], [282, 274, 249])
1	0.6993244119888041	0.7050095492923073	([374, 289], [374, 366, 297])
1	0.6982685263418583	0.7057977728557395	([107, 60], [107, 85, 71])
1	0.6749354029950193	0.706239809562703	([291, 243], [291, 266, 243])
1	0.6999574522221518	0.7067764821873195	([310, 269], [310, 302, 269])
1	0.6905993628195944	0.7080197067907162	([444, 26], [448, 444, 22])
1	0.707743583193964	0.7081063118434776	([418, 297], [436, 418, 406])
1	0.7056025334844216	0.708685752861981	([106, 55], [107, 106, 55])
1	0.6533355629014352	0.7089286107835626	([69, 13], [69, 43, 15])
1	0.6968880563493908	0.7092669665135044	([264, 196], [265, 263, 195])
1	0.7040219280481289	0.7098051856843407	([377, 267], [377, 303, 267])
1	0.7014904186173901	0.7101066402702838	([437, 370], [437, 419, 370])
1	0.7078165422193379	0.7111577140065387	([436, 376], [445, 436, 376])
1	0.7032912387425956	0.7124815580592778	([225, 13], [225, 206, 13])
1	0.6841987208874495	0.7128802254682555	([379, 291], [379, 376, 291])
1	0.6947974606834285	0.7129551959679354	([443, 396], [443, 425, 418])
1	0.6971845131333203	0.7135890096975632	([446, 390], [446, 430, 418])
1	0.7083857477963462	0.7143216014177134	([266, 189], [266, 243, 203])
1	0.714414618591629	0.7158787332445555	([371, 281], [371, 305, 281])
1	0.6761475029375853	0.7167819041104526	([449, 0], [449, 448, 20])
1	0.67482816766835	0.7169573657463562	([446, 23], [447, 446, 40])
1	0.7013374530307128	0.7176407880371021	([391, 266], [391, 299, 284])
1	0.7018340342688701	0.7176518567553826	([223, 170], [223, 211, 170])
1	0.6873923720194769	0.717961715814216	([438, 307], [438, 425, 381])
1	0.7159593434293161	0.7179635715754146	([292, 213], [292, 275, 213])
1	0.7062803971319894	0.7180090016368381	([448, 407], [448, 446, 407])
1	0.7172719003439058	0.7184156767759872	([116, 13], [116, 51, 13])
1	0.7153999517703055	0.7188424109477419	([376, 271], [376, 291, 274])
1	0.6966598413316218	0.719257505732708	([453, 13], [453, 446, 40])
1	0.7204953414633114	0.7205823661355559	([289, 195], [289, 268, 263])
1	0.711813655345331	0.720595219842789	([289, 240], [289, 243, 240])
1	0.6950802527323857	0.7207328102598805	([430, 294], [430, 423, 294])
1	0.6875368466449594	0.7210465435595309	([399, 304], [420, 399, 304])
1	0.7119134345615394	0.7213173772102223	([183, 104], [194, 183, 104])
1	0.6942780027033587	0.7214722006180367	([96, 37], [96, 80, 31])
1	0.7108258963722928	0.7221342468107592	([386, 288], [386, 380, 288])
1	0.7092704458924827	0.7224576602460379	([115, 22], [115, 94, 40])
1	0.6830852965795049	0.7225013909638092	([440, 375], [440, 431, 375])
1	0.721154413644687	0.7229103532495877	([216, 115], [223, 170, 145])
1	0.7220540515699606	0.7229103532495877	([228, 145], [228, 223, 145])
1	0.7150293406473114	0.7230494943727236	([362, 268], [362, 308, 268])
1	0.7198477303765751	0.7234098696783827	([287, 184], [287, 274, 171])
1	0.722367656638493	0.7234684967794387	([316, 13], [370, 316, 301])
1	0.7210096430016726	0.7237124288799949	([392, 278], [392, 306, 296])
1	0.7149354693440506	0.7237124288799949	([392, 296], [392, 378, 306])
1	0.7203873719408301	0.7240589349607149	([393, 295], [393, 311, 295])
1	0.707259282528445	0.7241405506193295	([274, 178], [304, 287, 277])
1	0.666585230210115	0.7247033288275567	([110, 12], [110, 65, 57])
1	0.7135007325472237	0.7249722858160643	([454, 38], [454, 447, 38])
1	0.7198754472362671	0.7251267614894961	([268, 182], [268, 204, 190])
1	0.7047012491063972	0.725432787151821	([447, 377], [447, 446, 377])
1	0.7242731602147945	0.725543408504696	([326, 220], [326, 243, 220])
1	0.7137740745417634	0.7258661389407799	([227, 167], [227, 184, 180])
1	0.7082663834994131	0.7266595856591231	([360, 262], [360, 308, 262])
1	0.7087529947374259	0.7266641469763017	([275, 206], [275, 264, 196])
1	0.7200191112035419	0.726787574929726	([281, 13], [305, 281, 13])
1	0.7050077754166297	0.726787574929726	([370, 13], [316, 305, 13])
1	0.7061134074918651	0.7268695953848896	([424, 305], [439, 424, 413])
1	0.7215920973740823	0.7269137099337851	([382, 280], [382, 372, 280])
1	0.7021276404428121	0.7272315374143448	([103, 30], [103, 75, 33])
1	0.7123764984713028	0.7272904325844566	([268, 204], [268, 266, 189])
1	0.6482266944953587	0.7273492234301212	([109, 16], [130, 109, 108])
1	0.7043398824559393	0.7274255363362544	([304, 184], [304, 200, 184])
1	0.6706148878746483	0.7277389234219416	([420, 287], [420, 419, 295])
1	0.7186051266237506	0.7280451469029	([167, 101], [157, 145, 101])
1	0.6950775136110674	0.728105587863264	([166, 104], [167, 166, 104])
1	0.7179216770976226	0.7282670527489576	([427, 290], [427, 422, 290])
1	0.7272591530791045	0.728529215821708	([164, 99], [164, 133, 117])
1	0.727079200812886	0.7289779404246577	([441, 292], [441, 430, 292])
1	0.7184823735646275	0.7292677644496146	([286, 175], [286, 211, 185])
1	0.7294928681914827	0.729736964720484	([171, 27], [171, 115, 94])
1	0.7184211466701264	0.729736964720484	([171, 90], [171, 144, 115])
1	0.7263399717862155	0.7299838575375548	([291, 194], [291, 243, 203])
1	0.7073348723581123	0.7299922811817323	([446, 288], [446, 439, 288])
1	0.6987487645403627	0.7301080198449619	([439, 305], [439, 384, 383])
1	0.7176073121822141	0.7301717500554277	([451, 382], [451, 446, 386])
1	0.7302488551370503	0.7306270826834217	([308, 171], [308, 283, 171])
1	0.7115493111307676	0.7306448206409768	([406, 298], [406, 375, 298])
1	0.7133387176255463	0.7309596977718321	([438, 291], [438, 307, 291])
1	0.7245875756453689	0.7310264782574588	([214, 143], [214, 166, 104])
1	0.7024630010687187	0.7314466060471702	([277, 200], [277, 258, 243])
1	0.7211167015585268	0.7316041660775928	([306, 193], [306, 290, 274])
1	0.7178769578307685	0.7317678711608447	([244, 176], [244, 212, 178])
1	0.6988724086607052	0.7318432695546808	([436, 297], [418, 399, 302])
1	0.7163820986519341	0.7321236001912524	([290, 193], [304, 290, 193])
1	0.7266872298808689	0.7322098110580164	([206, 93], [206, 93, 24])
1	0.7111463360127867	0.7328588259021014	([385, 270], [385, 299, 270])
1	0.704523751625716	0.7330530680812979	([354, 253], [322, 316, 253])
1	0.7276160001504792	0.7334213596487916	([442, 372], [442, 374, 372])
1	0.7104875736221827	0.7334213596487916	([442, 302], [442, 392, 374])
1	0.729043916341266	0.7335088507129547	([302, 216], [302, 267, 203])
1	0.7159770676420566	0.7335632675181336	([444, 296], [444, 296, 292])
1	0.6849962881275964	0.7335632675181336	([444, 242], [444, 418, 292])
1	0.7078613853818512	0.7341679508424919	([454, 371], [454, 446, 386])
1	0.733294629150633	0.7341993739039927	([439, 363], [439, 390, 383])
1	0.7155275788601018	0.7343559717724942	([284, 209], [284, 262, 209])
1	0.72776414675754	0.7345423639046144	([151, 78], [151, 136, 78])
1	0.7328968896014214	0.734814666005561	([335, 242], [342, 335, 252])
1	0.7057641740240581	0.7348554286756375	([237, 165], [237, 197, 175])
1	0.7312517234530816	0.7352088222763073	([193, 92], [190, 188, 96])
1	0.7332229006840797	0.7359311956336974	([130, 58], [130, 109, 89])
1	0.7170551926679759	0.7359874280049322	([286, 211], [267, 265, 175])
1	0.7194261028338361	0.7362543905107596	([375, 248], [375, 273, 248])
1	0.7110833075808285	0.7363939505881899	([252, 145], [252, 246, 145])
1	0.7044114645448515	0.7365811380264493	([326, 243], [376, 326, 243])
1	0.7222283111092775	0.7365878537569918	([243, 144], [249, 243, 144])
1	0.7270559525430806	0.7366243772337314	([195, 26], [195, 169, 74])
1	0.7354529631142555	0.7368649628316688	([443, 36], [447, 443, 24])
1	0.7238928705212038	0.7370891854426264	([179, 93], [206, 179, 177])
1	0.7319211662659332	0.7377704152750181	([355, 263], [367, 355, 263])
1	0.7283282537480008	0.7378138751490927	([296, 212], [296, 260, 243])
1	0.7316115592093608	0.7380456990088317	([377, 27], [446, 377, 27])
1	0.7308131977498951	0.7381091202051548	([196, 40], [196, 168, 115])
1	0.7168967065172197	0.7381106600024805	([309, 189], [309, 268, 259])
1	0.7105665359160778	0.7382038633760438	([433, 268], [433, 396, 293])
1	0.7021656912799057	0.7382857698214998	([206, 24], [179, 147, 93])
1	0.7352729972036581	0.7382937912814419	([356, 244], [356, 322, 244])
1	0.7301872372519724	0.7383511296736045	([411, 271], [411, 374, 271])
1	0.713669641276577	0.7383723074357189	([435, 35], [446, 435, 418])
1	0.7060661098829571	0.7384061279142264	([373, 242], [373, 361, 242])
1	0.7347923021228399	0.738459415853867	([163, 69], [167, 163, 69])
1	0.7166333931144399	0.738712947337567	([429, 24], [443, 429, 384])
1	0.7121422650054566	0.7393162726955262	([293, 205], [293, 286, 192])
1	0.7260906493100527	0.7393162726955262	([375, 192], [375, 293, 192])
1	0.7386500230952573	0.7394676282418368	([378, 177], [378, 307, 177])
1	0.7070119838246016	0.7395916011853888	([184, 13], [225, 189, 184])
1	0.7283532967077214	0.7397031695779999	([305, 197], [309, 305, 197])
1	0.7193594842055482	0.7397910034773001	([179, 28], [169, 74, 26])
1	0.7298377074142799	0.7401765057242162	([290, 28], [290, 193, 169])
1	0.6989913773030848	0.7403084112031124	([169, 74], [170, 169, 75])
1	0.7168876215185471	0.7404783473275794	([401, 280], [401, 292, 280])
1	0.7281514404201714	0.7408265625396395	([174, 89], [174, 169, 89])
1	0.730131945299434	0.7409922085252794	([204, 32], [267, 204, 197])
1	0.7368684400149756	0.7410498997538479	([326, 168], [326, 243, 242])
1	0.7297055785176992	0.7410498997538479	([342, 252], [335, 326, 242])
1	0.7307573136273757	0.7410498997538479	([444, 326], [444, 326, 242])
1	0.7225148607612286	0.7413079509731781	([448, 308], [448, 445, 308])
1	0.7040399803896589	0.7414140561642586	([273, 208], [273, 259, 195])
1	0.7329264598695318	0.7418537525967908	([223, 23], [223, 204, 23])
1	0.7379972285337598	0.7421737763240374	([269, 168], [269, 242, 231])
1	0.7373147269392984	0.742241228942244	([232, 123], [232, 219, 123])
1	0.7348864868620273	0.7423485495574433	([216, 152], [216, 175, 152])
1	0.7284687422249092	0.7424241265564384	([298, 199], [298, 266, 216])
1	0.7128329486278353	0.7428234876248755	([421, 269], [421, 298, 292])
1	0.7223948529439352	0.74303288782421	([200, 94], [200, 169, 89])
1	0.7380953468229164	0.7431039006303727	([387, 262], [387, 302, 270])
1	0.74089129586555	0.7432835936831328	([209, 18], [209, 192, 18])
1	0.7346912659855009	0.7445041873775734	([156, 66], [156, 119, 104])
1	0.7271228530124256	0.7448809548638112	([399, 208], [367, 268, 208])
1	0.7306964590787302	0.7450755947624806	([248, 160], [248, 219, 210])
1	0.7169555681621101	0.7454460027452279	([420, 259], [420, 287, 274])
1	0.7443084282328685	0.7454596605414322	([453, 412], [453, 429, 412])
1	0.7432400430970835	0.745781473521175	([360, 172], [360, 292, 190])
1	0.7449519236991696	0.7458784552784387	([364, 216], [372, 364, 216])
1	0.6649192563701585	0.7459899118911325	([158, 12], [152, 118, 30])
1	0.7297738600975985	0.7459905079430194	([386, 321], [386, 357, 316])
1	0.7421660339985465	0.7460486156966473	([288, 172], [304, 288, 191])
1	0.7055800937205982	0.7460849432019132	([368, 225], [368, 277, 268])
1	0.7242713483037017	0.7461485110416385	([454, 240], [454, 270, 250])
1	0.7300397613649635	0.7463181427493369	([225, 147], [225, 191, 147])
1	0.734481122410944	0.746556272606365	([177, 110], [177, 110, 93])
1	0.7455877344733397	0.7466270164563527	([254, 161], [254, 241, 161])
1	0.7465426819223194	0.7467129487525617	([434, 285], [434, 303, 293])
1	0.7180062839972883	0.7467573258330256	([377, 195], [377, 267, 197])
1	0.7294983654104563	0.7467573258330256	([393, 197], [393, 377, 197])
1	0.7233199334225701	0.7468707104407937	([365, 196], [365, 304, 196])
1	0.7280927079656897	0.746928337158097	([176, 73], [176, 169, 73])
1	0.7164263467487075	0.7470986442777231	([428, 262], [428, 380, 288])
1	0.7330061615931537	0.747188411735279	([415, 284], [415, 386, 284])
1	0.740189191482712	0.7472834394209109	([308, 226], [308, 270, 239])
1	0.7246552996504587	0.7473497863845929	([160, 13], [160, 137, 107])
1	0.7457601880080637	0.7476533219349258	([231, 105], [252, 231, 105])
1	0.7211663825137533	0.7480072338850524	([385, 201], [421, 385, 210])
1	0.725325205001639	0.748059622078727	([186, 34], [186, 178, 40])
1	0.7464084296289634	0.7482037110887403	([373, 175], [373, 265, 242])
1	0.7433275276755659	0.7482813416836778	([108, 19], [108, 60, 19])
1	0.748182153672809	0.7483715239150237	([348, 249], [348, 309, 214])
1	0.7348509459020554	0.7487229090779426	([439, 251], [431, 287, 265])
1	0.7449940817382152	0.7488236326279173	([232, 156], [232, 156, 154])
1	0.7385279520662607	0.7488366093539353	([439, 33], [439, 435, 35])
1	0.7395873696322741	0.7489560713632191	([295, 33], [295, 285, 33])
1	0.7356223818579747	0.7492795624711378	([279, 173], [279, 260, 189])
1	0.7344771320094565	0.7495585568940635	([302, 174], [302, 276, 256])
1	0.738774869847628	0.7496119575153847	([406, 269], [406, 376, 269])
1	0.7301391243601674	0.7499233076422253	([325, 254], [323, 321, 254])
1	0.74859845251394	0.7500178439677201	([327, 250], [327, 323, 255])
1	0.7277670199965061	0.7501330587288958	([340, 277], [340, 321, 254])
1	0.7365917830761955	0.7501855539045545	([161, 36], [179, 161, 36])
1	0.7477359963795239	0.7501855539045545	([201, 36], [201, 179, 36])
1	0.7325432626417497	0.7502578452817659	([431, 212], [431, 249, 212])
1	0.7257787765101129	0.7503514828140798	([219, 142], [218, 183, 167])
1	0.7493858182486756	0.7515572197581653	([215, 127], [215, 177, 172])
1	0.7282611102442915	0.7517642532230744	([396, 225], [415, 396, 225])
1	0.7165986377499572	0.7518979634091774	([454, 341], [454, 375, 341])
1	0.7505295591837907	0.7519776225900722	([362, 206], [362, 306, 206])
1	0.7469919393870962	0.7522124783180266	([302, 116], [302, 181, 116])
1	0.7475482578467496	0.7522126640752922	([347, 233], [347, 257, 250])
1	0.7516066437136711	0.7522126640752922	([374, 250], [374, 347, 250])
1	0.7247299370183244	0.7522205046832314	([450, 272], [451, 382, 280])
1	0.7017890264422502	0.7522645515385128	([391, 13], [391, 370, 306])
1	0.7505204397028779	0.7522874185539251	([233, 107], [233, 211, 115])
1	0.7381436376888245	0.7524807445793174	([233, 163], [254, 233, 148])
1	0.7352098335071295	0.7526285051846096	([192, 35], [192, 166, 103])
1	0.7403217286756321	0.7527696595562876	([231, 159], [231, 159, 142])
1	0.7253398780160922	0.7529691742659844	([234, 149], [234, 232, 149])
1	0.7413430440254721	0.7531138861732378	([399, 258], [399, 294, 277])
1	0.749503628946186	0.7533577703455012	([311, 180], [318, 311, 180])
1	0.7404847029516282	0.7533778498660463	([203, 34], [203, 186, 168])
1	0.7502375879605192	0.7534333457074072	([396, 260], [414, 396, 260])
1	0.747485294199418	0.7536521420899918	([182, 32], [204, 172, 169])
1	0.7455724082460432	0.7536958882995912	([158, 88], [158, 125, 88])
1	0.715179714730281	0.7537613521811549	([257, 92], [259, 192, 188])
1	0.7259052821824049	0.7537702606513252	([221, 101], [221, 176, 170])
1	0.7454741444117658	0.754080375002483	([437, 217], [437, 287, 217])
1	0.6284070069321896	0.7542053549921245	([450, 11], [304, 290, 28])
1	0.7479022521515022	0.7542709950899348	([318, 203], [318, 309, 203])
1	0.7336429621988798	0.7542725396820443	([390, 335], [390, 360, 335])
1	0.7175609601168481	0.7542740023287298	([447, 96], [430, 96, 41])
1	0.750103919090819	0.7546454820409562	([453, 353], [453, 439, 363])
1	0.7522006752242044	0.7546578008387143	([291, 96], [435, 291, 36])
1	0.729021813105067	0.7547639331803837	([243, 41], [446, 288, 243])
1	0.7046531306905115	0.7554975392953764	([177, 33], [170, 163, 33])
1	0.7398235500908886	0.755513063598284	([235, 106], [235, 216, 115])
1	0.7406771765055834	0.7555736328416401	([221, 141], [221, 189, 170])
1	0.7310321481877075	0.7555988985641098	([438, 179], [438, 288, 172])
1	0.7376798884365288	0.7559029877049761	([402, 190], [405, 402, 190])
1	0.7499585502565028	0.7559085880675394	([343, 256], [348, 324, 256])
1	0.7372747411109734	0.7559867852091591	([285, 34], [445, 304, 285])
1	0.7495014727970011	0.756089014340243	([290, 219], [290, 219, 197])
1	0.7560989728429828	0.7563971410541903	([368, 198], [368, 304, 198])
1	0.7498850296503994	0.7564098302169091	([207, 99], [207, 177, 99])
1	0.7551217288662103	0.7564098302169091	([307, 99], [307, 177, 99])
1	0.7565683162330545	0.7567883616037738	([430, 261], [430, 420, 261])
1	0.6777331840659955	0.7571984686376105	([450, 320], [453, 353, 320])
1	0.7526348061309793	0.7574209492064788	([352, 251], [352, 347, 233])
1	0.7414852130848705	0.7575971980875948	([398, 36], [435, 398, 381])
1	0.744878956536492	0.7578240763525569	([384, 199], [384, 360, 183])
1	0.7536574133774775	0.758056158771109	([357, 287], [357, 313, 307])
1	0.7543211464655231	0.7585025093632898	([388, 196], [388, 305, 196])
1	0.7439325603344639	0.758777765996569	([306, 167], [306, 193, 169])
1	0.7332486836190836	0.7587817222194979	([258, 37], [285, 258, 33])
1	0.7417977463573084	0.7588499834256361	([424, 247], [424, 304, 247])
1	0.6774627560345409	0.7589763503198977	([194, 31], [194, 116, 31])
1	0.7587908193989605	0.7590837541320302	([398, 171], [398, 276, 171])
1	0.7249078836454519	0.7592523951563142	([267, 32], [172, 96, 32])
1	0.7475307968182736	0.7594642773745306	([246, 73], [246, 176, 145])
1	0.7512403735900485	0.7594923171691619	([219, 63], [219, 112, 91])
1	0.7532617835642647	0.7596090655695679	([329, 274], [329, 311, 274])
1	0.7592374464511689	0.7601759978597491	([418, 250], [418, 393, 245])
1	0.7538450756073107	0.7602557519239422	([390, 22], [438, 395, 22])
1	0.7374880843374267	0.7611768253778116	([293, 25], [293, 267, 25])
1	0.7573661122973885	0.7613757989683806	([313, 114], [266, 114, 75])
1	0.7607755529093718	0.7614216682782536	([160, 87], [160, 107, 95])
1	0.7588626494702828	0.7614934191807199	([302, 37], [302, 203, 37])
1	0.7580451130312086	0.7617456696718748	([419, 213], [419, 379, 213])
1	0.7504487286867368	0.7619986859601215	([294, 103], [294, 175, 169])
1	0.7530331083224728	0.7623271907889162	([253, 97], [253, 235, 97])
1	0.73910624563403	0.7623987820384902	([351, 231], [351, 332, 231])
1	0.7620307558954604	0.7626010086004016	([448, 178], [448, 381, 178])
1	0.7614168686546361	0.7626875037093893	([238, 129], [238, 166, 165])
1	0.7595341618041808	0.7627966143095132	([404, 185], [410, 360, 304])
1	0.7604312483123771	0.7629436775168863	([237, 109], [237, 165, 144])
1	0.7413475442908913	0.763014065379115	([443, 264], [443, 264, 178])
1	0.7484821685103324	0.7632381505904838	([237, 36], [237, 109, 75])
1	0.6328261932128971	0.7637467721529487	([266, 16], [266, 40, 26])
1	0.7525672542621615	0.7637692009819157	([190, 131], [190, 172, 131])
1	0.748824409849762	0.764177990511124	([251, 134], [251, 231, 133])
1	0.7535507279313333	0.7645163948593683	([408, 192], [408, 381, 178])
1	0.7617097701245665	0.7645727379820412	([334, 258], [334, 316, 253])
1	0.7397375186670064	0.7646875592111683	([411, 189], [411, 368, 189])
1	0.76262768541508	0.7647201521212826	([369, 227], [369, 227, 191])
1	0.7573971057297285	0.7649717357104545	([247, 118], [247, 189, 145])
1	0.7493474487711249	0.7651392513924501	([376, 33], [383, 376, 33])
1	0.7520582767121179	0.7651672280005045	([400, 241], [400, 398, 241])
1	0.7571730074970834	0.7653216699962314	([450, 359], [450, 378, 372])
1	0.7439618646548201	0.7653836297054996	([189, 38], [189, 161, 38])
1	0.7534012591441939	0.7653869676636825	([311, 31], [311, 174, 31])
1	0.7405088218984022	0.7654021613161549	([369, 191], [369, 286, 227])
1	0.7589803765312031	0.7654463623302393	([365, 251], [365, 286, 251])
1	0.7515303482250423	0.7655553105822797	([174, 54], [174, 151, 93])
1	0.7650382747163507	0.7658110660760762	([442, 257], [442, 305, 257])
1	0.7323109512921443	0.765854060216199	([311, 104], [311, 179, 174])
1	0.7523458159929736	0.7659332605360064	([317, 199], [317, 249, 216])
1	0.7553845065302263	0.7660128073086705	([357, 159], [365, 357, 170])
1	0.7368029032952937	0.7666355370531909	([362, 18], [454, 352, 319])
1	0.7390101885079853	0.7672785436506373	([355, 223], [355, 326, 220])
1	0.7565576733184195	0.7673039615573427	([381, 73], [381, 195, 173])
1	0.7441398814995024	0.7676289911774002	([425, 256], [425, 295, 286])
1	0.7651561892903681	0.7677575184872646	([336, 228], [360, 336, 228])
1	0.7658165745089864	0.7679123159237831	([346, 224], [346, 256, 220])
1	0.7507151844492345	0.7680758482519096	([255, 137], [255, 252, 137])
1	0.7658939114393881	0.768229023754855	([449, 340], [450, 449, 320])
1	0.7263810129068758	0.7689027125922279	([331, 158], [331, 253, 239])
1	0.7670183839991196	0.769210092273274	([399, 102], [399, 225, 208])
1	0.7586024081287132	0.7692257590753572	([232, 48], [253, 232, 48])
1	0.7671627500092473	0.7692656999543451	([322, 136], [322, 253, 136])
1	0.7599803108390464	0.7692767902245948	([443, 221], [443, 243, 221])
1	0.7691795697998123	0.7693470839208368	([441, 238], [441, 306, 287])
1	0.7636076570833373	0.7701273651854109	([436, 30], [436, 395, 22])
1	0.7654572496284209	0.7703012849242096	([452, 275], [452, 440, 275])
1	0.7659031564417008	0.7708934374686548	([396, 181], [396, 213, 212])
1	0.591635920653034	0.7712092834640919	([180, 15], [180, 69, 30])
1	0.7540466680739151	0.7718681187248538	([451, 325], [451, 325, 254])
1	0.7647275691808508	0.7719747749925269	([318, 32], [372, 318, 32])
1	0.7320477354004549	0.7719747749925269	([382, 32], [382, 372, 32])
1	0.7699491944418719	0.7720146077647921	([362, 91], [362, 176, 167])
1	0.7349051721027752	0.7720346213554931	([400, 182], [421, 400, 182])
1	0.7617604415428726	0.7729620991421247	([339, 236], [339, 315, 236])
1	0.7614333876611762	0.7732268059247058	([454, 85], [454, 85, 20])
1	0.7724076197734339	0.773958577878431	([315, 101], [315, 171, 101])
1	0.7585427080159128	0.7741887968334704	([448, 331], [448, 363, 331])
1	0.7633935069623297	0.7746456968948615	([329, 110], [329, 327, 110])
1	0.7710827697431395	0.7747142779938067	([322, 164], [322, 243, 164])
1	0.7490518827347616	0.7752948169715222	([279, 89], [291, 279, 36])
1	0.7649254160718323	0.7753980162667506	([323, 149], [323, 254, 149])
1	0.7748678720458556	0.7755208307836826	([417, 170], [417, 198, 33])
1	0.7675953936523522	0.7761910419639313	([445, 209], [445, 285, 209])
1	0.77332580867658	0.7770682962489769	([426, 187], [426, 284, 187])
1	0.7471208073320571	0.7771900261466	([410, 237], [410, 268, 237])
1	0.761230307583992	0.7775368082996166	([231, 57], [231, 105, 101])
1	0.7732870084698911	0.777912963488673	([208, 39], [208, 173, 28])
1	0.7760426496686347	0.7780703271107238	([245, 69], [245, 179, 50])
1	0.7538357551406324	0.7783676794980926	([449, 256], [449, 447, 256])
1	0.775138742527199	0.7783923084103035	([271, 76], [271, 76, 25])
1	0.7521180127075359	0.7790798052961055	([452, 153], [452, 153, 46])
1	0.7724604270022484	0.7792417167886042	([338, 142], [338, 318, 142])
1	0.6294463332513579	0.7795806635526876	([130, 16], [109, 46, 20])
1	0.7791959470721106	0.7797487585930453	([375, 133], [375, 172, 133])
1	0.7750268731011092	0.7808534643309728	([332, 181], [332, 311, 181])
1	0.768503149901778	0.7814575095577724	([316, 135], [318, 316, 135])
1	0.759913182598208	0.7822751221127314	([434, 103], [434, 103, 35])
1	0.7770814721779968	0.7826480656840041	([349, 103], [371, 349, 103])
1	0.7802313074355327	0.7833938959867158	([319, 19], [319, 304, 247])
1	0.7790201242167372	0.7835695600276135	([354, 156], [354, 329, 156])
1	0.7402597043594842	0.7836534245718612	([358, 143], [358, 349, 103])
1	0.7743290957694338	0.7838345623885181	([337, 200], [337, 234, 222])
1	0.7834817892201403	0.7839812203380238	([419, 92], [419, 398, 92])
1	0.7671691199744378	0.7849369759130345	([359, 107], [359, 248, 216])
1	0.7701743462781722	0.7853277453414053	([352, 155], [352, 318, 165])
1	0.7769743924755614	0.7855301445849642	([421, 100], [421, 225, 100])
1	0.7828195957725922	0.7859426310352224	([339, 48], [339, 322, 151])
1	0.778408542144486	0.7862970231053878	([360, 106], [363, 334, 119])
1	0.7718338760323149	0.7869559032188005	([321, 69], [321, 204, 69])
1	0.7827132383144996	0.7872794675739223	([427, 87], [427, 367, 87])
1	0.7784266488643883	0.787383843149398	([283, 112], [283, 236, 192])
1	0.7819934098178061	0.7878517694523307	([418, 82], [418, 195, 194])
1	0.7518546366626139	0.7879085164748036	([453, 147], [453, 147, 23])
1	0.7760403219415719	0.7879252290011116	([416, 90], [429, 416, 90])
1	0.7779259838192842	0.787964009361145	([337, 162], [367, 337, 162])
1	0.7227956986521615	0.7897878102254345	([279, 18], [279, 64, 30])
1	0.788944494970132	0.7899376765827545	([324, 60], [324, 229, 60])
1	0.7890474735201402	0.7901842579790613	([408, 66], [416, 408, 90])
1	0.7762132911732061	0.7909767266942682	([330, 46], [330, 231, 46])
1	0.7839615177857766	0.7912717467123752	([356, 130], [356, 195, 157])
1	0.6302248894075997	0.7917102128931964	([190, 11], [190, 87, 41])
1	0.7889065326428047	0.7924030098412858	([323, 80], [323, 219, 80])
1	0.7824015199252283	0.7935812341774194	([366, 54], [366, 104, 54])
1	0.6023233495606544	0.7939544980035885	([117, 15], [117, 43, 24])
1	0.7958066446920378	0.796028256736575	([351, 55], [351, 120, 110])
1	0.7703909263479952	0.796028256736575	([351, 120], [351, 168, 110])
1	0.791549389898436	0.7977465600098336	([364, 117], [364, 256, 101])
1	0.7744177368748754	0.7986707677434275	([333, 59], [335, 333, 59])
1	0.6408220896569631	0.7991803970752183	([231, 11], [231, 190, 68])
1	0.6606271077202589	0.8006333803316732	([326, 12], [326, 74, 68])
1	0.6113634164113615	0.8026153025807584	([426, 15], [426, 26, 22])
1	0.6112611260935511	0.8073284688305896	([155, 15], [155, 117, 81])
1	0.8074452573695682	0.8078548405984504	([347, 77], [347, 199, 168])
1	0.8087600218447751	0.815748696489994	([425, 61], [425, 275, 61])
1	0.6907865849382047	0.8181327845327868	([118, 0], [118, 28, 20])
1	0.6643339980929818	0.8277671378928669	([390, 12], [390, 326, 75])
1	0.6848328064025263	0.8302967148988719	([417, 0], [449, 417, 23])
1	0.5060962423453875	0.8981553619312366	([84, 14], [84, 83, 14])
1	0.4939824717376743	0.9057954628674186	([394, 14], [395, 22, 14])
0	0.0	1.0	([1], [1, 0])
0	0.0	1.0	([2], [2, 0])
0	0.0	1.0	([3], [3, 0])
0	0.0	1.0	([4], [4, 0])
0	0.0	1.0	([5], [5, 0])
0	0.0	1.0	([6], [6, 0])
0	0.0	1.0	([7], [7, 0])
0	0.0	1.0	([8], [8, 0])
0	0.0	1.0	([9], [9, 0])
0	0.0	1.0	([10], [10, 0])
0	0.0	inf	([0], [])
