0	0.0	0.019475897910401985	([46], [46, 21])
0	0.0	0.025693546235100232	([51], [51, 9])
0	0.0	0.026936685808754565	([189], [189, 7])
0	0.0	0.2457235339728683	([132], [132, 131])
0	0.0	0.24822011547282982	([140], [140, 139])
0	0.0	0.24973723754956184	([170], [170, 169])
0	0.0	0.25433115553557445	([121], [121, 120])
0	0.0	0.2549050640279404	([159], [159, 158])
0	0.0	0.2565781958290477	([202], [202, 201])
0	0.0	0.25677842777367027	([206], [206, 205])
0	0.0	0.2596653049610906	([175], [175, 174])
0	0.0	0.2656450109770856	([137], [137, 136])
0	0.0	0.26773373518150234	([136], [136, 135])
0	0.0	0.2682530888324294	([118], [118, 117])
0	0.0	0.26879667501146054	([200], [200, 199])
0	0.0	0.26904395292664157	([116], [116, 115])
0	0.0	0.26944403144495965	([164], [164, 163])
0	0.0	0.2700651462624827	([185], [185, 184])
0	0.0	0.2713893583690934	([128], [128, 127])
0	0.0	0.27205891501544255	([173], [173, 172])
0	0.0	0.27355775687802303	([64], [64, 63])
0	0.0	0.2738135322000593	([187], [187, 186])
0	0.0	0.27646603627897004	([162], [162, 161])
0	0.0	0.2769551685963041	([112], [112, 111])
0	0.0	0.2776549047025515	([105], [105, 104])
0	0.0	0.2778167489572568	([201], [201, 200])
0	0.0	0.27806298170961524	([165], [165, 164])
0	0.0	0.27857962762845573	([151], [151, 150])
0	0.0	0.2803328192068621	([186], [186, 185])
0	0.0	0.2811461272414472	([163], [163, 162])
0	0.0	0.28126833898600134	([129], [129, 128])
0	0.0	0.2824060862949745	([166], [166, 165])
0	0.0	0.28284679454694245	([169], [169, 168])
0	0.0	0.28311502686776613	([172], [172, 171])
0	0.0	0.28349649647313396	([208], [208, 207])
0	0.0	0.28415617257939807	([142], [142, 141])
0	0.0	0.2843768155285267	([182], [182, 181])
0	0.0	0.2857240453634819	([111], [111, 110])
0	0.0	0.2870452074276885	([76], [76, 75])
0	0.0	0.28712229640364934	([107], [107, 106])
0	0.0	0.28720773833990115	([150], [150, 149])
0	0.0	0.2882232726234305	([125], [125, 124])
0	0.0	0.29026915752976773	([144], [144, 143])
0	0.0	0.29045261797180794	([160], [160, 159])
0	0.0	0.2904899789358436	([124], [124, 123])
0	0.0	0.29192365358923933	([101], [101, 100])
0	0.0	0.29197647786934317	([176], [176, 175])
0	0.0	0.29203184547460864	([99], [99, 98])
0	0.0	0.2922647896290167	([139], [139, 138])
0	0.0	0.29259599725908086	([100], [100, 99])
0	0.0	0.29265203663986594	([123], [123, 122])
0	0.0	0.2927833741932329	([59], [59, 58])
0	0.0	0.29291603191440363	([58], [58, 57])
0	0.0	0.29318649780609807	([145], [145, 144])
0	0.0	0.2943313784215893	([161], [161, 160])
0	0.0	0.2946222184531011	([65], [65, 64])
0	0.0	0.2948808634006807	([207], [207, 206])
0	0.0	0.2948871712077284	([188], [188, 187])
0	0.0	0.295007134691197	([141], [141, 140])
0	0.0	0.29581688627010827	([106], [106, 105])
0	0.0	0.29615528677379294	([66], [66, 65])
0	0.0	0.29667413166918544	([178], [178, 177])
0	0.0	0.2973197922494461	([83], [83, 82])
0	0.0	0.2974841856363013	([198], [198, 197])
0	0.0	0.29973562509003515	([108], [108, 107])
0	0.0	0.2998591959097053	([57], [57, 56])
0	0.0	0.30020596972345787	([110], [110, 109])
0	0.0	0.3009425322443779	([114], [114, 113])
0	0.0	0.3012327803282851	([180], [180, 179])
0	0.0	0.3016370525815427	([143], [143, 142])
0	0.0	0.3019698898241124	([177], [177, 176])
0	0.0	0.30201776329099894	([174], [174, 173])
0	0.0	0.303705666312005	([127], [127, 126])
0	0.0	0.3051592937265532	([91], [91, 90])
0	0.0	0.30575278186853005	([71], [71, 70])
0	0.0	0.3057539727559498	([87], [87, 86])
0	0.0	0.30680519095541575	([183], [183, 182])
0	0.0	0.30748238466934014	([152], [152, 151])
0	0.0	0.30801935554207976	([184], [184, 183])
0	0.0	0.3082120469411756	([181], [181, 180])
0	0.0	0.30821214889599774	([56], [56, 55])
0	0.0	0.30856988673877156	([104], [104, 103])
0	0.0	0.30867239297640825	([179], [179, 178])
0	0.0	0.30878954655191	([94], [94, 93])
0	0.0	0.3092713186091367	([86], [86, 85])
0	0.0	0.3095511251410244	([117], [117, 116])
0	0.0	0.3096892581862505	([84], [84, 83])
0	0.0	0.3097985351510881	([77], [77, 76])
0	0.0	0.3113253743549626	([126], [126, 125])
0	0.0	0.31153299660305095	([73], [73, 72])
0	0.0	0.31262279426963324	([72], [72, 71])
0	0.0	0.3128366057156083	([78], [78, 77])
0	0.0	0.31315192201386416	([53], [53, 52])
0	0.0	0.31396460817850597	([98], [98, 97])
0	0.0	0.3142660531545172	([113], [113, 112])
0	0.0	0.31495720122965964	([138], [138, 137])
0	0.0	0.3154206329649935	([130], [130, 129])
0	0.0	0.31583694094831916	([88], [88, 87])
0	0.0	0.31678155562330507	([153], [153, 152])
0	0.0	0.31873091978545554	([50], [50, 49])
0	0.0	0.31923661736401304	([85], [85, 84])
0	0.0	0.32015123504970083	([90], [90, 89])
0	0.0	0.32108269158887826	([192], [192, 5])
0	0.0	0.3220417842447375	([103], [103, 102])
0	0.0	0.3220833929162043	([79], [79, 78])
0	0.0	0.3229707465481395	([199], [199, 197])
1	0.31586118141966035	0.3239189051720459	([152, 149], [152, 151, 150])
0	0.0	0.32483422088394354	([171], [171, 170])
0	0.0	0.325754693749636	([133], [133, 132])
0	0.0	0.3258874522116242	([203], [203, 202])
0	0.0	0.32726343181893347	([52], [52, 49])
0	0.0	0.3283771710057656	([97], [97, 96])
0	0.0	0.3301991798943361	([63], [63, 62])
0	0.0	0.3308430431308823	([49], [49, 48])
0	0.0	0.33108958000396355	([122], [122, 121])
0	0.0	0.33157792662963725	([131], [132, 130])
0	0.0	0.3316538272165838	([115], [115, 114])
0	0.0	0.3318327403260429	([67], [67, 66])
0	0.0	0.33345655955159004	([193], [193, 192])
0	0.0	0.3369731321960827	([96], [96, 95])
0	0.0	0.33907595686452113	([205], [205, 204])
0	0.0	0.342812738241338	([95], [95, 94])
0	0.0	0.3429042136309008	([102], [102, 101])
0	0.0	0.3444743332492605	([204], [204, 203])
0	0.0	0.34632496940335455	([5], [193, 191])
0	0.0	0.3506735776785974	([135], [135, 133])
0	0.0	0.3515535232567227	([62], [62, 61])
0	0.0	0.352123588439615	([89], [89, 88])
0	0.0	0.35568168819309215	([195], [195, 0])
0	0.0	0.35722563851941913	([119], [119, 118])
0	0.0	0.36061973517883045	([82], [83, 80])
0	0.0	0.3616042825107691	([158], [158, 157])
0	0.0	0.36594780141020916	([156], [156, 155])
0	0.0	0.36720761589176243	([120], [120, 119])
0	0.0	0.3713715356259157	([15], [15, 14])
1	0.36509573861163763	0.37142531761129893	([88, 85], [88, 87, 86])
0	0.0	0.37165865806018944	([61], [61, 59])
0	0.0	0.37180130385894306	([109], [109, 108])
0	0.0	0.3729153302604502	([197], [198, 196])
0	0.0	0.37322940564725426	([168], [168, 167])
0	0.0	0.37402107532055384	([154], [154, 153])
0	0.0	0.3779537344616059	([54], [54, 53])
0	0.0	0.37881745886136536	([75], [75, 73])
0	0.0	0.38221194204503284	([74], [74, 73])
0	0.0	0.3834321975987289	([0], [195, 194])
0	0.0	0.3852303499226165	([190], [190, 5])
0	0.0	0.3853527350697148	([157], [158, 156])
0	0.0	0.38700929308188176	([80], [82, 81])
0	0.0	0.3910867030172686	([60], [60, 59])
0	0.0	0.39114054639152507	([93], [135, 134])
0	0.0	0.39172349815611535	([134], [93, 92])
0	0.0	0.3923750821211761	([92], [92, 91])
0	0.0	0.39275300031245236	([167], [167, 166])
0	0.0	0.39328385284867284	([196], [196, 195])
0	0.0	0.3937459559043925	([40], [40, 39])
0	0.0	0.3947448060901248	([55], [55, 54])
0	0.0	0.3964043455969649	([81], [80, 79])
0	0.0	0.39649988934287916	([48], [48, 47])
0	0.0	0.3965496019903931	([70], [70, 69])
0	0.0	0.3978867650677584	([20], [20, 17])
0	0.0	0.3981186596737446	([45], [45, 43])
0	0.0	0.3996681537705872	([68], [68, 67])
0	0.0	0.4016636392271004	([43], [43, 41])
0	0.0	0.40288185276272315	([42], [42, 40])
0	0.0	0.40519647146001797	([147], [147, 145])
0	0.0	0.40991062906816544	([148], [148, 147])
0	0.0	0.41613575496848354	([24], [24, 23])
0	0.0	0.4183798219233461	([155], [155, 154])
0	0.0	0.42037321509273984	([146], [146, 13])
0	0.0	0.42203143626113887	([69], [69, 67])
0	0.0	0.42547311356814593	([27], [27, 22])
0	0.0	0.4278056763931501	([17], [20, 19])
0	0.0	0.42820619239064195	([194], [194, 193])
0	0.0	0.4331152177559108	([39], [42, 41])
0	0.0	0.4340500521589626	([13], [146, 145])
0	0.0	0.43792404526690215	([25], [25, 23])
0	0.0	0.4443702841125782	([149], [149, 148])
0	0.0	0.44531985491895454	([29], [29, 28])
0	0.0	0.44750693227681804	([28], [28, 15])
0	0.0	0.4494346407254668	([11], [11, 1])
0	0.0	0.4555014457267527	([44], [44, 42])
0	0.0	0.45783592744820656	([23], [24, 11])
0	0.0	0.45867179979970396	([14], [28, 11])
1	0.42942202878677566	0.45985611315065444	([79, 67], [79, 72, 67])
0	0.0	0.4647899779240142	([18], [18, 1])
0	0.0	0.47022869209436946	([26], [26, 11])
1	0.47192903915330797	0.47196611263276345	([154, 147], [154, 149, 148])
0	0.0	0.4755927813596667	([22], [27, 26])
0	0.0	0.48061988299409175	([191], [193, 188])
1	0.43710064902636975	0.48457158814594353	([45, 42], [45, 43, 41])
0	0.0	0.4940222573934832	([47], [48, 45])
0	0.0	0.5053487505655142	([41], [134, 22])
1	0.4941805007210048	0.5062633002925492	([47, 43], [48, 47, 45])
0	0.0	0.5115742770054903	([19], [19, 1])
1	0.4797026125836789	0.5142931974829298	([191, 0], [194, 191, 5])
0	0.0	0.5219308561006872	([1], [60, 16])
1	0.5307999430578207	0.5388918052778849	([92, 16], [92, 81, 80])
1	0.48659616819128243	0.5405631952252354	([27, 25], [28, 27, 25])
1	0.47758846237845426	0.5582252452701316	([148, 13], [148, 146, 144])
1	0.5434444023121991	0.5656492060348762	([44, 23], [44, 39, 24])
1	0.5212915934354915	0.588932058513357	([29, 14], [28, 15, 14])
1	0.5460746694869881	0.588932058513357	([25, 14], [28, 25, 14])
1	0.5710214380624928	0.595758781904016	([176, 164], [176, 172, 171])
1	0.5698433870072976	0.6186415278528138	([42, 27], [40, 39, 27])
1	0.6246327076928779	0.6247172874197094	([183, 160], [183, 172, 171])
1	0.6139397742221657	0.638426487133836	([132, 106], [132, 120, 105])
1	0.5818370819397137	0.6471901728363092	([204, 5], [204, 195, 193])
1	0.6528534029641897	0.654920636872738	([173, 145], [173, 161, 145])
1	0.6453378084018696	0.6558789310100336	([206, 185], [206, 195, 192])
1	0.6006484279389557	0.6671317359302652	([74, 25], [74, 60, 25])
1	0.5383317675323632	0.6671317359302652	([74, 16], [74, 63, 60])
1	0.6512986690035761	0.6672229094336879	([70, 24], [74, 70, 24])
1	0.6356381358631258	0.6680511791283456	([96, 40], [96, 79, 40])
1	0.6638114751929602	0.6684277992072438	([77, 42], [82, 77, 42])
1	0.6408713037425594	0.6684277992072438	([95, 42], [95, 82, 42])
1	0.6672353105902432	0.67007058936194	([137, 103], [137, 132, 105])
1	0.6544352445973187	0.6702571077175076	([94, 44], [94, 78, 44])
1	0.652719997390396	0.6766646497582446	([75, 44], [75, 64, 44])
1	0.674209236614977	0.6795868867779221	([104, 61], [104, 83, 65])
1	0.6705639765138066	0.6795868867779221	([114, 65], [114, 104, 65])
1	0.6843493393707704	0.684546708165829	([89, 39], [89, 77, 39])
1	0.5301801689853366	0.6938048812875778	([81, 16], [81, 74, 64])
1	0.6587666118135126	0.6943203667368002	([106, 63], [106, 90, 63])
1	0.6779807808591218	0.6958331094340586	([105, 62], [105, 88, 85])
1	0.6911542003868355	0.6964504090042059	([128, 68], [128, 102, 90])
1	0.6828262326865848	0.6964555703602764	([143, 62], [133, 115, 62])
1	0.5934398262901921	0.6965445364060625	([60, 25], [70, 56, 48])
1	0.6949017482007497	0.7014195725057846	([198, 151], [198, 185, 151])
1	0.6939729684890646	0.7018518734478281	([145, 26], [169, 156, 145])
1	0.6795080681445487	0.7018518734478281	([199, 145], [199, 169, 145])
1	0.6671330150945347	0.7023976943906841	([192, 156], [192, 188, 156])
1	0.6566895030065317	0.7036603662177612	([49, 26], [59, 49, 26])
1	0.692210157730913	0.7053193992431401	([193, 26], [199, 193, 26])
1	0.699710366983669	0.7056393048684004	([129, 48], [129, 82, 73])
1	0.7050641326204332	0.7065655266309774	([125, 77], [125, 95, 77])
1	0.6825397816683104	0.7068333146572233	([208, 142], [208, 171, 142])
1	0.5198109698590714	0.7081357765962918	([40, 24], [44, 28, 23])
1	0.708183271205737	0.7085775250174446	([107, 56], [107, 103, 62])
1	0.674260111676996	0.7095633077814367	([126, 42], [110, 107, 42])
1	0.7100270498526638	0.7101645803999529	([75, 11], [93, 75, 11])
1	0.7046747196743322	0.7101645803999529	([94, 29], [94, 93, 11])
1	0.7000232816442182	0.7116003257072584	([168, 132], [168, 157, 132])
1	0.6746952922159485	0.7124617583801457	([122, 26], [122, 94, 26])
1	0.5381526538170586	0.7144656016281515	([154, 16], [167, 154, 143])
1	0.7086951885836282	0.7145669197356531	([152, 44], [208, 152, 142])
1	0.7019221523862579	0.7151167492965596	([118, 53], [118, 104, 53])
1	0.7097726392841404	0.7169841836359414	([205, 143], [205, 192, 143])
1	0.7060043450779375	0.7172983519275812	([186, 29], [186, 153, 144])
1	0.717332968838696	0.719144299041787	([87, 1], [87, 70, 1])
1	0.7008249694113581	0.7195986160852542	([206, 133], [206, 171, 145])
1	0.6927678688064406	0.7220300977841503	([150, 104], [150, 138, 119])
1	0.6880961415684004	0.722251171360822	([145, 1], [138, 129, 1])
1	0.6711924608275562	0.7224545421338111	([178, 40], [178, 153, 151])
1	0.6178780115913829	0.7242185215821905	([119, 18], [190, 142, 130])
1	0.7258882917687434	0.7259974131125506	([183, 19], [183, 145, 19])
1	0.7271635229722346	0.7277387719721259	([147, 61], [147, 105, 63])
1	0.7056863364052615	0.7291993245526488	([190, 50], [207, 190, 50])
1	0.7111878644324019	0.7305951901081496	([208, 89], [208, 89, 67])
1	0.7178559687002897	0.7372128582189869	([206, 39], [206, 188, 24])
1	0.7035361650606932	0.7381005855409298	([175, 62], [175, 164, 62])
1	0.6858050513077113	0.7404749206559281	([208, 44], [207, 147, 50])
1	0.7385854040217339	0.7407925056449733	([138, 56], [138, 105, 56])
1	0.6863207242654914	0.7408208224772526	([61, 29], [94, 61, 42])
1	0.6286133313435824	0.7426341431579556	([203, 18], [203, 190, 180])
1	0.6966915389367678	0.7426627403052827	([144, 29], [144, 29, 24])
1	0.6791073881862346	0.7426627403052827	([188, 24], [144, 39, 24])
1	0.7365288476992339	0.7446877478408437	([201, 132], [201, 132, 39])
1	0.7375703817242557	0.7455797313658525	([205, 56], [205, 56, 39])
1	0.7360545942194694	0.7473962761904814	([150, 57], [150, 104, 103])
1	0.7437545855538853	0.7488884246523286	([175, 24], [175, 158, 24])
1	0.6453608241476114	0.7513631092810565	([168, 26], [169, 131, 59])
1	0.654650858222661	0.752397052333702	([153, 40], [153, 119, 61])
1	0.6781007204975734	0.7539710494594362	([207, 40], [207, 55, 44])
1	0.7426810046457671	0.7566352042225074	([150, 41], [150, 57, 41])
1	0.6367430017220683	0.7582240355917622	([95, 25], [95, 74, 61])
1	0.692654089666747	0.7589521593721805	([108, 19], [129, 89, 19])
1	0.7148791840963202	0.7643976040854478	([185, 1], [185, 163, 140])
1	0.7146545203160602	0.7653141404004993	([151, 23], [206, 151, 23])
1	0.725008658915765	0.7653141404004993	([202, 23], [206, 202, 23])
1	0.7491929208257567	0.7673955377164775	([202, 106], [202, 175, 62])
1	0.7647142709950951	0.7683473598041206	([174, 66], [174, 131, 110])
1	0.5349910546675011	0.7783186758990813	([155, 0], [194, 155, 150])
1	0.7634811559145275	0.7888297582584091	([161, 54], [161, 59, 54])
1	0.7891757110677283	0.7911214381710574	([196, 41], [196, 188, 41])
1	0.5484759775759174	0.7921669359695459	([190, 18], [119, 44, 24])
1	0.7108480287697871	0.794552645546886	([208, 20], [208, 52, 20])
1	0.706757009230512	0.8056162609813836	([173, 11], [173, 84, 49])
1	0.6767899274106184	0.8106411313667643	([148, 11], [148, 144, 24])
1	0.5148059712827324	0.8252721607103826	([68, 17], [68, 19, 17])
1	0.5413149777321415	0.8645480179612133	([157, 17], [157, 68, 42])
1	0.5317741726126801	0.873665781734391	([167, 16], [167, 74, 50])
1	0.511667023435306	0.8958225693853858	([44, 18], [135, 134, 22])
1	0.5338096072155938	0.8983270396849926	([69, 15], [69, 28, 26])
0	0.0	0.9615295469712005	([7], [189, 188])
0	0.0	0.9670292615673297	([9], [51, 50])
0	0.0	0.9754715239839088	([16], [48, 46])
0	0.0	1.0	([2], [2, 0])
0	0.0	1.0	([3], [3, 0])
0	0.0	1.0	([4], [4, 0])
0	0.0	1.0	([6], [6, 0])
0	0.0	1.0	([8], [8, 0])
0	0.0	1.0	([10], [10, 0])
0	0.0	1.0	([12], [12, 0])
0	0.0	1.0	([30], [30, 0])
0	0.0	1.0	([31], [31, 0])
0	0.0	1.0	([32], [32, 0])
0	0.0	1.0	([33], [33, 0])
0	0.0	1.0	([34], [34, 0])
0	0.0	1.0	([35], [35, 0])
0	0.0	1.0	([36], [36, 0])
0	0.0	1.0	([37], [37, 0])
0	0.0	1.0	([38], [38, 0])
0	0.0	inf	([21], [])
