0	0.0	0.022883548378869925	([319], [319, 88])
0	0.0	0.025795635181719987	([383], [383, 91])
0	0.0	0.026622643960112505	([121], [121, 82])
0	0.0	0.027134698748081033	([89], [89, 22])
0	0.0	0.030100597062452467	([179], [179, 96])
0	0.0	0.03126657777725045	([86], [86, 2])
0	0.0	0.03614845583953246	([85], [85, 76])
0	0.0	0.046290194815196535	([105], [105, 79])
0	0.0	0.23773019015633337	([15], [15, 14])
0	0.0	0.24771890460209242	([51], [51, 50])
0	0.0	0.24887350301782662	([162], [162, 161])
0	0.0	0.24899279927146	([232], [232, 231])
0	0.0	0.24997481019674905	([37], [37, 36])
0	0.0	0.25008565732641913	([400], [400, 399])
0	0.0	0.25366179038312225	([19], [19, 18])
0	0.0	0.2544773615486516	([170], [170, 169])
0	0.0	0.255332016188034	([301], [301, 300])
0	0.0	0.25546822546694237	([119], [119, 118])
0	0.0	0.2557883942685908	([34], [34, 33])
0	0.0	0.25724142302392466	([241], [241, 240])
0	0.0	0.2587154629304283	([110], [110, 109])
0	0.0	0.25912597805951954	([274], [274, 273])
0	0.0	0.25926876193869913	([57], [57, 56])
0	0.0	0.2600805762862386	([293], [293, 292])
0	0.0	0.2601018864365807	([248], [248, 247])
0	0.0	0.2614302844042959	([253], [253, 252])
0	0.0	0.26167325284987436	([398], [398, 397])
0	0.0	0.26221103080015656	([242], [242, 241])
0	0.0	0.26230622769458617	([374], [374, 373])
0	0.0	0.26249127266317995	([17], [17, 16])
0	0.0	0.2630273177532688	([24], [24, 23])
0	0.0	0.26329560604475705	([59], [59, 58])
0	0.0	0.2634156338776998	([238], [238, 237])
0	0.0	0.2635492807507718	([182], [182, 181])
0	0.0	0.26391695133880505	([245], [245, 244])
0	0.0	0.2641481415821944	([286], [286, 285])
0	0.0	0.2648094351131353	([318], [318, 317])
0	0.0	0.26482471988450346	([167], [167, 166])
0	0.0	0.2651711207351278	([290], [290, 289])
0	0.0	0.26524867121886403	([120], [120, 119])
0	0.0	0.2653499447725184	([298], [298, 297])
0	0.0	0.2665938550190289	([47], [47, 46])
0	0.0	0.2672126690453203	([224], [224, 223])
0	0.0	0.2675033854729216	([269], [269, 268])
0	0.0	0.2677883752497912	([90], [90, 87])
0	0.0	0.26832574449321656	([302], [302, 301])
0	0.0	0.26881640057165057	([401], [401, 400])
0	0.0	0.26898144400422647	([70], [70, 69])
0	0.0	0.2691257108633988	([173], [173, 172])
0	0.0	0.2701157378952554	([234], [234, 233])
0	0.0	0.27015533167517786	([321], [321, 320])
0	0.0	0.27033668245149867	([126], [126, 125])
0	0.0	0.2704032808478055	([380], [380, 379])
0	0.0	0.2711421162318989	([342], [342, 341])
0	0.0	0.2714252555026103	([237], [237, 236])
0	0.0	0.27198215417102534	([52], [52, 51])
0	0.0	0.2723904366318968	([18], [18, 17])
0	0.0	0.2726310615240044	([289], [289, 288])
0	0.0	0.2726349655121927	([233], [233, 232])
0	0.0	0.27269893082548896	([314], [314, 313])
0	0.0	0.2727287389093184	([386], [386, 385])
0	0.0	0.2729574857423777	([214], [214, 213])
0	0.0	0.2731526079927405	([387], [387, 386])
0	0.0	0.27317688160609954	([46], [46, 45])
0	0.0	0.27318833860787956	([64], [64, 63])
0	0.0	0.2736731018366516	([367], [367, 366])
0	0.0	0.2738911080009217	([399], [399, 398])
0	0.0	0.27401573685240194	([305], [305, 304])
0	0.0	0.2746297944321078	([44], [44, 43])
0	0.0	0.2757189264307411	([255], [255, 254])
0	0.0	0.27579071583264	([244], [244, 243])
0	0.0	0.2759717212444602	([116], [116, 115])
0	0.0	0.27610729183058563	([219], [219, 218])
0	0.0	0.2762667742898104	([377], [377, 376])
0	0.0	0.276795894145606	([379], [379, 378])
0	0.0	0.27712360354147436	([295], [295, 294])
0	0.0	0.27736595827649335	([181], [181, 180])
0	0.0	0.27739280577615905	([150], [150, 149])
0	0.0	0.27762684316084957	([270], [270, 269])
0	0.0	0.27767281210632105	([365], [365, 364])
0	0.0	0.27800696495905564	([208], [208, 207])
0	0.0	0.27900397778801	([309], [309, 308])
0	0.0	0.27907356066691275	([323], [323, 322])
0	0.0	0.2791290470862662	([281], [281, 280])
0	0.0	0.2795469621673789	([385], [385, 384])
0	0.0	0.2795496644008588	([215], [215, 214])
0	0.0	0.2796851266793711	([356], [356, 355])
0	0.0	0.2801438219935812	([250], [250, 249])
0	0.0	0.2803749748609293	([266], [266, 265])
0	0.0	0.28042064288750945	([112], [112, 111])
0	0.0	0.2806129272263298	([257], [257, 256])
0	0.0	0.28068862976201525	([278], [278, 277])
0	0.0	0.2808534828657127	([168], [168, 167])
0	0.0	0.2811058003374296	([3], [3, 1])
0	0.0	0.2811803642158369	([324], [324, 323])
0	0.0	0.28138114123713354	([38], [38, 37])
0	0.0	0.2815772343813322	([304], [304, 303])
0	0.0	0.2819040622488319	([67], [67, 66])
0	0.0	0.28219761396944326	([49], [49, 48])
0	0.0	0.28289857544342817	([346], [346, 345])
0	0.0	0.2835433914638625	([220], [220, 219])
0	0.0	0.2837295148261233	([338], [338, 337])
0	0.0	0.28376533430605017	([340], [340, 339])
0	0.0	0.28413166226736375	([330], [330, 329])
0	0.0	0.28413203375384954	([285], [285, 284])
0	0.0	0.2848490881341219	([128], [128, 127])
0	0.0	0.2849947827776321	([243], [243, 242])
0	0.0	0.28520909365100555	([361], [361, 360])
0	0.0	0.2852918296747959	([204], [204, 203])
0	0.0	0.2856123484108066	([153], [153, 152])
0	0.0	0.28574957083621744	([211], [211, 210])
0	0.0	0.2861187147152046	([176], [176, 175])
0	0.0	0.28668880513288264	([280], [280, 279])
0	0.0	0.28671995117413696	([159], [159, 158])
0	0.0	0.2867464858066614	([360], [360, 359])
0	0.0	0.28676313597330805	([251], [251, 250])
0	0.0	0.28700968995952897	([131], [131, 130])
0	0.0	0.28720027303167345	([35], [35, 34])
0	0.0	0.2872984586068276	([48], [48, 47])
0	0.0	0.28734986478710645	([358], [358, 357])
0	0.0	0.2873888469708161	([349], [349, 348])
0	0.0	0.2873940712254175	([74], [74, 73])
0	0.0	0.2874204695069318	([263], [263, 262])
0	0.0	0.28752419081318004	([292], [292, 291])
0	0.0	0.2875477519168331	([146], [146, 145])
0	0.0	0.2879100052808836	([287], [287, 286])
0	0.0	0.2879696390096424	([359], [359, 358])
0	0.0	0.2882797728853292	([370], [370, 369])
0	0.0	0.28835411732859045	([206], [206, 205])
0	0.0	0.2884421678780321	([369], [369, 368])
0	0.0	0.2887329610440679	([362], [362, 361])
0	0.0	0.28891650151731013	([327], [327, 326])
0	0.0	0.2890316664271614	([368], [368, 367])
0	0.0	0.28999361842915633	([291], [291, 290])
0	0.0	0.29000384219142133	([183], [183, 182])
0	0.0	0.2905354210227801	([129], [129, 128])
0	0.0	0.2906087374026155	([354], [354, 353])
0	0.0	0.29082033520825606	([136], [136, 135])
0	0.0	0.2909804306133503	([27], [27, 26])
0	0.0	0.2911734880921332	([312], [312, 311])
0	0.0	0.2914057778679719	([185], [185, 184])
0	0.0	0.2917859094311305	([378], [378, 377])
0	0.0	0.29226002777132254	([282], [282, 281])
0	0.0	0.29234286187015157	([12], [12, 11])
0	0.0	0.2925268895782503	([29], [29, 28])
0	0.0	0.29281448689819406	([11], [11, 10])
0	0.0	0.29281939735610996	([195], [195, 194])
0	0.0	0.29282509473406854	([187], [187, 186])
0	0.0	0.2929301804072003	([154], [154, 153])
0	0.0	0.2930560319706604	([388], [388, 387])
0	0.0	0.2930813329553838	([26], [26, 25])
0	0.0	0.29399182777980515	([127], [127, 126])
0	0.0	0.29410693517285624	([7], [7, 6])
0	0.0	0.29429680708030753	([345], [345, 344])
0	0.0	0.2944497471410512	([236], [236, 235])
0	0.0	0.2945282364286496	([123], [123, 122])
0	0.0	0.2945465813137506	([201], [201, 200])
0	0.0	0.29477634349142184	([151], [151, 150])
0	0.0	0.2948068098294484	([178], [178, 177])
0	0.0	0.29487395007218126	([355], [355, 354])
0	0.0	0.29540544315544964	([212], [212, 211])
0	0.0	0.2954153658302511	([158], [158, 157])
0	0.0	0.295509435317952	([325], [325, 324])
0	0.0	0.2955497048274726	([337], [337, 336])
0	0.0	0.2955967472619225	([247], [247, 246])
0	0.0	0.29565428874590877	([125], [125, 124])
0	0.0	0.2957040666974441	([147], [147, 146])
0	0.0	0.2959884402662678	([284], [284, 283])
0	0.0	0.29628417371401006	([375], [375, 374])
0	0.0	0.2968997595215597	([205], [205, 204])
0	0.0	0.2969206271772073	([157], [157, 156])
0	0.0	0.2972141986843262	([137], [137, 136])
0	0.0	0.297494749503631	([268], [268, 267])
0	0.0	0.2976232660173766	([61], [61, 60])
0	0.0	0.2982695127771706	([317], [317, 316])
0	0.0	0.2983401571661969	([366], [366, 365])
0	0.0	0.29835568490959086	([216], [216, 215])
0	0.0	0.29880181881773327	([299], [299, 298])
0	0.0	0.2989041553149147	([225], [225, 224])
0	0.0	0.2989150387056213	([16], [16, 15])
0	0.0	0.2992030294598026	([348], [348, 347])
0	0.0	0.29924415297815204	([142], [142, 141])
0	0.0	0.29970491296496765	([111], [111, 110])
0	0.0	0.29976329092197385	([152], [152, 151])
0	0.0	0.2998816923456266	([371], [371, 370])
0	0.0	0.3001341798327445	([186], [186, 185])
0	0.0	0.3003551591349737	([326], [326, 325])
0	0.0	0.3003897317915586	([191], [191, 190])
0	0.0	0.3004732311327244	([143], [143, 142])
0	0.0	0.30054729012084913	([310], [310, 309])
0	0.0	0.3005883602767593	([376], [376, 375])
0	0.0	0.30094313214886254	([339], [339, 338])
0	0.0	0.30104812025692834	([347], [347, 346])
0	0.0	0.3011586233381603	([296], [296, 295])
0	0.0	0.3011960908291497	([144], [144, 143])
0	0.0	0.3013537677094947	([297], [297, 296])
0	0.0	0.3013679241077485	([28], [28, 27])
0	0.0	0.3014352177067212	([252], [252, 251])
0	0.0	0.3017150814437652	([148], [148, 147])
0	0.0	0.301862172040093	([240], [240, 239])
0	0.0	0.3018784951484975	([160], [160, 159])
0	0.0	0.30191665353394603	([190], [190, 189])
0	0.0	0.30195001042662994	([130], [130, 129])
0	0.0	0.3019629245612303	([200], [200, 199])
0	0.0	0.30205391161358713	([328], [328, 327])
0	0.0	0.30213777180238793	([189], [189, 188])
0	0.0	0.3021772585839133	([322], [322, 321])
0	0.0	0.3026640871131024	([264], [264, 263])
0	0.0	0.30329767427282506	([115], [115, 114])
0	0.0	0.303504989792879	([60], [60, 59])
0	0.0	0.30361206936810836	([188], [188, 187])
0	0.0	0.30376131450311	([341], [341, 340])
0	0.0	0.3039158397305275	([9], [9, 8])
0	0.0	0.3045828699550259	([228], [228, 227])
0	0.0	0.305000470449135	([350], [350, 349])
0	0.0	0.30581575941995504	([21], [21, 20])
0	0.0	0.30634394938722626	([113], [113, 112])
0	0.0	0.30646487215952034	([149], [149, 148])
0	0.0	0.3066988342289191	([192], [192, 191])
0	0.0	0.3074074035848718	([30], [30, 29])
0	0.0	0.3076635401468214	([6], [6, 5])
0	0.0	0.30792449206136063	([10], [10, 9])
0	0.0	0.30838942362784016	([177], [177, 176])
0	0.0	0.30847213854449407	([63], [63, 62])
0	0.0	0.30902987720368424	([294], [294, 293])
0	0.0	0.3091046478979384	([139], [139, 138])
0	0.0	0.3092056444027513	([140], [140, 139])
0	0.0	0.3095141706123824	([124], [124, 123])
0	0.0	0.30984135787960054	([193], [193, 192])
0	0.0	0.3101260988415377	([256], [256, 255])
0	0.0	0.3102198512644627	([209], [209, 208])
0	0.0	0.310698503140926	([135], [135, 134])
0	0.0	0.31095947866500206	([246], [246, 245])
0	0.0	0.31111055081771183	([329], [329, 328])
0	0.0	0.3118300780455474	([226], [226, 225])
0	0.0	0.31183805111528523	([267], [267, 266])
0	0.0	0.3118823687642335	([276], [276, 275])
0	0.0	0.3124952062131707	([50], [50, 49])
0	0.0	0.31309479467124174	([196], [196, 195])
0	0.0	0.31321035981049056	([62], [63, 61])
0	0.0	0.3134855740782516	([352], [352, 351])
0	0.0	0.31357002807537687	([254], [254, 253])
0	0.0	0.31388374392590707	([353], [353, 352])
0	0.0	0.31439393181373904	([55], [55, 53])
0	0.0	0.314399905557396	([217], [217, 216])
0	0.0	0.31459751237861594	([53], [53, 52])
0	0.0	0.315059184580863	([394], [394, 393])
0	0.0	0.31543393876950687	([334], [334, 333])
0	0.0	0.3157040065166363	([25], [25, 24])
0	0.0	0.3158327840457932	([223], [223, 222])
0	0.0	0.3161724594190909	([161], [162, 160])
0	0.0	0.3162656120555761	([184], [184, 183])
0	0.0	0.3163057963137406	([313], [313, 312])
0	0.0	0.3163301379478231	([364], [364, 363])
0	0.0	0.316366407641793	([227], [227, 226])
0	0.0	0.31675052321032493	([4], [4, 3])
0	0.0	0.31704932079913783	([45], [45, 44])
0	0.0	0.3174344688483059	([5], [5, 4])
0	0.0	0.3175164658317928	([194], [194, 193])
0	0.0	0.3181038832314729	([277], [277, 276])
0	0.0	0.31827259977034955	([163], [163, 162])
0	0.0	0.3182768210872882	([169], [169, 168])
0	0.0	0.3195157982289269	([239], [239, 238])
0	0.0	0.3200235023104092	([265], [265, 264])
0	0.0	0.3201852174153689	([199], [199, 198])
0	0.0	0.32076660060747647	([231], [231, 230])
0	0.0	0.3212099407914973	([20], [20, 19])
0	0.0	0.3216829094942823	([249], [249, 248])
0	0.0	0.3216868196252552	([213], [216, 212])
0	0.0	0.3217127306618919	([165], [165, 163])
0	0.0	0.3217449770952672	([166], [166, 165])
0	0.0	0.3218869737314015	([145], [145, 144])
0	0.0	0.32210372696737133	([261], [261, 260])
0	0.0	0.3225555957197826	([311], [311, 310])
0	0.0	0.32257326982134404	([203], [203, 202])
0	0.0	0.32291775086177454	([31], [31, 30])
0	0.0	0.32292007464348776	([262], [262, 261])
0	0.0	0.32296077744366397	([275], [275, 274])
0	0.0	0.32435876467880426	([271], [271, 270])
0	0.0	0.3244136586678362	([395], [395, 394])
0	0.0	0.32445035017302987	([279], [279, 278])
1	0.3190986048914714	0.3248244013262277	([287, 283], [287, 285, 284])
0	0.0	0.3249987134465994	([335], [335, 334])
0	0.0	0.3255680397073995	([303], [303, 302])
0	0.0	0.3258719905438834	([23], [23, 21])
0	0.0	0.3263486720540854	([118], [118, 117])
0	0.0	0.3265940596096308	([308], [310, 307])
0	0.0	0.32728657238054787	([114], [114, 113])
0	0.0	0.32912183162962794	([351], [351, 350])
0	0.0	0.3308490643202528	([117], [117, 115])
1	0.32379395887328166	0.331041025962542	([217, 211], [217, 216, 211])
0	0.0	0.331115778378168	([43], [43, 42])
0	0.0	0.3313313227688259	([8], [8, 7])
0	0.0	0.33272052292156257	([56], [56, 55])
0	0.0	0.3336468474230599	([357], [357, 356])
0	0.0	0.33488025680354383	([343], [343, 342])
0	0.0	0.33498893767471116	([363], [363, 362])
0	0.0	0.3350230257954439	([138], [138, 137])
0	0.0	0.3357129514026817	([75], [75, 73])
0	0.0	0.3360702941654989	([258], [258, 257])
0	0.0	0.3368939007062508	([235], [235, 234])
1	0.3349578573673082	0.33700574078758594	([213, 212], [216, 215, 213])
0	0.0	0.3406904662979438	([141], [141, 140])
0	0.0	0.34074830393353644	([42], [42, 40])
0	0.0	0.3409867905540458	([207], [207, 206])
0	0.0	0.34208320886811894	([58], [58, 57])
0	0.0	0.34208985559077876	([260], [260, 258])
0	0.0	0.34390696136544413	([36], [36, 35])
0	0.0	0.34586557391331274	([180], [180, 178])
0	0.0	0.34611722049319354	([300], [300, 299])
0	0.0	0.34671127742989855	([73], [75, 71])
0	0.0	0.3467889227561073	([40], [40, 38])
0	0.0	0.34684050160558755	([288], [288, 287])
0	0.0	0.34917775562075	([230], [230, 228])
0	0.0	0.3511606541901282	([307], [307, 305])
0	0.0	0.3531670895806991	([109], [109, 107])
0	0.0	0.35512373989989393	([336], [336, 335])
0	0.0	0.35608418977938994	([71], [71, 70])
0	0.0	0.35752674152251834	([122], [122, 120])
0	0.0	0.35861154096907094	([72], [72, 71])
0	0.0	0.3600536528558635	([202], [202, 201])
0	0.0	0.36129733532855346	([222], [222, 220])
0	0.0	0.3648589435711312	([198], [198, 196])
0	0.0	0.3659026564185684	([172], [172, 170])
0	0.0	0.36640784765546736	([283], [307, 306])
0	0.0	0.3666630512357458	([344], [344, 343])
0	0.0	0.3668574360650218	([316], [316, 315])
0	0.0	0.36844086211459837	([210], [210, 209])
0	0.0	0.3719958886957823	([393], [393, 391])
1	0.35755564537131584	0.3732939930283394	([350, 344], [350, 348, 347])
0	0.0	0.37724409990318225	([221], [221, 220])
0	0.0	0.3780035408315808	([392], [392, 391])
0	0.0	0.3783824489842304	([33], [55, 54])
1	0.3763103579902336	0.37840519170509024	([282, 276], [282, 279, 276])
0	0.0	0.379667537931145	([273], [273, 271])
0	0.0	0.38033523993086704	([229], [229, 228])
0	0.0	0.3815302319625143	([306], [283, 282])
0	0.0	0.3851604683033958	([218], [260, 259])
1	0.35102763770719975	0.3860024409589565	([343, 336], [343, 341, 340])
0	0.0	0.3865086789710078	([381], [381, 380])
0	0.0	0.38707467619929664	([315], [316, 314])
0	0.0	0.38722228509987877	([156], [156, 155])
0	0.0	0.3917977607851506	([331], [331, 330])
0	0.0	0.39229408443216424	([134], [134, 131])
0	0.0	0.393810594356693	([259], [218, 217])
0	0.0	0.3939639066693578	([68], [68, 67])
1	0.3945929782136311	0.39653175074724684	([369, 363], [369, 367, 363])
0	0.0	0.39669826735493613	([54], [34, 31])
0	0.0	0.3993629166767454	([132], [132, 131])
0	0.0	0.4002915110836985	([175], [175, 174])
0	0.0	0.40213241522155274	([66], [67, 64])
0	0.0	0.4032696192285539	([372], [372, 371])
0	0.0	0.4035419062937344	([396], [396, 395])
0	0.0	0.4045061751809004	([77], [77, 74])
0	0.0	0.40504293335828906	([108], [108, 107])
1	0.3634977670764443	0.40572651542702437	([73, 72], [75, 73, 71])
0	0.0	0.40741375968719684	([155], [157, 154])
0	0.0	0.40743721979707836	([171], [171, 170])
0	0.0	0.4078257270289233	([197], [197, 196])
0	0.0	0.40908708890030077	([174], [174, 173])
0	0.0	0.4113030203611777	([107], [107, 106])
0	0.0	0.4120466821366917	([103], [103, 102])
0	0.0	0.4127404213465751	([391], [391, 388])
0	0.0	0.41434611106340735	([384], [384, 382])
0	0.0	0.41476200101296473	([106], [107, 104])
0	0.0	0.4148591798802633	([333], [333, 332])
0	0.0	0.4155981787635609	([382], [382, 381])
0	0.0	0.41601455564895484	([93], [93, 0])
0	0.0	0.4161457365412585	([102], [103, 78])
0	0.0	0.4165433495638066	([164], [164, 163])
0	0.0	0.41744472255455195	([389], [389, 388])
0	0.0	0.4238645267006118	([78], [102, 100])
0	0.0	0.4250651082738975	([397], [397, 396])
0	0.0	0.42510025125388545	([332], [332, 330])
0	0.0	0.4252021354684315	([69], [69, 68])
0	0.0	0.4253245305335752	([104], [273, 272])
0	0.0	0.4286940491435288	([373], [391, 390])
0	0.0	0.4390909182459768	([41], [41, 40])
0	0.0	0.44004162276685743	([14], [33, 32])
1	0.42943327901988587	0.4411143746078868	([73, 69], [73, 71, 69])
0	0.0	0.4416198386596405	([97], [97, 13])
0	0.0	0.44455628586544776	([1], [1, 0])
0	0.0	0.4445729226928298	([32], [14, 12])
0	0.0	0.4454426607219449	([81], [81, 39])
0	0.0	0.44799850320039813	([320], [320, 318])
1	0.4489711369709713	0.45210698300220714	([397, 394], [397, 396, 395])
0	0.0	0.4525753750021566	([133], [133, 84])
0	0.0	0.45266565213986815	([99], [99, 41])
0	0.0	0.4548270301184667	([98], [98, 65])
0	0.0	0.455176069711413	([272], [134, 133])
0	0.0	0.4569159345121018	([84], [372, 95])
0	0.0	0.45862936312127583	([95], [164, 98])
0	0.0	0.458794040843735	([39], [39, 38])
0	0.0	0.4593581891388305	([65], [106, 101])
0	0.0	0.45942132341555114	([390], [373, 371])
0	0.0	0.4610827651121202	([0], [66, 65])
0	0.0	0.4613241124904265	([101], [14, 13])
0	0.0	0.46302962060464337	([100], [78, 77])
0	0.0	0.48583751173814066	([13], [108, 92])
0	0.0	0.5065178060692251	([94], [94, 68])
1	0.5238887589258845	0.5461542259479991	([308, 297], [309, 304, 303])
1	0.5512043845341078	0.5610371713074577	([33, 17], [33, 28, 17])
1	0.5584697170105501	0.5691578320708965	([156, 140], [156, 151, 149])
1	0.5738445763557967	0.5824582773768652	([21, 8], [21, 15, 8])
1	0.589439293733253	0.5899902991261953	([371, 351], [371, 365, 351])
1	0.6044514416222247	0.6047880865234396	([185, 172], [185, 178, 172])
0	0.0	0.620712719394057	([92], [102, 87])
1	0.6376226241819308	0.644407145524272	([397, 3], [400, 397, 1])
1	0.6398343620254934	0.6447275559175644	([56, 21], [56, 40, 31])
1	0.6458638279690155	0.6475240615313743	([61, 35], [61, 51, 35])
1	0.6451810317724365	0.64961170183461	([64, 1], [64, 49, 17])
1	0.639806696141106	0.651836549517248	([325, 300], [325, 318, 306])
1	0.6490136516965149	0.6545184454567247	([293, 253], [285, 273, 271])
1	0.647616991859714	0.6581381725651748	([58, 16], [58, 45, 40])
1	0.6442173723544399	0.6680445437867434	([228, 182], [215, 196, 182])
1	0.5106662485331199	0.6726527134452811	([94, 54], [94, 68, 54])
1	0.5111984386440582	0.6732095513863694	([155, 92], [155, 132, 131])
1	0.6563583287845869	0.6741425081343757	([292, 248], [292, 285, 250])
1	0.6708713435113546	0.6741649281949194	([294, 252], [294, 288, 252])
1	0.6446970508116765	0.6760871908163574	([289, 251], [289, 281, 251])
1	0.6745404944031854	0.6770106442639525	([77, 21], [78, 77, 5])
1	0.6762568298403614	0.6787008953394522	([296, 255], [296, 288, 255])
1	0.6624263381845195	0.6787656762172963	([288, 237], [288, 251, 234])
1	0.6600084014758032	0.6790018270485345	([62, 3], [64, 62, 3])
1	0.670458666298491	0.6819631943314299	([108, 67], [108, 75, 64])
1	0.680164229043254	0.6822744064889771	([73, 12], [77, 73, 12])
1	0.6712810764663651	0.6829265351162296	([67, 27], [67, 59, 27])
1	0.6643509079306783	0.683182619965998	([78, 30], [78, 30, 5])
1	0.6526059834473245	0.6832263316600801	([47, 0], [66, 47, 0])
1	0.6290266130320761	0.6832263316600801	([72, 0], [72, 66, 0])
1	0.4828166661632453	0.6836564432795542	([81, 32], [81, 39, 32])
1	0.6849968165147046	0.6851550127944692	([75, 35], [75, 35, 21])
1	0.6232656320733635	0.6851550127944692	([78, 8], [77, 75, 21])
1	0.5987024514732207	0.6856009320627833	([104, 71], [104, 103, 102])
1	0.6811180800083882	0.6859877626470366	([290, 247], [290, 256, 247])
1	0.6789142091587135	0.687551842517681	([232, 183], [227, 198, 184])
1	0.6762363915280006	0.6884868558530247	([78, 39], [78, 39, 30])
1	0.6831147334120923	0.6892538931694651	([177, 123], [177, 157, 123])
1	0.6849319741732887	0.6896693447802478	([139, 104], [162, 161, 104])
1	0.6425063996596966	0.6910627044590799	([172, 104], [139, 135, 104])
1	0.6893643970496114	0.6914376146912377	([229, 177], [229, 210, 185])
1	0.6879863631987787	0.6918458939024232	([69, 24], [69, 56, 24])
1	0.6765537536062911	0.6940717816387661	([236, 181], [236, 228, 182])
1	0.6895649739952422	0.6952358935895938	([114, 66], [114, 104, 71])
1	0.6979149580267394	0.6979378657426486	([237, 186], [237, 228, 186])
1	0.6973960648884266	0.6982232268555866	([305, 266], [305, 290, 279])
1	0.6702255443847275	0.6996606729654115	([300, 269], [300, 288, 260])
1	0.6986704798971322	0.703160565764064	([74, 23], [74, 24, 23])
1	0.6801722004880073	0.7034880587340924	([284, 242], [284, 255, 242])
1	0.7027672627085071	0.7046710315696207	([239, 178], [239, 213, 189])
1	0.666944989012286	0.7048479599267333	([71, 7], [71, 55, 21])
1	0.5603460096584733	0.7048824049853526	([103, 72], [102, 78, 69])
1	0.6810579652902585	0.7050836355711739	([304, 273], [304, 301, 266])
1	0.6966444984022516	0.7056499220324263	([388, 288], [388, 374, 288])
1	0.7036880253194837	0.7058883946908187	([235, 180], [235, 234, 180])
1	0.6991458782379819	0.7070618045513419	([115, 61], [115, 106, 61])
1	0.6840395971922508	0.7073306888967351	([125, 71], [125, 114, 109])
1	0.7071720754703791	0.7081866107230722	([394, 313], [394, 382, 316])
1	0.6938066488750313	0.7082278436384682	([116, 40], [116, 110, 59])
1	0.6985433662994326	0.708330472476874	([382, 316], [382, 316, 309])
1	0.6946337166921006	0.708330472476874	([382, 286], [382, 351, 309])
1	0.6953893509384812	0.7086898427356042	([120, 58], [120, 113, 37])
1	0.704325928769144	0.7089029805424546	([398, 293], [398, 382, 293])
1	0.6807332753944909	0.709428156762974	([104, 20], [104, 61, 57])
1	0.70142632841586	0.7095246083344933	([107, 17], [107, 64, 60])
1	0.6783158851698621	0.7095341853097366	([298, 228], [292, 244, 236])
1	0.688506664512967	0.7097189043686316	([110, 35], [110, 107, 64])
1	0.6828007180507196	0.7104336602233825	([374, 314], [382, 374, 314])
1	0.6867739272190705	0.7105259080277782	([397, 311], [397, 382, 314])
1	0.7079951667741299	0.7111012364152832	([297, 261], [297, 277, 261])
1	0.7034989350836156	0.7113410623560861	([371, 313], [371, 346, 312])
1	0.7042734915917264	0.711610898651494	([181, 107], [183, 181, 107])
1	0.6961727795694219	0.7119435942320155	([329, 259], [329, 302, 265])
1	0.6915522233146444	0.7130870731073884	([344, 294], [351, 344, 294])
1	0.7067139053590185	0.7130870731073884	([377, 294], [377, 351, 294])
1	0.7082139003531562	0.7131308727214833	([211, 170], [211, 202, 170])
1	0.7129676098136195	0.7135886571338234	([212, 150], [212, 172, 168])
1	0.6896719601017964	0.7143623206738205	([119, 46], [119, 108, 46])
1	0.6751247456407661	0.7143730072910262	([178, 77], [178, 176, 111])
1	0.7025491824141094	0.7146650171578889	([376, 290], [382, 376, 309])
1	0.7073670718252583	0.7150025692963967	([159, 71], [159, 125, 116])
1	0.7007010948085765	0.7156382002640759	([254, 176], [254, 234, 180])
1	0.7143796280094513	0.715777841685582	([256, 188], [256, 238, 188])
1	0.7151247640046742	0.7161210035431492	([341, 266], [341, 318, 266])
1	0.6934586008776313	0.7164316311116502	([113, 51], [113, 107, 51])
1	0.7170459654068818	0.7175977076422209	([370, 289], [371, 370, 289])
1	0.7041510762409653	0.7179777471433387	([271, 130], [271, 189, 185])
1	0.6702033729946558	0.7180628975461264	([382, 238], [384, 382, 238])
1	0.6325862547774534	0.7186474620036533	([401, 251], [384, 351, 312])
1	0.7184537217000854	0.7187884399815656	([379, 277], [379, 351, 286])
1	0.7142129185194228	0.7189215466015488	([380, 250], [380, 379, 250])
1	0.7091282696796293	0.719025224388206	([251, 184], [251, 233, 178])
1	0.7195241895765087	0.7197446022027133	([221, 178], [221, 215, 178])
1	0.6981761970413771	0.7202836926455541	([294, 177], [294, 271, 177])
1	0.678135702083991	0.7202932375898728	([122, 72], [122, 110, 72])
1	0.6884924280202783	0.7204359675394499	([296, 231], [296, 255, 253])
1	0.6897778102004749	0.7208154257878469	([401, 335], [401, 335, 318])
1	0.7120164389220517	0.7210994997716846	([382, 72], [399, 382, 72])
1	0.6826875791206555	0.7219507804992091	([289, 183], [289, 237, 233])
1	0.7208251352031207	0.7226387167757705	([199, 135], [199, 184, 135])
1	0.7115092193823631	0.7229005380100315	([294, 116], [294, 245, 240])
1	0.7059199466684971	0.7229070591208829	([264, 218], [262, 257, 215])
1	0.7026872868530003	0.7231983133305631	([396, 75], [396, 75, 1])
1	0.7181444691502749	0.723298274627705	([401, 73], [401, 73, 0])
1	0.7002133954623599	0.7234907551206357	([252, 110], [252, 232, 177])
1	0.714528294367842	0.723700112554623	([268, 216], [268, 256, 216])
1	0.7146752481407265	0.7237471054010236	([397, 254], [397, 254, 182])
1	0.7235642938161989	0.7240479253035259	([200, 142], [200, 163, 142])
1	0.7031454359887404	0.7242270607496473	([274, 219], [274, 251, 225])
1	0.7110445555566554	0.7242638351316829	([246, 116], [294, 177, 110])
1	0.7082038958849673	0.7242638351316829	([298, 110], [298, 294, 110])
1	0.7135160844519052	0.7243705445402773	([385, 284], [385, 371, 293])
1	0.6981686164706185	0.7247526647092404	([391, 292], [391, 377, 294])
1	0.7241971029730356	0.7251796749113293	([118, 34], [118, 64, 34])
1	0.6827335743073256	0.7252027600256292	([187, 116], [239, 187, 177])
1	0.6992780791733458	0.725407945015122	([313, 75], [370, 313, 289])
1	0.506148773898596	0.7255389388616109	([132, 92], [132, 109, 108])
1	0.710997959623846	0.7260387174314648	([257, 115], [257, 252, 115])
1	0.7090037440443149	0.7262894859863377	([377, 280], [377, 294, 280])
1	0.7188989397427351	0.7263590390616822	([308, 223], [401, 308, 223])
1	0.7045912024320266	0.7263913471117185	([378, 297], [378, 351, 297])
1	0.7017506899536129	0.7269513872157167	([398, 67], [398, 67, 0])
1	0.7235107880716956	0.7272404082296199	([387, 110], [387, 294, 289])
1	0.7219678844851982	0.7273204694594093	([371, 240], [371, 293, 240])
1	0.7171184085306759	0.727492813626881	([256, 122], [241, 235, 109])
1	0.7266009386441015	0.7276558679718668	([178, 17], [178, 111, 107])
1	0.7101032090042811	0.72767990247483	([180, 46], [180, 108, 104])
1	0.7272887484126763	0.72767990247483	([230, 108], [230, 180, 108])
1	0.7252713997879895	0.7281163045994238	([265, 104], [364, 356, 104])
1	0.707701276679441	0.7282857535863437	([237, 119], [237, 230, 119])
1	0.6583781222539706	0.7289064742517907	([113, 77], [113, 77, 66])
1	0.6960742263880769	0.7292804763956743	([231, 120], [248, 244, 125])
1	0.7293515787026785	0.7297947956552675	([236, 55], [236, 104, 55])
1	0.7254104109034611	0.7302645238014557	([123, 3], [123, 113, 38])
1	0.6846448429820324	0.7302967229270488	([238, 118], [252, 235, 110])
1	0.7255216656088324	0.7303721536781912	([312, 176], [312, 176, 116])
1	0.6960609843539857	0.731521968505913	([260, 213], [260, 257, 213])
1	0.7185402558215838	0.7322708980008581	([318, 170], [318, 220, 170])
1	0.708508389917741	0.7322999846111792	([382, 126], [382, 111, 72])
1	0.5499438381994438	0.7323124223650269	([401, 0], [382, 294, 244])
1	0.7187987737050742	0.7326922986010153	([388, 233], [388, 288, 233])
1	0.72176119905965	0.7329471996610449	([387, 61], [387, 110, 61])
1	0.6955241767924332	0.733170995759688	([397, 182], [397, 182, 117])
1	0.6737957342178157	0.7335223756595537	([370, 75], [396, 384, 75])
1	0.6975577950821552	0.7335509939437337	([356, 265], [356, 326, 265])
1	0.6643457692298171	0.7339842775062889	([401, 181], [401, 234, 181])
1	0.7306775979146386	0.7344241782099925	([269, 208], [269, 257, 213])
1	0.7081555853562457	0.7345278037697697	([304, 225], [314, 304, 225])
1	0.713171419746096	0.7345629858770454	([236, 104], [238, 236, 118])
1	0.7087285831584643	0.7348765696501786	([318, 220], [318, 301, 220])
1	0.7343411387687943	0.7350090027734504	([231, 62], [233, 231, 62])
1	0.7354559399891141	0.7356302449349224	([126, 21], [126, 107, 21])
1	0.7296223375825266	0.736354910300463	([248, 14], [248, 125, 110])
1	0.7192753272293855	0.7364065746938852	([288, 127], [288, 248, 134])
1	0.7286739538392116	0.7364331631355933	([243, 49], [243, 120, 72])
1	0.7329753041097972	0.7364331631355933	([250, 72], [250, 243, 72])
1	0.7200264309601824	0.7364358403658803	([313, 181], [313, 251, 181])
1	0.6911615652241845	0.7366481730865562	([165, 72], [180, 165, 72])
1	0.7365615268254633	0.7366778366961996	([316, 130], [316, 288, 130])
1	0.7320016709754134	0.7367233998646074	([385, 224], [385, 382, 231])
1	0.7191474472842622	0.7374252086417492	([247, 112], [290, 158, 134])
1	0.7222436671963924	0.7374252086417492	([287, 158], [290, 287, 158])
1	0.686731218362678	0.7376635935201625	([308, 77], [308, 249, 72])
1	0.5091489629944554	0.7379125570734126	([174, 92], [174, 155, 137])
1	0.7235821729406466	0.7388381919458133	([293, 156], [293, 248, 156])
1	0.7382170951669903	0.7391085868202724	([364, 249], [382, 364, 309])
1	0.7099029072971603	0.7391245777441732	([311, 198], [311, 287, 182])
1	0.7173457602348376	0.7400590289533677	([223, 113], [223, 176, 110])
1	0.7312160487342921	0.7402217789013138	([297, 222], [297, 244, 234])
1	0.7036700436223154	0.7404443981749358	([151, 75], [177, 153, 75])
1	0.6936934797411948	0.7404443981749358	([186, 75], [186, 177, 75])
1	0.7039822231751061	0.7408766802543121	([394, 107], [401, 394, 56])
1	0.7194894260148451	0.7414964161616691	([364, 104], [265, 241, 104])
1	0.7398632064504491	0.7417849829419484	([234, 63], [234, 114, 63])
1	0.7185073731027694	0.7418783115613297	([139, 33], [139, 120, 33])
1	0.7195873794953694	0.7418783115613297	([231, 33], [231, 120, 33])
1	0.732762636396729	0.7419102051140212	([296, 109], [296, 232, 112])
1	0.6478047368782557	0.7421275038493643	([103, 4], [104, 103, 4])
1	0.736538569149505	0.7425174185447458	([259, 222], [297, 276, 222])
1	0.6447776309786147	0.7425590877612194	([202, 77], [212, 177, 161])
1	0.7329593395770249	0.743507450687241	([277, 69], [277, 242, 72])
1	0.7316543517856522	0.7439735017853739	([277, 210], [277, 241, 230])
1	0.7383250845891223	0.7443357684549945	([277, 140], [277, 248, 140])
1	0.7148155306304147	0.7444844969691902	([302, 210], [302, 268, 206])
1	0.7356322804819596	0.7446006351392337	([371, 139], [371, 181, 156])
1	0.730000318853068	0.7446268380751552	([102, 3], [102, 73, 3])
1	0.7210485491156566	0.7447894798348884	([373, 134], [373, 358, 72])
1	0.7012091998193295	0.7447894798348884	([358, 72], [382, 373, 72])
1	0.7360369354541201	0.7450391069098946	([244, 3], [244, 118, 115])
1	0.7276053253523894	0.7450413698090748	([229, 134], [229, 184, 177])
1	0.7388173413914525	0.7451048390055561	([369, 278], [371, 369, 277])
1	0.7274832008164598	0.7451974361115395	([385, 46], [395, 385, 48])
1	0.7284124666732091	0.745445939988268	([368, 263], [368, 330, 263])
1	0.7423202796422613	0.745520067480041	([399, 187], [399, 187, 180])
1	0.7362663236443285	0.7456421189482318	([262, 150], [262, 218, 150])
1	0.7450853159221562	0.745671013296376	([364, 184], [364, 286, 249])
1	0.7054194670318432	0.7458518721607982	([300, 169], [318, 300, 169])
1	0.7250414163440171	0.7464656563402635	([320, 188], [320, 291, 188])
1	0.7197641179263198	0.7482886958180405	([394, 11], [394, 107, 1])
1	0.7045905423242956	0.7484076156491354	([327, 104], [370, 327, 104])
1	0.7477026680579194	0.7489194392982148	([401, 165], [401, 181, 165])
1	0.7314867823962533	0.7491967408049074	([399, 52], [399, 52, 1])
1	0.7337253568786488	0.7493340327207088	([398, 157], [398, 245, 180])
1	0.6923641843223209	0.7493924380799067	([147, 77], [153, 147, 21])
1	0.7416079018188454	0.7494207083130858	([370, 15], [382, 370, 15])
1	0.7426115199187161	0.7500609191972756	([291, 57], [387, 291, 61])
1	0.73797447044074	0.7505428525854569	([230, 31], [401, 230, 1])
1	0.7362495400061652	0.7507233038706173	([400, 185], [400, 233, 185])
1	0.7315451155275838	0.7509229626080463	([267, 217], [267, 261, 217])
1	0.7469796447740754	0.7509500447846567	([370, 178], [385, 370, 178])
1	0.7262548156326057	0.7510345346334222	([342, 258], [342, 335, 258])
1	0.7386733070032697	0.7516235709785453	([314, 143], [314, 180, 143])
1	0.7229543293980345	0.7519353167276339	([395, 114], [395, 382, 114])
1	0.7149632433088778	0.7522200583894433	([373, 283], [375, 373, 283])
1	0.7391925755088951	0.7525166949975911	([322, 204], [322, 276, 222])
1	0.7466184984040881	0.7525405674907861	([400, 131], [400, 185, 131])
1	0.7326316645615651	0.752669213342531	([254, 28], [287, 254, 107])
1	0.7477273520025294	0.753181045175049	([286, 133], [286, 249, 119])
1	0.7468544156453861	0.7537534989637106	([392, 177], [392, 371, 177])
1	0.743128293488235	0.7539174686142379	([266, 165], [266, 219, 193])
1	0.6754688932965612	0.754488900694506	([363, 77], [363, 358, 72])
1	0.7508568127662685	0.7545054840681549	([324, 137], [371, 324, 277])
1	0.7186932666406589	0.7545134380795039	([366, 219], [368, 263, 258])
1	0.7469738674898646	0.754648789288708	([253, 163], [253, 184, 182])
1	0.7540373773770833	0.7551825152745246	([374, 109], [374, 371, 109])
1	0.7464993042471036	0.7555258710554218	([359, 203], [359, 330, 203])
1	0.7433677478776212	0.7559171042711804	([264, 145], [265, 264, 145])
1	0.7276142459961583	0.7564103192217162	([320, 135], [320, 188, 184])
1	0.744449494635652	0.7567545972065525	([255, 64], [255, 177, 64])
1	0.7458119345669806	0.7568791428694146	([259, 161], [259, 230, 182])
1	0.7351276353883293	0.7569194625410395	([172, 23], [176, 172, 23])
1	0.7335235817195493	0.7570743011242651	([335, 166], [335, 301, 167])
1	0.7296225623832593	0.7578527824161233	([391, 196], [391, 236, 184])
1	0.7306026402901006	0.7583485206871652	([373, 173], [373, 320, 173])
1	0.7475576975411916	0.7587336021002788	([163, 74], [163, 136, 75])
1	0.7492297273040338	0.7590459030759016	([306, 195], [330, 306, 195])
1	0.7432422803077638	0.759544687038354	([194, 73], [194, 177, 73])
1	0.7530461672032832	0.7600426651334168	([304, 153], [304, 215, 209])
1	0.7566416436870316	0.7602068426904199	([374, 200], [374, 255, 254])
1	0.7525736149127085	0.7603554774988269	([345, 128], [345, 168, 122])
1	0.7551299869147502	0.7607731533882186	([223, 11], [223, 189, 11])
1	0.7430168462116671	0.7608988728252953	([359, 143], [359, 300, 72])
1	0.7524009319454461	0.761267860989386	([345, 196], [345, 288, 196])
1	0.7520364281060825	0.7613560486892453	([345, 168], [345, 205, 196])
1	0.7538569799280009	0.761403392035531	([384, 44], [384, 250, 44])
1	0.743799944602102	0.7624493759282835	([146, 73], [210, 153, 149])
1	0.7606199786119919	0.7637302358409852	([347, 147], [359, 347, 143])
1	0.6746165890999543	0.7638984681540879	([261, 77], [267, 261, 75])
1	0.755249088195822	0.7650792734448558	([361, 185], [366, 361, 185])
1	0.762530623657861	0.7659057328937132	([146, 5], [146, 69, 5])
1	0.7567307920489413	0.7663969437421038	([361, 152], [361, 185, 152])
1	0.7644908000060103	0.7668363934356311	([251, 74], [251, 114, 74])
1	0.7658466531938922	0.7669721620023993	([162, 11], [162, 104, 24])
1	0.7532894515943469	0.7669721620023993	([205, 24], [205, 162, 24])
1	0.761739030998194	0.7672909401044944	([333, 199], [333, 266, 260])
1	0.767375027023541	0.7675962713109115	([353, 212], [353, 300, 212])
1	0.7657388149255352	0.768271971130509	([271, 34], [271, 73, 17])
1	0.7631190001793039	0.7683314497248933	([350, 183], [350, 286, 275])
1	0.7643775579555968	0.768600218892878	([160, 58], [160, 107, 64])
1	0.7644749366212217	0.7690368768404631	([365, 144], [395, 365, 162])
1	0.7597219884922787	0.7693412505914957	([369, 214], [369, 265, 264])
1	0.7660427140162972	0.769399445070285	([278, 5], [215, 172, 5])
1	0.7625821034586704	0.7696501723390735	([142, 27], [142, 139, 33])
1	0.7494598940886857	0.7697535312929217	([348, 150], [348, 339, 150])
1	0.7590168938698049	0.7698048091800749	([152, 6], [135, 38, 21])
1	0.7421062113157136	0.769976983890063	([181, 18], [251, 74, 18])
1	0.7622353466603842	0.7706425826729564	([217, 74], [217, 176, 74])
1	0.7530905053350354	0.7707922138597806	([346, 174], [346, 224, 211])
1	0.7714519116227064	0.7714917284254115	([316, 45], [316, 308, 45])
1	0.7578180015445621	0.7715128491489187	([211, 70], [211, 169, 75])
1	0.7644459427511177	0.7716528144877746	([144, 25], [144, 129, 25])
1	0.7665985058818402	0.7717219995824778	([258, 53], [258, 239, 53])
1	0.7282762929352735	0.7724443837772184	([254, 0], [397, 254, 0])
1	0.7553311165740221	0.7724889009275665	([330, 139], [330, 316, 139])
1	0.7556522927679364	0.7729106632632905	([166, 7], [166, 161, 7])
1	0.49761794703700657	0.7730483721048255	([396, 95], [396, 372, 95])
1	0.772327879144045	0.7732760109881401	([287, 35], [287, 107, 35])
1	0.7581008636983951	0.7739743649861213	([366, 141], [366, 219, 141])
1	0.7639470181551943	0.7742488983123416	([160, 8], [160, 60, 58])
1	0.7700202211420879	0.7743218923676463	([394, 193], [394, 234, 193])
1	0.6944884754077622	0.776227803868197	([324, 73], [324, 320, 73])
1	0.7715166042456795	0.7778199810672067	([380, 130], [380, 139, 130])
1	0.746852494473469	0.7779720141856848	([163, 14], [174, 163, 14])
1	0.7715043428877187	0.779805140763023	([191, 58], [234, 191, 58])
1	0.7725650855319282	0.7809428182885941	([318, 12], [318, 294, 12])
1	0.6451215080678934	0.7812379698342824	([103, 31], [103, 31, 4])
1	0.7819959306395573	0.7831243330398393	([372, 53], [372, 53, 1])
1	0.7792860192397589	0.7833069362184186	([286, 70], [286, 255, 70])
1	0.713949930199921	0.7837065068431704	([141, 10], [141, 138, 7])
1	0.775924298961108	0.7840536376986038	([298, 10], [298, 109, 70])
1	0.6814354767407835	0.7855538931927475	([142, 78], [260, 142, 120])
1	0.6491368569082407	0.7867451164189261	([117, 103], [117, 103, 62])
1	0.7702203107878121	0.7890729854016426	([353, 24], [353, 330, 24])
1	0.7872652801514616	0.7907808002313311	([201, 54], [201, 140, 71])
1	0.775297796190067	0.7912034934218445	([368, 10], [394, 338, 7])
1	0.7883591462702307	0.7932419194848013	([334, 23], [334, 258, 23])
1	0.7770013953156392	0.793573639570018	([362, 70], [366, 362, 70])
1	0.7855398234898288	0.7963890067130379	([324, 18], [324, 230, 137])
1	0.7750780320728995	0.7973962034166234	([262, 10], [395, 262, 10])
1	0.795205306445492	0.7977306996141109	([326, 9], [326, 147, 140])
1	0.6623718512475671	0.8063107620636015	([260, 78], [264, 78, 9])
1	0.6865641806701824	0.8097381863408126	([114, 87], [114, 102, 87])
1	0.5312541581009902	0.8282668928192025	([221, 94], [259, 221, 139])
1	0.5047273501232906	0.8361503907508491	([331, 92], [331, 132, 92])
1	0.5344339550865667	0.8405316572150214	([104, 103], [381, 93, 0])
1	0.6244679370903166	0.842945504719427	([393, 103], [393, 103, 62])
1	0.5257528310464773	0.8547061700934823	([259, 94], [221, 94, 68])
1	0.6567599846935247	0.8556354356856181	([396, 78], [396, 78, 73])
1	0.51069612083489	0.8556433662476015	([332, 101], [332, 106, 101])
1	0.4971468512910347	0.8598087273668771	([197, 95], [372, 371, 95])
1	0.5129429637504435	0.8599201429342439	([381, 93], [229, 93, 1])
1	0.5489331667533238	0.8669156446602574	([306, 100], [392, 306, 100])
1	0.5160592019474316	0.87529966734049	([315, 94], [315, 221, 94])
1	0.5026791251438656	0.87753678475717	([389, 101], [389, 107, 101])
1	0.46623873541977473	0.8796153273433078	([390, 84], [390, 133, 84])
1	0.48889837979117434	0.9025342299996282	([229, 93], [170, 97, 14])
1	0.47935554392171015	0.9112037861831428	([171, 97], [164, 98, 65])
0	0.0	0.9140172588528888	([79], [105, 97])
1	0.46809119457999593	0.9148039753891016	([272, 99], [273, 99, 41])
1	0.5297540883183757	0.9150664066710039	([392, 100], [307, 306, 100])
0	0.0	0.9455238943230779	([76], [76, 75])
0	0.0	0.9500991898687641	([96], [179, 94])
0	0.0	0.9527265766110675	([2], [2, 1])
1	0.6383623192025932	0.9543525559199736	([334, 90], [333, 114, 90])
0	0.0	0.956895604329525	([91], [383, 382])
0	0.0	0.9642168820069623	([87], [122, 121])
0	0.0	0.9651709620379149	([22], [22, 21])
0	0.0	0.9683969591075763	([88], [319, 318])
1	0.9670704753871844	0.9989174614325791	([179, 178], [223, 179, 159])
1	0.9614252555958591	0.999329749277016	([105, 104], [105, 79, 13])
0	0.0	1.0	([80], [80, 0])
0	0.0	1.0	([83], [83, 0])
0	0.0	inf	([82], [])
