0	0.0	0.01569992293547171	([265], [265, 190])
0	0.0	0.023505364098446963	([127], [127, 100])
0	0.0	0.04564180923063765	([135], [135, 118])
0	0.0	0.04747289125371444	([131], [131, 113])
0	0.0	0.054392328295073865	([129], [129, 125])
0	0.0	0.058838060789516214	([117], [117, 112])
0	0.0	0.06860139491970359	([395], [395, 115])
0	0.0	0.23313879954860203	([98], [98, 97])
0	0.0	0.2460978332083797	([229], [229, 228])
0	0.0	0.2505502164997019	([260], [260, 259])
0	0.0	0.2510436650189524	([398], [398, 397])
0	0.0	0.2513779317200731	([13], [13, 12])
0	0.0	0.25442970738739085	([381], [381, 380])
0	0.0	0.25496345847303664	([297], [297, 296])
0	0.0	0.2550458227430718	([393], [393, 392])
0	0.0	0.2553568394271161	([192], [192, 191])
0	0.0	0.2561154551710122	([223], [223, 222])
0	0.0	0.25648013067325176	([234], [234, 233])
0	0.0	0.25902524846662434	([404], [404, 403])
0	0.0	0.2594853248426597	([372], [372, 371])
0	0.0	0.2603264575406871	([385], [385, 384])
0	0.0	0.26101120179882653	([167], [167, 166])
0	0.0	0.26132454618428164	([3], [3, 2])
0	0.0	0.26196050137192006	([294], [294, 293])
0	0.0	0.2619985502119124	([39], [39, 38])
0	0.0	0.26334826081787316	([237], [237, 236])
0	0.0	0.2634924727869428	([164], [164, 163])
0	0.0	0.2636251172274168	([180], [180, 179])
0	0.0	0.26401720171926985	([89], [89, 88])
0	0.0	0.2643217830706298	([280], [280, 279])
0	0.0	0.26442209392373067	([166], [166, 165])
0	0.0	0.26486262329968	([412], [412, 411])
0	0.0	0.2650345269065697	([43], [43, 42])
0	0.0	0.2658667344089059	([314], [314, 313])
0	0.0	0.2659190061229828	([62], [62, 61])
0	0.0	0.2663060430195603	([318], [318, 317])
0	0.0	0.26640051226937395	([292], [292, 291])
0	0.0	0.2669419618601389	([41], [41, 40])
0	0.0	0.2669425260147215	([55], [55, 54])
0	0.0	0.26711719702012093	([323], [323, 322])
0	0.0	0.2671704963950896	([290], [290, 289])
0	0.0	0.26733375081534283	([276], [276, 275])
0	0.0	0.26741384360305526	([7], [7, 6])
0	0.0	0.26769658209882835	([9], [9, 8])
0	0.0	0.26770875012450895	([349], [349, 348])
0	0.0	0.26771143146925164	([377], [377, 376])
0	0.0	0.2679608591105522	([225], [225, 224])
0	0.0	0.268578079638777	([365], [365, 364])
0	0.0	0.2691978025626898	([34], [34, 33])
0	0.0	0.2694879409961676	([415], [415, 414])
0	0.0	0.2698331721712905	([410], [410, 409])
0	0.0	0.2699796716498248	([383], [383, 382])
0	0.0	0.27013220139322863	([306], [306, 305])
0	0.0	0.27028734934349896	([327], [327, 326])
0	0.0	0.2703302231775884	([245], [245, 244])
0	0.0	0.2704784808640718	([373], [373, 372])
0	0.0	0.27060755736923087	([214], [214, 213])
0	0.0	0.27120434804561316	([90], [90, 89])
0	0.0	0.27136610081796264	([231], [231, 230])
0	0.0	0.27152635275163584	([69], [69, 68])
0	0.0	0.2721069536746286	([414], [414, 413])
0	0.0	0.272449570107302	([281], [281, 280])
0	0.0	0.27279117210955	([189], [189, 188])
0	0.0	0.27322522246726516	([174], [174, 173])
0	0.0	0.2732826679482923	([321], [321, 320])
0	0.0	0.2732908302990676	([220], [220, 219])
0	0.0	0.2733056330932652	([20], [20, 19])
0	0.0	0.27348784137951254	([387], [387, 386])
0	0.0	0.2739395955729299	([23], [23, 22])
0	0.0	0.2751918872254929	([401], [401, 400])
0	0.0	0.275371246024225	([132], [132, 126])
0	0.0	0.27537512784927226	([407], [407, 406])
0	0.0	0.2756359301578633	([388], [388, 387])
0	0.0	0.2758121336125904	([287], [287, 286])
0	0.0	0.2758417204797123	([184], [184, 183])
0	0.0	0.27585595263909213	([8], [8, 7])
0	0.0	0.27586559332212085	([205], [205, 204])
0	0.0	0.2761043865052106	([316], [316, 315])
0	0.0	0.2761513880232557	([31], [31, 30])
0	0.0	0.27709950867197725	([343], [343, 342])
0	0.0	0.277240005549866	([104], [104, 103])
0	0.0	0.2776040746448914	([374], [374, 373])
0	0.0	0.2779861663870172	([350], [350, 349])
0	0.0	0.27816500372333314	([63], [63, 62])
0	0.0	0.27818835883926524	([150], [150, 149])
0	0.0	0.27835403281457105	([283], [283, 282])
0	0.0	0.27876242915384764	([40], [40, 39])
0	0.0	0.278820701541621	([4], [4, 3])
0	0.0	0.2793147503031574	([59], [59, 58])
0	0.0	0.2794076632160744	([209], [209, 208])
0	0.0	0.27945394970914456	([251], [251, 250])
0	0.0	0.27951643752013483	([334], [334, 333])
0	0.0	0.27979970823561645	([257], [257, 256])
0	0.0	0.2799518238868086	([151], [151, 150])
0	0.0	0.2802172864465209	([185], [185, 184])
0	0.0	0.2810899448998686	([403], [403, 402])
0	0.0	0.2814554519222707	([352], [352, 351])
0	0.0	0.28221135033657524	([195], [195, 194])
0	0.0	0.2823355598434677	([382], [382, 381])
0	0.0	0.28236544926630697	([345], [345, 344])
0	0.0	0.28245753491150977	([173], [173, 172])
0	0.0	0.28333454809714587	([224], [224, 223])
0	0.0	0.2834702702244135	([409], [409, 408])
0	0.0	0.28410756656189357	([10], [10, 9])
0	0.0	0.28421857075327556	([30], [30, 29])
0	0.0	0.2846105006147656	([406], [406, 405])
0	0.0	0.28469297190163423	([370], [370, 369])
0	0.0	0.28471279875909833	([368], [368, 367])
0	0.0	0.2849321736500542	([216], [216, 215])
0	0.0	0.2849487656796716	([170], [170, 169])
0	0.0	0.28508336064788037	([389], [389, 388])
0	0.0	0.2853049940259259	([255], [255, 254])
0	0.0	0.28552978671756024	([267], [267, 266])
0	0.0	0.2861144775353982	([244], [244, 243])
0	0.0	0.28640634600454207	([144], [144, 143])
0	0.0	0.2865271655883308	([156], [156, 155])
0	0.0	0.28658870705305023	([258], [258, 257])
0	0.0	0.2866558209144338	([392], [392, 391])
0	0.0	0.2867167641568119	([2], [2, 1])
0	0.0	0.2867268021757682	([73], [73, 72])
0	0.0	0.2869038076187595	([199], [199, 198])
0	0.0	0.28698953840661257	([330], [330, 329])
0	0.0	0.28704363458876886	([241], [241, 240])
0	0.0	0.28722112476999073	([253], [253, 252])
0	0.0	0.28729757969444963	([227], [227, 226])
0	0.0	0.28743125970810424	([47], [47, 46])
0	0.0	0.28748301795851	([70], [70, 69])
0	0.0	0.2878612760487865	([75], [75, 74])
0	0.0	0.28857731628096994	([168], [168, 167])
0	0.0	0.2887902337746028	([411], [411, 410])
0	0.0	0.2888903698555248	([358], [358, 357])
0	0.0	0.28911843665099507	([386], [386, 385])
0	0.0	0.28912097861809444	([390], [390, 389])
0	0.0	0.28930555651982814	([221], [221, 220])
0	0.0	0.2893142179162076	([82], [82, 81])
0	0.0	0.28965201290001635	([248], [248, 247])
0	0.0	0.2898625178881092	([369], [369, 368])
0	0.0	0.2900346810314913	([57], [57, 56])
0	0.0	0.2904597606466597	([249], [249, 248])
0	0.0	0.2906849942568401	([49], [49, 48])
0	0.0	0.2907133373128097	([320], [320, 319])
0	0.0	0.2907411569916692	([212], [212, 211])
0	0.0	0.2908300231781738	([362], [362, 361])
0	0.0	0.29083057008752217	([163], [163, 162])
0	0.0	0.29099062721216323	([1], [1, 0])
0	0.0	0.29106684277828637	([413], [413, 412])
0	0.0	0.29124875843743225	([273], [273, 272])
0	0.0	0.291409850950539	([397], [397, 396])
0	0.0	0.2917748708822315	([342], [342, 341])
0	0.0	0.29194089040693666	([208], [208, 207])
0	0.0	0.2919946736375029	([302], [302, 301])
0	0.0	0.2920487629811202	([147], [147, 146])
0	0.0	0.29217117218962174	([355], [355, 354])
0	0.0	0.29233732303472487	([325], [325, 324])
0	0.0	0.2923989117610324	([155], [155, 154])
0	0.0	0.29254456043227806	([6], [6, 5])
0	0.0	0.2927758061898407	([29], [29, 28])
0	0.0	0.2928188459575964	([91], [91, 90])
0	0.0	0.2931158784071925	([171], [171, 170])
0	0.0	0.2932717788606	([161], [161, 160])
0	0.0	0.2932724332186735	([52], [52, 51])
0	0.0	0.29368330874077664	([236], [236, 235])
0	0.0	0.29372838262932427	([22], [22, 21])
0	0.0	0.29377067449653793	([240], [240, 239])
0	0.0	0.293875846110909	([19], [19, 18])
0	0.0	0.2939463679125589	([254], [254, 253])
0	0.0	0.29400290858561096	([11], [11, 10])
0	0.0	0.29421990065799425	([21], [21, 20])
0	0.0	0.29422460547355406	([264], [264, 263])
0	0.0	0.29423238537647617	([329], [329, 328])
0	0.0	0.2944921567040027	([364], [364, 363])
0	0.0	0.2947609096529857	([399], [399, 398])
0	0.0	0.2950645607594981	([143], [143, 142])
0	0.0	0.2953174764591278	([346], [346, 345])
0	0.0	0.29533017942465833	([268], [268, 267])
0	0.0	0.2953305202363543	([51], [51, 50])
0	0.0	0.29541038382522766	([270], [270, 269])
0	0.0	0.2954634606571955	([193], [193, 192])
0	0.0	0.29580492940386716	([210], [210, 209])
0	0.0	0.29583967326285293	([26], [26, 25])
0	0.0	0.29658199208850167	([200], [200, 199])
0	0.0	0.29707445899380985	([37], [37, 36])
0	0.0	0.297197943413337	([282], [282, 281])
0	0.0	0.297471231457259	([140], [140, 139])
0	0.0	0.29775401591191547	([272], [272, 271])
0	0.0	0.2977632987697774	([288], [288, 287])
0	0.0	0.2977847336873945	([77], [77, 76])
0	0.0	0.29780092810684533	([153], [153, 152])
0	0.0	0.29782859661763855	([218], [218, 217])
0	0.0	0.29814389085567544	([250], [250, 249])
0	0.0	0.29825058029806645	([194], [194, 193])
0	0.0	0.29830650438792794	([313], [313, 312])
0	0.0	0.29838749182992474	([319], [319, 318])
0	0.0	0.2985413985410418	([186], [186, 185])
0	0.0	0.29858806630134443	([159], [159, 158])
0	0.0	0.29871450584312337	([58], [58, 57])
0	0.0	0.29876059380073866	([246], [246, 245])
0	0.0	0.2989425310525721	([137], [137, 136])
0	0.0	0.29898584056271027	([328], [328, 327])
0	0.0	0.2990876459114649	([211], [211, 210])
0	0.0	0.29915484872084647	([360], [360, 359])
0	0.0	0.2992388274047412	([262], [262, 261])
0	0.0	0.299247322266522	([391], [391, 390])
0	0.0	0.29928880154180276	([259], [259, 258])
0	0.0	0.2998017648959933	([175], [175, 174])
0	0.0	0.29992327459565604	([378], [378, 377])
0	0.0	0.2999662213944993	([188], [188, 187])
0	0.0	0.30053267162139147	([66], [66, 65])
0	0.0	0.30117119538666026	([146], [146, 145])
0	0.0	0.30118633828972446	([336], [336, 335])
0	0.0	0.3012645924166338	([35], [35, 34])
0	0.0	0.3013875245269471	([376], [376, 375])
0	0.0	0.3014173108364817	([152], [152, 151])
0	0.0	0.30159129601113877	([361], [361, 360])
0	0.0	0.3019141336292394	([197], [197, 196])
0	0.0	0.30208858925954074	([322], [322, 321])
0	0.0	0.3021085641203029	([18], [18, 17])
0	0.0	0.30291477675906775	([187], [187, 186])
0	0.0	0.3029723120174138	([198], [198, 197])
0	0.0	0.3031400808943244	([269], [269, 268])
0	0.0	0.3033063894728744	([81], [81, 80])
0	0.0	0.30345916205670964	([145], [145, 144])
0	0.0	0.3035346094528423	([332], [332, 331])
0	0.0	0.3037138619793461	([304], [304, 303])
0	0.0	0.3039144174837381	([95], [95, 94])
0	0.0	0.3042477777396285	([247], [247, 246])
0	0.0	0.30428178098144615	([17], [17, 15])
0	0.0	0.30460795666193224	([105], [105, 104])
0	0.0	0.3046595000715215	([27], [27, 26])
0	0.0	0.304992079579788	([67], [67, 66])
0	0.0	0.30538332103687565	([169], [169, 168])
0	0.0	0.30538653290559903	([375], [375, 374])
0	0.0	0.30608066674163914	([149], [149, 148])
0	0.0	0.3061529331147146	([263], [263, 262])
0	0.0	0.3062104244506955	([36], [36, 35])
0	0.0	0.30693752978434913	([54], [54, 53])
0	0.0	0.30699132000001306	([202], [202, 201])
0	0.0	0.3071645763935557	([339], [339, 338])
0	0.0	0.30735999525238455	([222], [222, 221])
0	0.0	0.3074135900264585	([158], [158, 157])
0	0.0	0.30741736485734644	([213], [213, 212])
0	0.0	0.30744238321342315	([50], [51, 49])
0	0.0	0.30793189176437324	([356], [356, 355])
0	0.0	0.30803667894482234	([271], [271, 270])
0	0.0	0.30809817583473964	([252], [252, 251])
0	0.0	0.30840871361945726	([219], [219, 218])
0	0.0	0.3085154892509783	([338], [338, 337])
0	0.0	0.3086388852954541	([335], [335, 334])
0	0.0	0.30880635223366004	([206], [206, 205])
0	0.0	0.30892365162273866	([301], [301, 300])
0	0.0	0.309162881716491	([48], [48, 47])
0	0.0	0.30982537090805545	([408], [408, 407])
0	0.0	0.3100430931951922	([359], [359, 358])
0	0.0	0.31040486731834577	([274], [274, 273])
0	0.0	0.31079676335741885	([243], [243, 241])
0	0.0	0.31092818265265004	([384], [384, 383])
0	0.0	0.3110053319846524	([177], [177, 176])
0	0.0	0.31109250563628305	([46], [46, 45])
0	0.0	0.31110351562458005	([308], [308, 307])
0	0.0	0.3111677536442008	([215], [215, 214])
0	0.0	0.3115636977081381	([99], [99, 98])
0	0.0	0.31183720994600234	([217], [217, 216])
0	0.0	0.3121083124385746	([354], [354, 353])
0	0.0	0.31280486770851806	([416], [416, 415])
0	0.0	0.31288626925899904	([85], [85, 84])
0	0.0	0.31321546576373777	([242], [242, 241])
0	0.0	0.31359120516720995	([305], [305, 304])
0	0.0	0.3136772614723367	([238], [238, 237])
0	0.0	0.3141714086848102	([337], [337, 336])
0	0.0	0.31417695685448527	([351], [351, 350])
0	0.0	0.3141914251652191	([357], [357, 356])
0	0.0	0.3143391155544294	([181], [181, 180])
0	0.0	0.31438493892744324	([154], [154, 153])
0	0.0	0.31509102293592917	([340], [340, 339])
0	0.0	0.31553482259630916	([83], [83, 82])
0	0.0	0.3157314052355058	([303], [303, 302])
0	0.0	0.3161022050911327	([38], [38, 37])
0	0.0	0.31625791939474307	([44], [44, 43])
0	0.0	0.31643959107877423	([394], [394, 393])
0	0.0	0.31752338743537495	([286], [286, 285])
0	0.0	0.3175394994457141	([162], [162, 161])
0	0.0	0.3175671815786435	([56], [56, 55])
0	0.0	0.317745834706881	([160], [160, 159])
0	0.0	0.3178760975189555	([204], [204, 203])
0	0.0	0.31792624413408854	([261], [261, 260])
0	0.0	0.31801022670058177	([239], [239, 238])
0	0.0	0.31804451371525305	([64], [64, 63])
0	0.0	0.3181163798964309	([138], [138, 137])
0	0.0	0.3185183928427547	([293], [293, 292])
0	0.0	0.31914852228668716	([341], [341, 340])
0	0.0	0.3205919607695014	([33], [33, 32])
0	0.0	0.32067151348426415	([42], [42, 41])
0	0.0	0.3208163864090089	([400], [400, 399])
0	0.0	0.32093576528070566	([28], [28, 27])
0	0.0	0.3213573091392428	([97], [97, 96])
0	0.0	0.321445053958542	([196], [196, 195])
0	0.0	0.32154065082742295	([315], [315, 314])
1	0.31434830106428124	0.32173773437705383	([31, 28], [31, 30, 28])
0	0.0	0.3220333555018739	([179], [179, 178])
0	0.0	0.32215995758962834	([207], [207, 204])
0	0.0	0.32224307987928724	([5], [5, 4])
0	0.0	0.32289257212210104	([347], [347, 346])
0	0.0	0.32328311841048485	([405], [405, 404])
0	0.0	0.32487744846875727	([311], [311, 310])
0	0.0	0.32550469022713835	([344], [344, 343])
0	0.0	0.32603689587544515	([45], [45, 44])
0	0.0	0.3272638434653333	([299], [299, 298])
0	0.0	0.32808208767470887	([157], [157, 156])
0	0.0	0.33012560738111657	([289], [289, 288])
0	0.0	0.3303011807130299	([72], [72, 71])
0	0.0	0.33045450256121495	([279], [279, 278])
0	0.0	0.3305983561745611	([367], [367, 366])
0	0.0	0.3314765914665034	([172], [172, 171])
0	0.0	0.33153046241044964	([14], [14, 13])
0	0.0	0.33175220326495464	([285], [285, 284])
0	0.0	0.3320478215087203	([291], [291, 290])
0	0.0	0.332152404814507	([32], [32, 31])
0	0.0	0.3328166050315577	([12], [12, 11])
0	0.0	0.33286715437646897	([139], [139, 138])
0	0.0	0.333246560989255	([312], [312, 311])
0	0.0	0.33381918917230713	([298], [298, 297])
0	0.0	0.333993441582639	([295], [295, 294])
0	0.0	0.33408360979306595	([256], [256, 255])
0	0.0	0.33484624021734377	([176], [176, 175])
0	0.0	0.3351132863660359	([201], [201, 200])
1	0.327895237717823	0.33530679840532396	([288, 285], [288, 287, 286])
0	0.0	0.3353615108570844	([203], [203, 202])
0	0.0	0.3371751971085367	([74], [74, 73])
0	0.0	0.3373161173568885	([80], [80, 79])
0	0.0	0.33811539412784397	([79], [79, 78])
0	0.0	0.3384676023341425	([53], [53, 52])
0	0.0	0.33969870905664196	([107], [107, 105])
0	0.0	0.34124325235929265	([307], [307, 306])
0	0.0	0.34212840218507423	([148], [148, 147])
0	0.0	0.3427636464260669	([333], [333, 332])
0	0.0	0.34288132633856483	([230], [230, 229])
0	0.0	0.34301700804577157	([178], [178, 177])
0	0.0	0.34332408142568593	([366], [366, 365])
0	0.0	0.3446111937884906	([402], [402, 401])
0	0.0	0.34542033948337497	([88], [88, 87])
0	0.0	0.3460765935015696	([15], [15, 14])
1	0.3372550525186956	0.3468394353965396	([329, 326], [329, 328, 326])
0	0.0	0.3484433313138975	([348], [348, 347])
0	0.0	0.34882624833894693	([284], [284, 283])
0	0.0	0.34901938473966865	([296], [296, 295])
0	0.0	0.35162687925901	([371], [371, 370])
0	0.0	0.35195384257249157	([165], [165, 164])
0	0.0	0.35348395992074644	([310], [310, 308])
0	0.0	0.3546730664175443	([92], [92, 91])
0	0.0	0.3549363563112287	([61], [61, 60])
0	0.0	0.355067868518849	([71], [71, 70])
0	0.0	0.35587093019794463	([363], [363, 362])
0	0.0	0.35851586512593997	([300], [300, 299])
0	0.0	0.35923834456315695	([94], [94, 93])
0	0.0	0.35968818465866553	([60], [60, 59])
0	0.0	0.3598020401188239	([228], [231, 227])
0	0.0	0.3602252167213709	([108], [108, 107])
0	0.0	0.361234316109283	([76], [76, 75])
0	0.0	0.36308695457324636	([275], [275, 274])
0	0.0	0.363326603088839	([317], [317, 316])
0	0.0	0.3658617451712246	([111], [111, 108])
0	0.0	0.36599729985039964	([353], [353, 352])
0	0.0	0.36960815775199507	([326], [326, 325])
0	0.0	0.371014935211295	([182], [182, 180])
0	0.0	0.3724619374138153	([331], [331, 330])
0	0.0	0.3742071250502271	([65], [65, 64])
0	0.0	0.3748437858636418	([235], [235, 234])
0	0.0	0.37577791236525226	([183], [183, 182])
0	0.0	0.3775943393603051	([123], [123, 110])
0	0.0	0.37763451785894975	([84], [84, 83])
0	0.0	0.37855412815335227	([68], [68, 67])
0	0.0	0.379339092938728	([116], [116, 109])
0	0.0	0.3803356319216907	([93], [93, 92])
0	0.0	0.38116780829692587	([101], [101, 99])
0	0.0	0.38703768995617255	([103], [103, 101])
0	0.0	0.3878751811983418	([25], [25, 23])
0	0.0	0.39007773657432854	([87], [87, 85])
0	0.0	0.39096501002717193	([226], [226, 225])
0	0.0	0.39098457464651093	([96], [103, 102])
0	0.0	0.3927147256883571	([78], [78, 76])
0	0.0	0.3932142711838045	([232], [232, 231])
0	0.0	0.3952629251610867	([324], [325, 323])
0	0.0	0.40057480610809265	([266], [266, 264])
0	0.0	0.40384415961456105	([191], [191, 189])
0	0.0	0.4073686103834429	([396], [396, 394])
0	0.0	0.41268996549569475	([278], [278, 276])
0	0.0	0.4136323404629148	([134], [134, 123])
0	0.0	0.41365939602915175	([141], [141, 122])
0	0.0	0.4197382118053919	([380], [380, 379])
0	0.0	0.42216631146125516	([309], [309, 308])
0	0.0	0.4257363818021859	([16], [16, 15])
0	0.0	0.42826373541835383	([130], [130, 86])
0	0.0	0.428981717941164	([379], [379, 378])
1	0.4232345811764594	0.4305245355960219	([315, 311], [315, 313, 312])
0	0.0	0.43368909750713347	([110], [134, 133])
0	0.0	0.43588793936855597	([233], [278, 277])
0	0.0	0.44033818784173095	([122], [122, 106])
0	0.0	0.4435981242472538	([86], [130, 106])
0	0.0	0.44615264697257234	([277], [233, 232])
0	0.0	0.44701855234394816	([24], [24, 23])
1	0.4173396613274872	0.44738909145869427	([93, 90], [93, 92, 90])
0	0.0	0.44740762390230604	([124], [124, 24])
0	0.0	0.4478140814116315	([142], [142, 139])
1	0.44731589636571734	0.4490162564570954	([75, 65], [75, 74, 65])
0	0.0	0.45067643051838313	([114], [114, 16])
0	0.0	0.4597895373303368	([136], [277, 124])
0	0.0	0.46134138980787065	([102], [96, 94])
0	0.0	0.4677781935123995	([0], [309, 116])
0	0.0	0.46827651892629457	([133], [134, 126])
0	0.0	0.475339043591076	([109], [114, 106])
0	0.0	0.47765808790718767	([106], [136, 133])
1	0.49427435991849455	0.5104477079424197	([234, 230], [234, 233, 230])
1	0.5670175275123253	0.585454581358743	([102, 92], [102, 96, 93])
1	0.6094458958537796	0.6116701967394746	([181, 168], [181, 177, 168])
1	0.6077274729727823	0.6144203912632614	([133, 111], [138, 133, 108])
1	0.6057297334437675	0.6184569298775029	([138, 108], [136, 133, 108])
1	0.604709878237702	0.6216771053115996	([137, 105], [137, 133, 108])
1	0.5641605394126468	0.633382589481252	([92, 81], [92, 88, 84])
1	0.617786563507342	0.6382409043561943	([134, 109], [134, 133, 109])
1	0.6061232740682302	0.6403636570391165	([92, 65], [92, 81, 76])
1	0.6406367040337458	0.646136507794848	([41, 22], [41, 35, 22])
1	0.6397750809722774	0.6461828837009352	([286, 255], [286, 279, 278])
1	0.6372040008235758	0.6461869872374355	([242, 232], [242, 237, 234])
1	0.6267217595844599	0.6464057727110732	([14, 1], [14, 8, 6])
1	0.6347345211390971	0.648242678028954	([25, 7], [25, 18, 7])
1	0.6432910035605826	0.6500592044463841	([366, 340], [366, 364, 340])
1	0.6406240258090607	0.6515799269792778	([365, 341], [365, 364, 341])
1	0.6361976251977486	0.6540213882694724	([17, 2], [17, 12, 2])
1	0.6305900580579119	0.655837263046223	([415, 1], [415, 414, 1])
1	0.6568046651842735	0.6620523579436303	([179, 153], [179, 163, 161])
1	0.645642580445708	0.6642854721977828	([245, 231], [245, 238, 233])
1	0.6459212566999203	0.6659746948894288	([105, 87], [105, 97, 87])
1	0.6350861466233262	0.6684719982685055	([93, 63], [93, 78, 75])
1	0.6702743728526378	0.6723312970027701	([414, 396], [414, 411, 396])
1	0.5751609106299431	0.6735258038738566	([133, 102], [136, 104, 101])
1	0.6696364987426451	0.6741097652530058	([363, 337], [363, 346, 341])
1	0.6474280312365285	0.6751653434474922	([78, 45], [78, 61, 60])
1	0.6757163040433927	0.6762794698351154	([84, 47], [84, 80, 56])
1	0.6508622349560472	0.6765364507887173	([47, 31], [47, 38, 31])
1	0.6423398285138002	0.6766585912405139	([143, 102], [144, 137, 101])
1	0.6788935201750009	0.6792375167943486	([401, 381], [401, 391, 381])
1	0.6407298771804718	0.6811023894363278	([102, 79], [102, 92, 84])
1	0.6568068887752159	0.681177152745921	([408, 380], [409, 398, 391])
1	0.6713569944014912	0.6830171488304978	([45, 27], [45, 38, 34])
1	0.663200804026769	0.6830626115565156	([298, 255], [298, 290, 255])
1	0.665633444985058	0.6849292076086461	([220, 193], [220, 209, 193])
1	0.6853035582842301	0.6866181654132834	([30, 12], [30, 25, 20])
1	0.6821306920459113	0.6885227495136034	([92, 36], [92, 52, 46])
1	0.6689721763611357	0.6892689525253686	([336, 299], [336, 320, 299])
1	0.6868321953189864	0.6902006984372027	([153, 136], [153, 144, 140])
1	0.6718619507056295	0.6905761267457117	([108, 94], [108, 101, 94])
1	0.6480476825703848	0.69103667531499	([287, 252], [287, 274, 255])
1	0.6904537228384583	0.6918022851419389	([416, 378], [416, 396, 387])
1	0.684481297575923	0.6918022851419389	([416, 387], [416, 411, 396])
1	0.6926377338219936	0.6926890416920891	([407, 92], [407, 397, 394])
1	0.686407038416321	0.6929084841944149	([146, 96], [146, 142, 96])
1	0.6695916474753167	0.6946447826305808	([189, 152], [189, 182, 160])
1	0.6882812880972196	0.6949666213035335	([247, 92], [288, 253, 92])
1	0.6833493992785072	0.6953144288620112	([46, 29], [46, 36, 34])
1	0.6971232582918413	0.6991996398281665	([195, 153], [195, 182, 180])
1	0.677998718605636	0.7000872666294046	([28, 1], [28, 21, 13])
1	0.6913895181749946	0.7034026260947245	([416, 332], [416, 378, 370])
1	0.700094407318734	0.7035185400789475	([373, 324], [374, 373, 322])
1	0.694953089868293	0.704880449265379	([159, 93], [159, 148, 102])
1	0.6072571892908862	0.7062391215708398	([108, 84], [108, 94, 85])
1	0.6866778825326231	0.7064499788775577	([81, 37], [95, 81, 37])
1	0.7032319216672593	0.7067038587410543	([103, 29], [96, 93, 29])
1	0.687994961513295	0.7070594558436801	([83, 46], [83, 69, 51])
1	0.6362826894871954	0.7081445369639408	([232, 201], [227, 222, 205])
1	0.6633615352137433	0.708433025313404	([102, 32], [102, 32, 17])
1	0.7062408662023402	0.708433025313404	([105, 17], [105, 102, 17])
1	0.6465698641905869	0.7094900403449935	([232, 217], [232, 230, 217])
1	0.6692786217233292	0.709921246509687	([102, 45], [102, 45, 35])
1	0.695318434289401	0.7101364631254857	([93, 10], [93, 10, 6])
1	0.6524637647267475	0.7104001207203599	([102, 14], [102, 93, 50])
1	0.697320241661941	0.7104814487961965	([167, 137], [167, 162, 137])
1	0.6786652599304623	0.7105294854508364	([326, 308], [326, 321, 308])
1	0.6992611614633303	0.7107908752333489	([315, 92], [315, 304, 300])
1	0.6937760245403549	0.7110338261169807	([376, 322], [376, 371, 336])
1	0.7003640090346827	0.7114195291546537	([43, 18], [43, 32, 28])
1	0.6435734297528153	0.7131328910852508	([95, 40], [95, 82, 78])
1	0.7041414905917357	0.7144986301854439	([217, 186], [217, 209, 194])
1	0.7024814556394857	0.7154878616688363	([337, 310], [337, 321, 318])
1	0.6712508015526752	0.7172931972008735	([235, 214], [235, 222, 214])
1	0.680229388328284	0.7174380034663813	([375, 92], [394, 375, 371])
1	0.6929056611573521	0.717583069944058	([78, 11], [95, 78, 19])
1	0.682098540121457	0.7177359094734057	([157, 95], [157, 148, 95])
1	0.6952927465069855	0.7182766524345098	([416, 210], [416, 210, 196])
1	0.708656544696587	0.7186261806198175	([416, 345], [416, 345, 334])
1	0.6720504552911271	0.7186286162358329	([95, 4], [78, 39, 33])
1	0.6352751073930748	0.7186286162358329	([93, 0], [93, 78, 33])
1	0.6988791119233121	0.7187848658655034	([94, 53], [94, 80, 53])
1	0.6975505863436604	0.7188215799925269	([143, 91], [143, 107, 102])
1	0.7143549620724509	0.719309159697301	([410, 36], [410, 407, 36])
1	0.697966278283708	0.7194302141502339	([237, 203], [237, 222, 203])
1	0.6761073594114705	0.7200045023879793	([238, 92], [247, 238, 225])
1	0.7085883126599003	0.7201727994929435	([251, 215], [251, 238, 215])
1	0.7158668235009035	0.7202950390570704	([194, 102], [210, 206, 102])
1	0.6971495814215797	0.7203680460549929	([180, 138], [180, 162, 108])
1	0.7155598555357648	0.7204533155477059	([207, 176], [207, 192, 176])
1	0.7118514081258237	0.7209633131714271	([111, 57], [111, 107, 57])
1	0.691055989213876	0.7221666237459837	([103, 47], [103, 93, 81])
1	0.7198599131852812	0.7230209612260171	([205, 171], [205, 199, 185])
1	0.7230362245133615	0.7237554450721643	([296, 245], [296, 290, 245])
1	0.7160543844942348	0.7240184954719592	([202, 159], [202, 191, 159])
1	0.7122633254286423	0.724539528810012	([104, 64], [104, 102, 64])
1	0.7011075050606694	0.7248121096028628	([31, 0], [31, 18, 15])
1	0.7075613252946544	0.724817723879118	([324, 290], [324, 307, 306])
1	0.6986120682319139	0.7256955637840462	([161, 78], [149, 145, 78])
1	0.7141818749011645	0.7267118060341595	([108, 52], [108, 81, 60])
1	0.7160334384921365	0.7269559672812825	([216, 178], [216, 178, 164])
1	0.7227817928437807	0.7269559672812825	([234, 164], [234, 216, 164])
1	0.7072093457365992	0.7274287844450515	([416, 183], [416, 196, 183])
1	0.7251899910676995	0.7275664517802178	([255, 102], [255, 251, 102])
1	0.726294461439761	0.72809040300217	([220, 157], [220, 192, 186])
1	0.7210604724677121	0.7284561958178534	([94, 25], [94, 48, 39])
1	0.7231609542591774	0.7284561958178534	([91, 39], [94, 91, 39])
1	0.7261846349194401	0.7288741712033981	([184, 143], [184, 162, 157])
1	0.7268978450023877	0.7290488883023999	([105, 58], [105, 102, 58])
1	0.7226398136986033	0.7291893300170776	([200, 156], [200, 193, 153])
1	0.6853009303371385	0.7291893300170776	([219, 153], [216, 200, 153])
1	0.7267538442812934	0.7297558608795361	([175, 136], [175, 162, 137])
1	0.7022997475721571	0.729942380185303	([339, 231], [339, 321, 231])
1	0.7243996252369381	0.7299764426034206	([181, 45], [181, 59, 45])
1	0.7177439890755468	0.7300219332375012	([171, 102], [177, 163, 142])
1	0.7259603549872615	0.7301242767256012	([311, 279], [311, 295, 279])
1	0.7096979118209349	0.7305933655887543	([178, 140], [178, 159, 140])
1	0.6986465072770105	0.7307300256106609	([215, 93], [193, 153, 144])
1	0.7204452286291806	0.7314031004826095	([189, 103], [189, 175, 103])
1	0.7288099008671134	0.7314657363079335	([153, 23], [160, 153, 23])
1	0.7295290581341978	0.7317628082976434	([224, 181], [224, 210, 192])
1	0.6602551239281397	0.7318365435655702	([310, 102], [310, 293, 284])
1	0.6813943786874225	0.7325271540984303	([177, 132], [177, 142, 136])
1	0.7220395017136574	0.7328128120950871	([404, 365], [404, 394, 365])
1	0.7316669056498399	0.7328440596787835	([305, 259], [305, 292, 283])
1	0.6854997601067323	0.7335155045311517	([312, 181], [339, 319, 312])
1	0.7322726686182454	0.7341919827869178	([340, 289], [340, 321, 289])
1	0.7239701886669636	0.7344911729318886	([85, 27], [85, 58, 42])
1	0.683015122365747	0.7347152447614907	([162, 92], [162, 139, 137])
1	0.7222324384819655	0.7351947605712391	([198, 154], [198, 179, 153])
1	0.7299111350015288	0.736062718887955	([318, 250], [318, 312, 250])
1	0.7308011330081475	0.7363329175027167	([99, 26], [104, 99, 26])
1	0.706441186247109	0.7372554573520146	([305, 227], [319, 305, 295])
1	0.7029368408255219	0.7380361482531568	([153, 82], [153, 143, 90])
1	0.6630929198414972	0.7393126861993632	([295, 92], [288, 251, 102])
1	0.7110395482785964	0.7396716444511487	([216, 83], [216, 95, 93])
1	0.7269020866353362	0.7403278805355299	([409, 366], [415, 409, 366])
1	0.7124519422485148	0.7407608227622793	([341, 102], [345, 316, 102])
1	0.7224321693256095	0.741051482536127	([142, 13], [142, 104, 96])
1	0.7202913659952169	0.7411448752508908	([181, 59], [181, 99, 39])
1	0.7055754815536038	0.7412103992320624	([97, 5], [88, 30, 28])
1	0.6977722831242047	0.7414506168226833	([324, 93], [324, 227, 216])
1	0.7397771059505331	0.7414506168226833	([317, 216], [324, 317, 216])
1	0.7135462872104691	0.7418228446106818	([292, 233], [292, 251, 248])
1	0.7164138675493887	0.7419535252914113	([227, 187], [227, 206, 195])
1	0.7410659163074698	0.7421269110554658	([303, 241], [303, 296, 244])
1	0.7412800528063094	0.7423055632866574	([247, 153], [247, 238, 153])
1	0.7317032092438475	0.7449317276277427	([71, 4], [78, 71, 4])
1	0.7163934760636189	0.7451119924145895	([373, 245], [373, 322, 296])
1	0.7454566491095391	0.74545882711973	([169, 107], [178, 169, 107])
1	0.7334857245247772	0.7458231423723747	([205, 151], [205, 188, 151])
1	0.7370567016131239	0.7458826792831961	([344, 294], [344, 333, 311])
1	0.6087070829677371	0.7459963372030362	([108, 15], [160, 140, 108])
1	0.743241545180348	0.7466059310745968	([332, 288], [332, 306, 288])
1	0.7415057141266448	0.7468450605311854	([349, 304], [349, 340, 304])
1	0.7429315111279693	0.7469426789788775	([329, 279], [329, 314, 311])
1	0.5588599833004896	0.7478359778382363	([324, 231], [321, 297, 231])
1	0.7340368055565188	0.7478359778382363	([383, 297], [383, 297, 231])
1	0.74133431455323	0.7480288465525294	([79, 13], [79, 50, 13])
1	0.7089614866434965	0.7481180987517155	([189, 87], [189, 99, 87])
1	0.729905025034325	0.7482351571376957	([331, 286], [331, 307, 286])
1	0.7127352979487132	0.7484693554503886	([181, 1], [181, 45, 1])
1	0.728068914511137	0.7487608569978929	([391, 246], [391, 373, 370])
1	0.7240373769519551	0.7489293731500224	([376, 226], [376, 373, 246])
1	0.7456528220187127	0.7490444879709522	([227, 144], [239, 227, 145])
1	0.7465638081697047	0.7490444879709522	([383, 145], [383, 227, 145])
1	0.7269768405583845	0.7491293118924983	([239, 145], [227, 161, 147])
1	0.7158423911450915	0.7493280621255968	([143, 36], [143, 91, 36])
1	0.7414342058371816	0.7494815343797593	([234, 142], [324, 234, 101])
1	0.7308595757941505	0.7495469587547684	([173, 87], [173, 158, 87])
1	0.7389014390865217	0.7496650143841627	([249, 197], [249, 238, 193])
1	0.7269536555453381	0.7504383391249406	([307, 235], [299, 284, 235])
1	0.7252954043907478	0.7504576274043354	([90, 14], [90, 38, 14])
1	0.732683271772984	0.7505862029143708	([97, 21], [97, 91, 21])
1	0.7330755927209837	0.7506638898468027	([231, 182], [231, 215, 180])
1	0.7417758651211381	0.7511620964420265	([372, 252], [376, 372, 252])
1	0.7200794119018104	0.7513048031984448	([383, 231], [383, 377, 145])
1	0.7303229183585177	0.751341749123861	([415, 107], [415, 153, 143])
1	0.744744524863448	0.7513654132233666	([368, 301], [368, 332, 301])
1	0.7421568332762165	0.7514636098105558	([107, 9], [107, 16, 9])
1	0.7500518937246421	0.7517831283522816	([402, 326], [402, 385, 326])
1	0.749117866813604	0.7520317885892159	([386, 323], [386, 371, 323])
1	0.7110885255381929	0.7520393106420987	([377, 239], [384, 377, 239])
1	0.6872486757476991	0.7528921998396921	([353, 92], [368, 353, 338])
1	0.7275755608923189	0.7530631959709099	([391, 299], [391, 371, 299])
1	0.7473878267446252	0.7534258245017118	([290, 159], [290, 248, 226])
1	0.7283479580920537	0.7542769153146758	([85, 3], [94, 85, 3])
1	0.7472954308112153	0.7543569833161775	([333, 246], [333, 320, 246])
1	0.7338379867134373	0.7548621621225802	([380, 237], [383, 380, 231])
1	0.7225071138984024	0.7548621621225802	([397, 231], [397, 380, 231])
1	0.7452855588164016	0.7550972827274106	([410, 9], [410, 408, 9])
1	0.7272548602717492	0.7553270230050683	([408, 41], [413, 408, 9])
1	0.7135225282472035	0.7553648121942094	([377, 318], [377, 318, 239])
1	0.7552031366164516	0.7554209390506699	([213, 42], [213, 42, 13])
1	0.7446738174223234	0.7555637185951548	([242, 207], [242, 222, 221])
1	0.7475227329586847	0.755661749933369	([399, 324], [399, 373, 372])
1	0.6883323582250387	0.7557250385900278	([416, 196], [416, 183, 138])
1	0.7377379401051068	0.7557692315308704	([360, 287], [360, 337, 325])
1	0.7236224880399124	0.7557958738929934	([203, 147], [227, 203, 178])
1	0.7452885788012287	0.7560111078716063	([360, 305], [360, 338, 305])
1	0.7496697436327819	0.7561018854129059	([170, 101], [170, 151, 142])
1	0.7176215664631073	0.7561989172684859	([372, 292], [372, 365, 292])
1	0.7366454486040249	0.7562472181684593	([403, 335], [403, 370, 335])
1	0.7518411376900563	0.7568444288760042	([103, 1], [103, 29, 14])
1	0.7527351820222891	0.757328495930562	([194, 36], [194, 102, 27])
1	0.7096552123605303	0.757328495930562	([182, 27], [194, 182, 27])
1	0.6372413622153246	0.7575335290050279	([331, 232], [331, 320, 230])
1	0.7145042682701356	0.7576598450827471	([374, 250], [387, 338, 312])
1	0.74570126769052	0.7577720435402789	([221, 39], [221, 194, 39])
1	0.75213538628802	0.7579308479448038	([335, 249], [335, 319, 249])
1	0.7561666939747375	0.7579603747521939	([170, 48], [176, 170, 83])
1	0.7534628742095975	0.7579603747521939	([176, 83], [199, 170, 83])
1	0.7333973715899782	0.7580817610336242	([111, 2], [111, 105, 2])
1	0.7360481728284595	0.7583591679634174	([351, 264], [348, 346, 259])
1	0.7565475562217475	0.758647336573974	([316, 260], [316, 315, 260])
1	0.7576914587798795	0.7588473245224445	([237, 34], [237, 81, 22])
1	0.5583216894258324	0.7591272445171193	([136, 107], [134, 123, 110])
1	0.7508265646311177	0.7591730392956566	([139, 18], [139, 104, 18])
1	0.756006382998741	0.759239122208009	([328, 278], [339, 328, 278])
1	0.6643608246438185	0.7592919668301166	([394, 92], [375, 319, 246])
1	0.7384621847936461	0.7593141211788993	([385, 321], [385, 371, 369])
1	0.745549254355952	0.7594001923246158	([337, 133], [337, 153, 133])
1	0.7233659889698636	0.7594783465067223	([158, 59], [158, 89, 87])
1	0.7200833113390976	0.7595048921262635	([343, 93], [343, 324, 317])
1	0.7593860855675312	0.7595898517901388	([402, 314], [402, 381, 314])
1	0.7107229816344383	0.7600673078010923	([415, 153], [153, 23, 1])
1	0.7209064326175695	0.7600673078010923	([399, 102], [400, 23, 1])
1	0.7559400147497873	0.7600975626501035	([391, 196], [391, 246, 224])
1	0.7353388890399782	0.7602184516491673	([199, 83], [216, 196, 83])
1	0.7596093473985438	0.7602187388337099	([374, 203], [387, 374, 203])
1	0.7556289701272818	0.7602385209079775	([161, 26], [161, 143, 142])
1	0.7588963714237823	0.7602903933540002	([392, 341], [392, 375, 373])
1	0.7133768793430022	0.7607193166548116	([324, 194], [324, 229, 194])
1	0.740528091801138	0.7611597556316096	([193, 38], [193, 144, 25])
1	0.7276285638272211	0.7612366489981429	([191, 84], [191, 170, 84])
1	0.7377844297953908	0.7612911418455273	([252, 143], [244, 193, 143])
1	0.7401051049154161	0.7613173382654881	([415, 319], [415, 373, 319])
1	0.7604267911008628	0.7617574551735001	([410, 244], [410, 381, 375])
1	0.7491980286743103	0.7620120868320812	([145, 28], [145, 85, 42])
1	0.7336280167502172	0.7621824347539338	([348, 262], [346, 338, 305])
1	0.7609235944060599	0.7622277086666477	([409, 211], [409, 253, 221])
1	0.7449117417652958	0.7622277086666477	([409, 253], [409, 392, 221])
1	0.6290497335679017	0.7622509939222882	([414, 0], [376, 226, 210])
1	0.7596013031383732	0.7622964612879122	([413, 223], [413, 375, 238])
1	0.7500006007374553	0.7623708121416833	([245, 148], [245, 214, 198])
1	0.7609115478475771	0.7630805951191664	([293, 230], [293, 249, 237])
1	0.7056550102112622	0.7630805951191664	([282, 237], [293, 281, 237])
1	0.7513275988848152	0.7630805951191664	([316, 237], [316, 293, 237])
1	0.7622269362752137	0.7631604579940243	([255, 13], [255, 142, 102])
1	0.7443326164499581	0.7632067171472765	([381, 244], [381, 371, 244])
1	0.7558918499693184	0.7632633985827587	([373, 219], [373, 245, 219])
1	0.7571041090013597	0.7632662230741756	([254, 147], [254, 244, 216])
1	0.7409729881726579	0.7636106204158682	([382, 191], [391, 382, 191])
1	0.7207744684335362	0.7638087369328855	([392, 221], [392, 383, 234])
1	0.6598432575137989	0.7641606938275274	([416, 11], [416, 411, 11])
1	0.7432215846693049	0.7642887509133799	([374, 284], [374, 317, 301])
1	0.7187903183168769	0.7646639543136113	([256, 93], [284, 256, 101])
1	0.7535227893463258	0.7648214548043745	([149, 7], [149, 87, 7])
1	0.7621080772869262	0.7648869979042897	([198, 9], [198, 93, 90])
1	0.741777206241416	0.7650713672770922	([197, 30], [197, 38, 27])
1	0.7531249395666102	0.7654752602683336	([308, 153], [308, 290, 251])
1	0.7539179209109473	0.7655522536436128	([192, 35], [194, 192, 35])
1	0.7627649523043089	0.7656135543383872	([250, 180], [250, 247, 139])
1	0.7442270565815554	0.7656937590309588	([383, 5], [415, 383, 373])
1	0.7578058000096682	0.7657671514782318	([239, 41], [408, 376, 239])
1	0.7514825170539616	0.7659043444646618	([229, 138], [229, 218, 138])
1	0.7585304343193752	0.7659403021515465	([375, 78], [375, 144, 78])
1	0.7532013860796593	0.7659451625562711	([300, 200], [300, 245, 238])
1	0.7382075361687318	0.7660051715139513	([385, 153], [385, 378, 78])
1	0.6978897541386219	0.7662418506246563	([241, 93], [235, 216, 197])
1	0.7159363358611965	0.7665797042107754	([227, 103], [227, 201, 103])
1	0.7329296786392051	0.7665968074404328	([378, 201], [378, 376, 224])
1	0.7432431503656647	0.7667626017478085	([218, 94], [218, 154, 94])
1	0.6935379351077446	0.766786124156031	([416, 246], [382, 370, 339])
1	0.7186786672088226	0.7667893857511836	([237, 81], [237, 152, 147])
1	0.7625146885436905	0.7668508366949035	([307, 218], [307, 235, 224])
1	0.7484769833097095	0.7669241734805794	([320, 203], [320, 230, 212])
1	0.7533237282863796	0.7670229398017446	([390, 214], [390, 225, 214])
1	0.7458919915421903	0.7670229398017446	([415, 225], [394, 390, 225])
1	0.7569342821626174	0.7670859966394864	([313, 243], [313, 284, 235])
1	0.7490894384596365	0.7671073979744208	([375, 283], [375, 369, 283])
1	0.742857713719951	0.7671734340779243	([171, 110], [171, 139, 110])
1	0.7561779517090041	0.7672126119861978	([412, 217], [412, 399, 208])
1	0.7276626851854577	0.7673724307937643	([341, 258], [341, 337, 256])
1	0.7673208381918554	0.7676443863090414	([218, 5], [210, 196, 5])
1	0.7276756240495641	0.7676909539658883	([195, 0], [195, 32, 6])
1	0.7378871812924418	0.7677424924768811	([337, 153], [332, 290, 245])
1	0.7588275189354896	0.7678686566214112	([286, 222], [286, 241, 222])
1	0.7595214151958656	0.7679059429901409	([324, 174], [324, 231, 174])
1	0.7424251572445029	0.7683930741080373	([385, 235], [388, 332, 245])
1	0.7574467515872335	0.7684715708184199	([297, 90], [297, 239, 90])
1	0.751568602207673	0.7690055713886577	([136, 54], [136, 99, 57])
1	0.7633890624168964	0.7690666880520396	([319, 0], [319, 291, 93])
1	0.7680956955461309	0.769258989512968	([378, 315], [378, 323, 315])
1	0.762529107293569	0.7692763152838262	([212, 32], [213, 212, 6])
1	0.7099242975706122	0.7697745326660401	([171, 30], [193, 189, 25])
1	0.7673130629721252	0.7699263055653949	([373, 15], [415, 373, 15])
1	0.7600455058990759	0.770323102018646	([402, 193], [402, 311, 198])
1	0.769482437186357	0.770456365939334	([384, 255], [384, 255, 239])
1	0.7573009231657261	0.7707282447349061	([323, 191], [382, 323, 313])
1	0.7326334402683089	0.7709387472294348	([354, 308], [354, 329, 325])
1	0.7673070633942485	0.7711412894271267	([256, 183], [256, 245, 183])
1	0.7436082910854361	0.7711554615437587	([311, 211], [311, 241, 222])
1	0.7604399952456484	0.7711554615437587	([314, 222], [314, 311, 222])
1	0.7685309496015476	0.7711948905457292	([396, 248], [396, 377, 248])
1	0.7683103902962964	0.7715278682990752	([353, 281], [353, 347, 281])
1	0.7565801748254555	0.7716224834605256	([253, 104], [231, 153, 150])
1	0.7659665817654623	0.7717614294391277	([281, 217], [281, 248, 237])
1	0.7688414197879819	0.7718331512506955	([249, 98], [249, 188, 148])
1	0.7509614528586366	0.7718942681389596	([185, 41], [163, 140, 55])
1	0.7706166213382414	0.7722135325939891	([200, 19], [200, 143, 36])
1	0.7517885566394331	0.7722876460140506	([370, 233], [381, 370, 233])
1	0.7392155717518781	0.7724848741488218	([378, 37], [411, 378, 37])
1	0.7601146282346348	0.7729543340606008	([381, 213], [381, 244, 220])
1	0.6853380776525658	0.7729996901039315	([212, 92], [253, 212, 202])
1	0.745226047490399	0.7731230478618192	([406, 213], [406, 391, 213])
1	0.734907157087097	0.7731981827493463	([358, 266], [358, 346, 275])
1	0.6964144713547247	0.7732936192249751	([410, 209], [412, 208, 93])
1	0.763297299541777	0.7733244471532155	([376, 88], [371, 242, 222])
1	0.7620385703263403	0.7735298694896933	([374, 25], [377, 374, 8])
1	0.6750291612070543	0.7737085639651633	([338, 181], [291, 252, 212])
1	0.7619632001302089	0.7738471528522913	([225, 11], [225, 200, 22])
1	0.7321998741020916	0.7739378979526674	([349, 260], [349, 314, 260])
1	0.7582570536228121	0.7740397233402013	([345, 273], [351, 345, 273])
1	0.7555318540859602	0.7740667018103097	([393, 18], [393, 374, 8])
1	0.7606290593366192	0.7744781986679582	([240, 99], [299, 240, 224])
1	0.7582966871612558	0.7746799871280945	([236, 26], [236, 182, 26])
1	0.7411195791514473	0.7749926552488005	([296, 163], [254, 184, 177])
1	0.7458380473414199	0.7752388295506304	([375, 40], [410, 375, 9])
1	0.7483398723131869	0.7752842148458907	([214, 63], [214, 188, 75])
1	0.7726204960660829	0.7753099622926257	([301, 205], [301, 235, 205])
1	0.7441448099104919	0.7755618701774798	([227, 12], [227, 195, 6])
1	0.7485225548487602	0.7755618701774798	([213, 6], [227, 212, 6])
1	0.7521805027219505	0.7758022817546403	([221, 85], [221, 160, 142])
1	0.7743451255458429	0.7758520693549932	([179, 37], [222, 201, 37])
1	0.7251085787048351	0.7758520693549932	([222, 37], [378, 201, 37])
1	0.7671738500835029	0.7759809720107951	([413, 297], [413, 385, 377])
1	0.7757079221599161	0.7763709083081599	([278, 103], [299, 278, 136])
1	0.7744379773044349	0.7765330712118449	([384, 289], [384, 289, 255])
1	0.7701403178538111	0.776533931547612	([408, 205], [408, 213, 205])
1	0.7566864489139291	0.7766053725996344	([297, 111], [297, 256, 111])
1	0.7271204883645189	0.7769729046337559	([231, 10], [226, 83, 35])
1	0.7681014019132781	0.7770538375672194	([324, 25], [324, 194, 25])
1	0.7597713379900206	0.7773851586073371	([411, 218], [411, 221, 218])
1	0.7653575123443166	0.777440417563872	([386, 43], [399, 386, 36])
1	0.7593724029455422	0.7776420922145114	([413, 148], [413, 181, 178])
1	0.7585477310024695	0.7777217792593087	([304, 189], [304, 296, 199])
1	0.7459214156391699	0.7777289184376465	([231, 50], [227, 216, 50])
1	0.776747630399425	0.7777434562979666	([323, 108], [323, 299, 108])
1	0.7545007664296965	0.7782760356078996	([299, 136], [278, 249, 246])
1	0.7546728810541193	0.7785931559210547	([209, 14], [216, 209, 14])
1	0.618267220923203	0.7786228667085439	([299, 232], [299, 242, 232])
1	0.749207859530733	0.7791582124396136	([184, 4], [184, 99, 4])
1	0.7765391295958067	0.7792190021847746	([215, 80], [215, 93, 80])
1	0.7685622657574305	0.7794826164979015	([177, 46], [177, 46, 30])
1	0.7303463636199922	0.7797926365097831	([156, 45], [156, 153, 45])
1	0.7782023911622769	0.7797960224705313	([394, 207], [394, 216, 207])
1	0.7579751103209953	0.7798019780527052	([293, 216], [293, 234, 230])
1	0.7659968636133373	0.780287639421544	([258, 137], [258, 256, 111])
1	0.7324269937365016	0.7803051469802157	([180, 79], [180, 154, 139])
1	0.7558529876136415	0.7805757711899965	([242, 88], [371, 216, 153])
1	0.7454567248763302	0.7806884656701116	([217, 133], [217, 179, 153])
1	0.770854282484223	0.7807174394524962	([206, 29], [227, 206, 29])
1	0.7020164647702614	0.7807198524887584	([416, 156], [416, 183, 156])
1	0.7805779260656147	0.7807317791985576	([205, 108], [205, 147, 136])
1	0.7522955536166468	0.7811089579544565	([366, 196], [376, 366, 196])
1	0.6756607395831689	0.7817043043726495	([416, 138], [416, 370, 156])
1	0.7655989085434697	0.7817312452627624	([354, 267], [354, 351, 267])
1	0.7112899696322798	0.7817744139402727	([312, 94], [375, 312, 95])
1	0.7618892632623959	0.783392153695548	([370, 101], [370, 146, 101])
1	0.7664262059974685	0.7835902814538721	([394, 87], [394, 196, 5])
1	0.7761874516478524	0.7835902814538721	([365, 5], [394, 365, 5])
1	0.7729051523154895	0.7835968489120698	([364, 139], [364, 296, 139])
1	0.7751767343504176	0.7836008290747991	([409, 42], [409, 42, 7])
1	0.7827465170084027	0.7836892533574107	([408, 296], [408, 296, 221])
1	0.7286405123395719	0.7839421748517995	([228, 108], [228, 215, 108])
1	0.7765342887453187	0.7839783044337875	([318, 97], [318, 200, 153])
1	0.7549116732652686	0.7841238016942818	([350, 271], [350, 345, 271])
1	0.7489542845448146	0.7841578403155697	([312, 208], [312, 212, 208])
1	0.760132372477442	0.7841699349252986	([397, 160], [397, 377, 145])
1	0.7829791617995251	0.7843370237561956	([374, 82], [374, 234, 101])
1	0.7675200760541042	0.7844249822972801	([243, 169], [245, 243, 169])
1	0.7689946267827049	0.7844630069302104	([178, 43], [179, 178, 43])
1	0.7679768353975414	0.7851420773304685	([236, 84], [236, 84, 26])
1	0.7619540891206664	0.7852259732200588	([414, 136], [414, 136, 2])
1	0.7778785612873498	0.78579109363768	([352, 268], [352, 344, 268])
1	0.7447207426962441	0.7859345399298991	([162, 44], [162, 153, 44])
1	0.772750363312448	0.7859807888074762	([219, 18], [225, 219, 11])
1	0.7471500202736767	0.7870356983944589	([302, 79], [414, 375, 79])
1	0.773925191844953	0.7870725497559248	([286, 179], [286, 254, 179])
1	0.7854171261271038	0.787223857636916	([411, 184], [411, 218, 184])
1	0.7691084437432805	0.7874828543440832	([372, 89], [380, 372, 197])
1	0.7859599964596875	0.7877899801254236	([390, 12], [390, 102, 93])
1	0.7750321481121041	0.7881358766095191	([204, 111], [204, 142, 111])
1	0.7872077097822809	0.7891596132929948	([313, 82], [314, 313, 47])
1	0.6345547311827974	0.7892154448109356	([232, 177], [232, 227, 177])
1	0.7880889267327318	0.789236810835127	([412, 292], [412, 327, 307])
1	0.787751846501655	0.7896429814262118	([398, 162], [403, 227, 220])
1	0.7711717672574149	0.7901449459717553	([305, 176], [305, 297, 176])
1	0.7872925898393565	0.7905213725760908	([365, 171], [365, 286, 171])
1	0.7730275488755598	0.7907517478597726	([275, 163], [275, 255, 163])
1	0.7890286999387699	0.7908133023615123	([403, 352], [403, 372, 352])
1	0.7582235318779974	0.7908571787201008	([340, 147], [340, 250, 147])
1	0.7793194013199989	0.7908959238906423	([296, 29], [296, 227, 177])
1	0.7740504453096722	0.7911032946432031	([342, 140], [364, 342, 139])
1	0.7811925670584411	0.7911697182006723	([334, 184], [334, 294, 93])
1	0.7805623455769484	0.7912979551019356	([337, 38], [337, 133, 108])
1	0.7884186462724023	0.7916071648938025	([349, 103], [349, 346, 103])
1	0.7897708612005333	0.7917228534597782	([247, 57], [247, 94, 92])
1	0.7561530491654401	0.7925047424067915	([159, 2], [159, 88, 10])
1	0.7843406218138722	0.7925309607626742	([413, 189], [413, 409, 189])
1	0.7896416025817747	0.7927134185978356	([167, 54], [167, 136, 111])
1	0.7922770861233839	0.7932115769642628	([207, 68], [207, 162, 68])
1	0.7893043860476177	0.7938919703518458	([363, 34], [375, 363, 34])
1	0.7827613956168504	0.7941168912042729	([318, 12], [318, 200, 12])
1	0.7870515200318169	0.7944461679873059	([257, 165], [290, 257, 170])
1	0.7930397360092145	0.794734641795426	([338, 148], [338, 257, 249])
1	0.755320721307209	0.795305839753875	([384, 91], [399, 384, 91])
1	0.7844368527395948	0.7953061281833178	([346, 225], [346, 259, 251])
1	0.7781149954353057	0.7965068530678726	([391, 57], [391, 57, 28])
1	0.7752859100921474	0.7971160834188689	([252, 44], [252, 213, 42])
1	0.7948358914181178	0.7972660669160241	([326, 206], [326, 221, 206])
1	0.7937391857607583	0.7973558678475408	([307, 142], [307, 218, 210])
1	0.7934083795748006	0.7974565957136442	([414, 176], [414, 324, 234])
1	0.7878149966316875	0.7976291667723893	([386, 173], [386, 370, 173])
1	0.7868349632494345	0.7979186753849216	([166, 52], [166, 137, 105])
1	0.7862241299922442	0.7981337802529437	([267, 206], [311, 267, 254])
1	0.7728698527275858	0.7981576202155377	([370, 32], [370, 108, 101])
1	0.7810133222066619	0.7988116197674978	([338, 205], [340, 338, 189])
1	0.7456099750649304	0.7996730382496792	([384, 42], [384, 231, 217])
1	0.7877474257859866	0.8002029709803751	([366, 80], [383, 366, 80])
1	0.7638581272865153	0.8008113019932903	([392, 25], [392, 379, 25])
1	0.8005750548174185	0.8012146071785929	([262, 213], [262, 253, 244])
1	0.7898452934221127	0.8023859224401367	([236, 55], [236, 200, 55])
1	0.7870099175904453	0.8024800108239146	([246, 31], [246, 227, 34])
1	0.7911305715244527	0.8025726849708924	([288, 60], [288, 89, 64])
1	0.7957769469420074	0.8028204252912763	([387, 17], [387, 384, 48])
1	0.7933613719224687	0.8035773829597258	([333, 149], [333, 237, 149])
1	0.7491284233213958	0.803890055749883	([312, 30], [312, 247, 30])
1	0.783109195673357	0.8040634371265372	([354, 46], [363, 354, 95])
1	0.7773457325344746	0.8058451111281916	([314, 47], [314, 222, 47])
1	0.7884434441617696	0.8064941618356587	([272, 17], [272, 257, 108])
1	0.8045633907639003	0.8076472052859014	([353, 176], [353, 305, 255])
1	0.8082970154358047	0.8093102738892289	([376, 73], [376, 88, 73])
1	0.807936262063592	0.8135030427190106	([301, 54], [301, 247, 54])
1	0.6272177216960828	0.8139548267308765	([232, 71], [232, 226, 71])
1	0.7969580428980146	0.8140813653323871	([203, 73], [376, 203, 146])
1	0.8013851174851778	0.8147581745431657	([339, 70], [339, 235, 142])
1	0.8149553519055425	0.8154422880873768	([260, 168], [260, 226, 168])
1	0.7886520877820349	0.8162030888222044	([308, 67], [308, 153, 142])
1	0.817204584528874	0.8173561431049291	([303, 31], [303, 246, 233])
1	0.8144137513426096	0.8197905356055025	([343, 52], [344, 343, 52])
1	0.7991515543516221	0.8234102822812187	([266, 74], [278, 266, 74])
1	0.8219141028595207	0.8235217035910748	([305, 63], [375, 305, 40])
1	0.8146630623650978	0.8243628630870186	([347, 172], [399, 347, 231])
1	0.8146430436459553	0.8260534804102234	([263, 5], [311, 263, 5])
1	0.8268466905617596	0.8298950967944119	([329, 20], [329, 312, 20])
1	0.823861333098503	0.8298993178872215	([356, 60], [356, 323, 60])
1	0.8264146769878025	0.8312262993961864	([362, 58], [362, 347, 58])
1	0.823092106086872	0.8343025142479945	([292, 69], [292, 81, 69])
1	0.8254106192543091	0.8373598121389638	([359, 73], [374, 359, 73])
1	0.5288826711364476	0.8518836974814017	([106, 105], [141, 122, 106])
1	0.49152237949297256	0.8538816890036814	([109, 108], [360, 309, 109])
1	0.48545110938379016	0.8703281382992794	([87, 86], [130, 106, 86])
1	0.695357160593342	0.8873465447478402	([264, 132], [264, 177, 132])
0	0.0	0.892930302147474	([115], [115, 112])
1	0.4833069267998824	0.8958985184048215	([142, 141], [114, 106, 17])
1	0.4825969689550736	0.9020870772943566	([379, 114], [380, 379, 114])
0	0.0	0.9047135674421178	([126], [130, 129])
1	0.47997318556504964	0.9057202009552975	([111, 110], [277, 124, 24])
0	0.0	0.9133028531575316	([125], [396, 395])
0	0.0	0.9148232776860852	([118], [135, 130])
0	0.0	0.9163640327678987	([112], [114, 113])
0	0.0	0.9659367920653733	([113], [101, 100])
0	0.0	0.978857776784671	([100], [266, 265])
1	0.9917379926517736	0.9991173181463839	([113, 111], [114, 113, 105])
1	0.9920177138480226	0.9994736009148247	([135, 133], [135, 118, 86])
0	0.0	1.0	([119], [119, 0])
0	0.0	1.0	([120], [120, 0])
0	0.0	1.0	([121], [121, 0])
0	0.0	1.0	([128], [128, 0])
0	0.0	inf	([190], [])
