0	0.0	0.2109409518744778	([671], [671, 670])
0	0.0	0.22280889310097363	([159], [159, 158])
0	0.0	0.22385508748253038	([565], [565, 564])
0	0.0	0.22507823183040268	([536], [536, 535])
0	0.0	0.22560694648740862	([373], [373, 372])
0	0.0	0.22807388666122858	([458], [458, 457])
0	0.0	0.22818475763182922	([319], [319, 318])
0	0.0	0.22840050940169795	([526], [526, 525])
0	0.0	0.22930653839234627	([665], [665, 664])
0	0.0	0.22968885062647698	([480], [480, 479])
0	0.0	0.22975203805010144	([703], [703, 702])
0	0.0	0.2302692355795942	([106], [106, 105])
0	0.0	0.2303177545113881	([507], [507, 506])
0	0.0	0.2309503284648055	([540], [540, 539])
0	0.0	0.2310089721226788	([498], [498, 497])
0	0.0	0.23107949064027344	([520], [520, 519])
0	0.0	0.23111793697781413	([618], [618, 617])
0	0.0	0.23141842543170563	([331], [331, 330])
0	0.0	0.2315345654544608	([310], [310, 309])
0	0.0	0.23173619570339318	([404], [404, 403])
0	0.0	0.2317527093438	([422], [422, 421])
0	0.0	0.23177052756237151	([708], [708, 707])
0	0.0	0.23182692292665452	([261], [261, 260])
0	0.0	0.2335543558371726	([471], [471, 470])
0	0.0	0.23360162959147598	([397], [397, 396])
0	0.0	0.23402980974908888	([341], [341, 340])
0	0.0	0.23414429804902	([697], [697, 696])
0	0.0	0.23436122834301007	([496], [496, 495])
0	0.0	0.23474485262518396	([667], [667, 666])
0	0.0	0.23495929284887793	([407], [407, 406])
0	0.0	0.23505081725166166	([601], [601, 600])
0	0.0	0.23505635578522627	([478], [478, 477])
0	0.0	0.23507292960468712	([647], [647, 646])
0	0.0	0.23545928521540227	([160], [160, 159])
0	0.0	0.2354982583810696	([705], [705, 704])
0	0.0	0.23580041933008422	([118], [118, 117])
0	0.0	0.23589524667868117	([301], [301, 300])
0	0.0	0.23614339916196952	([437], [437, 436])
0	0.0	0.23631787673621032	([722], [722, 721])
0	0.0	0.23631900016321686	([610], [610, 609])
0	0.0	0.23713823236354403	([411], [411, 410])
0	0.0	0.23716858461224585	([692], [692, 691])
0	0.0	0.23719214097571767	([284], [284, 283])
0	0.0	0.23742580779597813	([340], [340, 339])
0	0.0	0.23771996430670753	([542], [542, 541])
0	0.0	0.2378018690933905	([384], [384, 383])
0	0.0	0.23784229309404903	([720], [720, 719])
0	0.0	0.2378849232157686	([553], [553, 552])
0	0.0	0.23820335945424478	([183], [183, 182])
0	0.0	0.23825641262192657	([632], [632, 631])
0	0.0	0.23830612498056675	([558], [558, 557])
0	0.0	0.23848130286300673	([298], [298, 297])
0	0.0	0.23856343097470803	([256], [256, 255])
0	0.0	0.238720130256473	([693], [693, 692])
0	0.0	0.23872622529476747	([451], [451, 450])
0	0.0	0.23875264982741504	([485], [485, 484])
0	0.0	0.23918346282407077	([614], [614, 613])
0	0.0	0.2393716734899267	([532], [532, 531])
0	0.0	0.23947232906158183	([164], [164, 163])
0	0.0	0.23952016626397338	([440], [440, 439])
0	0.0	0.23953649438836375	([447], [447, 446])
0	0.0	0.23963727000456142	([320], [320, 319])
0	0.0	0.24070140427071834	([8], [8, 7])
0	0.0	0.24077093689678966	([723], [723, 722])
0	0.0	0.24077887493553096	([505], [505, 504])
0	0.0	0.24131874626588767	([396], [396, 395])
0	0.0	0.2414477073959676	([699], [699, 698])
0	0.0	0.24148688216322914	([715], [715, 714])
0	0.0	0.2417385384365654	([548], [548, 547])
0	0.0	0.24175160507636337	([662], [662, 661])
0	0.0	0.24248393791920722	([418], [418, 417])
0	0.0	0.24282172955094078	([717], [717, 716])
0	0.0	0.24287962856692172	([706], [706, 705])
0	0.0	0.24288621138746075	([83], [83, 82])
0	0.0	0.2432295707221645	([586], [586, 585])
0	0.0	0.24343504209278505	([556], [556, 555])
0	0.0	0.24350514633566403	([612], [612, 611])
0	0.0	0.24360358580537592	([492], [492, 491])
0	0.0	0.2436221671085393	([355], [355, 354])
0	0.0	0.24363945950966623	([376], [376, 375])
0	0.0	0.24380556810986906	([569], [569, 568])
0	0.0	0.24381470719176693	([454], [454, 453])
0	0.0	0.24387251455905276	([609], [609, 608])
0	0.0	0.24412520784523495	([389], [389, 388])
0	0.0	0.245023259923864	([721], [721, 720])
0	0.0	0.24528448821712287	([456], [456, 455])
0	0.0	0.24528827320832383	([484], [484, 483])
0	0.0	0.2455067634593085	([390], [390, 389])
0	0.0	0.24551829089634009	([286], [286, 285])
0	0.0	0.24590422486183672	([624], [624, 623])
0	0.0	0.24605429313675037	([380], [380, 379])
0	0.0	0.2460796459380997	([510], [510, 509])
0	0.0	0.2461271437799843	([462], [462, 461])
0	0.0	0.24621573546163653	([165], [165, 164])
0	0.0	0.24623801862865644	([719], [719, 718])
0	0.0	0.24640641097010713	([600], [600, 599])
0	0.0	0.24672736665164866	([546], [546, 545])
0	0.0	0.24684761234596805	([502], [502, 501])
0	0.0	0.24696003521371301	([246], [246, 245])
0	0.0	0.24696837477971534	([588], [588, 587])
0	0.0	0.24713673987770884	([500], [500, 499])
0	0.0	0.24715593545644496	([590], [590, 589])
0	0.0	0.24738411491317455	([686], [686, 685])
0	0.0	0.24751194528801587	([445], [445, 444])
0	0.0	0.24761536179516058	([367], [367, 366])
0	0.0	0.24781466208651523	([297], [297, 296])
0	0.0	0.24805176036742693	([379], [379, 378])
0	0.0	0.24807414188735039	([371], [371, 370])
0	0.0	0.24807929254991834	([595], [595, 594])
0	0.0	0.24814169731476007	([700], [700, 699])
0	0.0	0.24821553231237767	([285], [285, 284])
0	0.0	0.24825737426529065	([561], [561, 560])
0	0.0	0.24838493293904443	([604], [604, 603])
0	0.0	0.24883306763165705	([334], [334, 333])
0	0.0	0.2489408037774508	([393], [393, 392])
0	0.0	0.24895968126872833	([364], [364, 363])
0	0.0	0.2490557057099046	([314], [314, 313])
0	0.0	0.24915317490853398	([461], [461, 460])
0	0.0	0.24934398611632283	([575], [575, 574])
0	0.0	0.24946425531507505	([289], [289, 288])
0	0.0	0.24957035000766012	([436], [436, 435])
0	0.0	0.24968151106513223	([552], [552, 551])
0	0.0	0.24981937275913763	([155], [155, 154])
0	0.0	0.24989327273094686	([321], [321, 320])
0	0.0	0.24990442153985387	([551], [551, 550])
0	0.0	0.25027065399265813	([516], [516, 515])
0	0.0	0.25028462704267396	([525], [525, 524])
0	0.0	0.25032506613489847	([412], [412, 411])
0	0.0	0.25062686550143204	([402], [402, 401])
0	0.0	0.2506693275120139	([563], [563, 562])
0	0.0	0.25078016107680756	([616], [616, 615])
0	0.0	0.25088135763112085	([58], [58, 57])
0	0.0	0.25098973972637606	([349], [349, 348])
0	0.0	0.2510685462516545	([381], [381, 380])
0	0.0	0.2512660017774847	([435], [435, 434])
0	0.0	0.2512700312537236	([329], [329, 328])
0	0.0	0.25138915230678616	([545], [545, 544])
0	0.0	0.25152492882563865	([509], [509, 508])
0	0.0	0.25172851586578804	([652], [652, 651])
0	0.0	0.25179895930621776	([276], [276, 275])
0	0.0	0.25180425212421104	([157], [157, 156])
0	0.0	0.25216512866456503	([20], [20, 19])
0	0.0	0.25221746207097423	([296], [296, 295])
0	0.0	0.25230951479876884	([573], [573, 572])
0	0.0	0.2523783218697269	([185], [185, 184])
0	0.0	0.2525142033897091	([694], [694, 693])
0	0.0	0.2526117041051648	([425], [425, 424])
0	0.0	0.25275142486112645	([112], [112, 111])
0	0.0	0.2528750285139147	([424], [424, 423])
0	0.0	0.25295256356589935	([333], [333, 332])
0	0.0	0.25305320251906943	([254], [254, 253])
0	0.0	0.2531183614077816	([288], [288, 287])
0	0.0	0.25314795274138346	([530], [530, 529])
0	0.0	0.2532018021075448	([716], [716, 715])
0	0.0	0.2532101347350366	([452], [452, 451])
0	0.0	0.2532323062917196	([537], [537, 536])
0	0.0	0.2532755816915722	([549], [549, 548])
0	0.0	0.25331645481269677	([324], [324, 323])
0	0.0	0.25334710515371034	([255], [255, 254])
0	0.0	0.2534310205573342	([313], [313, 312])
0	0.0	0.2534472498959885	([578], [578, 577])
0	0.0	0.25369959096041655	([696], [696, 695])
0	0.0	0.253736575107631	([103], [103, 102])
0	0.0	0.2537983545251573	([420], [420, 419])
0	0.0	0.25392174311229193	([197], [197, 196])
0	0.0	0.2540177893361158	([668], [668, 667])
0	0.0	0.25404499748995785	([443], [443, 442])
0	0.0	0.25425582905676347	([209], [209, 208])
0	0.0	0.25430684523519054	([606], [606, 605])
0	0.0	0.2543107870853199	([724], [724, 723])
0	0.0	0.25455803480030387	([576], [576, 575])
0	0.0	0.2546876136728003	([621], [621, 620])
0	0.0	0.25474505893086397	([531], [531, 530])
0	0.0	0.25485900271213974	([395], [395, 394])
0	0.0	0.25485906276445236	([299], [299, 298])
0	0.0	0.25489378941341545	([463], [463, 462])
0	0.0	0.2553835304496545	([718], [718, 717])
0	0.0	0.25541613727493295	([238], [238, 237])
0	0.0	0.25544861369973954	([633], [633, 632])
0	0.0	0.2556618914889806	([541], [541, 540])
0	0.0	0.25579728748191727	([326], [326, 325])
0	0.0	0.25589840156508664	([580], [580, 579])
0	0.0	0.25594435542297334	([680], [680, 679])
0	0.0	0.25604961313259655	([291], [291, 290])
0	0.0	0.2561870407027585	([673], [673, 672])
0	0.0	0.2563131436619998	([98], [98, 97])
0	0.0	0.2564287672685412	([325], [325, 324])
0	0.0	0.2564995203411163	([657], [657, 656])
0	0.0	0.2565602638545902	([311], [311, 310])
0	0.0	0.25659295403138255	([579], [579, 578])
0	0.0	0.25666486949671086	([295], [295, 294])
0	0.0	0.2570013143030498	([131], [131, 130])
0	0.0	0.25706604865713373	([202], [202, 201])
0	0.0	0.2572460126943592	([399], [399, 398])
0	0.0	0.25730397479274875	([656], [656, 655])
0	0.0	0.25735622243839174	([687], [687, 686])
0	0.0	0.25747290544214285	([483], [483, 482])
0	0.0	0.25754719350356575	([517], [517, 516])
0	0.0	0.2575528334057576	([305], [305, 304])
0	0.0	0.25785222765267285	([650], [650, 649])
0	0.0	0.2579462704726421	([594], [595, 593])
0	0.0	0.25805597496271554	([690], [690, 689])
0	0.0	0.25805803750021195	([709], [709, 708])
0	0.0	0.2582799908573341	([327], [327, 326])
0	0.0	0.2583183746176674	([74], [74, 73])
0	0.0	0.25841991796796104	([591], [591, 590])
0	0.0	0.2584631983942159	([312], [312, 311])
0	0.0	0.25877497975399655	([192], [192, 191])
0	0.0	0.25884427103860924	([181], [181, 180])
0	0.0	0.25889976146304206	([635], [635, 634])
0	0.0	0.2589776667702903	([534], [534, 533])
0	0.0	0.25902875742849296	([383], [383, 382])
0	0.0	0.25914150571047906	([670], [670, 669])
0	0.0	0.2591688589850818	([476], [476, 475])
0	0.0	0.25927109564530976	([363], [363, 362])
0	0.0	0.25953778047333137	([583], [583, 582])
0	0.0	0.2596703150504864	([615], [615, 613])
0	0.0	0.2598127444007473	([182], [182, 181])
0	0.0	0.25986852369379126	([173], [173, 172])
0	0.0	0.25998657971940814	([640], [640, 639])
0	0.0	0.26000706263957046	([362], [362, 361])
0	0.0	0.2601094319734386	([620], [620, 619])
0	0.0	0.2602054106974967	([581], [581, 580])
0	0.0	0.26023540528452116	([679], [679, 678])
0	0.0	0.2603650748804316	([406], [406, 405])
0	0.0	0.26054293693200675	([617], [617, 616])
0	0.0	0.26062930621373437	([683], [683, 682])
0	0.0	0.2606420145482855	([653], [653, 652])
0	0.0	0.26081359075741034	([629], [629, 628])
0	0.0	0.2611502432033757	([188], [188, 186])
0	0.0	0.2612431842988754	([641], [641, 640])
0	0.0	0.2612444649276695	([661], [661, 660])
0	0.0	0.2612802559578696	([704], [704, 703])
0	0.0	0.26145134225828737	([357], [357, 356])
0	0.0	0.2615269042348189	([421], [421, 420])
0	0.0	0.2615550308733165	([111], [111, 110])
0	0.0	0.26190228630114426	([377], [377, 376])
0	0.0	0.26191824505599404	([303], [303, 302])
0	0.0	0.26201591728305657	([444], [444, 443])
0	0.0	0.26210274547320006	([678], [678, 677])
0	0.0	0.2621403900929454	([570], [570, 569])
0	0.0	0.26232091049738143	([585], [585, 584])
0	0.0	0.2623341933061444	([360], [360, 359])
0	0.0	0.26234078496275054	([631], [631, 630])
0	0.0	0.26234587638941215	([465], [465, 464])
0	0.0	0.2624233514325838	([177], [177, 176])
0	0.0	0.2624794845475789	([710], [710, 709])
0	0.0	0.2625081860663216	([247], [247, 246])
0	0.0	0.2625736098047169	([114], [114, 113])
0	0.0	0.2626237368909828	([685], [685, 684])
0	0.0	0.2628343666577236	([562], [562, 561])
0	0.0	0.2628497186947904	([651], [651, 650])
0	0.0	0.2632043632603361	([603], [603, 602])
0	0.0	0.2633608271935917	([211], [211, 210])
0	0.0	0.2633777418170337	([318], [318, 317])
0	0.0	0.26344980412669533	([646], [646, 645])
0	0.0	0.26347284133502497	([352], [352, 351])
0	0.0	0.26366751347770134	([394], [394, 393])
0	0.0	0.2636821754138633	([550], [550, 549])
0	0.0	0.26384920357901304	([166], [166, 165])
0	0.0	0.2638516641008069	([426], [426, 425])
0	0.0	0.2639200609209947	([543], [543, 542])
0	0.0	0.26410616401163356	([648], [648, 647])
0	0.0	0.2641602622205483	([386], [386, 385])
0	0.0	0.26428893010317833	([577], [577, 576])
0	0.0	0.2643796741505925	([419], [419, 418])
0	0.0	0.2645178265210387	([174], [174, 173])
0	0.0	0.2645942060227154	([538], [538, 537])
0	0.0	0.2646304324660979	([196], [196, 195])
0	0.0	0.2647004003229075	([125], [125, 124])
0	0.0	0.2647086201498647	([242], [242, 241])
0	0.0	0.26476158621742174	([645], [645, 644])
0	0.0	0.264834772795157	([374], [374, 373])
0	0.0	0.2648875112773234	([116], [116, 115])
0	0.0	0.2652468534047514	([607], [607, 606])
0	0.0	0.2654810393896357	([701], [701, 700])
0	0.0	0.26563332571653414	([557], [557, 556])
0	0.0	0.26564855330692244	([479], [479, 478])
0	0.0	0.26573037547845624	([147], [147, 146])
0	0.0	0.2657682647618837	([675], [675, 674])
0	0.0	0.2660008072914675	([477], [477, 476])
0	0.0	0.2661985493750178	([210], [210, 209])
0	0.0	0.2663011170080503	([417], [417, 416])
0	0.0	0.2665826553227184	([172], [172, 171])
0	0.0	0.26661699683218065	([290], [290, 289])
0	0.0	0.26670889278854176	([304], [304, 303])
0	0.0	0.26677862739445585	([521], [521, 520])
0	0.0	0.2668558143495979	([676], [676, 675])
0	0.0	0.2670170508425698	([674], [674, 673])
0	0.0	0.26706456448740384	([506], [506, 505])
0	0.0	0.26720999727279815	([560], [560, 559])
0	0.0	0.2674494564405657	([335], [335, 334])
0	0.0	0.26750201286415554	([566], [566, 565])
0	0.0	0.2675154261277668	([356], [356, 355])
0	0.0	0.26763049619336765	([555], [555, 554])
0	0.0	0.26781953283651366	([636], [636, 635])
0	0.0	0.2679206919146509	([306], [306, 305])
0	0.0	0.2679634895477496	([473], [473, 472])
0	0.0	0.26797167589418647	([707], [707, 706])
0	0.0	0.268018700909924	([323], [323, 322])
0	0.0	0.2680707728577742	([503], [503, 502])
0	0.0	0.26816672715990575	([257], [257, 256])
0	0.0	0.26869520647737605	([672], [672, 671])
0	0.0	0.2686964465376207	([515], [515, 514])
0	0.0	0.26877594395785037	([630], [630, 629])
0	0.0	0.26927360554380686	([434], [434, 433])
0	0.0	0.26959489789628677	([154], [154, 153])
0	0.0	0.26985725177058456	([535], [535, 534])
0	0.0	0.2698997106315404	([175], [175, 174])
0	0.0	0.2700950214721026	([438], [438, 437])
0	0.0	0.2701011045676157	([439], [439, 438])
0	0.0	0.2702776612242923	([186], [186, 185])
0	0.0	0.2702861629453406	([493], [493, 492])
0	0.0	0.27029083414793625	([508], [508, 507])
0	0.0	0.27029358785337065	([351], [351, 350])
0	0.0	0.2704486989031849	([628], [628, 627])
0	0.0	0.27046029801999916	([593], [593, 592])
0	0.0	0.2705825210422921	([441], [441, 440])
0	0.0	0.2706396438791884	([368], [368, 367])
0	0.0	0.27065705563910003	([518], [518, 517])
0	0.0	0.27068366544655675	([274], [274, 273])
0	0.0	0.2707580572526585	([627], [627, 626])
0	0.0	0.2707760546164507	([602], [602, 601])
0	0.0	0.2708181526487497	([669], [669, 668])
0	0.0	0.2708236098124915	([568], [568, 567])
0	0.0	0.2710752211841382	([547], [547, 546])
0	0.0	0.2712067356605906	([514], [514, 513])
0	0.0	0.2714114812071756	([343], [343, 342])
0	0.0	0.2715509283663697	([191], [191, 190])
0	0.0	0.271552321690343	([195], [195, 194])
0	0.0	0.2715740059994661	([142], [142, 141])
0	0.0	0.2715840631507365	([482], [482, 481])
0	0.0	0.2716027807253988	([293], [293, 292])
0	0.0	0.2716475445281882	([123], [123, 122])
0	0.0	0.27189242709999617	([644], [644, 643])
0	0.0	0.2719823042272926	([158], [158, 157])
0	0.0	0.27201018918406655	([342], [342, 341])
0	0.0	0.2720762541168759	([491], [491, 490])
0	0.0	0.2721586459414314	([124], [124, 123])
0	0.0	0.2723894211312044	([130], [130, 127])
0	0.0	0.2726401427691415	([611], [611, 610])
0	0.0	0.2726697693574875	([369], [369, 368])
0	0.0	0.2727195462384559	([519], [520, 518])
0	0.0	0.27285192271292497	([68], [68, 67])
0	0.0	0.27303572136322324	([409], [409, 408])
0	0.0	0.27311998179258956	([237], [238, 236])
0	0.0	0.27333962074846235	([446], [446, 445])
0	0.0	0.2734801089334504	([385], [385, 384])
0	0.0	0.2737164212015822	([387], [387, 386])
0	0.0	0.2739120263588203	([117], [117, 116])
0	0.0	0.274134809902384	([99], [99, 98])
0	0.0	0.27426612401019884	([162], [162, 161])
0	0.0	0.2744831860873374	([626], [626, 625])
0	0.0	0.2745528590220303	([260], [260, 259])
0	0.0	0.27455962056181754	([413], [413, 412])
0	0.0	0.2746475248952373	([638], [638, 637])
0	0.0	0.2747131654865	([499], [499, 498])
0	0.0	0.27474892298508097	([330], [330, 329])
0	0.0	0.27498642902634934	([375], [375, 374])
0	0.0	0.2751091887342587	([259], [259, 258])
0	0.0	0.2756366959930641	([684], [684, 683])
0	0.0	0.2757549583363025	([467], [467, 466])
0	0.0	0.27580602346239774	([468], [468, 467])
0	0.0	0.27621162608371	([161], [161, 160])
0	0.0	0.27630101303319493	([459], [459, 458])
0	0.0	0.2764464771560669	([655], [655, 654])
1	0.2706528117822984	0.2764874989001335	([321, 317], [321, 320, 318])
0	0.0	0.2764996092258311	([204], [204, 201])
0	0.0	0.2765103685694225	([104], [104, 103])
0	0.0	0.2765559448922441	([354], [354, 353])
0	0.0	0.2770471979956647	([449], [449, 448])
0	0.0	0.27708254106498	([448], [448, 447])
0	0.0	0.27713891266663665	([258], [258, 257])
0	0.0	0.27752543322838114	([126], [126, 125])
0	0.0	0.2776039066190376	([388], [388, 387])
0	0.0	0.27763998827996456	([275], [275, 274])
0	0.0	0.27765206263924735	([100], [100, 99])
0	0.0	0.27780448278668474	([127], [127, 126])
0	0.0	0.27798416993098085	([574], [574, 573])
0	0.0	0.27804493630455246	([115], [115, 114])
0	0.0	0.27832545038265866	([410], [410, 409])
0	0.0	0.2783408974338668	([619], [619, 618])
0	0.0	0.27883280741893257	([589], [589, 588])
0	0.0	0.27883606973550795	([637], [637, 636])
0	0.0	0.27900117201230495	([65], [65, 64])
0	0.0	0.27904070279802534	([169], [169, 168])
0	0.0	0.2790412128944963	([152], [152, 151])
0	0.0	0.27910343979492397	([358], [358, 357])
0	0.0	0.27952054830010975	([213], [213, 212])
0	0.0	0.2796733363957127	([497], [497, 496])
0	0.0	0.27979139248239965	([442], [442, 441])
0	0.0	0.2801200657628768	([265], [265, 264])
0	0.0	0.2801955473746899	([433], [433, 432])
0	0.0	0.2803644983662564	([105], [105, 104])
0	0.0	0.2804127355703917	([241], [241, 240])
0	0.0	0.2804596459194864	([623], [623, 622])
0	0.0	0.28054249044736806	([582], [582, 581])
0	0.0	0.2806142713988179	([698], [698, 697])
0	0.0	0.2806389429772001	([391], [391, 390])
0	0.0	0.28074777863108774	([504], [504, 503])
0	0.0	0.2807517318324839	([262], [262, 261])
0	0.0	0.28149970935318586	([300], [300, 299])
0	0.0	0.2816758120951672	([533], [533, 532])
0	0.0	0.2817011999489045	([466], [466, 465])
0	0.0	0.28173160473906667	([691], [691, 690])
0	0.0	0.281854303463217	([55], [55, 54])
0	0.0	0.28202614176434043	([605], [605, 604])
0	0.0	0.2822466159495793	([660], [660, 659])
0	0.0	0.28225165318388173	([110], [110, 109])
0	0.0	0.2823934850023567	([178], [178, 177])
0	0.0	0.2828141017215043	([625], [625, 624])
0	0.0	0.2828862697547517	([682], [682, 681])
0	0.0	0.28291763033470396	([695], [695, 694])
0	0.0	0.28322841658673864	([150], [150, 149])
0	0.0	0.2835553110825807	([528], [528, 526])
0	0.0	0.283823111964377	([176], [176, 175])
0	0.0	0.2842196244733215	([309], [309, 308])
0	0.0	0.2844319955563338	([677], [677, 676])
0	0.0	0.28505537143664544	([279], [279, 278])
0	0.0	0.2852207045612517	([317], [317, 316])
0	0.0	0.2852636650782409	([315], [315, 314])
0	0.0	0.28527776378368924	([453], [453, 452])
0	0.0	0.28540382411005033	([93], [93, 92])
0	0.0	0.28546500596789404	([457], [457, 456])
0	0.0	0.28549899042475424	([584], [584, 583])
0	0.0	0.28587212284992425	([639], [639, 638])
0	0.0	0.28590053052265824	([472], [472, 471])
0	0.0	0.28639330627867043	([370], [370, 369])
0	0.0	0.2864548878979974	([128], [128, 127])
0	0.0	0.28655997208680434	([567], [567, 566])
0	0.0	0.2868127789517295	([167], [167, 166])
0	0.0	0.28682798526641384	([56], [56, 55])
0	0.0	0.2868676862226562	([712], [712, 710])
0	0.0	0.28686961233427744	([316], [316, 315])
0	0.0	0.28712937352635	([592], [592, 591])
0	0.0	0.28717727731170906	([119], [119, 118])
0	0.0	0.28726601046599703	([243], [243, 242])
0	0.0	0.28731786045230345	([622], [622, 621])
0	0.0	0.2877634378349331	([57], [57, 56])
0	0.0	0.28787069071436777	([408], [408, 407])
0	0.0	0.2878824343091677	([151], [151, 150])
0	0.0	0.288125135906386	([659], [659, 654])
0	0.0	0.2882561374680939	([392], [392, 391])
0	0.0	0.2886260663426095	([149], [149, 148])
0	0.0	0.2886636209856408	([544], [544, 543])
0	0.0	0.28894729218417015	([559], [559, 558])
0	0.0	0.28906885184988035	([294], [294, 293])
0	0.0	0.28914442427063874	([681], [681, 680])
0	0.0	0.289360947339301	([460], [460, 459])
0	0.0	0.28936252536405566	([244], [244, 242])
0	0.0	0.2894599738263567	([572], [572, 571])
0	0.0	0.28954794993702976	([133], [133, 132])
0	0.0	0.2898760874696847	([132], [132, 131])
0	0.0	0.2901914960288413	([571], [571, 570])
0	0.0	0.2907920571149126	([199], [199, 197])
0	0.0	0.2909474188795683	([137], [137, 136])
0	0.0	0.2910973819858704	([239], [239, 238])
0	0.0	0.2911535415652657	([455], [455, 454])
0	0.0	0.2912166641110611	([148], [148, 147])
0	0.0	0.2914423840252713	([102], [102, 101])
0	0.0	0.2915853193675207	([654], [654, 653])
0	0.0	0.29226919086537223	([382], [382, 381])
0	0.0	0.2926008034805658	([725], [725, 724])
0	0.0	0.29302863364183135	([82], [82, 80])
0	0.0	0.2931115312964255	([464], [464, 463])
0	0.0	0.29336473282903436	([666], [666, 664])
1	0.2852946289052918	0.2934996221858966	([291, 287], [291, 289, 288])
0	0.0	0.29366928653553337	([97], [97, 96])
0	0.0	0.29412154206899754	([332], [332, 331])
0	0.0	0.2946078480391941	([193], [193, 192])
0	0.0	0.29479293258016737	([554], [554, 553])
0	0.0	0.2952538402288025	([501], [501, 500])
0	0.0	0.2953239738649576	([287], [287, 286])
0	0.0	0.2954890984260962	([208], [208, 207])
0	0.0	0.2957247390068358	([365], [365, 364])
0	0.0	0.2958712398489081	([490], [490, 488])
0	0.0	0.2958978765977467	([378], [378, 377])
0	0.0	0.2961211883829354	([72], [72, 71])
0	0.0	0.29625523679900323	([269], [269, 267])
0	0.0	0.29645108567122924	([524], [524, 523])
0	0.0	0.2966198975913809	([33], [33, 32])
0	0.0	0.2966457817211923	([168], [168, 167])
0	0.0	0.29666516098122325	([129], [129, 128])
0	0.0	0.2973669347416468	([73], [74, 72])
0	0.0	0.29765600834755146	([322], [322, 321])
0	0.0	0.2979420834407046	([361], [361, 360])
0	0.0	0.29815528168178673	([372], [372, 371])
0	0.0	0.29858411963168824	([564], [564, 563])
0	0.0	0.29963112161873523	([145], [145, 143])
0	0.0	0.2998683959359236	([28], [28, 27])
0	0.0	0.3000344477525323	([212], [212, 211])
0	0.0	0.30006558962189467	([366], [366, 365])
0	0.0	0.3001416613027851	([71], [71, 70])
0	0.0	0.30022160980964985	([523], [523, 522])
0	0.0	0.3003915370134966	([539], [539, 538])
0	0.0	0.30059035238298315	([403], [403, 402])
0	0.0	0.3011364070849396	([302], [302, 301])
0	0.0	0.3019099881517714	([51], [51, 50])
0	0.0	0.30266720913946127	([190], [190, 189])
0	0.0	0.3028685298092979	([353], [353, 352])
0	0.0	0.30302356420051585	([163], [163, 162])
0	0.0	0.3032344206134565	([113], [113, 112])
0	0.0	0.3036302052427553	([702], [702, 701])
0	0.0	0.303777229263741	([136], [136, 133])
0	0.0	0.30417345258083034	([120], [120, 119])
0	0.0	0.3042046944538296	([171], [171, 169])
0	0.0	0.3043768633374919	([292], [292, 291])
0	0.0	0.3048297442918161	([4], [4, 2])
0	0.0	0.30494917665219207	([488], [488, 487])
1	0.29850563315963174	0.30498267562119374	([538, 534], [538, 537, 534])
0	0.0	0.3050635248317236	([2], [4, 3])
0	0.0	0.30513752269126676	([711], [711, 710])
0	0.0	0.3052096222915072	([405], [405, 404])
0	0.0	0.30588846536540754	([475], [475, 474])
1	0.29554506930853425	0.3059756141321968	([543, 539], [543, 541, 540])
0	0.0	0.30613188371327177	([240], [240, 239])
0	0.0	0.3065607259672823	([92], [93, 90])
0	0.0	0.3071860169404101	([613], [613, 612])
0	0.0	0.30756110278513554	([513], [513, 511])
0	0.0	0.3077162778985854	([658], [658, 657])
0	0.0	0.3079341875224098	([17], [17, 16])
0	0.0	0.30822019011016005	([481], [481, 480])
0	0.0	0.3091165516292989	([153], [153, 152])
0	0.0	0.309202661434887	([522], [522, 521])
0	0.0	0.30923728938347295	([156], [156, 155])
0	0.0	0.3100054294252293	([101], [101, 100])
0	0.0	0.31011542656263386	([78], [78, 76])
0	0.0	0.3107894040613716	([511], [511, 510])
0	0.0	0.3113496608251389	([429], [429, 426])
0	0.0	0.3113703882265229	([19], [19, 18])
0	0.0	0.31145538306932685	([16], [16, 15])
0	0.0	0.3119330158369527	([18], [18, 17])
0	0.0	0.3121225811893889	([487], [487, 485])
0	0.0	0.31212603353322327	([80], [80, 78])
0	0.0	0.3122647156774854	([474], [474, 473])
0	0.0	0.3126367740943226	([76], [82, 81])
0	0.0	0.31344601235586916	([66], [66, 65])
1	0.31062882986043633	0.3139537892485548	([314, 310], [314, 312, 310])
0	0.0	0.31405382451947117	([13], [13, 12])
0	0.0	0.31414815083789044	([122], [136, 135])
0	0.0	0.31427079846899336	([180], [180, 179])
0	0.0	0.31438792950600114	([52], [52, 50])
0	0.0	0.3151864270411208	([337], [337, 336])
0	0.0	0.31528265989048393	([529], [529, 528])
1	0.3141542518010862	0.31531975939901685	([570, 567], [570, 569, 568])
0	0.0	0.3156363869610147	([107], [107, 106])
0	0.0	0.3156936286715932	([29], [29, 28])
0	0.0	0.3158577793040079	([70], [70, 69])
0	0.0	0.3162868424617286	([328], [328, 327])
0	0.0	0.3164794063764232	([89], [89, 88])
0	0.0	0.3165344215532138	([347], [347, 346])
0	0.0	0.3167374906492075	([90], [92, 91])
0	0.0	0.3169442417412448	([267], [267, 265])
0	0.0	0.3172308482763648	([283], [283, 282])
0	0.0	0.3176461759452927	([135], [135, 134])
0	0.0	0.31822963610236626	([597], [597, 595])
0	0.0	0.3184277944503734	([24], [24, 23])
0	0.0	0.31873743613076005	([587], [587, 586])
0	0.0	0.3189305457261391	([282], [282, 281])
0	0.0	0.3190812691287956	([416], [416, 413])
0	0.0	0.3191594815433371	([170], [170, 169])
0	0.0	0.31930991829723676	([450], [452, 449])
0	0.0	0.31934870177354013	([512], [512, 511])
0	0.0	0.3198292315746958	([398], [398, 397])
0	0.0	0.3201791016362402	([649], [649, 648])
0	0.0	0.32028634518083166	([608], [608, 607])
0	0.0	0.3207701755421318	([470], [487, 486])
0	0.0	0.32145970573229066	([598], [598, 597])
0	0.0	0.3215305083987035	([423], [429, 427])
0	0.0	0.3217125246932993	([184], [188, 187])
0	0.0	0.3220660444465017	([350], [350, 349])
0	0.0	0.3220709815438745	([336], [336, 335])
0	0.0	0.3224252197196375	([85], [85, 83])
0	0.0	0.3229376294347908	([278], [278, 277])
0	0.0	0.3230217668412165	([54], [54, 52])
0	0.0	0.3233354693572264	([189], [189, 188])
0	0.0	0.32392255669824976	([22], [22, 21])
0	0.0	0.3245520959981111	([495], [495, 493])
0	0.0	0.32459919186164293	([277], [277, 276])
0	0.0	0.32506073842431016	([430], [430, 429])
0	0.0	0.3251021224260799	([134], [122, 121])
0	0.0	0.3256520985992503	([414], [414, 413])
0	0.0	0.32571089396644953	([266], [266, 265])
0	0.0	0.32650185668183135	([359], [359, 358])
0	0.0	0.3269005781775839	([15], [15, 14])
0	0.0	0.3274988834862557	([643], [643, 641])
0	0.0	0.32760445351127976	([69], [71, 68])
0	0.0	0.32765707156017604	([96], [96, 94])
1	0.3202343511183003	0.3279346750113254	([592, 587], [592, 591, 588])
0	0.0	0.3280912291400956	([308], [308, 306])
0	0.0	0.3284791061979656	([401], [401, 400])
0	0.0	0.3287073478859322	([494], [494, 493])
0	0.0	0.32888682358058735	([87], [87, 86])
0	0.0	0.3293960828289809	([25], [25, 24])
0	0.0	0.32964237532203927	([64], [65, 63])
0	0.0	0.32991215292078235	([264], [264, 262])
0	0.0	0.3304076956115927	([714], [714, 713])
0	0.0	0.33085869420428593	([81], [76, 75])
0	0.0	0.33086010601292576	([642], [642, 641])
0	0.0	0.33110308037229347	([400], [401, 398])
0	0.0	0.33116304300601085	([59], [59, 58])
0	0.0	0.3317888797971453	([75], [85, 84])
0	0.0	0.33179112645726033	([253], [264, 263])
0	0.0	0.3320052590224413	([250], [250, 249])
0	0.0	0.33255819570488765	([67], [67, 64])
0	0.0	0.33262367378146607	([245], [245, 244])
0	0.0	0.3329326397527842	([486], [528, 527])
0	0.0	0.3333275433390626	([469], [469, 468])
0	0.0	0.3337770260899959	([141], [141, 140])
0	0.0	0.33378634213954195	([146], [146, 145])
0	0.0	0.33442052520688265	([138], [138, 137])
0	0.0	0.33522879534528793	([139], [139, 138])
0	0.0	0.33639541856449734	([179], [179, 178])
0	0.0	0.33644373358145147	([143], [145, 144])
0	0.0	0.33649256670229827	([273], [273, 272])
0	0.0	0.33780859581716555	([5], [5, 4])
1	0.3306869432206351	0.33805978401245806	([612, 606], [612, 610, 608])
0	0.0	0.33816864352097153	([688], [688, 687])
0	0.0	0.3383420086712067	([23], [23, 22])
0	0.0	0.33906114455483927	([91], [90, 89])
0	0.0	0.3393628252780862	([432], [432, 431])
0	0.0	0.3396792375294086	([44], [44, 43])
0	0.0	0.3405159612247043	([207], [207, 205])
0	0.0	0.34111862790855585	([339], [339, 337])
0	0.0	0.34135320925587737	([689], [689, 687])
0	0.0	0.3417744604673132	([27], [28, 26])
0	0.0	0.3418178958763229	([30], [30, 26])
0	0.0	0.34223425109054145	([280], [280, 278])
0	0.0	0.34278409469490795	([84], [76, 74])
0	0.0	0.3435550877646978	([95], [95, 94])
0	0.0	0.34437368402477103	([200], [200, 199])
0	0.0	0.3448475179405643	([201], [204, 203])
0	0.0	0.3457563647716082	([187], [184, 183])
0	0.0	0.3458846442009463	([49], [49, 48])
0	0.0	0.34590617111655353	([251], [251, 250])
0	0.0	0.34605347382664225	([205], [205, 204])
1	0.34272532383475823	0.34620050984122724	([68, 66], [68, 67, 66])
1	0.3442934186044728	0.34650846182068695	([315, 308], [315, 314, 308])
0	0.0	0.346630214135476	([48], [48, 47])
0	0.0	0.3466453425516759	([348], [416, 415])
0	0.0	0.3467248398600485	([88], [88, 87])
0	0.0	0.34682552999785515	([121], [121, 119])
0	0.0	0.3468590810780791	([428], [428, 427])
0	0.0	0.347204869601126	([346], [347, 345])
0	0.0	0.347866441514473	([45], [45, 44])
0	0.0	0.34836607033974776	([21], [21, 20])
0	0.0	0.3485521976882363	([7], [8, 6])
0	0.0	0.3487948576855077	([26], [26, 25])
0	0.0	0.34885085852878606	([6], [8, 5])
0	0.0	0.3500017345645801	([270], [270, 269])
0	0.0	0.3510390666096486	([43], [43, 41])
0	0.0	0.35130221332552103	([427], [423, 422])
0	0.0	0.35139586315351895	([144], [143, 142])
0	0.0	0.35190568450776005	([599], [599, 597])
0	0.0	0.35200715222054463	([431], [431, 430])
0	0.0	0.352130717808775	([268], [268, 267])
0	0.0	0.352753172700363	([203], [201, 199])
0	0.0	0.35299398004564786	([47], [47, 46])
0	0.0	0.3530100284849371	([527], [471, 468])
0	0.0	0.35332292374959656	([94], [94, 93])
0	0.0	0.3536332282414375	([281], [281, 280])
0	0.0	0.3538119661398764	([249], [249, 247])
0	0.0	0.353847359461917	([60], [60, 59])
0	0.0	0.3544433075707447	([634], [634, 633])
0	0.0	0.35476849063450727	([713], [713, 712])
0	0.0	0.3554828200503388	([53], [53, 52])
0	0.0	0.355517877026394	([10], [10, 8])
0	0.0	0.35571979268560444	([109], [109, 107])
0	0.0	0.3585908253205057	([194], [194, 193])
0	0.0	0.35869808560546956	([140], [141, 139])
1	0.3572224598753254	0.3588650453964075	([465, 459], [465, 464, 459])
0	0.0	0.3588702793454374	([272], [272, 271])
0	0.0	0.3592012632284447	([41], [43, 42])
1	0.35902992334443157	0.3593333904022935	([415, 414], [416, 415, 414])
0	0.0	0.3594652136455694	([198], [198, 197])
0	0.0	0.36013850994304086	([345], [345, 343])
0	0.0	0.3601485039850356	([415], [490, 489])
0	0.0	0.36128105403539723	([86], [109, 108])
0	0.0	0.36133514756690693	([46], [48, 45])
0	0.0	0.36165590342887416	([14], [14, 13])
0	0.0	0.361787089821171	([344], [344, 343])
0	0.0	0.3673004743315828	([3], [4, 1])
0	0.0	0.36751685222155966	([63], [78, 77])
0	0.0	0.3686627803747184	([263], [257, 250])
0	0.0	0.36969365431952045	([489], [348, 347])
0	0.0	0.3699686604357884	([11], [11, 10])
0	0.0	0.3742567006344735	([50], [50, 49])
0	0.0	0.3784020209042009	([271], [272, 269])
0	0.0	0.378653640807897	([9], [9, 8])
0	0.0	0.38036843568713574	([35], [35, 34])
0	0.0	0.3825884003163766	([32], [32, 31])
0	0.0	0.3830331872573233	([664], [664, 662])
1	0.37558465694601184	0.3864721874579535	([716, 712], [716, 715, 712])
0	0.0	0.38654095575510145	([108], [86, 85])
0	0.0	0.3877438963869047	([214], [214, 213])
0	0.0	0.3914895466278501	([248], [248, 247])
0	0.0	0.39232231132134926	([338], [338, 337])
1	0.3855701186635595	0.39523709216512054	([673, 668], [673, 672, 668])
0	0.0	0.39565326532661843	([12], [12, 11])
0	0.0	0.39916068148420597	([663], [663, 662])
0	0.0	0.40212126480169214	([223], [223, 216])
0	0.0	0.40249808543270577	([216], [223, 218])
0	0.0	0.4036471259368776	([77], [80, 79])
0	0.0	0.4042138062666136	([206], [206, 205])
0	0.0	0.40434322986971194	([31], [31, 24])
0	0.0	0.40836607935393276	([226], [226, 219])
0	0.0	0.41483211332184244	([596], [596, 595])
0	0.0	0.41698191083903563	([230], [230, 229])
0	0.0	0.42166765540389495	([219], [226, 215])
0	0.0	0.4217257745689122	([236], [253, 252])
0	0.0	0.42360348648923973	([37], [37, 36])
0	0.0	0.42547006630920914	([234], [234, 233])
0	0.0	0.42794050241613685	([34], [34, 33])
0	0.0	0.4284516203135558	([252], [236, 234])
0	0.0	0.43004303775643005	([307], [307, 228])
0	0.0	0.4305753813575835	([235], [235, 233])
0	0.0	0.4309845945752166	([39], [39, 36])
0	0.0	0.4315908414558212	([62], [62, 40])
0	0.0	0.43539109161676587	([233], [233, 232])
0	0.0	0.4354482393565693	([232], [233, 229])
0	0.0	0.4376491363123953	([36], [36, 35])
0	0.0	0.4395426146005296	([225], [225, 217])
0	0.0	0.4404916216773094	([40], [62, 38])
0	0.0	0.44196955288424716	([231], [231, 225])
1	0.44103729874097775	0.44309370535593984	([236, 235], [236, 235, 234])
0	0.0	0.4432446955251048	([42], [44, 38])
0	0.0	0.4459111861204043	([215], [226, 218])
0	0.0	0.44973432723327017	([229], [233, 231])
0	0.0	0.4510350342706476	([222], [222, 215])
0	0.0	0.45709089959378724	([220], [220, 219])
0	0.0	0.4586189363814265	([217], [231, 224])
0	0.0	0.4596599108494576	([228], [307, 306])
0	0.0	0.4604169328054332	([224], [230, 227])
0	0.0	0.46067323321417836	([227], [307, 220])
0	0.0	0.46100842349071824	([218], [596, 0])
0	0.0	0.4627425659212254	([79], [63, 39])
1	0.45101069600486965	0.46339735105150426	([697, 670], [697, 695, 671])
0	0.0	0.46805306742010283	([0], [220, 206])
0	0.0	0.4803746527822855	([61], [61, 35])
0	0.0	0.4810435543607848	([38], [41, 39])
1	0.48146102408216035	0.49315168549483984	([217, 216], [223, 218, 216])
1	0.4638941383751024	0.49315168549483984	([224, 218], [224, 218, 216])
0	0.0	0.49741177785146645	([1], [232, 221])
1	0.500851602524852	0.5102048393040568	([709, 699], [709, 705, 699])
1	0.42864144692445794	0.5106742833201088	([695, 671], [695, 690, 672])
1	0.5118894722389064	0.5155566233458563	([219, 217], [226, 219, 218])
1	0.49773138663924776	0.5166764037745232	([217, 215], [222, 216, 215])
1	0.47917816781843625	0.5206877572184445	([222, 216], [226, 218, 215])
1	0.5187521571070175	0.5246591525444728	([725, 715], [725, 719, 718])
1	0.5144053848441956	0.5280750978011347	([235, 217], [233, 229, 217])
1	0.5148977325820068	0.5302351530678439	([708, 700], [708, 705, 704])
1	0.46391013881639387	0.5307781465817552	([222, 219], [222, 219, 216])
1	0.5310074837944347	0.5478226491442922	([61, 9], [61, 9, 1])
1	0.46297784734408765	0.5556248571385266	([714, 697], [714, 709, 698])
1	0.5551397907874355	0.5565358151422556	([61, 59], [61, 59, 53])
1	0.5504596253394386	0.5573611762107049	([86, 39], [86, 84, 65])
1	0.5470680960136567	0.5582050376919526	([53, 35], [58, 53, 34])
1	0.5338749091910825	0.5584247550593817	([63, 62], [64, 62, 42])
1	0.4918679972386324	0.5630636436515809	([224, 214], [224, 216, 214])
1	0.5435974623217501	0.569159614841253	([62, 34], [63, 62, 36])
1	0.529203203734948	0.5714649162756533	([84, 65], [84, 74, 67])
1	0.5396672942404064	0.5737298669437321	([41, 40], [62, 41, 40])
1	0.5031124084325703	0.5742058337447998	([60, 35], [53, 44, 39])
1	0.48130694180123024	0.5758232340176191	([218, 217], [232, 222, 215])
1	0.5061818968874431	0.5796450261881327	([64, 60], [64, 63, 60])
1	0.5374880753007395	0.5884819825828662	([37, 9], [37, 25, 14])
1	0.5748380603364444	0.5898921259838441	([33, 8], [33, 15, 8])
1	0.5850674624041353	0.5911215406548203	([238, 213], [239, 238, 213])
1	0.572694662788553	0.594786102037209	([428, 408], [428, 423, 421])
1	0.5664077016558328	0.5952935420331078	([700, 662], [700, 694, 662])
1	0.595692663953041	0.5995087441125525	([429, 406], [429, 422, 406])
1	0.6001147684435825	0.6032949365262138	([144, 39], [144, 137, 39])
1	0.47598419225321564	0.6053671137955892	([232, 222], [235, 224, 214])
1	0.5292472175168715	0.6053671137955892	([239, 214], [239, 235, 214])
1	0.5923715864295332	0.6078521827349471	([136, 113], [136, 123, 118])
1	0.5307018829132721	0.6085469712553333	([61, 1], [61, 29, 13])
1	0.4977997491554007	0.6105500283861409	([234, 226], [234, 226, 218])
1	0.6008526561711588	0.610917327274021	([616, 589], [616, 603, 599])
1	0.5412694269385956	0.6180929918240701	([39, 1], [39, 33, 10])
1	0.593648967512484	0.6183754427816587	([702, 666], [702, 690, 669])
1	0.6086506963721184	0.6189288665834168	([123, 102], [123, 115, 102])
1	0.6103193852299899	0.6199540578883299	([36, 7], [36, 33, 10])
1	0.5785364698944884	0.6199540578883299	([60, 11], [60, 36, 10])
1	0.5691738696886135	0.6199540578883299	([62, 9], [62, 36, 10])
1	0.6089167158975898	0.6215399784060314	([57, 9], [57, 36, 10])
1	0.5887853371010543	0.6221296115849901	([69, 61], [86, 66, 61])
1	0.5604681598272546	0.6231074073493595	([84, 40], [95, 86, 84])
1	0.619902235029587	0.6287845884861739	([518, 498], [518, 517, 498])
1	0.6232607209379674	0.6304003614877463	([189, 39], [205, 191, 189])
1	0.6294960353237867	0.631622778624927	([191, 147], [191, 188, 147])
1	0.6209666794734127	0.63558936039951	([50, 8], [53, 50, 8])
1	0.4936082179125648	0.6360765868549605	([42, 37], [43, 39, 36])
1	0.6030766972606834	0.6373052933922273	([399, 369], [399, 383, 367])
1	0.6023907187538157	0.637603331108525	([494, 61], [494, 486, 481])
1	0.6349603315897517	0.6390171025185444	([58, 4], [58, 34, 33])
1	0.6269733355749201	0.6392491837067341	([502, 472], [502, 491, 472])
1	0.6379528102296957	0.6415783028992287	([198, 171], [198, 190, 179])
1	0.593046416315042	0.6416270989636506	([519, 497], [519, 517, 497])
1	0.6039270996192314	0.6429737596125382	([107, 38], [107, 97, 94])
1	0.595345468955647	0.6484633436120819	([75, 37], [89, 75, 64])
1	0.6466132382239341	0.6495502351371728	([93, 47], [93, 65, 62])
1	0.6135751578044933	0.6495502351371728	([93, 62], [93, 77, 65])
1	0.6009960481305974	0.6497635042189346	([205, 39], [189, 148, 39])
1	0.6460220985540577	0.6506154418236451	([286, 255], [286, 273, 265])
1	0.6142063879318094	0.6517026381162724	([725, 679], [725, 707, 698])
1	0.5523793112161759	0.6519316731096431	([40, 31], [62, 40, 21])
1	0.6421302692735561	0.6522239512071237	([108, 60], [108, 99, 60])
1	0.6516872714023071	0.6543393854240055	([193, 149], [193, 184, 167])
1	0.5240759196201431	0.6545311485184229	([95, 38], [94, 64, 62])
1	0.6474658513618371	0.6555532881527923	([97, 52], [98, 97, 44])
1	0.6526194395689345	0.6569192758759842	([92, 41], [92, 69, 65])
1	0.6533826789916353	0.6572003926314077	([283, 253], [285, 283, 253])
1	0.6469710139205431	0.6593728106435807	([67, 22], [67, 60, 22])
1	0.6435925570241108	0.6593786868107556	([460, 428], [474, 460, 428])
1	0.6545838949999656	0.6598404553705333	([107, 42], [107, 49, 42])
1	0.6590216744393653	0.6605006530805608	([201, 172], [201, 192, 183])
1	0.6268045701406392	0.6606427032948993	([474, 432], [474, 453, 432])
1	0.5430991657943933	0.6615891189324636	([38, 11], [41, 38, 11])
1	0.6410349877181949	0.6642313566733771	([98, 51], [98, 91, 60])
1	0.6491946419278581	0.664379121449088	([95, 58], [95, 65, 64])
1	0.6645948568881748	0.6646613133563585	([324, 287], [324, 315, 287])
1	0.658714232517829	0.6651397937502161	([103, 7], [111, 103, 1])
1	0.6422617115041869	0.6652924706922821	([65, 15], [65, 62, 15])
1	0.6598497317123466	0.6658473667274382	([131, 89], [131, 111, 110])
1	0.5808798806812863	0.6661489533222691	([86, 61], [69, 63, 60])
1	0.645542986236885	0.6670444392599801	([192, 142], [192, 162, 151])
1	0.6579696449883687	0.6687566099771691	([676, 642], [676, 664, 642])
1	0.6473572964445728	0.6699068690232624	([73, 25], [73, 69, 19])
1	0.6618373091949543	0.6707527545337406	([406, 357], [406, 384, 367])
1	0.667729167350227	0.670842893871587	([72, 23], [72, 67, 23])
1	0.6553755927401107	0.6725518567359469	([111, 1], [106, 103, 7])
1	0.5506789209547992	0.6731531593065336	([95, 40], [84, 62, 43])
1	0.6678376535762958	0.673232143267312	([547, 502], [547, 532, 498])
1	0.658928519987259	0.6734392858697116	([138, 58], [114, 101, 97])
1	0.6675962891668263	0.6736645770437207	([74, 28], [74, 70, 28])
1	0.6697822910032811	0.6746184842766947	([652, 603], [652, 627, 603])
1	0.6558492112757667	0.6749540297100729	([189, 57], [193, 189, 62])
1	0.6666391408816957	0.6751829712077372	([89, 55], [89, 88, 55])
1	0.5574004008892587	0.6760586892290676	([222, 203], [222, 215, 203])
1	0.6690357875794885	0.6761552640986727	([399, 336], [399, 369, 336])
1	0.67217279571458	0.6765868010874373	([88, 10], [88, 47, 42])
1	0.6691235616356553	0.6769032712508903	([75, 30], [75, 67, 19])
1	0.5831098271472667	0.6776836597066509	([134, 38], [143, 134, 119])
1	0.6739029247417426	0.6776884442741719	([207, 148], [207, 189, 186])
1	0.6625140037407685	0.6778856594316097	([202, 132], [202, 188, 149])
1	0.6699748712003184	0.6784048036297805	([281, 229], [281, 254, 247])
1	0.6774702345276602	0.6785421600440502	([349, 303], [349, 331, 303])
1	0.6593455815419609	0.6787465907646291	([401, 358], [401, 376, 358])
1	0.5853111391427731	0.6793396987663459	([187, 40], [200, 188, 187])
1	0.670491054084462	0.682111259585396	([675, 622], [675, 652, 649])
1	0.6715204382553263	0.682111259585396	([704, 649], [704, 675, 649])
1	0.682487361714291	0.6831854649407874	([132, 33], [132, 99, 60])
1	0.6826672310185845	0.6836806282494253	([110, 8], [127, 110, 96])
1	0.6853155182405681	0.6859377814712885	([558, 499], [558, 541, 499])
1	0.6848874148168967	0.6874163187684597	([707, 653], [707, 691, 653])
1	0.6792720651380516	0.6880823555838751	([322, 247], [322, 297, 247])
1	0.6846666014978641	0.6884155077730083	([682, 623], [682, 645, 630])
1	0.6839343591332084	0.6884155077730083	([682, 645], [682, 657, 630])
1	0.6825234952582759	0.688796607509067	([138, 1], [138, 122, 1])
1	0.6867250573665592	0.6892327916514963	([151, 87], [151, 112, 87])
1	0.6893476203410794	0.6897198069705092	([86, 11], [86, 42, 11])
1	0.5527433469626204	0.69006709405867	([134, 39], [120, 101, 87])
1	0.6387848891237317	0.6901335908662821	([369, 304], [369, 336, 304])
1	0.6851246199409597	0.6901743477927226	([141, 42], [141, 107, 102])
1	0.6810414903826614	0.6901811740178765	([127, 8], [110, 87, 47])
1	0.6862479688058859	0.69110923170436	([503, 428], [503, 486, 428])
1	0.6730943408128305	0.6915443856710912	([524, 428], [524, 514, 428])
1	0.6591497796280106	0.6921857954120586	([144, 95], [144, 128, 115])
1	0.691518611211729	0.6922228743312637	([665, 594], [665, 624, 614])
1	0.6910484038353014	0.692413698326043	([111, 45], [111, 99, 45])
1	0.6902782149982332	0.6931150441715427	([129, 84], [129, 101, 88])
1	0.6763052433014224	0.6932636973705345	([463, 420], [463, 437, 432])
1	0.560779224233891	0.6933371607711725	([38, 30], [38, 26, 11])
1	0.6912136868702358	0.6933548783170798	([460, 402], [460, 428, 402])
1	0.6935012417805172	0.6944119409820474	([519, 455], [519, 493, 484])
1	0.6756725487997678	0.6947013541263762	([229, 2], [725, 229, 2])
1	0.6916742034302079	0.6947498704649391	([205, 110], [205, 152, 110])
1	0.6823844286775577	0.6948368433502166	([147, 59], [144, 59, 36])
1	0.6848402608666004	0.6948368433502166	([162, 36], [144, 128, 36])
1	0.6794216383711673	0.6948506024775157	([240, 60], [240, 208, 207])
1	0.5904912771290589	0.6948989364782898	([89, 37], [75, 37, 25])
1	0.5906986562865497	0.6949509302899043	([486, 61], [486, 469, 468])
1	0.682310317156894	0.6952929254328148	([284, 236], [284, 263, 247])
1	0.6901674866273994	0.6956488358102966	([120, 4], [133, 120, 101])
1	0.6948842293155626	0.695838859126283	([545, 478], [545, 519, 493])
1	0.6908554251296102	0.6963025268010951	([212, 139], [212, 208, 139])
1	0.6943002070910854	0.6965265300987328	([327, 275], [327, 305, 300])
1	0.692442177218893	0.6968292884594748	([330, 271], [330, 328, 271])
1	0.6851016683899894	0.6969308570133881	([78, 13], [78, 65, 13])
1	0.6905884736314472	0.6970609693388222	([128, 51], [128, 87, 51])
1	0.6938788139981333	0.6973788028620421	([470, 408], [470, 433, 432])
1	0.6961382165445316	0.6978411117882461	([646, 591], [646, 624, 591])
1	0.6941076429727466	0.6980119574673975	([432, 372], [432, 410, 372])
1	0.6907196759310954	0.6987015955285987	([432, 350], [432, 372, 366])
1	0.6440726018423855	0.6987540336643902	([243, 39], [272, 243, 240])
1	0.5877759960883909	0.6988390501667795	([139, 37], [109, 47, 34])
1	0.6856791543102791	0.6988665641060545	([208, 140], [208, 187, 153])
1	0.6906186038322963	0.6994079264109101	([473, 401], [513, 501, 401])
1	0.6982088730238245	0.6994275697310925	([627, 472], [627, 619, 510])
1	0.6898014360515513	0.6994386743180726	([133, 4], [139, 120, 4])
1	0.666057461658922	0.6994386743180726	([208, 2], [208, 139, 4])
1	0.6982417782748932	0.6995062509490666	([666, 611], [666, 649, 621])
1	0.6977736987375469	0.6997110772991117	([203, 64], [213, 203, 36])
1	0.6900177071099808	0.699760880460694	([271, 188], [271, 241, 191])
1	0.6957132482823314	0.6999009136278169	([705, 627], [705, 668, 652])
1	0.6870311479032111	0.7001026779997134	([239, 147], [239, 194, 147])
1	0.6952222855766128	0.7001357683943615	([488, 429], [488, 482, 429])
1	0.6064117839819554	0.7010779631360045	([81, 38], [94, 81, 64])
1	0.6995939398881096	0.7013187221267946	([131, 2], [131, 96, 50])
1	0.6997682438689143	0.701452820178592	([195, 87], [195, 192, 87])
1	0.6031704015617533	0.7016980198890369	([193, 38], [192, 87, 64])
1	0.6661680521003857	0.7016980198890369	([213, 36], [203, 192, 64])
1	0.6937424984578578	0.7024276644220546	([270, 211], [271, 270, 211])
1	0.6947455902557944	0.7025911841807293	([487, 439], [487, 475, 439])
1	0.690420199588101	0.7026314135174442	([408, 346], [408, 375, 373])
1	0.628875558465313	0.7028794797355438	([186, 60], [207, 189, 62])
1	0.6821353199675295	0.7032554198014276	([143, 54], [143, 118, 116])
1	0.6937221564640885	0.7033514959622996	([363, 310], [363, 340, 310])
1	0.6907106926743132	0.7036705453646245	([204, 42], [204, 192, 42])
1	0.7007166971334211	0.7040802044854412	([140, 44], [140, 128, 51])
1	0.7033594399488805	0.7042109226082749	([350, 279], [350, 323, 279])
1	0.7014759850095268	0.7043888991193367	([635, 585], [635, 620, 590])
1	0.5565472061379041	0.7048182207789985	([143, 38], [193, 145, 144])
1	0.6924435974630715	0.7048493521379308	([589, 516], [589, 576, 524])
1	0.695994089482154	0.705671345530589	([469, 400], [469, 425, 405])
1	0.6757923649305736	0.7060052403720296	([190, 114], [190, 141, 140])
1	0.6971865167891905	0.7062472441532194	([486, 406], [486, 428, 399])
1	0.7021457388490394	0.7062472441532194	([491, 399], [491, 486, 399])
1	0.5450662037720463	0.7063775705201819	([251, 221], [251, 233, 232])
1	0.6866422686836369	0.7066303929658446	([159, 81], [159, 152, 84])
1	0.6974717327272304	0.7067646868951778	([489, 366], [489, 470, 469])
1	0.7063530799813871	0.7070947184998568	([658, 580], [658, 619, 589])
1	0.6903872727584773	0.7075884769486951	([130, 64], [130, 110, 89])
1	0.6966888648531381	0.7076714047162543	([242, 58], [242, 240, 60])
1	0.614574288724476	0.7078058169671704	([725, 36], [217, 214, 2])
1	0.7060081764638455	0.7081589725350739	([318, 257], [318, 294, 257])
1	0.6908631960059948	0.7085147799678495	([477, 409], [479, 477, 409])
1	0.6884232895594928	0.7086519708021145	([501, 401], [473, 432, 431])
1	0.7021747002234185	0.708656557195863	([150, 35], [150, 66, 45])
1	0.7005528772424667	0.7088269073423934	([205, 128], [205, 137, 128])
1	0.6987037876010195	0.7088361177100432	([191, 109], [191, 126, 111])
1	0.6935158944998338	0.7089560923897597	([208, 55], [208, 57, 55])
1	0.6987911080524797	0.7089799010807454	([304, 209], [304, 242, 240])
1	0.704995280424849	0.7094054444463944	([402, 332], [402, 368, 332])
1	0.6762866947123729	0.7095194652956353	([202, 92], [202, 192, 92])
1	0.6965148099292504	0.7100532458649096	([243, 167], [243, 207, 167])
1	0.617040482312009	0.7104559425134406	([282, 61], [282, 249, 246])
1	0.7062828375757111	0.7109567200741653	([409, 322], [409, 351, 335])
1	0.7003194077712036	0.7112418620144305	([229, 123], [229, 123, 36])
1	0.7096982756845889	0.7116857519766535	([381, 313], [381, 342, 313])
1	0.6852715024554917	0.7119522191628087	([152, 11], [153, 152, 11])
1	0.690166317200559	0.7119930666814374	([171, 69], [171, 159, 69])
1	0.7089615333392245	0.7120258549940423	([192, 22], [192, 64, 22])
1	0.7104071508453718	0.7122485768575265	([179, 58], [179, 58, 42])
1	0.709561613809465	0.7126850365893636	([604, 503], [619, 604, 503])
1	0.6965493762596823	0.7126850365893636	([619, 510], [625, 619, 503])
1	0.7089789014342236	0.7127022169361431	([190, 45], [190, 143, 60])
1	0.6978203171461853	0.7127263868396597	([207, 129], [207, 145, 101])
1	0.7076290889597434	0.7127665044866397	([583, 472], [627, 587, 583])
1	0.5599216519464876	0.7131624467584912	([271, 37], [280, 242, 36])
1	0.6983873491480803	0.7134894776082277	([615, 511], [617, 608, 511])
1	0.6700419332575891	0.7135108915240972	([212, 56], [212, 92, 33])
1	0.7133345419962214	0.7135108915240972	([214, 33], [214, 212, 33])
1	0.7129891151666973	0.7139266610095147	([699, 587], [699, 631, 627])
1	0.5773166218370489	0.713954630542336	([200, 40], [187, 62, 40])
1	0.6862780161830524	0.7139800058927551	([150, 66], [150, 136, 60])
1	0.7076540408234573	0.7140171850150268	([244, 35], [244, 209, 208])
1	0.7119951024916763	0.7140322671223441	([278, 215], [278, 240, 233])
1	0.7137454536546056	0.7141561830813971	([365, 269], [365, 328, 303])
1	0.6924967920088618	0.7141711684509773	([515, 369], [515, 474, 473])
1	0.7066285704821604	0.7142164082956455	([360, 288], [360, 331, 288])
1	0.6943596981477996	0.7142174354393336	([374, 294], [374, 336, 319])
1	0.7080442608026568	0.7144775895689729	([362, 293], [372, 362, 293])
1	0.6954772746789885	0.7151742129412223	([211, 5], [211, 208, 2])
1	0.707328034902684	0.7152670999484197	([366, 292], [366, 329, 306])
1	0.709090341730641	0.7152985072647261	([195, 12], [208, 195, 2])
1	0.7144052165941619	0.7158826028497316	([652, 577], [652, 603, 602])
1	0.7085037769640167	0.7158899552070895	([622, 508], [622, 621, 507])
1	0.7038907201062674	0.7162953364486281	([436, 343], [436, 410, 343])
1	0.7138113691235896	0.7163757878475666	([428, 6], [428, 60, 11])
1	0.7084423766915446	0.7164998872562994	([149, 56], [149, 131, 56])
1	0.7099532591698536	0.7165249634942503	([145, 5], [145, 42, 5])
1	0.7092811930254479	0.7166609403821107	([622, 60], [676, 659, 60])
1	0.6906286142852199	0.717398639249509	([157, 80], [159, 157, 81])
1	0.6545199670892603	0.717512400302846	([616, 513], [621, 615, 505])
1	0.7006441452379416	0.7175955742688489	([688, 610], [688, 641, 610])
1	0.7136387201193088	0.7183555080724346	([316, 36], [316, 282, 36])
1	0.7111466386686658	0.7187945091517735	([213, 116], [213, 189, 116])
1	0.7159101592609867	0.7188604493275264	([305, 192], [328, 305, 192])
1	0.7143614778377487	0.7189389228745228	([292, 35], [292, 280, 36])
1	0.6794752341538928	0.7189411806458116	([152, 84], [152, 129, 127])
1	0.7160078623290786	0.7190608549554716	([333, 213], [349, 333, 62])
1	0.716903518778315	0.7193794366468922	([667, 601], [667, 636, 601])
1	0.5332132101383192	0.7196442178128633	([225, 198], [225, 217, 198])
1	0.6985388286532872	0.7198657795204185	([406, 328], [406, 371, 328])
1	0.7115541117725662	0.7200584654139123	([709, 1], [724, 709, 670])
1	0.7054020213274383	0.7201211502776145	([183, 77], [176, 157, 77])
1	0.7055072444697318	0.720346746818863	([312, 237], [312, 281, 257])
1	0.6937522037402443	0.7204174996627201	([703, 505], [703, 617, 505])
1	0.7066303026992695	0.7207360879884631	([158, 93], [158, 93, 80])
1	0.7023035538718742	0.7207360879884631	([158, 20], [158, 157, 80])
1	0.7093052857073656	0.7208534293405486	([614, 506], [617, 614, 506])
1	0.6851511644688902	0.7208651259977104	([631, 504], [631, 617, 504])
1	0.7190536200316617	0.72091055390956	([612, 548], [612, 584, 548])
1	0.7175133126922599	0.7210092790681369	([615, 535], [615, 535, 505])
1	0.7104162587434392	0.7210960725243978	([493, 421], [493, 485, 421])
1	0.7198825983288045	0.7213801784728814	([198, 131], [198, 192, 131])
1	0.7012985076599176	0.7216901478450115	([163, 72], [163, 160, 72])
1	0.7127818582015019	0.7218148974484234	([431, 344], [431, 384, 347])
1	0.7074307840431764	0.7219145202069593	([609, 489], [626, 609, 514])
1	0.7082978510718192	0.7219826643328422	([516, 398], [512, 488, 402])
1	0.5628374120164008	0.722151281614687	([229, 36], [725, 57, 36])
1	0.7061868710475886	0.7222821065291678	([614, 476], [614, 506, 504])
1	0.7185711215355337	0.7224030935882348	([195, 124], [195, 158, 123])
1	0.721024442521512	0.7225025592186081	([597, 60], [622, 597, 589])
1	0.6987638135616192	0.7225390666654083	([714, 232], [714, 713, 231])
1	0.715514672607286	0.7226325617796441	([607, 428], [607, 593, 428])
1	0.6724560602240263	0.7229477218098432	([153, 63], [153, 151, 63])
1	0.7199583496664322	0.7230042467673561	([401, 289], [401, 335, 329])
1	0.7144854627006118	0.7231958254554849	([669, 612], [669, 665, 612])
1	0.7196162761389273	0.7232525027797752	([428, 189], [428, 205, 189])
1	0.6718081896246518	0.7232525027797752	([428, 236], [428, 236, 205])
1	0.6861896067990091	0.7238864705194511	([661, 592], [661, 621, 608])
1	0.7140189961231069	0.7238999186262308	([712, 639], [712, 707, 639])
1	0.7118899281052348	0.7239163807565685	([702, 590], [702, 637, 621])
1	0.7061911465316577	0.7240392238760827	([593, 442], [593, 552, 428])
1	0.6925111385347079	0.7243281228175916	([681, 60], [675, 622, 60])
1	0.7113199958475784	0.7243488657291499	([182, 91], [182, 170, 91])
1	0.7229146733515257	0.7244855653695346	([583, 513], [618, 583, 513])
1	0.7118752463210836	0.7246682223798818	([725, 644], [725, 693, 626])
1	0.7208047363322604	0.7248620619891006	([367, 242], [367, 358, 36])
1	0.7148152550688092	0.7250927881190974	([625, 36], [658, 629, 36])
1	0.7205009948028587	0.7251315200467421	([473, 60], [622, 507, 473])
1	0.6634176020959643	0.7252597901469324	([670, 229], [669, 663, 36])
1	0.7173432493942411	0.7252904576175744	([302, 186], [302, 201, 189])
1	0.7194226309233087	0.7253248015154171	([396, 282], [396, 351, 320])
1	0.6898507973271325	0.7256682466283025	([156, 75], [159, 156, 70])
1	0.7179597965698303	0.7256983451601904	([519, 390], [519, 493, 396])
1	0.6948855753775827	0.7257825265945862	([679, 586], [679, 637, 619])
1	0.7172903597971024	0.7257832513430198	([265, 203], [265, 240, 203])
1	0.7021975707368596	0.7258937523843726	([154, 27], [159, 154, 27])
1	0.7256944748611165	0.7259061961635972	([172, 47], [172, 145, 42])
1	0.7254596726023423	0.7260483235525065	([521, 424], [521, 520, 424])
1	0.7125145749220125	0.7261688148182959	([205, 9], [207, 205, 9])
1	0.719755764317082	0.7262364974078273	([620, 365], [625, 620, 36])
1	0.7231386634980798	0.7264572757908127	([405, 274], [405, 403, 279])
1	0.608878571231332	0.7265915107431595	([658, 37], [489, 473, 60])
1	0.6048046611550468	0.7266654777821545	([170, 61], [170, 161, 91])
1	0.703412708563026	0.7267307471965753	([168, 78], [168, 160, 78])
1	0.7045694934993394	0.726761307799682	([716, 615], [716, 666, 615])
1	0.6724211393783701	0.7269170712180715	([365, 36], [346, 292, 60])
1	0.7174432418131683	0.7269510226172314	([659, 506], [659, 651, 506])
1	0.6018016698640245	0.7271501683926941	([428, 60], [428, 399, 60])
1	0.7196371849216744	0.7273098289009325	([536, 410], [536, 486, 399])
1	0.7192792326082493	0.7275083581839104	([531, 450], [531, 487, 480])
1	0.718330881676123	0.7276343829537484	([379, 286], [379, 340, 324])
1	0.7164022907363121	0.7276388053897914	([566, 485], [566, 531, 498])
1	0.7195465272971211	0.7276464029399764	([626, 62], [704, 656, 62])
1	0.7022809228865095	0.7277208229812469	([369, 62], [315, 292, 62])
1	0.7038553636038676	0.7279747013441008	([599, 430], [618, 599, 430])
1	0.7180986356554859	0.728282654143957	([199, 103], [199, 150, 134])
1	0.5858320658202484	0.728345955407201	([469, 61], [469, 430, 402])
1	0.7165401346690428	0.7284000579019994	([196, 28], [196, 175, 36])
1	0.7263437147617142	0.7284843004918025	([392, 273], [392, 326, 323])
1	0.7275651027580221	0.7285492057283495	([616, 369], [616, 589, 407])
1	0.7131478421128222	0.7285750753884558	([720, 56], [725, 720, 56])
1	0.7181933332257376	0.7287397721887215	([241, 129], [241, 207, 190])
1	0.7170353943607775	0.7288347834982611	([196, 125], [196, 149, 140])
1	0.6990869592634635	0.7288547684149466	([548, 475], [548, 498, 479])
1	0.7189667146908469	0.7289591920248084	([241, 7], [241, 212, 7])
1	0.7213876570426533	0.7290067350476556	([608, 408], [608, 588, 560])
1	0.7069780852921197	0.7290283363307113	([343, 260], [343, 297, 283])
1	0.7134687123174411	0.7293581161309053	([494, 403], [494, 453, 437])
1	0.7203738060058431	0.7297126665789578	([358, 211], [358, 238, 211])
1	0.7283893815330225	0.7298206188954224	([725, 147], [725, 147, 1])
1	0.712982038980818	0.7303251456107893	([715, 236], [715, 671, 233])
1	0.7186374146065632	0.7306332115164925	([530, 447], [530, 495, 447])
1	0.5967416839473251	0.730854969118222	([725, 1], [725, 626, 620])
1	0.7295405522992001	0.7308839894119534	([723, 512], [723, 620, 512])
1	0.7293339587339355	0.7308839894119534	([620, 112], [723, 620, 608])
1	0.7025709374642037	0.7308839894119534	([723, 608], [723, 665, 620])
1	0.7268783550392348	0.7310987951746605	([599, 481], [599, 521, 519])
1	0.7017732436182406	0.7311269251132946	([331, 242], [336, 331, 242])
1	0.7053449806275691	0.7312540337389261	([366, 261], [366, 358, 261])
1	0.6764984201113026	0.7312919231681649	([240, 138], [240, 210, 138])
1	0.7288311590674952	0.7314876469778769	([639, 469], [639, 622, 473])
1	0.707614911573883	0.7316239333211915	([238, 6], [238, 211, 1])
1	0.7297812379292793	0.7317061368086605	([472, 357], [472, 408, 369])
1	0.7305898312155146	0.7318515479762082	([590, 467], [590, 560, 467])
1	0.7178108314003799	0.7318846239576966	([331, 1], [331, 242, 238])
1	0.7317430186977331	0.7318896487415404	([725, 200], [725, 214, 200])
1	0.7127240367768711	0.7319250183380082	([671, 233], [715, 676, 428])
1	0.7173554092042448	0.732168922443481	([631, 556], [631, 601, 557])
1	0.6922610767738524	0.7323684607596778	([571, 60], [597, 584, 60])
1	0.7273181334934956	0.7324264004267876	([615, 461], [610, 609, 461])
1	0.7176313021375321	0.7325220374691043	([497, 363], [497, 439, 388])
1	0.7277959792602192	0.7325831095553877	([181, 105], [186, 181, 105])
1	0.7317498838104083	0.7325992062258293	([324, 229], [324, 255, 245])
1	0.7285077981286604	0.7328130387436333	([492, 392], [498, 492, 392])
1	0.7154363212109184	0.7328164234328546	([540, 452], [552, 492, 484])
1	0.6926296199488984	0.7328181831907069	([279, 153], [279, 239, 147])
1	0.7246895153189807	0.7330403257221	([685, 572], [685, 639, 583])
1	0.7106243418305269	0.7331188404141376	([302, 201], [302, 239, 236])
1	0.7234354691461077	0.7332022855267173	([389, 289], [401, 389, 345])
1	0.7243677840447585	0.733265103869623	([472, 270], [472, 369, 270])
1	0.7139184572134127	0.7333115768564965	([595, 479], [601, 595, 479])
1	0.7253176120491841	0.7333386294753531	([678, 581], [678, 666, 581])
1	0.7077100784622912	0.733416481019757	([332, 212], [332, 304, 212])
1	0.7238705476510027	0.7334295521103734	([684, 545], [684, 665, 545])
1	0.7155313681382824	0.7334751729376809	([422, 329], [422, 396, 329])
1	0.7122931526165565	0.7334821762079825	([197, 17], [197, 67, 23])
1	0.7300239008740544	0.7337477119978263	([398, 272], [398, 365, 293])
1	0.7320292324531062	0.7338215888566378	([172, 83], [172, 163, 83])
1	0.7112038195918756	0.7339570093532183	([401, 242], [401, 303, 242])
1	0.6986918573595984	0.7341591430290311	([460, 358], [514, 460, 428])
1	0.732304664888713	0.7343711485416081	([460, 87], [460, 428, 87])
1	0.727558906498749	0.7345089057226772	([384, 245], [384, 362, 266])
1	0.7086328071143404	0.7346310863596753	([537, 438], [537, 500, 438])
1	0.7325276129722142	0.7346914176410295	([673, 553], [673, 668, 587])
1	0.7240176993823243	0.73471952621724	([707, 10], [724, 707, 3])
1	0.7287990627084396	0.7348208862678851	([516, 302], [516, 473, 302])
1	0.7127840942048419	0.7348662598801382	([570, 456], [570, 558, 456])
1	0.733894205363213	0.735428396817934	([706, 516], [706, 624, 616])
1	0.697337707937603	0.7356369367691381	([723, 112], [723, 112, 4])
1	0.7284732454142276	0.7357101295393869	([704, 113], [704, 621, 60])
1	0.7251753358009597	0.7357599428969374	([717, 610], [717, 665, 664])
1	0.7297431376022114	0.7357731374915211	([702, 515], [702, 621, 515])
1	0.7154495533458128	0.7359390253861172	([505, 212], [505, 401, 242])
1	0.7317132201873611	0.7363307003299733	([637, 178], [725, 637, 147])
1	0.5545248142634835	0.7365204807086329	([713, 224], [713, 231, 1])
1	0.7367311855998256	0.7370932967558976	([469, 365], [469, 400, 365])
1	0.7303083998868238	0.7371970420095393	([429, 266], [429, 266, 265])
1	0.7197973284815805	0.7373134796954443	([718, 116], [719, 116, 2])
1	0.7265008228857008	0.7374102235105511	([359, 245], [359, 346, 245])
1	0.7324175540519979	0.7375278096966262	([303, 95], [304, 303, 95])
1	0.7057211032508625	0.737607414236616	([704, 62], [704, 62, 4])
1	0.7274599979039917	0.7376391961149102	([302, 47], [302, 271, 47])
1	0.7364680031961721	0.7377649919733236	([300, 197], [300, 253, 197])
1	0.731923534325497	0.7377944221405625	([609, 399], [615, 486, 461])
1	0.699482715411274	0.738112195513976	([659, 541], [659, 541, 506])
1	0.7359565265504406	0.7382902028443549	([254, 76], [254, 76, 62])
1	0.7348871473244406	0.7386020322681548	([466, 383], [488, 466, 383])
1	0.7167711408173493	0.7386020322681548	([495, 383], [495, 488, 383])
1	0.7356939457930884	0.7387352688050195	([457, 341], [457, 434, 341])
1	0.7336515748089734	0.7389867690950203	([447, 319], [447, 431, 319])
1	0.7201596843024041	0.7390883121640771	([588, 464], [608, 489, 366])
1	0.7202052974158702	0.7390883121640771	([624, 366], [624, 608, 366])
1	0.7359200613431284	0.7391166866660139	([451, 325], [451, 393, 325])
1	0.7326370630247713	0.7391928345019572	([259, 85], [259, 202, 13])
1	0.7380507768390389	0.739475089902585	([352, 244], [352, 290, 272])
1	0.7229542397540365	0.739609756420958	([183, 14], [183, 87, 77])
1	0.6373532427329408	0.740074411227063	([474, 39], [474, 431, 399])
1	0.7310894749346137	0.740081115958624	([334, 191], [334, 301, 191])
1	0.7287757754940873	0.7401708024286504	([445, 357], [445, 410, 357])
1	0.7359855098920975	0.7401708024286504	([536, 357], [536, 410, 357])
1	0.7368168247419967	0.740371069710106	([459, 360], [459, 407, 397])
1	0.7373293099810836	0.7404259349201596	([510, 360], [510, 472, 408])
1	0.6069300891097091	0.7405190896510553	([272, 39], [243, 205, 182])
1	0.7243495344395225	0.7405497536430207	([561, 418], [561, 498, 447])
1	0.7363266228690071	0.7406127714774441	([388, 258], [388, 354, 258])
1	0.7115565825834251	0.7407027151241444	([494, 36], [675, 614, 476])
1	0.7192086801682613	0.7407566675400046	([662, 487], [662, 642, 487])
1	0.7365424657354892	0.7407823422687334	([503, 365], [514, 503, 365])
1	0.7205663756412518	0.7408469454716653	([435, 316], [435, 377, 321])
1	0.7161831204485575	0.7411305176284099	([229, 172], [250, 217, 196])
1	0.7229389828344834	0.7411820009136029	([303, 151], [303, 239, 192])
1	0.7398806426971283	0.7413369093543763	([651, 48], [651, 620, 48])
1	0.7413229880343011	0.7414485247372095	([614, 463], [614, 581, 463])
1	0.7094927726059514	0.7416834452462435	([420, 296], [420, 367, 339])
1	0.7201824298624779	0.7417235861163675	([693, 560], [693, 661, 592])
1	0.7316562088871919	0.7417249263741582	([490, 240], [490, 428, 409])
1	0.7330979799400861	0.7418434798181283	([636, 480], [636, 583, 480])
1	0.713536427770084	0.7418493663200113	([399, 192], [399, 240, 192])
1	0.7256386979310057	0.7418493663200113	([490, 62], [490, 240, 192])
1	0.7331086605051311	0.7421165379187848	([254, 62], [283, 254, 236])
1	0.7401336024171318	0.7421248339701462	([681, 442], [681, 442, 60])
1	0.7363016500535028	0.7422084793803327	([627, 529], [627, 529, 510])
1	0.711484062952955	0.7422404150596926	([668, 430], [706, 516, 513])
1	0.7384943943537997	0.7423050051543489	([540, 393], [540, 493, 454])
1	0.6905764579574853	0.7424083514189649	([589, 407], [589, 516, 402])
1	0.7207087369972086	0.7424662988437085	([374, 229], [374, 319, 245])
1	0.7263741207729553	0.7426257189303391	([234, 3], [238, 234, 3])
1	0.7143725518195183	0.7426603910637307	([289, 155], [300, 289, 155])
1	0.7328283711958693	0.7427054590449674	([379, 197], [379, 281, 254])
1	0.7428842449516202	0.7431575525802274	([725, 306], [725, 306, 262])
1	0.7353816021057227	0.7433987793443684	([704, 466], [704, 467, 466])
1	0.7227316103428183	0.7434387888486452	([506, 351], [506, 428, 401])
1	0.7226431727599746	0.7434577589981517	([263, 154], [263, 154, 73])
1	0.7206083375515606	0.7434592265833285	([455, 327], [455, 430, 327])
1	0.7260291377065358	0.7435079004562009	([369, 194], [401, 369, 200])
1	0.7407515687868649	0.7435525184989621	([725, 336], [725, 336, 303])
1	0.7352563308580431	0.7436039608239751	([464, 62], [464, 452, 62])
1	0.7329242888744162	0.743702052205846	([580, 461], [580, 521, 491])
1	0.7417697883325723	0.7438494099753202	([529, 412], [529, 493, 455])
1	0.7317969847047386	0.7439485081695094	([246, 178], [246, 237, 178])
1	0.7181681021139676	0.7445247951861143	([453, 302], [516, 398, 302])
1	0.7390310074778371	0.744973563350622	([416, 298], [416, 387, 298])
1	0.741030418722187	0.7451355924229828	([463, 333], [463, 429, 333])
1	0.7060013188438731	0.7453413501330333	([418, 292], [428, 418, 292])
1	0.7428407425006538	0.7457363849272572	([363, 210], [363, 326, 237])
1	0.744634718504874	0.7459652141240248	([599, 405], [599, 428, 405])
1	0.726552530160643	0.7460753397291449	([402, 186], [402, 350, 186])
1	0.7443258233067727	0.7460818161045495	([664, 556], [664, 631, 614])
1	0.7454436752620068	0.7461525461512796	([311, 70], [311, 285, 251])
1	0.7416293714217539	0.7462971398108467	([466, 243], [466, 427, 243])
1	0.7223135759499136	0.7463537356544772	([400, 138], [355, 312, 237])
1	0.7434497438585175	0.7463909189789425	([305, 129], [305, 192, 149])
1	0.7390699606501225	0.7463946483908066	([371, 213], [371, 369, 200])
1	0.7459713561942886	0.7464020760159078	([429, 66], [429, 132, 66])
1	0.7277936407122209	0.7465380191941737	([306, 16], [306, 300, 16])
1	0.7306624122406616	0.7466133286925338	([597, 458], [597, 562, 458])
1	0.7162471226515151	0.7466167101561646	([473, 114], [473, 114, 8])
1	0.5900920040564159	0.74687581672294	([346, 37], [346, 280, 245])
1	0.7197685515621056	0.7469473707580784	([725, 521], [725, 521, 515])
1	0.6921900436041137	0.7469473707580784	([725, 486], [725, 581, 515])
1	0.7300636223226916	0.7471076463822779	([621, 110], [621, 113, 110])
1	0.7470562069659828	0.747157454192064	([603, 453], [603, 484, 453])
1	0.7295186180554676	0.7473229419354197	([682, 479], [682, 667, 512])
1	0.7435098408440557	0.7473470930999494	([245, 82], [254, 245, 82])
1	0.7432245609936706	0.7476152377486909	([509, 279], [509, 487, 279])
1	0.5843997935997498	0.7476369101732437	([348, 39], [348, 261, 243])
1	0.7301831125641555	0.7478643516070234	([511, 210], [511, 471, 210])
1	0.7301633365697672	0.7479218794821689	([335, 135], [335, 267, 199])
1	0.7340355079512039	0.7479513530391007	([718, 488], [718, 706, 488])
1	0.7441603802530461	0.7481101744653087	([247, 162], [247, 217, 162])
1	0.7425796375950672	0.748247327848021	([284, 182], [284, 244, 182])
1	0.7333552361487943	0.748305529034174	([687, 521], [687, 600, 535])
1	0.7323787323252369	0.7484037626525817	([576, 465], [651, 598, 465])
1	0.7279217195946441	0.7486537499244735	([701, 192], [718, 701, 640])
1	0.7244799065901718	0.7488408616268358	([701, 511], [701, 621, 585])
1	0.715265845274511	0.7488928875157599	([602, 390], [602, 477, 451])
1	0.7449880750102733	0.7488928875157599	([605, 451], [605, 602, 451])
1	0.7449154724092383	0.7489123508046578	([481, 381], [499, 481, 381])
1	0.7368244291268711	0.7491894549335474	([710, 55], [723, 710, 7])
1	0.7379221143274437	0.7492276884199204	([315, 190], [315, 285, 190])
1	0.7352522075914512	0.7493611785958401	([487, 271], [498, 487, 279])
1	0.7390884953596978	0.7493964466636391	([430, 279], [430, 279, 211])
1	0.7469197472934126	0.7494034611281628	([536, 328], [536, 489, 328])
1	0.7456016437805153	0.7494553878776359	([604, 450], [604, 503, 470])
1	0.7446698480720739	0.7494715252944256	([667, 213], [675, 667, 213])
1	0.7252596487036906	0.7495216818245138	([318, 159], [306, 210, 159])
1	0.7416946813543551	0.7495474251736222	([414, 251], [414, 388, 251])
1	0.7371590383038212	0.749651349716043	([411, 299], [411, 395, 299])
1	0.735040852716136	0.7496894084037548	([304, 180], [304, 213, 180])
1	0.7388832534257344	0.7497462054664435	([475, 272], [475, 462, 272])
1	0.7468903170977564	0.7497671500250169	([369, 111], [369, 111, 84])
1	0.7446601227490989	0.7498441851002595	([293, 55], [293, 69, 63])
1	0.7405682282154223	0.7498441851002595	([293, 69], [293, 265, 63])
1	0.747973530897127	0.7500097508307761	([271, 98], [271, 98, 8])
1	0.7101558585492841	0.750025200805357	([696, 568], [696, 658, 628])
1	0.7107044981178092	0.7500782276213588	([430, 238], [430, 332, 327])
1	0.7192602579832156	0.7502120674911388	([461, 259], [488, 461, 259])
1	0.7488592186752014	0.750537078470677	([486, 204], [486, 470, 213])
1	0.7460051413706155	0.7505650995226413	([467, 371], [467, 399, 371])
1	0.7362167495012003	0.7512422604554456	([308, 12], [268, 258, 12])
1	0.7468807294315603	0.751817664078257	([586, 429], [586, 564, 429])
1	0.7464057239303648	0.7519056193773597	([430, 137], [430, 211, 210])
1	0.7409971927172032	0.7519105867707372	([286, 170], [286, 241, 202])
1	0.7419057260771105	0.7519547167044984	([625, 1], [625, 428, 1])
1	0.7518860564356414	0.7520925919006718	([463, 208], [632, 614, 208])
1	0.748032385400879	0.7520925919006718	([699, 208], [699, 614, 208])
1	0.7431927102717791	0.7524112476430924	([617, 304], [617, 536, 240])
1	0.7478659609283491	0.7527631084143568	([557, 419], [557, 536, 419])
1	0.7490036585253079	0.7528635442864677	([722, 510], [722, 649, 615])
1	0.7440689094132916	0.7528888369156904	([632, 55], [614, 471, 368])
1	0.5944811646911412	0.7530345472422166	([249, 61], [282, 69, 61])
1	0.7367371277370317	0.7532610540836984	([527, 395], [527, 446, 428])
1	0.7482351137355424	0.7534782214401975	([503, 267], [503, 468, 399])
1	0.7269870345693537	0.7535400172633049	([432, 237], [432, 326, 298])
1	0.7457200818428625	0.7538269189418929	([702, 241], [702, 241, 7])
1	0.7523011412975207	0.7539437733841738	([309, 162], [309, 290, 162])
1	0.7491155747953017	0.7541534737726171	([440, 264], [440, 399, 264])
1	0.7325354395750007	0.7542655424845527	([350, 161], [350, 186, 161])
1	0.7505761419339086	0.7543146399697567	([694, 245], [694, 690, 236])
1	0.7377870554196998	0.75455236961012	([347, 146], [347, 303, 146])
1	0.7516921524521046	0.7545604871923153	([507, 162], [509, 507, 119])
1	0.7288130023762713	0.7545622930546747	([703, 211], [703, 469, 430])
1	0.7356624403200597	0.7549564143149317	([721, 144], [721, 718, 116])
1	0.7487888290220782	0.7549615940558453	([480, 340], [480, 396, 340])
1	0.7395098588717853	0.7551376178531789	([712, 210], [712, 700, 212])
1	0.7445396442579891	0.7552184680750381	([509, 119], [621, 509, 113])
1	0.7224962500099796	0.7554178886856803	([666, 460], [666, 504, 489])
1	0.7415877705213557	0.7557469166145276	([310, 158], [310, 278, 158])
1	0.5442237032359181	0.7557516564014082	([270, 222], [270, 222, 203])
1	0.7488707422186597	0.7557642744265572	([467, 277], [467, 371, 334])
1	0.7515167911253406	0.7557642744265572	([641, 334], [641, 467, 334])
1	0.7466940869583303	0.7558832893308997	([509, 4], [724, 509, 508])
1	0.7479323245893026	0.7558889811378425	([247, 78], [247, 176, 162])
1	0.7115228843723198	0.7558919272317558	([470, 213], [667, 665, 213])
1	0.7554484812674298	0.7558990985769084	([542, 356], [542, 513, 356])
1	0.7457350975168879	0.7559815427356293	([493, 337], [493, 472, 337])
1	0.7490200607588663	0.756001834148652	([674, 214], [701, 674, 214])
1	0.7424274742325775	0.756404035586557	([503, 194], [503, 267, 155])
1	0.7491871396312598	0.7564068798731115	([603, 417], [603, 453, 417])
1	0.7371720763354284	0.7564106014998824	([255, 77], [255, 156, 83])
1	0.754694168201304	0.7565398660964378	([442, 314], [442, 375, 369])
1	0.7444346875602746	0.7568584309346724	([660, 493], [660, 599, 516])
1	0.7531115081326268	0.7570838940767014	([680, 523], [680, 668, 523])
1	0.754044062959052	0.7572988571695753	([512, 59], [512, 399, 59])
1	0.738310273864021	0.757346647963576	([468, 267], [507, 503, 162])
1	0.755829024990201	0.7574630411958848	([370, 151], [370, 360, 151])
1	0.7259517796072213	0.7574800349463878	([288, 2], [288, 269, 2])
1	0.742375637182825	0.7575742778132594	([658, 427], [658, 450, 406])
1	0.7537447084684893	0.757652937147318	([614, 439], [614, 509, 439])
1	0.7368123108109226	0.7578864289607041	([674, 475], [705, 674, 475])
1	0.7341607776157899	0.7580865935902248	([469, 109], [469, 400, 138])
1	0.7514438072494432	0.7582255450664254	([678, 501], [678, 589, 501])
1	0.7554973834330091	0.7582891983520069	([640, 329], [640, 514, 329])
1	0.5887923949464339	0.758307039643547	([688, 61], [688, 486, 369])
1	0.7527986842425489	0.7583990569850316	([590, 367], [618, 590, 367])
1	0.747463052253788	0.7588670931167746	([257, 71], [284, 257, 67])
1	0.738556049512521	0.758881342686179	([285, 70], [311, 172, 76])
1	0.7430797097158307	0.7589443514503132	([546, 62], [546, 490, 453])
1	0.7506558527008204	0.759018213607572	([699, 520], [699, 654, 520])
1	0.7435965490197339	0.7590647428072281	([395, 82], [395, 379, 82])
1	0.7556607504189725	0.759244249390349	([651, 114], [651, 634, 114])
1	0.7291210014873162	0.7592938380079076	([325, 73], [325, 263, 233])
1	0.7566237059637869	0.7593227352054761	([491, 214], [491, 427, 214])
1	0.5196700563187416	0.7596327472142114	([489, 224], [489, 427, 214])
1	0.7326908002251264	0.7596865004902204	([429, 132], [620, 461, 132])
1	0.7284961072599002	0.759844787053253	([559, 36], [538, 492, 472])
1	0.7525105785939069	0.7599164191565557	([474, 121], [474, 400, 147])
1	0.7354736253751342	0.7599934622744305	([697, 115], [701, 633, 599])
1	0.5219821325960283	0.7600050735384202	([248, 225], [248, 225, 217])
1	0.7537348471096375	0.7600430555618019	([654, 432], [702, 654, 590])
1	0.7537792986372996	0.7600820425711173	([513, 141], [513, 192, 102])
1	0.754082661770288	0.7602630569732223	([356, 48], [356, 290, 33])
1	0.7340160575506733	0.7603783489785172	([360, 125], [367, 360, 151])
1	0.748603941456344	0.7603783489785172	([618, 151], [618, 367, 151])
1	0.7284719508451059	0.7606482625623222	([497, 287], [497, 342, 287])
1	0.7537670107403787	0.7606575281817998	([334, 96], [623, 513, 334])
1	0.7461892077476217	0.7608325077394406	([475, 32], [475, 428, 205])
1	0.7556322453309156	0.7608918199698875	([403, 118], [473, 403, 369])
1	0.7582418669412249	0.7609073558025962	([641, 138], [641, 609, 507])
1	0.7593909461079171	0.7609334596555816	([433, 285], [453, 433, 285])
1	0.7559746543207759	0.7609691071504577	([638, 105], [638, 634, 105])
1	0.736078509717125	0.761091340474328	([326, 144], [326, 304, 141])
1	0.7360083066266191	0.7615281810126391	([667, 429], [675, 667, 429])
1	0.7479409079791332	0.761623538643644	([453, 249], [453, 285, 237])
1	0.748868177154171	0.761870474732806	([317, 157], [288, 272, 157])
1	0.7515464669090033	0.7618790760377052	([291, 20], [291, 211, 1])
1	0.747668430202335	0.7618925263123971	([277, 28], [277, 130, 19])
1	0.7488471770808034	0.7618925263123971	([320, 80], [320, 277, 19])
1	0.7498856724451632	0.7619711333608697	([358, 100], [358, 271, 118])
1	0.7314028619231066	0.7619856937381153	([333, 56], [333, 62, 42])
1	0.7408647762739734	0.7619856937381153	([352, 42], [352, 333, 42])
1	0.7413831194891715	0.7620866449184407	([433, 250], [433, 321, 285])
1	0.7536905199836683	0.7623913371568015	([460, 141], [609, 460, 141])
1	0.7447450064089801	0.7625114249156036	([405, 95], [405, 304, 274])
1	0.7485930310060612	0.7625624909171461	([625, 92], [625, 92, 1])
1	0.7456188706230984	0.7627052648483815	([722, 468], [722, 510, 503])
1	0.7622980932834843	0.7632117010587364	([678, 422], [678, 580, 422])
1	0.735520565616282	0.7633668529342573	([362, 149], [399, 362, 149])
1	0.7628895755690782	0.7634006662363118	([421, 130], [421, 399, 149])
1	0.7459658457606112	0.7634751391562331	([339, 2], [339, 288, 259])
1	0.7544278407651961	0.7635533163925274	([294, 166], [294, 241, 237])
1	0.7325364653846039	0.7636535197146971	([495, 147], [495, 474, 405])
1	0.7638641026125446	0.7642247543098314	([662, 188], [674, 662, 214])
1	0.761732880056647	0.7643212339255139	([569, 397], [569, 519, 397])
1	0.7516337342524188	0.7643301599445201	([404, 129], [404, 352, 129])
1	0.7516645750463824	0.7643445204876477	([672, 462], [672, 659, 462])
1	0.606628059748645	0.76440183064422	([431, 39], [431, 208, 3])
1	0.7351366622086634	0.7645767312721	([695, 570], [695, 665, 547])
1	0.7603168734058895	0.7645834777652369	([538, 377], [557, 538, 377])
1	0.7572081498787738	0.7646491347675529	([685, 8], [699, 685, 8])
1	0.7456819511171251	0.7648952617108895	([687, 32], [687, 675, 32])
1	0.7608618228361528	0.764923221207833	([357, 116], [357, 304, 58])
1	0.7648996365949302	0.7650022453464821	([666, 419], [666, 541, 419])
1	0.7587330228737713	0.7652102744518483	([448, 300], [448, 339, 300])
1	0.6122400358807947	0.7653261962850302	([711, 61], [723, 711, 9])
1	0.723198828834539	0.7654470794325147	([598, 389], [598, 516, 398])
1	0.736896248967888	0.7654807500304044	([401, 41], [401, 367, 41])
1	0.7356225164196215	0.765546639532868	([656, 420], [656, 598, 420])
1	0.7631808478861326	0.765606157206946	([613, 331], [613, 478, 463])
1	0.7601318926680322	0.7656661194804455	([617, 150], [617, 240, 193])
1	0.7641729270101562	0.7656661194804455	([504, 193], [617, 504, 193])
1	0.7547886508296882	0.7656661194804455	([608, 193], [617, 608, 193])
1	0.763380570046486	0.7657134207637157	([685, 135], [685, 135, 8])
1	0.7443944571750378	0.7661981714220878	([644, 271], [644, 616, 271])
1	0.7610441484084424	0.7662160963182882	([337, 156], [337, 156, 152])
1	0.7607732872269944	0.7662913261905043	([267, 97], [267, 201, 33])
1	0.7541172440130133	0.766366850195034	([429, 107], [472, 120, 107])
1	0.7644315623801848	0.766366850195034	([610, 120], [610, 472, 120])
1	0.7573673966321959	0.7663689751980135	([673, 217], [673, 669, 217])
1	0.7645698191592329	0.7665302700595695	([706, 132], [706, 132, 49])
1	0.7563848392315197	0.7665409004705189	([649, 404], [649, 623, 404])
1	0.7361149731441752	0.7665551090907626	([586, 351], [621, 586, 351])
1	0.7587656670632932	0.7665635337317419	([589, 211], [623, 589, 211])
1	0.7381557192031645	0.7667289362767122	([652, 202], [652, 470, 213])
1	0.7498680190073622	0.7667418127471394	([578, 355], [602, 578, 355])
1	0.76313565974105	0.7667995724304087	([645, 146], [667, 645, 229])
1	0.7359611808989275	0.7669201448501092	([686, 35], [621, 608, 35])
1	0.7396764034051375	0.7670300430458126	([623, 96], [351, 197, 117])
1	0.7445647112042908	0.7673112564003204	([343, 174], [323, 321, 174])
1	0.7640772322137576	0.7675095621128526	([296, 134], [296, 283, 134])
1	0.7512205354858204	0.7676872847021412	([503, 43], [503, 473, 43])
1	0.5444360378078852	0.7677827561679337	([344, 221], [344, 279, 251])
1	0.7604689768679664	0.7678366787968711	([474, 58], [474, 147, 58])
1	0.7597637709004171	0.7679103169526406	([510, 286], [510, 360, 352])
1	0.7471401143764517	0.7679147914592996	([627, 58], [632, 616, 58])
1	0.7669560427204528	0.7680283174959261	([281, 66], [281, 239, 66])
1	0.7438909038262984	0.7680703886430169	([345, 65], [344, 304, 65])
1	0.7426010780755714	0.7682779108308602	([656, 139], [656, 651, 129])
1	0.767063522090033	0.7683260500729626	([280, 103], [280, 103, 44])
1	0.7417022541858802	0.7683462877418676	([288, 67], [268, 257, 67])
1	0.7667922446948433	0.7684559781405419	([488, 187], [488, 304, 187])
1	0.7564062154851879	0.7688015276094529	([468, 90], [468, 399, 90])
1	0.7591288028184596	0.7688308046071787	([624, 63], [624, 622, 63])
1	0.7639925335363998	0.7690394067421618	([511, 152], [511, 152, 112])
1	0.7478782087232048	0.7691775345634646	([326, 68], [326, 241, 197])
1	0.7540363366888636	0.7691803184571427	([364, 12], [382, 364, 12])
1	0.764382670234498	0.7691918017433985	([666, 269], [666, 303, 269])
1	0.7624103232855693	0.7691918017433985	([647, 303], [666, 647, 303])
1	0.5951626337532658	0.7692553482656591	([345, 38], [345, 81, 65])
1	0.7648713509069236	0.7697355838096679	([643, 352], [643, 503, 352])
1	0.7573307298338011	0.7698211820089519	([486, 137], [704, 486, 137])
1	0.7697489969357099	0.7699189206852066	([264, 51], [264, 196, 51])
1	0.765007104413371	0.7699514836633139	([308, 120], [308, 302, 120])
1	0.7448660640631074	0.7699620525810444	([329, 105], [329, 261, 124])
1	0.7427078887686115	0.7699683044516469	([537, 326], [537, 420, 417])
1	0.7633499578730237	0.7701627624474908	([626, 111], [626, 111, 62])
1	0.7666736538665634	0.7703990364302826	([558, 295], [558, 395, 347])
1	0.7651573518775077	0.7704249271595097	([666, 6], [718, 666, 6])
1	0.7689748863026745	0.770520360935887	([586, 327], [586, 351, 327])
1	0.7690925571358197	0.7707041224366217	([684, 209], [684, 209, 10])
1	0.7314018514674624	0.7707041224366217	([684, 63], [688, 684, 10])
1	0.7300126120752805	0.7710188936051441	([640, 204], [640, 486, 471])
1	0.643618216155872	0.7711191795620814	([522, 39], [522, 431, 396])
1	0.763259418594194	0.7713272974398511	([661, 400], [661, 486, 480])
1	0.5668070318152638	0.7715888462494679	([263, 38], [345, 263, 238])
1	0.7625105494056913	0.7716645905354619	([687, 117], [705, 639, 106])
1	0.7389301446184348	0.771723378151173	([408, 91], [408, 336, 119])
1	0.767636608875341	0.7717907916262536	([487, 149], [487, 465, 193])
1	0.765913585210159	0.7717907916262536	([465, 193], [504, 487, 193])
1	0.7706918322194304	0.7718372618788658	([718, 345], [718, 704, 345])
1	0.7624858674180509	0.7719091301808516	([417, 101], [514, 417, 358])
1	0.7706487944328699	0.7720493901038465	([353, 123], [353, 326, 123])
1	0.7709465909715151	0.7723330090907986	([479, 126], [479, 408, 119])
1	0.7529649213984558	0.7725850348493897	([335, 21], [335, 155, 21])
1	0.7557313354785574	0.7726084024967976	([312, 74], [312, 78, 74])
1	0.7455813954663267	0.7727964145695143	([523, 178], [523, 513, 141])
1	0.7720012775485771	0.7730047637122013	([384, 83], [384, 164, 144])
1	0.7616548006285528	0.7730348299148052	([615, 103], [621, 615, 103])
1	0.7681740075990444	0.7731696192860814	([441, 260], [441, 301, 260])
1	0.7652114723836434	0.7731696192860814	([441, 58], [441, 322, 301])
1	0.7402154018782969	0.7733202155428665	([623, 259], [623, 334, 259])
1	0.764313923946622	0.7733921200071944	([539, 382], [539, 479, 382])
1	0.7704124574067412	0.7733928387132154	([686, 271], [686, 358, 271])
1	0.76993530783901	0.7735201551832301	([526, 313], [526, 396, 319])
1	0.7500876859179912	0.7739337120831246	([651, 180], [651, 192, 180])
1	0.7728798033886953	0.7740459769534532	([246, 30], [246, 244, 19])
1	0.7728391986306806	0.7743624666496881	([619, 330], [619, 469, 406])
1	0.7711491345201339	0.7745003687668552	([541, 325], [541, 487, 370])
1	0.7666392082624611	0.7745903734671388	([426, 180], [426, 402, 180])
1	0.7598097793569653	0.7747841463320618	([700, 490], [700, 649, 490])
1	0.7566367184291293	0.7748863640011214	([722, 153], [722, 694, 153])
1	0.7456747459553081	0.7749700658329628	([514, 101], [417, 305, 189])
1	0.766177285039234	0.7750462012215007	([274, 24], [250, 172, 167])
1	0.7726954430858153	0.7751435060816473	([361, 113], [361, 349, 113])
1	0.7675844187455882	0.7752336981698267	([617, 13], [617, 110, 9])
1	0.588265270704673	0.77557762273548	([512, 38], [512, 345, 65])
1	0.7458755516137608	0.7758768887222219	([720, 117], [720, 117, 116])
1	0.7602677681730448	0.776006311023286	([632, 315], [632, 399, 369])
1	0.761022647432043	0.7760340372110351	([502, 47], [668, 502, 47])
1	0.7582347986836018	0.776335212324048	([716, 120], [716, 192, 112])
1	0.7653814068819953	0.7763708298723165	([576, 354], [576, 399, 332])
1	0.773278615707828	0.7763865016990633	([688, 464], [688, 621, 464])
1	0.7590701633294843	0.7765550051734171	([331, 66], [331, 278, 66])
1	0.7605809611933334	0.7766002232686386	([671, 447], [671, 667, 447])
1	0.7729994581525207	0.7768082656321761	([478, 21], [478, 141, 3])
1	0.7562258192596818	0.777054398571088	([684, 426], [684, 605, 426])
1	0.605272945142642	0.777219874738418	([121, 61], [170, 121, 61])
1	0.7685697296745004	0.7772234054699961	([486, 33], [486, 194, 89])
1	0.7664655935168472	0.7772925040790993	([630, 127], [630, 618, 192])
1	0.7603927224124712	0.7773564619652085	([681, 253], [681, 661, 229])
1	0.748173039152877	0.7775009678149415	([661, 273], [661, 347, 337])
1	0.7441645323043102	0.7776073317734494	([510, 128], [510, 229, 208])
1	0.5365398164651816	0.7776332163817401	([268, 221], [268, 251, 221])
1	0.7634399408847912	0.7776549894397633	([647, 44], [647, 608, 35])
1	0.7754442035268854	0.7778690866457999	([574, 12], [665, 574, 545])
1	0.7688810140007564	0.7778847231580535	([683, 440], [683, 636, 572])
1	0.7725458460402794	0.777936040992868	([537, 264], [537, 502, 264])
1	0.7766330062159199	0.7781880688576173	([660, 353], [660, 589, 353])
1	0.7747910637340559	0.7782904993554927	([694, 362], [720, 694, 362])
1	0.7772372437932333	0.7784009444782024	([412, 5], [412, 319, 28])
1	0.7764962159854241	0.7787458069678725	([683, 525], [683, 662, 525])
1	0.7699441349622793	0.7788332016170078	([644, 346], [644, 589, 346])
1	0.7642907540732714	0.7790595466900353	([655, 142], [663, 655, 142])
1	0.7757533876053327	0.7792066553783057	([516, 177], [516, 326, 302])
1	0.7744978130569906	0.779278100455563	([492, 262], [492, 486, 262])
1	0.7663691699896171	0.779285737520949	([672, 239], [672, 665, 239])
1	0.7609276633242115	0.7796310663256236	([707, 149], [707, 666, 149])
1	0.7669135139657777	0.7797909684027319	([389, 68], [389, 323, 68])
1	0.7684293642652883	0.7798196781665662	([480, 127], [480, 370, 77])
1	0.7772121214818735	0.7799123829863626	([481, 166], [481, 294, 281])
1	0.7674068604028218	0.7799893811954345	([362, 115], [362, 120, 115])
1	0.7658686022160066	0.7802019620042321	([629, 131], [629, 618, 131])
1	0.7666812780521304	0.7802103822041134	([514, 199], [514, 513, 199])
1	0.7734230646396523	0.7804147001579713	([645, 373], [645, 443, 432])
1	0.7797979971158533	0.7805431597900032	([713, 188], [713, 662, 231])
1	0.7523648973240038	0.7806651999901433	([314, 17], [314, 166, 81])
1	0.7801196317803446	0.7806842264637147	([588, 197], [588, 287, 197])
1	0.5729020282094393	0.780762082550506	([430, 61], [469, 138, 9])
1	0.7775043581297939	0.7810221860052281	([661, 170], [661, 208, 170])
1	0.7443054233112357	0.7810413404393299	([706, 191], [706, 191, 49])
1	0.7800976223628544	0.7810440859630304	([604, 122], [643, 604, 122])
1	0.7624883959686519	0.7810440859630304	([645, 122], [645, 643, 122])
1	0.7798057777099139	0.7813224260244335	([642, 176], [656, 642, 176])
1	0.7671975869743919	0.7815815184559497	([416, 167], [461, 416, 167])
1	0.7812500394974989	0.7824722731474575	([508, 133], [508, 144, 133])
1	0.7740782188798974	0.7824986863472772	([542, 257], [542, 323, 298])
1	0.78185200665385	0.78252338350898	([545, 268], [545, 324, 268])
1	0.7505537730819444	0.7826839825995999	([434, 23], [434, 379, 13])
1	0.7816173295203499	0.7828071238185033	([511, 268], [511, 335, 268])
1	0.7682263380962819	0.7828402570659916	([720, 302], [720, 302, 240])
1	0.7808227853341079	0.7831210587657141	([354, 64], [354, 348, 64])
1	0.7825027179597651	0.7832151242477835	([577, 245], [577, 375, 245])
1	0.7701381205103872	0.7832234732988327	([689, 396], [689, 536, 371])
1	0.7723390696505209	0.7832982079288121	([680, 265], [680, 667, 265])
1	0.7777138098279786	0.7834350389795018	([502, 171], [502, 171, 147])
1	0.7816128733642024	0.7838183794301321	([521, 33], [521, 486, 390])
1	0.7615814543474885	0.784038308234786	([458, 122], [482, 458, 1])
1	0.5433321985652277	0.7843849145963409	([663, 40], [663, 211, 200])
1	0.7693745897387878	0.784618673035737	([411, 73], [415, 411, 73])
1	0.5128770917299829	0.784796806356869	([663, 221], [663, 268, 8])
1	0.7790222839599381	0.7848910391393339	([636, 277], [636, 624, 130])
1	0.7662516640139623	0.785047985886764	([466, 131], [466, 131, 84])
1	0.7766923523043383	0.785942609581231	([697, 195], [697, 195, 167])
1	0.7822846417858833	0.786010715348009	([560, 258], [560, 388, 340])
1	0.7796693746402039	0.7865501410507689	([595, 86], [595, 476, 86])
1	0.7698766558847968	0.7866322010599488	([664, 305], [664, 588, 305])
1	0.7773373891668726	0.7867762585646537	([598, 15], [598, 541, 15])
1	0.7690339108123331	0.7872867419432924	([719, 264], [719, 626, 264])
1	0.7781678992048489	0.7873167738070069	([687, 262], [687, 673, 237])
1	0.7872857232483532	0.7874900963105009	([693, 101], [693, 682, 101])
1	0.7818423334036353	0.7876005938663028	([642, 393], [666, 642, 393])
1	0.7535661729788455	0.7876913235694681	([581, 191], [581, 488, 58])
1	0.7626515899062463	0.7883016099897122	([479, 29], [479, 446, 29])
1	0.7756405932589926	0.7891433563261954	([679, 357], [679, 533, 511])
1	0.7711515798676238	0.7891692099288231	([537, 195], [602, 585, 195])
1	0.784888272747961	0.7894111763700223	([496, 19], [496, 88, 87])
1	0.7664059348682517	0.7897114301590333	([711, 275], [711, 275, 212])
1	0.7725545942812494	0.7902253741232894	([458, 76], [434, 394, 76])
1	0.7803482906418698	0.7904279418991804	([655, 306], [655, 306, 279])
1	0.7760534108676421	0.79062374370328	([480, 22], [480, 254, 22])
1	0.5969609648401675	0.7909744132629741	([642, 38], [642, 143, 119])
1	0.5977119346291732	0.7912057527592119	([400, 40], [400, 41, 40])
1	0.7861374447378684	0.7917501098256513	([659, 255], [659, 552, 297])
1	0.7805408104832094	0.7920988219036307	([607, 77], [607, 449, 352])
1	0.7751672145986578	0.7921129826182755	([716, 289], [716, 289, 113])
1	0.7797240818851295	0.792297498466699	([648, 52], [648, 639, 52])
1	0.7847327634468665	0.7924825882423098	([482, 105], [638, 482, 460])
1	0.7777813184476474	0.7928348490910806	([660, 196], [660, 399, 353])
1	0.7801505497211049	0.7928906978277002	([598, 201], [598, 489, 357])
1	0.7510082394468139	0.7933206610238832	([678, 52], [705, 678, 52])
1	0.7929582139956327	0.7935460302652743	([534, 73], [597, 534, 73])
1	0.7783497595339803	0.7936259461007329	([560, 196], [660, 560, 469])
1	0.7688613850669689	0.7936895029398999	([588, 90], [588, 197, 90])
1	0.7836353050006575	0.7937976603689512	([670, 309], [670, 436, 309])
1	0.7764753820020619	0.7944438351893586	([690, 292], [704, 690, 292])
1	0.790835403917992	0.7952345165774508	([453, 183], [453, 372, 183])
1	0.767748435532223	0.7957767525103322	([605, 18], [605, 509, 18])
1	0.7945117330585976	0.79641680579344	([600, 72], [600, 136, 62])
1	0.7975435934506502	0.7978861776772137	([677, 291], [677, 410, 366])
1	0.7973330904351382	0.7982361999628855	([582, 124], [582, 255, 168])
1	0.7875115621911425	0.7983213507015782	([578, 32], [585, 578, 184])
1	0.795645992302228	0.7998190070779436	([538, 84], [546, 538, 20])
1	0.7909944255098336	0.7998190070779436	([594, 20], [662, 538, 20])
1	0.7893949047209996	0.8029580622912527	([716, 386], [716, 386, 301])
1	0.8015993900245334	0.8050625796959532	([539, 154], [539, 382, 377])
1	0.7778049579018878	0.8063809275361657	([544, 69], [544, 286, 69])
1	0.8043188555319811	0.8087827708825611	([559, 14], [559, 182, 119])
1	0.5499958240916625	0.8223060022614233	([248, 40], [248, 62, 40])
1	0.5669107636547243	0.8238971286127074	([415, 222], [527, 415, 312])
1	0.5526471461643919	0.825879393251236	([222, 140], [270, 222, 140])
1	0.5419943648660263	0.8333916525551129	([221, 108], [268, 221, 108])
1	0.5654979148187222	0.8335151470029286	([598, 40], [598, 84, 40])
1	0.5983094937643589	0.8460664052826141	([414, 38], [414, 95, 38])
1	0.5577845002721742	0.8490051842028549	([527, 222], [527, 235, 222])
1	0.49187468272931545	0.8759640800698942	([79, 0], [595, 79, 6])
1	0.48211320365393345	0.8806167985454374	([215, 214], [220, 219, 205])
1	0.4904597075667422	0.8818325547270401	([338, 227], [338, 337, 227])
1	0.4807870228124893	0.8899333557099925	([252, 228], [307, 252, 228])
1	0.463423026457174	0.8926134146341417	([224, 216], [307, 220, 207])
0	0.0	inf	([221], [])
