0	0.0	0.23425500588264728	([334], [334, 333])
0	0.0	0.23632054720107531	([353], [353, 352])
0	0.0	0.23833383966965235	([365], [365, 364])
0	0.0	0.24130864237675195	([24], [24, 23])
0	0.0	0.24224348421348588	([350], [350, 349])
0	0.0	0.24272206029114024	([300], [300, 299])
0	0.0	0.24340798306213002	([626], [626, 625])
0	0.0	0.24346131461318793	([588], [588, 587])
0	0.0	0.24474985912568045	([323], [323, 322])
0	0.0	0.24540476659258537	([89], [89, 88])
0	0.0	0.2457764044574021	([302], [302, 301])
0	0.0	0.24674395316569978	([585], [585, 584])
0	0.0	0.248976245032793	([327], [327, 326])
0	0.0	0.24956776139763334	([9], [9, 8])
0	0.0	0.25072951503570307	([634], [634, 633])
0	0.0	0.25126988776447784	([53], [53, 52])
0	0.0	0.251483526109563	([630], [630, 629])
0	0.0	0.25285973462600536	([5], [5, 4])
0	0.0	0.2530359648074537	([599], [599, 598])
0	0.0	0.2530535068858168	([612], [612, 611])
0	0.0	0.2538989120146256	([517], [517, 516])
0	0.0	0.25405905099782355	([642], [642, 641])
0	0.0	0.2545142003619907	([14], [14, 13])
0	0.0	0.25572771713896386	([653], [653, 652])
0	0.0	0.25717901196332305	([590], [590, 589])
0	0.0	0.25735845356651893	([617], [617, 616])
0	0.0	0.25750513181801393	([481], [481, 480])
0	0.0	0.25772221696383574	([20], [20, 19])
0	0.0	0.25781578092937696	([333], [333, 332])
0	0.0	0.2582153632297095	([562], [562, 561])
0	0.0	0.2584328441006223	([646], [646, 645])
0	0.0	0.2588482967385304	([3], [3, 2])
0	0.0	0.2588880363289553	([16], [16, 15])
0	0.0	0.25932868330658454	([607], [607, 606])
0	0.0	0.2596258017430942	([506], [506, 505])
0	0.0	0.25986370828637545	([344], [344, 343])
0	0.0	0.26005918501554254	([532], [532, 531])
0	0.0	0.2602594923419146	([337], [337, 336])
0	0.0	0.26128543621352734	([316], [316, 315])
0	0.0	0.2616098721215716	([361], [361, 360])
0	0.0	0.261709793177729	([609], [609, 608])
0	0.0	0.2617201528499926	([100], [100, 99])
0	0.0	0.26173659120542503	([85], [85, 84])
0	0.0	0.262033558524855	([673], [673, 672])
0	0.0	0.2625593855429166	([667], [667, 666])
0	0.0	0.2626054510770812	([392], [392, 391])
0	0.0	0.262780446906465	([583], [583, 582])
0	0.0	0.2627861222498846	([33], [33, 32])
0	0.0	0.26346905882763433	([345], [345, 344])
0	0.0	0.2640422423517808	([176], [176, 175])
0	0.0	0.2642082653221696	([660], [660, 659])
0	0.0	0.26462710455808186	([368], [368, 367])
0	0.0	0.2648251974876858	([603], [603, 602])
0	0.0	0.26483988278447335	([446], [446, 445])
0	0.0	0.26553725496997577	([636], [636, 635])
0	0.0	0.2655727442963221	([47], [47, 46])
0	0.0	0.2658909589830369	([629], [629, 628])
0	0.0	0.26590492754436046	([349], [349, 348])
0	0.0	0.26611059829764766	([444], [444, 443])
0	0.0	0.26649646805947735	([314], [314, 313])
0	0.0	0.26660254452418874	([287], [287, 286])
0	0.0	0.26719714353513824	([376], [376, 375])
0	0.0	0.26741381847053947	([13], [13, 12])
0	0.0	0.2674696137452722	([38], [38, 37])
0	0.0	0.26759905667328077	([663], [663, 662])
0	0.0	0.26773514547126476	([536], [536, 535])
0	0.0	0.26779764751075175	([305], [305, 304])
0	0.0	0.26800453596447366	([592], [592, 591])
0	0.0	0.2681639997409885	([624], [624, 623])
0	0.0	0.26831886899103624	([168], [168, 167])
0	0.0	0.2684055094403943	([342], [342, 341])
0	0.0	0.2685956608618298	([604], [604, 603])
0	0.0	0.26865021024377617	([70], [70, 69])
0	0.0	0.2687801245611421	([95], [95, 94])
0	0.0	0.26929469488278207	([670], [670, 669])
0	0.0	0.26943302697993393	([87], [87, 86])
0	0.0	0.26989600064120656	([438], [438, 437])
0	0.0	0.2703766020545514	([369], [369, 368])
0	0.0	0.27046067043812155	([546], [546, 545])
0	0.0	0.2705154575608156	([477], [477, 476])
0	0.0	0.2707967313601141	([347], [347, 346])
0	0.0	0.2708709709986622	([12], [12, 11])
0	0.0	0.2710867651041882	([385], [385, 384])
0	0.0	0.27112459112713383	([113], [113, 112])
0	0.0	0.27124643297235107	([648], [648, 647])
0	0.0	0.27135737295537715	([497], [497, 496])
0	0.0	0.27147519163394473	([150], [150, 149])
0	0.0	0.2714862677224881	([415], [415, 414])
0	0.0	0.27174695701646334	([470], [470, 469])
0	0.0	0.271873138690071	([338], [338, 337])
0	0.0	0.2719675247931114	([621], [621, 620])
0	0.0	0.271997590097487	([42], [42, 41])
0	0.0	0.2720266827698645	([132], [132, 131])
0	0.0	0.27207052643537805	([74], [74, 73])
0	0.0	0.2723277181210549	([228], [228, 227])
0	0.0	0.272514511786717	([313], [313, 312])
0	0.0	0.2727746143128313	([105], [105, 104])
0	0.0	0.27280262027054863	([657], [657, 656])
0	0.0	0.27298034352479117	([520], [520, 519])
0	0.0	0.27300782911647087	([504], [504, 503])
0	0.0	0.2734206352985927	([35], [35, 34])
0	0.0	0.27376902837306094	([154], [154, 153])
0	0.0	0.2738643108611109	([616], [616, 615])
0	0.0	0.2739008774645691	([182], [182, 181])
0	0.0	0.27393372582682346	([205], [205, 204])
0	0.0	0.273960051622998	([522], [522, 521])
0	0.0	0.2740045433276856	([474], [474, 473])
0	0.0	0.2742496135281002	([643], [643, 642])
0	0.0	0.2744494986472604	([548], [548, 547])
0	0.0	0.2745178941018025	([7], [7, 6])
0	0.0	0.27460824267642914	([605], [605, 604])
0	0.0	0.27468167170000807	([49], [49, 48])
0	0.0	0.274756443147821	([578], [578, 577])
0	0.0	0.27475841241495685	([220], [220, 219])
0	0.0	0.2748945214451793	([674], [674, 673])
0	0.0	0.27506130037698007	([315], [315, 314])
0	0.0	0.27506964855277505	([600], [600, 599])
0	0.0	0.2751596695461828	([75], [75, 74])
0	0.0	0.2755710549142177	([534], [534, 533])
0	0.0	0.2756033724930044	([135], [135, 134])
0	0.0	0.27603901166703876	([378], [378, 377])
0	0.0	0.27619382705257056	([541], [541, 540])
0	0.0	0.2762129891227145	([186], [186, 185])
0	0.0	0.2762581711482313	([380], [380, 379])
0	0.0	0.2762647635999561	([68], [68, 67])
0	0.0	0.2765526609453774	([594], [594, 593])
0	0.0	0.27655505908888717	([198], [198, 197])
0	0.0	0.2766065014151184	([101], [101, 100])
0	0.0	0.2766077121539493	([2], [2, 1])
0	0.0	0.2767610214265197	([372], [372, 371])
0	0.0	0.27766652136558334	([77], [77, 76])
0	0.0	0.2777324310460208	([582], [582, 581])
0	0.0	0.2777623634078834	([502], [502, 501])
0	0.0	0.27780059876662394	([329], [329, 328])
0	0.0	0.2779639954089236	([511], [511, 510])
0	0.0	0.2779873038013933	([672], [672, 671])
0	0.0	0.27800310644036147	([410], [410, 409])
0	0.0	0.27817085646477635	([564], [564, 563])
0	0.0	0.27843926342285125	([377], [377, 376])
0	0.0	0.27850927318535346	([478], [478, 477])
0	0.0	0.2785271547434571	([346], [346, 345])
0	0.0	0.2786618815509143	([591], [591, 590])
0	0.0	0.2786744472149076	([417], [417, 416])
0	0.0	0.2788470420622506	([614], [614, 613])
0	0.0	0.2791420630624719	([104], [104, 103])
0	0.0	0.27922674245264884	([324], [324, 323])
0	0.0	0.2793115225047481	([142], [142, 141])
0	0.0	0.27941919672202237	([412], [412, 411])
0	0.0	0.2795535845714818	([454], [454, 453])
0	0.0	0.2796544793589792	([620], [620, 619])
0	0.0	0.2798995375074905	([633], [633, 632])
0	0.0	0.27999517219917963	([370], [370, 369])
0	0.0	0.2800341338891236	([222], [222, 221])
0	0.0	0.2801129936634493	([494], [494, 493])
0	0.0	0.28053050563651455	([362], [362, 361])
0	0.0	0.28092228290316723	([675], [675, 674])
0	0.0	0.28097713869431107	([171], [171, 170])
0	0.0	0.2810717914421196	([383], [383, 382])
0	0.0	0.28131348741439083	([426], [426, 425])
0	0.0	0.2814306424540262	([400], [400, 399])
0	0.0	0.2815217564594353	([363], [363, 362])
0	0.0	0.2815396537203898	([79], [79, 78])
0	0.0	0.28185492767006026	([501], [501, 500])
0	0.0	0.2818976520577123	([542], [542, 541])
0	0.0	0.2819435407208121	([441], [441, 440])
0	0.0	0.2820509180331711	([598], [598, 597])
0	0.0	0.28207236978432404	([25], [25, 24])
0	0.0	0.2820804455273946	([149], [149, 148])
0	0.0	0.28208156146391866	([28], [28, 27])
0	0.0	0.2822013135409684	([371], [371, 370])
0	0.0	0.28221787509395824	([500], [500, 499])
0	0.0	0.2822938489449828	([211], [211, 210])
0	0.0	0.2827907452865796	([221], [221, 220])
0	0.0	0.28290336077936523	([189], [189, 188])
0	0.0	0.28303367182910616	([615], [615, 614])
0	0.0	0.2830473216360632	([209], [209, 208])
0	0.0	0.2832435713037287	([575], [575, 574])
0	0.0	0.28353695659533285	([322], [322, 321])
0	0.0	0.28407805143655634	([210], [210, 209])
0	0.0	0.2840993137295151	([413], [413, 412])
0	0.0	0.28411080060390864	([109], [109, 108])
0	0.0	0.28413089568449496	([638], [638, 637])
0	0.0	0.28418059411031193	([384], [384, 383])
0	0.0	0.28419286054903137	([45], [45, 44])
0	0.0	0.2842970522903472	([528], [528, 527])
0	0.0	0.28432601642071786	([91], [91, 90])
0	0.0	0.28455917563529365	([336], [336, 335])
0	0.0	0.284665793688495	([547], [547, 546])
0	0.0	0.2847144629100262	([597], [597, 596])
0	0.0	0.2847613421131214	([214], [214, 213])
0	0.0	0.28484268437000954	([619], [619, 618])
0	0.0	0.2849878579825556	([524], [524, 523])
0	0.0	0.2850182318990458	([96], [96, 95])
0	0.0	0.2851230612538723	([658], [658, 657])
0	0.0	0.2851563995791599	([295], [295, 294])
0	0.0	0.2853584560494987	([55], [55, 54])
0	0.0	0.28560357304230644	([514], [514, 513])
0	0.0	0.28561346448522684	([348], [348, 347])
0	0.0	0.2857269301950436	([456], [456, 455])
0	0.0	0.2857531437968307	([163], [163, 162])
0	0.0	0.2858633651679468	([331], [331, 330])
0	0.0	0.2858924875122878	([568], [568, 567])
0	0.0	0.2860426721417324	([159], [159, 158])
0	0.0	0.2862978166088927	([158], [158, 157])
0	0.0	0.2865160983329647	([110], [110, 109])
0	0.0	0.2865657032311839	([15], [15, 14])
0	0.0	0.2865853040107419	([625], [625, 624])
0	0.0	0.28676324790321145	([167], [167, 166])
0	0.0	0.2867883962442945	([29], [29, 28])
0	0.0	0.28692198275618724	([632], [632, 631])
0	0.0	0.28694800748451965	([375], [375, 374])
0	0.0	0.28702682310630845	([339], [339, 338])
0	0.0	0.2873287419151486	([573], [573, 572])
0	0.0	0.28736969110884414	([453], [453, 452])
0	0.0	0.28741449058922064	([439], [439, 438])
0	0.0	0.2874469113779368	([218], [218, 217])
0	0.0	0.2876607972274579	([571], [571, 570])
0	0.0	0.28768356828496205	([637], [637, 636])
0	0.0	0.2878026708776466	([659], [659, 658])
0	0.0	0.287854303873804	([668], [668, 667])
0	0.0	0.2880433452373184	([644], [644, 643])
0	0.0	0.28805603520316986	([125], [125, 124])
0	0.0	0.2880880091739784	([436], [436, 435])
0	0.0	0.2881287401870679	([493], [493, 492])
0	0.0	0.2882518000956854	([656], [656, 655])
0	0.0	0.2889933930057479	([148], [148, 147])
0	0.0	0.289185493095031	([200], [200, 199])
0	0.0	0.2893785454919342	([97], [97, 96])
0	0.0	0.2894239849139463	([452], [452, 451])
0	0.0	0.2896835199377887	([99], [99, 98])
0	0.0	0.2898149009868131	([671], [671, 670])
0	0.0	0.2898664880777522	([664], [664, 663])
0	0.0	0.28991183695594386	([340], [340, 339])
0	0.0	0.2901251992845333	([483], [483, 482])
0	0.0	0.29015467697611663	([557], [557, 556])
0	0.0	0.290565975064563	([162], [162, 161])
0	0.0	0.29064206971095896	([22], [22, 21])
0	0.0	0.2908780802429928	([48], [48, 47])
0	0.0	0.29121213714786487	([455], [455, 454])
0	0.0	0.2912296412767863	([463], [463, 462])
0	0.0	0.29125169465822803	([458], [458, 457])
0	0.0	0.29149505152514665	([639], [639, 638])
0	0.0	0.29166944399945316	([46], [46, 45])
0	0.0	0.2917815375585342	([199], [199, 198])
0	0.0	0.2919147659015914	([88], [88, 87])
0	0.0	0.2919521139890463	([549], [549, 548])
0	0.0	0.29195831407186756	([544], [544, 543])
0	0.0	0.2922584301988798	([357], [357, 356])
0	0.0	0.2923009080533944	([219], [219, 218])
0	0.0	0.29233682063528293	([628], [628, 627])
0	0.0	0.2924464542210724	([572], [572, 571])
0	0.0	0.2926262599440226	([195], [195, 194])
0	0.0	0.29283290245842714	([325], [325, 324])
0	0.0	0.2928635351994929	([141], [141, 140])
0	0.0	0.29290837242175544	([545], [545, 544])
0	0.0	0.2931780755170166	([121], [121, 120])
0	0.0	0.29352307480280776	([354], [354, 353])
0	0.0	0.2939647160349885	([431], [431, 430])
0	0.0	0.29426968606205	([527], [527, 526])
0	0.0	0.2944370544785535	([67], [67, 66])
0	0.0	0.2946583618433189	([36], [36, 35])
0	0.0	0.29472588441787007	([498], [498, 497])
0	0.0	0.29474376635027083	([170], [170, 169])
0	0.0	0.2950278842786149	([669], [669, 668])
0	0.0	0.2950679391916554	([86], [86, 85])
0	0.0	0.2951861043822344	([409], [409, 408])
0	0.0	0.29533644316252994	([394], [394, 393])
0	0.0	0.2953624536112371	([467], [467, 466])
0	0.0	0.29544724500330305	([570], [570, 569])
0	0.0	0.2954804015349917	([133], [133, 132])
0	0.0	0.29555966552998564	([555], [555, 554])
0	0.0	0.29624660316836615	([80], [80, 79])
0	0.0	0.2962897787902493	([4], [4, 3])
0	0.0	0.2963934282500188	([515], [515, 514])
0	0.0	0.2969280127339064	([321], [321, 320])
0	0.0	0.2969708069633061	([126], [126, 125])
0	0.0	0.2969767880918984	([403], [403, 402])
0	0.0	0.29708911254650167	([108], [108, 107])
0	0.0	0.29713058609221715	([381], [381, 380])
0	0.0	0.2972235796038707	([146], [146, 145])
0	0.0	0.29732428884013756	([62], [62, 61])
0	0.0	0.2974762657513349	([116], [116, 115])
0	0.0	0.2977227273426616	([447], [447, 446])
0	0.0	0.2977564911908646	([647], [648, 646])
0	0.0	0.2977836387477441	([71], [71, 70])
0	0.0	0.2979085141134624	([579], [579, 578])
0	0.0	0.29815642514600066	([560], [560, 559])
0	0.0	0.298168899364452	([235], [235, 234])
0	0.0	0.2982123376058528	([580], [580, 579])
0	0.0	0.29823309020758737	([226], [226, 225])
0	0.0	0.29849728065269315	([666], [666, 665])
0	0.0	0.29850644321075154	([157], [157, 156])
0	0.0	0.2986585571817093	([414], [414, 413])
0	0.0	0.2990315765788065	([459], [459, 458])
0	0.0	0.2990843136548599	([93], [93, 92])
0	0.0	0.29913107171325726	([343], [343, 342])
0	0.0	0.2994662097163845	([561], [561, 560])
0	0.0	0.299471394392891	([519], [519, 518])
0	0.0	0.2996739593514955	([144], [144, 143])
0	0.0	0.30017375531000356	([397], [397, 396])
0	0.0	0.3004504046214347	([227], [228, 226])
0	0.0	0.3004768719124121	([204], [204, 203])
0	0.0	0.3005824521833046	([234], [234, 233])
0	0.0	0.30058396772406276	([301], [301, 300])
0	0.0	0.30093406017877217	([533], [533, 532])
0	0.0	0.3009908059785945	([78], [78, 77])
0	0.0	0.30106049731532475	([364], [364, 363])
0	0.0	0.30152254236138215	([160], [160, 159])
0	0.0	0.30187376600153815	([574], [574, 573])
0	0.0	0.30214693051219765	([247], [247, 246])
0	0.0	0.3021786575956007	([92], [92, 91])
0	0.0	0.3021885305588418	([488], [488, 487])
0	0.0	0.3024435665845645	([145], [145, 144])
0	0.0	0.30244920513591284	([508], [508, 507])
0	0.0	0.3024600712507838	([457], [457, 456])
0	0.0	0.30265201721588947	([535], [535, 534])
0	0.0	0.3027112193551744	([140], [140, 139])
0	0.0	0.30322278217034787	([208], [208, 207])
0	0.0	0.3033173965745816	([618], [618, 617])
0	0.0	0.303445493451041	([586], [586, 585])
0	0.0	0.3034774959103268	([665], [665, 664])
0	0.0	0.30353900958273555	([69], [69, 68])
0	0.0	0.3038055851095283	([491], [491, 490])
0	0.0	0.3038456140477333	([464], [464, 463])
0	0.0	0.30384927931530964	([174], [174, 173])
0	0.0	0.3039519324910197	([581], [581, 580])
0	0.0	0.30409053231614436	([63], [63, 62])
0	0.0	0.3041548667962298	([465], [465, 464])
0	0.0	0.30445469924386326	([137], [137, 136])
0	0.0	0.30480775037115976	([652], [652, 651])
0	0.0	0.30520499602304285	([207], [207, 206])
0	0.0	0.30524143593629866	([102], [102, 101])
0	0.0	0.30526129232616056	([64], [64, 63])
0	0.0	0.30558923137763994	([39], [39, 38])
0	0.0	0.3058717819036437	([98], [98, 97])
0	0.0	0.305949717445869	([326], [326, 325])
0	0.0	0.3060205406381506	([188], [188, 187])
0	0.0	0.30629534816828763	([183], [183, 182])
0	0.0	0.30638135717559056	([610], [610, 609])
0	0.0	0.30691610880493675	([471], [471, 470])
0	0.0	0.3069520004619011	([130], [130, 129])
0	0.0	0.30696524724386576	([589], [589, 588])
0	0.0	0.30699710771972943	([51], [51, 50])
0	0.0	0.3070206296092432	([391], [391, 390])
0	0.0	0.30705307071283566	([117], [117, 116])
0	0.0	0.30722224021741373	([529], [529, 528])
0	0.0	0.30723673228980847	([296], [296, 295])
0	0.0	0.3074316288620979	([37], [37, 36])
0	0.0	0.30768193256515214	([565], [565, 564])
0	0.0	0.3078791886063784	([308], [308, 307])
0	0.0	0.3079444405964423	([312], [312, 311])
0	0.0	0.30803895246674123	([566], [566, 565])
0	0.0	0.3081205360247862	([559], [559, 558])
0	0.0	0.30814895553975996	([424], [424, 423])
0	0.0	0.3082258730347598	([240], [240, 239])
0	0.0	0.3085228156111518	([627], [627, 626])
0	0.0	0.308568537101758	([430], [430, 429])
0	0.0	0.3087209885875242	([472], [472, 471])
0	0.0	0.3088178398856639	([468], [468, 467])
0	0.0	0.30884744982306983	([593], [593, 592])
0	0.0	0.3088937302408405	([173], [173, 172])
0	0.0	0.30927276980218255	([567], [567, 566])
0	0.0	0.3094135329144822	([526], [526, 525])
0	0.0	0.30972733654558693	([611], [611, 610])
0	0.0	0.30980970864602564	([134], [134, 133])
0	0.0	0.30982269818694347	([6], [7, 5])
0	0.0	0.3098395010565396	([587], [587, 586])
0	0.0	0.30986806304807724	([523], [523, 522])
0	0.0	0.3099204013843391	([335], [335, 334])
0	0.0	0.3100755975102685	([606], [606, 605])
0	0.0	0.31009910576888644	([26], [26, 25])
0	0.0	0.31089863541268004	([356], [356, 355])
0	0.0	0.3109646929190338	([180], [180, 179])
0	0.0	0.31142815740040697	([387], [387, 386])
0	0.0	0.3116556371050605	([543], [543, 542])
0	0.0	0.31169373017703444	([320], [320, 319])
0	0.0	0.31170894121678683	([558], [558, 557])
0	0.0	0.311713043467014	([307], [307, 306])
0	0.0	0.31172908996722054	([631], [631, 630])
0	0.0	0.31185516517476514	([435], [436, 434])
0	0.0	0.3121018078181575	([341], [341, 340])
0	0.0	0.31226730553630705	([90], [90, 89])
0	0.0	0.3123064885023419	([34], [34, 33])
0	0.0	0.3123996797511913	([366], [366, 365])
0	0.0	0.3125970590609113	([224], [224, 223])
0	0.0	0.312617234649179	([166], [166, 165])
0	0.0	0.31275371131472035	([61], [61, 60])
0	0.0	0.3129218598389751	([30], [30, 29])
0	0.0	0.31300386270363084	([373], [373, 372])
0	0.0	0.31310256558431415	([50], [50, 49])
0	0.0	0.31329501996271725	([427], [427, 426])
0	0.0	0.31333362337584986	([395], [395, 394])
0	0.0	0.31350255984908015	([143], [143, 142])
0	0.0	0.31357687138152956	([382], [382, 381])
0	0.0	0.31366421568051794	([318], [318, 317])
0	0.0	0.31397956755570894	([451], [451, 450])
0	0.0	0.3143348222546135	([480], [480, 479])
0	0.0	0.31433895340971607	([31], [31, 30])
0	0.0	0.31446571806518325	([433], [433, 432])
0	0.0	0.3147401697360841	([175], [176, 174])
0	0.0	0.31479600523003376	([399], [399, 398])
0	0.0	0.31538419843383964	([374], [374, 373])
0	0.0	0.31540611834108206	([172], [172, 171])
0	0.0	0.31541034289931563	([577], [577, 576])
0	0.0	0.31543449411785407	([115], [115, 114])
0	0.0	0.3154456077479472	([332], [332, 331])
0	0.0	0.3155211738179251	([328], [328, 327])
0	0.0	0.31559532185982625	([421], [421, 419])
0	0.0	0.31582930011723986	([584], [584, 583])
0	0.0	0.3159784867788534	([367], [367, 366])
0	0.0	0.3160131098374876	([185], [185, 184])
0	0.0	0.31609986952498187	([360], [360, 359])
0	0.0	0.31614078013109226	([418], [418, 417])
0	0.0	0.31637198631752833	([212], [212, 211])
0	0.0	0.3164058369827915	([596], [596, 595])
0	0.0	0.3165094060260353	([309], [309, 308])
0	0.0	0.3165721811219677	([622], [622, 621])
0	0.0	0.31663183500267444	([386], [386, 385])
0	0.0	0.31663598559911343	([429], [429, 428])
0	0.0	0.3166482171432993	([225], [225, 224])
0	0.0	0.3166795756806296	([649], [649, 648])
0	0.0	0.3167015054639908	([425], [425, 424])
0	0.0	0.3167812325939212	([411], [411, 408])
0	0.0	0.31688425524130087	([448], [448, 447])
0	0.0	0.3169342733041207	([118], [118, 117])
0	0.0	0.31712444868092377	([184], [184, 183])
0	0.0	0.31726914301106973	([487], [487, 486])
0	0.0	0.3174095196735013	([82], [82, 80])
0	0.0	0.317429068106287	([193], [193, 192])
0	0.0	0.31777579504386977	([525], [525, 524])
0	0.0	0.31808323487257795	([351], [351, 350])
0	0.0	0.318176897979734	([531], [531, 530])
0	0.0	0.31822400035852577	([645], [645, 644])
0	0.0	0.31823521990279124	([389], [389, 388])
0	0.0	0.31831593281306664	([306], [306, 305])
0	0.0	0.3183352709829799	([352], [352, 351])
0	0.0	0.31834493437492156	([484], [484, 483])
0	0.0	0.31836115572755624	([213], [213, 212])
0	0.0	0.31850457663077386	([57], [57, 56])
0	0.0	0.318637421103315	([239], [239, 238])
0	0.0	0.31867849393378844	([128], [128, 127])
0	0.0	0.3187634762965299	([319], [319, 318])
0	0.0	0.3189292105871384	([402], [402, 401])
0	0.0	0.31947037289451724	([107], [107, 106])
0	0.0	0.31952403553450254	([129], [129, 128])
0	0.0	0.3195582248090622	([19], [19, 18])
0	0.0	0.31962740129126044	([94], [94, 93])
0	0.0	0.31974332195698196	([217], [217, 216])
0	0.0	0.3197726542148539	([192], [192, 191])
0	0.0	0.31978661985974	([243], [243, 242])
0	0.0	0.3198464914263385	([187], [187, 186])
0	0.0	0.319888142349752	([44], [44, 43])
0	0.0	0.3202700440901805	([76], [76, 75])
0	0.0	0.3202718305320208	([169], [169, 168])
0	0.0	0.32037814278961346	([56], [56, 55])
0	0.0	0.32055792586110704	([65], [65, 64])
0	0.0	0.32066673558525954	([442], [442, 440])
0	0.0	0.32075261115090115	([297], [297, 296])
0	0.0	0.32086037970179565	([84], [84, 83])
0	0.0	0.3208784610605084	([330], [330, 329])
0	0.0	0.3213036387950744	([635], [635, 634])
0	0.0	0.3213636359708614	([10], [10, 8])
0	0.0	0.3215260245254453	([103], [103, 102])
0	0.0	0.32167268716330744	([165], [165, 164])
0	0.0	0.32188231979468573	([127], [127, 126])
0	0.0	0.32195247336933175	([17], [17, 16])
0	0.0	0.321984189983195	([236], [236, 235])
0	0.0	0.32213212548392245	([120], [120, 119])
0	0.0	0.3221604087442216	([151], [151, 150])
0	0.0	0.32246979183078217	([18], [18, 17])
0	0.0	0.3231081669329787	([27], [27, 26])
0	0.0	0.3231780985588227	([223], [223, 222])
0	0.0	0.32335484648883084	([379], [379, 378])
0	0.0	0.32339886547880703	([556], [556, 555])
0	0.0	0.3236289740830632	([434], [434, 433])
0	0.0	0.323727988077794	([299], [299, 298])
0	0.0	0.3238159195182079	([654], [654, 652])
0	0.0	0.3238874637893156	([119], [119, 118])
0	0.0	0.32412476526229067	([60], [60, 59])
0	0.0	0.324276003909781	([516], [516, 515])
0	0.0	0.32435902122569577	([476], [478, 475])
0	0.0	0.3245078855250494	([66], [66, 65])
0	0.0	0.3245707623525738	([131], [131, 130])
0	0.0	0.324659591908572	([52], [52, 51])
0	0.0	0.3246886530753279	([432], [432, 431])
0	0.0	0.32510259672836256	([475], [475, 474])
0	0.0	0.32543745116558204	([83], [83, 82])
0	0.0	0.3254592540572165	([106], [106, 105])
0	0.0	0.32547412065216125	([283], [283, 281])
0	0.0	0.32576760296172325	([422], [422, 421])
0	0.0	0.3259185014798195	([420], [420, 419])
0	0.0	0.3260939395444461	([461], [461, 460])
0	0.0	0.3263436699943107	([538], [538, 537])
0	0.0	0.32636612742853055	([153], [154, 151])
0	0.0	0.32636815726510476	([569], [569, 568])
0	0.0	0.32647769867367543	([601], [601, 600])
0	0.0	0.3266399722770826	([156], [156, 155])
0	0.0	0.3269924846096977	([563], [563, 562])
0	0.0	0.32702254721626656	([136], [136, 135])
0	0.0	0.3275174653933363	([440], [440, 439])
0	0.0	0.3280559312465498	([23], [23, 22])
0	0.0	0.32815451006572144	([492], [492, 491])
0	0.0	0.32835053378316126	([388], [388, 387])
0	0.0	0.3285497178025948	([521], [521, 520])
0	0.0	0.32855561959071045	([181], [181, 180])
0	0.0	0.3287685562530725	([21], [22, 20])
0	0.0	0.3294008661879951	([485], [485, 484])
0	0.0	0.3299539700569886	([406], [406, 405])
0	0.0	0.33019610793062665	([623], [623, 622])
0	0.0	0.33046501513810106	([11], [11, 10])
0	0.0	0.33047362115750933	([650], [650, 649])
0	0.0	0.3309782064594168	([401], [401, 400])
0	0.0	0.330991153959349	([72], [72, 71])
0	0.0	0.33104566026293714	([298], [298, 297])
0	0.0	0.33130468709749933	([122], [122, 121])
0	0.0	0.3317261262453482	([499], [499, 498])
0	0.0	0.3319981228928596	([602], [602, 601])
0	0.0	0.3323129037470489	([54], [54, 53])
0	0.0	0.33237487988980563	([466], [466, 465])
0	0.0	0.3324136927278059	([1], [1, 0])
0	0.0	0.33247370823093664	([233], [233, 232])
0	0.0	0.33263535833418234	([537], [537, 536])
0	0.0	0.33286363927710694	([139], [139, 138])
0	0.0	0.333069438766252	([178], [178, 177])
0	0.0	0.33340239553841156	([486], [486, 485])
0	0.0	0.3338063805190857	([396], [396, 395])
0	0.0	0.3338221662477669	([460], [460, 459])
0	0.0	0.33392865214172135	([595], [595, 594])
0	0.0	0.3340360819892447	([530], [530, 529])
0	0.0	0.33407033371948097	([390], [390, 389])
0	0.0	0.3342289275525691	([317], [317, 316])
0	0.0	0.3346517952906662	([576], [576, 575])
0	0.0	0.33513296710602014	([179], [179, 178])
0	0.0	0.3352533177255515	([73], [73, 72])
0	0.0	0.33571206193947073	([216], [216, 214])
0	0.0	0.3358894771224458	([355], [355, 354])
0	0.0	0.3367199870726764	([518], [518, 517])
0	0.0	0.337608283356123	([32], [32, 31])
0	0.0	0.3381443552529392	([238], [238, 237])
0	0.0	0.33814822839516917	([641], [641, 640])
0	0.0	0.33923289837055587	([490], [490, 489])
0	0.0	0.3401006690580234	([443], [443, 442])
0	0.0	0.34041587945527013	([507], [507, 506])
0	0.0	0.34048137651861926	([43], [43, 42])
0	0.0	0.3406077059281485	([661], [661, 660])
0	0.0	0.34073655887894266	([398], [398, 397])
0	0.0	0.34124431910868386	([407], [407, 406])
0	0.0	0.3412713502081934	([161], [161, 160])
0	0.0	0.34141218371162446	([613], [613, 612])
0	0.0	0.34180478347697196	([554], [556, 552])
0	0.0	0.34205067601556455	([358], [358, 357])
0	0.0	0.3420547428230182	([237], [237, 236])
0	0.0	0.3421947307669189	([164], [164, 163])
0	0.0	0.34259918533617434	([489], [489, 488])
0	0.0	0.34290211557317274	([552], [552, 551])
0	0.0	0.343166683451934	([473], [473, 472])
0	0.0	0.3432079678366466	([423], [423, 422])
0	0.0	0.3442243185805215	([416], [416, 415])
0	0.0	0.3456548215390134	([445], [445, 444])
0	0.0	0.3463868976414212	([469], [469, 468])
0	0.0	0.3467998231632807	([267], [267, 262])
0	0.0	0.34703667361314683	([662], [662, 661])
1	0.34449747230303523	0.3475502865361694	([554, 552], [556, 555, 552])
0	0.0	0.3477893124251902	([408], [408, 407])
0	0.0	0.3481252231187743	([640], [640, 639])
0	0.0	0.348771464382093	([269], [269, 265])
0	0.0	0.3488413330911133	([505], [505, 504])
0	0.0	0.3491052853945587	([155], [155, 154])
0	0.0	0.34952490316537554	([206], [206, 205])
0	0.0	0.34957633396767585	([8], [8, 7])
0	0.0	0.34962489638274513	([655], [655, 654])
0	0.0	0.35172975338586465	([462], [462, 461])
0	0.0	0.3518957728435464	([405], [405, 403])
0	0.0	0.3519646968247716	([194], [194, 193])
0	0.0	0.3519717771103455	([310], [310, 309])
0	0.0	0.3528770264699747	([242], [242, 241])
0	0.0	0.3543064055177596	([651], [651, 650])
0	0.0	0.3547135120672761	([138], [138, 137])
0	0.0	0.35493757699241263	([503], [503, 502])
0	0.0	0.3549506023968576	([246], [246, 245])
1	0.35347413305128317	0.35504961942649266	([427, 423], [427, 425, 424])
0	0.0	0.3551509827839052	([245], [245, 242])
0	0.0	0.3565954696004101	([553], [553, 552])
0	0.0	0.35887166615760047	([285], [285, 284])
0	0.0	0.3591717424440724	([270], [270, 254])
0	0.0	0.3593582255626588	([419], [419, 418])
0	0.0	0.3605554614413587	([114], [114, 113])
0	0.0	0.36066799426813556	([177], [177, 176])
1	0.35734640921244365	0.361204479711724	([212, 207], [212, 210, 208])
0	0.0	0.36123768442140325	([449], [449, 448])
0	0.0	0.36174750844503434	([428], [428, 427])
0	0.0	0.36186011339595076	([513], [513, 511])
0	0.0	0.36204386974847125	([608], [608, 607])
0	0.0	0.3623848987772012	([191], [191, 189])
0	0.0	0.3628251187450327	([284], [284, 283])
0	0.0	0.36416532292310666	([450], [450, 448])
0	0.0	0.3644257087745798	([112], [112, 111])
0	0.0	0.3647615433452415	([281], [281, 279])
0	0.0	0.3656676819276967	([393], [393, 392])
0	0.0	0.3667492122130641	([311], [311, 310])
0	0.0	0.36821517928222086	([303], [303, 301])
0	0.0	0.369310076632247	([291], [291, 289])
1	0.3694252363711557	0.36978895310329774	([142, 138], [142, 140, 138])
0	0.0	0.3710213792570607	([509], [509, 508])
0	0.0	0.3713024152644973	([147], [147, 146])
0	0.0	0.3720914789817272	([241], [241, 240])
0	0.0	0.37247055656594197	([230], [230, 229])
0	0.0	0.3731925495025766	([437], [437, 436])
0	0.0	0.37326349660824126	([359], [359, 358])
0	0.0	0.3745928396950868	([277], [277, 276])
0	0.0	0.3745987195500179	([279], [283, 282])
0	0.0	0.37482178585673415	([479], [479, 478])
0	0.0	0.37525818369241176	([286], [286, 284])
0	0.0	0.377416564204429	([232], [232, 230])
0	0.0	0.3780826770931643	([59], [59, 57])
0	0.0	0.37906176150741927	([190], [190, 189])
0	0.0	0.37990069740187055	([124], [124, 123])
0	0.0	0.3801237807677499	([512], [512, 511])
0	0.0	0.38203034821305365	([123], [123, 122])
0	0.0	0.38211018450043693	([304], [304, 303])
1	0.3705513806913974	0.38293270485436676	([83, 79], [83, 82, 79])
0	0.0	0.3830225742138839	([482], [482, 479])
0	0.0	0.38334803123379846	([290], [290, 289])
0	0.0	0.38351993172403054	([551], [552, 550])
0	0.0	0.3839736658412376	([58], [58, 57])
0	0.0	0.38778809924742136	([244], [244, 243])
0	0.0	0.3883013320176694	([550], [550, 549])
0	0.0	0.38967511389828424	([294], [294, 293])
0	0.0	0.3918672863485894	([510], [510, 509])
0	0.0	0.39293077934510984	([111], [111, 110])
0	0.0	0.3941913498778517	([41], [41, 40])
0	0.0	0.39421323794016017	([40], [153, 152])
0	0.0	0.3947840618579248	([197], [197, 195])
0	0.0	0.3959346562095039	([203], [203, 202])
0	0.0	0.39660941802717303	([152], [40, 39])
0	0.0	0.39697125229402147	([404], [404, 403])
0	0.0	0.3974640982577658	([288], [288, 287])
0	0.0	0.39768004325618883	([539], [539, 538])
0	0.0	0.40070532806381237	([231], [231, 230])
0	0.0	0.401188907967823	([282], [279, 276])
0	0.0	0.40249794197033384	([276], [281, 280])
1	0.3976886239069904	0.40379072957120943	([551, 549], [552, 551, 549])
0	0.0	0.40657390697333884	([253], [253, 252])
0	0.0	0.4077603308990613	([229], [229, 228])
0	0.0	0.40913176128062134	([196], [196, 195])
0	0.0	0.413428025528779	([289], [289, 288])
0	0.0	0.4136132053386111	([0], [82, 81])
0	0.0	0.4187296102921203	([540], [540, 539])
0	0.0	0.4201698412616615	([272], [272, 255])
0	0.0	0.4206869252255875	([496], [496, 495])
1	0.4185799137942919	0.42520549746435843	([406, 398], [406, 403, 401])
0	0.0	0.4263752043019819	([280], [276, 275])
0	0.0	0.4274673362139011	([293], [294, 291])
0	0.0	0.4305231101679328	([256], [256, 215])
0	0.0	0.4390012810102475	([201], [201, 200])
0	0.0	0.43981698643069966	([264], [264, 249])
0	0.0	0.440903800896684	([495], [498, 494])
0	0.0	0.4423054974948668	([292], [292, 256])
0	0.0	0.44553178931797355	([248], [248, 247])
0	0.0	0.44692252512630476	([274], [274, 268])
0	0.0	0.4487490076558988	([278], [278, 268])
0	0.0	0.44916953683616917	([249], [264, 251])
0	0.0	0.45222973201408256	([275], [275, 258])
0	0.0	0.45234055230759657	([215], [292, 255])
0	0.0	0.4528259386716469	([202], [203, 201])
0	0.0	0.45428068801883364	([251], [251, 245])
0	0.0	0.4547039727007271	([268], [278, 261])
0	0.0	0.4551837435979626	([261], [268, 250])
0	0.0	0.4555161186078471	([255], [272, 271])
1	0.4318655031816111	0.45839843131264124	([246, 240], [247, 246, 240])
0	0.0	0.45866751015699747	([273], [273, 266])
1	0.4548346754083151	0.4591364095744773	([498, 484], [498, 494, 485])
0	0.0	0.4619199987176382	([252], [252, 251])
0	0.0	0.46382358157314096	([254], [270, 252])
0	0.0	0.46713562389450103	([263], [263, 250])
0	0.0	0.4691198694842591	([258], [276, 273])
0	0.0	0.4696054084725216	([266], [266, 248])
0	0.0	0.4723250797559262	([250], [278, 276])
0	0.0	0.47238144216438016	([271], [292, 291])
0	0.0	0.4736075528632412	([81], [274, 260])
0	0.0	0.47936525163302957	([259], [259, 249])
1	0.48265198462411557	0.4827140068260101	([205, 199], [205, 201, 200])
0	0.0	0.49759385024583463	([262], [267, 253])
1	0.4914588458822233	0.49820092369742486	([293, 255], [293, 292, 291])
0	0.0	0.5051998416938759	([265], [265, 253])
1	0.5191394030495932	0.5311905427119705	([277, 245], [277, 276, 245])
1	0.4738011795720121	0.5314192031864865	([276, 274], [278, 274, 273])
1	0.5076524024579427	0.5363662522167518	([291, 283], [291, 290, 284])
1	0.5151460657853766	0.5401802345697108	([358, 344], [358, 351, 344])
1	0.5396989577465234	0.5508232227046894	([503, 481], [503, 498, 482])
1	0.5182057782616081	0.556732118086449	([276, 242], [274, 273, 253])
1	0.5614375590882104	0.5626544684669645	([430, 417], [430, 423, 417])
1	0.5264509366194906	0.5703638838669542	([271, 251], [273, 271, 253])
1	0.5342876009846347	0.5749567211215107	([285, 260], [285, 279, 277])
1	0.5842962922419468	0.5878787785488402	([438, 425], [438, 433, 425])
1	0.5952029553356215	0.6104274454812367	([272, 254], [272, 271, 253])
1	0.6018267926458463	0.6108980377220509	([282, 271], [282, 279, 271])
1	0.6132679549816624	0.6165075673771412	([443, 421], [443, 433, 423])
1	0.6166060878454834	0.6176264607012418	([237, 221], [237, 231, 227])
1	0.6048567574463569	0.6196789694319847	([449, 420], [449, 440, 422])
1	0.6125575168686278	0.6246384332669944	([388, 373], [388, 382, 380])
1	0.6284152803594555	0.628852129617403	([241, 213], [243, 241, 214])
1	0.6263302658891239	0.6298529770146577	([242, 215], [242, 241, 214])
1	0.6295379814189435	0.6303236479222128	([614, 595], [614, 604, 602])
1	0.6320704574075835	0.6336146902899191	([647, 626], [647, 634, 626])
1	0.6307744418999102	0.6368851683583051	([366, 341], [366, 362, 341])
1	0.4913574108262038	0.6369584554723589	([260, 253], [273, 266, 248])
1	0.6378123680427511	0.6386636598195612	([56, 0], [72, 60, 0])
1	0.6055530944122142	0.6410859338645376	([449, 406], [449, 418, 403])
1	0.6316111879605296	0.6416855606480296	([449, 387], [449, 399, 389])
1	0.6406679600533655	0.6418796961647988	([239, 0], [239, 235, 0])
1	0.6262454893660592	0.6434518649308226	([298, 240], [294, 282, 246])
1	0.6297807568495079	0.6437053114107905	([673, 646], [673, 655, 653])
1	0.60541705275991	0.644547624747765	([295, 246], [296, 294, 240])
1	0.6330207872301107	0.646210071311464	([220, 175], [220, 217, 180])
1	0.6160795882472492	0.6462133821560929	([358, 335], [358, 344, 335])
1	0.5341293282885962	0.6464253419539165	([282, 263], [282, 274, 273])
1	0.6125169215007435	0.6464431324763359	([136, 98], [136, 113, 100])
1	0.6425493367568538	0.6467370640671553	([45, 18], [47, 45, 18])
1	0.6275720636455765	0.6471479693798765	([537, 449], [537, 517, 449])
1	0.49291280755014594	0.6474215582230666	([280, 258], [280, 275, 273])
1	0.6395785661171957	0.6476208466420118	([468, 435], [468, 450, 435])
1	0.6361688467750577	0.6478832567987867	([72, 0], [56, 47, 43])
1	0.6342917252301546	0.6515615230441613	([659, 637], [659, 649, 637])
1	0.6235112256482905	0.6516618416590817	([287, 237], [304, 287, 237])
1	0.6399999809626685	0.6525608948278216	([373, 347], [373, 363, 358])
1	0.6442875989076271	0.6538033366658057	([119, 0], [138, 129, 127])
1	0.6511720673400574	0.654616791675439	([219, 177], [219, 217, 181])
1	0.65168699068581	0.6546995227886466	([224, 171], [224, 220, 175])
1	0.6096979214819045	0.6552312042050933	([285, 262], [285, 274, 262])
1	0.6457748855802675	0.6580142782813606	([221, 179], [221, 220, 179])
1	0.654251596067689	0.6581120169548724	([271, 50], [271, 65, 50])
1	0.6575932514942144	0.6588891200839743	([636, 609], [636, 624, 609])
1	0.6568654013610312	0.6609228282504456	([246, 216], [246, 245, 216])
1	0.6551073705646531	0.6612613675619298	([360, 332], [360, 358, 335])
1	0.6397427670158431	0.6614314069799739	([445, 419], [445, 438, 420])
1	0.6347212555040278	0.661607630531963	([240, 219], [240, 232, 227])
1	0.6252851211378078	0.6625676581393605	([489, 449], [479, 475, 449])
1	0.6496615777684575	0.6642404416307838	([271, 26], [271, 50, 36])
1	0.6380435804755065	0.6664719982882801	([297, 262], [297, 285, 280])
1	0.6658697685863032	0.6666414820421543	([428, 389], [428, 415, 389])
1	0.6348644505286614	0.6671193718720495	([339, 320], [339, 338, 320])
1	0.6522215089167879	0.6678823005896488	([447, 407], [447, 425, 421])
1	0.6531922218845693	0.6680700798610318	([449, 298], [449, 317, 307])
1	0.6685384550988137	0.6686064012658692	([449, 335], [449, 359, 335])
1	0.5942500291794639	0.6688086502594471	([243, 214], [246, 239, 219])
1	0.6352208616422438	0.6690077090916944	([43, 0], [43, 19, 10])
1	0.659413769202285	0.6691394131967251	([217, 161], [217, 181, 161])
1	0.6341926667837926	0.6691980577364983	([669, 632], [669, 654, 632])
1	0.6636172103300367	0.6694179001197949	([627, 599], [627, 614, 606])
1	0.649661688668002	0.6695209393284329	([552, 449], [558, 552, 449])
1	0.6568059564967137	0.6695209393284329	([566, 449], [565, 558, 449])
1	0.6487216919093881	0.6701119016323454	([430, 390], [430, 414, 395])
1	0.6511465816589092	0.6702119889333239	([363, 324], [363, 358, 337])
1	0.6635552128087445	0.670474767798179	([184, 163], [184, 182, 163])
1	0.6527085465646476	0.6718743037726016	([297, 238], [287, 286, 238])
1	0.6407139806734058	0.6721174622404218	([362, 325], [362, 337, 319])
1	0.6709700606923559	0.6732214483096106	([198, 157], [198, 182, 163])
1	0.6672180615058442	0.674478205896981	([309, 232], [309, 307, 236])
1	0.6671303039233395	0.6757074327104615	([449, 151], [449, 165, 151])
1	0.4948750219635496	0.6771465713745959	([273, 272], [293, 273, 272])
1	0.6076563349652243	0.6785294085438609	([94, 17], [84, 60, 54])
1	0.6791532785061379	0.679882699509083	([56, 21], [57, 56, 21])
1	0.6705952069814032	0.6802980983619988	([108, 82], [119, 107, 82])
1	0.674993763528321	0.6803478549406441	([41, 14], [41, 26, 20])
1	0.6488083534612415	0.6804971330378289	([271, 180], [271, 180, 164])
1	0.6749676100769945	0.6814230383951866	([239, 170], [239, 219, 170])
1	0.6726575853264427	0.6825659137222039	([354, 320], [354, 342, 320])
1	0.647649656824899	0.683014561148185	([325, 0], [325, 317, 312])
1	0.6709380277732484	0.6836933229101608	([366, 313], [366, 341, 319])
1	0.674134081301918	0.6849224438569331	([505, 454], [486, 472, 470])
1	0.6631940790244957	0.6858832239866547	([607, 581], [607, 603, 581])
1	0.6839841679418863	0.6864025658715639	([662, 623], [662, 642, 639])
1	0.4921661507274028	0.6873421172540046	([251, 250], [274, 263, 250])
1	0.4769293775564465	0.6873421172540046	([274, 263], [274, 268, 250])
1	0.6835541040000725	0.6878309195323279	([197, 158], [186, 185, 158])
1	0.6878542164340543	0.6880399111350061	([467, 417], [467, 445, 429])
1	0.6439825566733335	0.6885943801478469	([106, 0], [119, 106, 102])
1	0.6720428955490684	0.6900638469193688	([360, 317], [360, 331, 325])
1	0.6758349432875269	0.6913081992258764	([59, 16], [59, 39, 16])
1	0.650383376160698	0.6917956252676796	([379, 339], [379, 365, 364])
1	0.6794126045292488	0.6923652236411816	([88, 56], [88, 70, 67])
1	0.6787865510270858	0.692452783894624	([89, 42], [89, 67, 59])
1	0.684318849030152	0.6924654689613767	([117, 80], [107, 106, 82])
1	0.6693087373363636	0.6926127742214487	([421, 358], [433, 413, 395])
1	0.6846897948665526	0.6928049514936957	([199, 155], [183, 165, 157])
1	0.6911317758553647	0.6928901736189716	([93, 46], [93, 67, 51])
1	0.692063713407884	0.6929587708826539	([90, 43], [90, 70, 43])
1	0.6177132814486069	0.6933552989706856	([232, 0], [288, 239, 231])
1	0.6845570498922932	0.6941442764044042	([630, 585], [630, 617, 585])
1	0.691417984463462	0.6945732061820447	([32, 1], [32, 13, 11])
1	0.6883001487861161	0.6955626702530079	([93, 32], [93, 46, 32])
1	0.6357272756193492	0.695573554621396	([449, 317], [449, 328, 318])
1	0.6887952767320886	0.6964441905482246	([211, 164], [211, 185, 164])
1	0.6740420805823728	0.6972412461917277	([75, 19], [85, 75, 19])
1	0.6878659165733257	0.6976904367289894	([483, 446], [483, 470, 454])
1	0.6331469793233663	0.6981279773637121	([449, 359], [449, 307, 230])
1	0.5458460513742326	0.6981860778285165	([303, 260], [303, 285, 260])
1	0.6820630711591846	0.6983889347784203	([489, 455], [490, 489, 455])
1	0.6970235362938159	0.6989406903410113	([480, 434], [480, 463, 461])
1	0.6405932351122295	0.6991076797928927	([675, 624], [675, 653, 619])
1	0.6566950160313664	0.6992946551088107	([52, 13], [52, 48, 13])
1	0.6926355722399913	0.6994065309795181	([82, 21], [82, 69, 68])
1	0.6947246837023275	0.6994120043749269	([500, 451], [500, 489, 451])
1	0.6999228679216373	0.7005714793673193	([306, 170], [306, 236, 170])
1	0.6964554781574438	0.7006674738905118	([95, 14], [95, 84, 17])
1	0.6578762186327227	0.7006722970183519	([476, 433], [476, 469, 433])
1	0.6954747311030938	0.7011979257098703	([649, 608], [649, 628, 608])
1	0.6897730663960878	0.7012806800612675	([673, 611], [663, 657, 611])
1	0.6291567527028429	0.7014342159043405	([271, 237], [271, 241, 237])
1	0.6804963706178019	0.7016612103242341	([666, 603], [666, 648, 633])
1	0.6861790335204437	0.7018603615766656	([631, 560], [631, 583, 560])
1	0.7011185867874777	0.7021523965845385	([321, 225], [321, 306, 236])
1	0.6905744962563063	0.7030281214268844	([514, 453], [514, 484, 453])
1	0.6648920974039852	0.7031264220161129	([119, 82], [108, 95, 73])
1	0.6806504462592928	0.7034281248469779	([174, 98], [174, 169, 98])
1	0.7000660883586111	0.7034735449601084	([642, 588], [642, 613, 588])
1	0.6758947276747673	0.7036630356734237	([91, 44], [91, 60, 44])
1	0.6979882200912916	0.7041466180091068	([46, 5], [46, 32, 5])
1	0.6922178208137333	0.7042726809678369	([638, 580], [638, 622, 602])
1	0.6277172542266646	0.7046429931993077	([449, 230], [449, 387, 359])
1	0.705347699063667	0.7055732795887981	([153, 67], [153, 113, 67])
1	0.6640290580929064	0.7057209934774861	([167, 87], [167, 136, 95])
1	0.6659705447731216	0.7060801484227531	([667, 617], [667, 641, 617])
1	0.7029118058095905	0.7068375644795498	([323, 295], [323, 315, 295])
1	0.7038842564466673	0.7073019342640766	([641, 570], [641, 615, 597])
1	0.6750578559633014	0.707701352963274	([233, 17], [228, 168, 166])
1	0.6935362026212252	0.7079392930006012	([246, 17], [246, 34, 24])
1	0.6815244732046548	0.7080905678558364	([651, 601], [651, 625, 601])
1	0.6893147177245152	0.7086337407252368	([650, 598], [650, 633, 597])
1	0.7039238888489258	0.7089922941667913	([671, 590], [671, 618, 601])
1	0.6625672693618435	0.709051380635586	([656, 612], [656, 632, 610])
1	0.6988638703415432	0.7094214882494233	([371, 315], [372, 371, 315])
1	0.7084693964063264	0.709431225566708	([613, 542], [613, 568, 563])
1	0.6986015340942188	0.7099403652645875	([339, 234], [339, 312, 305])
1	0.7083963981136929	0.7102906416951619	([510, 417], [510, 480, 417])
1	0.678980549928846	0.7103535084262934	([339, 7], [339, 234, 227])
1	0.6981311643783218	0.7106194479680973	([670, 584], [670, 650, 598])
1	0.6672526701567303	0.7119121381702164	([605, 564], [605, 583, 578])
1	0.7102126840086849	0.7119671574675857	([628, 567], [628, 591, 560])
1	0.6732807439166554	0.7126133932708114	([449, 117], [449, 144, 117])
1	0.6013446552638224	0.7126651697389079	([291, 265], [291, 265, 252])
1	0.7058049692525716	0.7128535761996948	([433, 339], [433, 393, 390])
1	0.7122342629579002	0.7129472722501462	([595, 306], [595, 327, 314])
1	0.7118649982283395	0.7134326069993335	([388, 313], [388, 368, 313])
1	0.6964674785723382	0.7136938149616489	([321, 3], [361, 328, 318])
1	0.7126599649562154	0.7138869038907153	([675, 389], [675, 389, 375])
1	0.6684593550964667	0.7143358358482839	([558, 473], [558, 540, 511])
1	0.6642226570444577	0.7143809374156915	([449, 165], [449, 230, 174])
1	0.7023156260344422	0.7147315370785512	([506, 443], [506, 479, 464])
1	0.701978940068264	0.7147844244330605	([246, 144], [246, 195, 183])
1	0.7109739474401697	0.7149620342241322	([74, 31], [74, 49, 39])
1	0.6252506789288942	0.7151527421589811	([449, 247], [449, 298, 247])
1	0.7093599786134528	0.715296962738898	([621, 573], [636, 621, 609])
1	0.7124705488909945	0.7153708524611945	([171, 89], [175, 171, 89])
1	0.7027669667151131	0.7154545015903166	([230, 94], [230, 171, 94])
1	0.7120248347515606	0.7160725326794856	([319, 14], [320, 319, 3])
1	0.7123754276721979	0.7161072018324557	([435, 386], [435, 416, 386])
1	0.7118777649350863	0.7161408086108856	([234, 44], [234, 44, 9])
1	0.6400867450565239	0.7161911557848761	([271, 164], [271, 237, 164])
1	0.7146702162516309	0.7173389625761927	([651, 561], [651, 591, 561])
1	0.6785142382551554	0.7174660005951007	([238, 19], [232, 221, 19])
1	0.7130501110880165	0.71746840016089	([305, 1], [305, 237, 1])
1	0.7053047135068723	0.7178136476331352	([331, 6], [331, 313, 2])
1	0.7059447012918932	0.7179654622714177	([169, 19], [221, 169, 168])
1	0.5115822981283711	0.7180215867828412	([512, 259], [539, 512, 510])
1	0.7119656582641545	0.718318795962273	([515, 441], [515, 470, 441])
1	0.6561887518771538	0.718412703633154	([448, 246], [449, 448, 247])
1	0.7158847144886717	0.7184975705457237	([648, 593], [648, 617, 600])
1	0.7098512970410918	0.718550777424718	([513, 448], [513, 473, 448])
1	0.6938485202308677	0.7190053121946679	([308, 2], [325, 6, 3])
1	0.6768996957074521	0.7190053121946679	([358, 1], [325, 319, 3])
1	0.635641048305314	0.7190552970226355	([358, 17], [358, 17, 16])
1	0.6850131342422854	0.7190803673162903	([468, 391], [468, 435, 391])
1	0.6284463802754264	0.7197573139316247	([262, 237], [285, 262, 237])
1	0.6944185288991954	0.7198388712270787	([106, 41], [106, 74, 41])
1	0.7015948616657275	0.7202244093128841	([560, 432], [559, 511, 432])
1	0.6962144947679996	0.7203935372667077	([579, 358], [601, 579, 568])
1	0.7054052301318756	0.7204681003777712	([73, 23], [73, 69, 23])
1	0.5917341773543474	0.7206292668116683	([272, 0], [288, 273, 272])
1	0.7102438301103825	0.7208928710453785	([320, 229], [358, 231, 3])
1	0.6934776778698064	0.7213362419000605	([157, 82], [158, 109, 108])
1	0.7188080710056011	0.7217001678613856	([369, 44], [369, 232, 44])
1	0.6318677898103733	0.7218100852156514	([317, 0], [317, 300, 288])
1	0.6690395413767785	0.7218166593612603	([109, 21], [157, 125, 113])
1	0.7164814308024491	0.7220850895886162	([671, 1], [674, 671, 1])
1	0.7218718464847212	0.7221077969586065	([132, 39], [132, 105, 39])
1	0.7190906145773838	0.7222514272829996	([655, 572], [655, 642, 581])
1	0.7068735293575918	0.7224152729294636	([221, 90], [221, 94, 90])
1	0.6896924715680469	0.7224844875179272	([587, 339], [594, 358, 349])
1	0.7047747648550473	0.7224844875179272	([588, 349], [594, 588, 349])
1	0.7171546572853809	0.7224964935917008	([564, 474], [564, 560, 474])
1	0.695597754784412	0.7226251727027597	([372, 322], [372, 355, 346])
1	0.6584832019546002	0.7227747812335468	([358, 308], [358, 342, 308])
1	0.7118022109338764	0.7228193339577047	([593, 336], [593, 592, 327])
1	0.7086916535490512	0.7231315331218627	([572, 339], [587, 572, 570])
1	0.7072834072959661	0.7231320387770803	([232, 86], [232, 86, 44])
1	0.7156747858718434	0.7236763501513557	([376, 304], [389, 375, 316])
1	0.7185480625658776	0.7237777389407104	([162, 83], [162, 106, 95])
1	0.6863115225268456	0.7238948060759334	([237, 4], [308, 237, 235])
1	0.7049032711139456	0.7241001321651431	([378, 307], [378, 360, 307])
1	0.7108606884606137	0.7242584043916626	([656, 578], [656, 655, 572])
1	0.7193025440495386	0.7243322254974439	([338, 4], [338, 325, 4])
1	0.6871253217266464	0.7246231329186704	([358, 231], [237, 231, 3])
1	0.7235780093496859	0.7247689331253918	([214, 147], [214, 183, 147])
1	0.7222306613159909	0.724909966694093	([152, 84], [152, 114, 102])
1	0.6961272513467495	0.724909966694093	([179, 102], [179, 152, 102])
1	0.637063080805941	0.7251811120751032	([178, 0], [235, 178, 169])
1	0.7086027833867604	0.7252309113280153	([238, 53], [307, 238, 53])
1	0.7076841657199348	0.7253021779188162	([674, 374], [674, 588, 580])
1	0.7103936854952885	0.7254007749367714	([529, 463], [529, 514, 463])
1	0.7014408122149952	0.7254301038731407	([108, 24], [108, 73, 23])
1	0.717726201302091	0.7259008954072174	([672, 11], [673, 672, 2])
1	0.7258362183611912	0.7260916751536131	([531, 435], [531, 509, 435])
1	0.6797975051283511	0.7262743787993069	([246, 34], [246, 221, 168])
1	0.7226873759831771	0.7267815226674823	([675, 594], [675, 653, 594])
1	0.7266837953134614	0.7267853847808686	([494, 409], [494, 472, 409])
1	0.6721631497416477	0.7269581491376375	([449, 92], [449, 230, 92])
1	0.7251920367959245	0.7273735582503359	([149, 25], [149, 108, 103])
1	0.7266008061272466	0.7274160217459633	([647, 575], [647, 609, 577])
1	0.7099143997670323	0.7274160217459633	([657, 577], [657, 647, 577])
1	0.7169331904932401	0.7274528115148226	([585, 307], [585, 369, 307])
1	0.706430328031935	0.7278389742066855	([89, 7], [89, 42, 7])
1	0.7100680984324239	0.727886515316638	([595, 364], [595, 364, 341])
1	0.7262935525194988	0.7279336280437257	([503, 394], [503, 480, 394])
1	0.7031919105568808	0.7280262926372341	([580, 374], [593, 574, 560])
1	0.7125877438519046	0.7280323137297066	([473, 387], [473, 429, 387])
1	0.6921462371945025	0.728261598024234	([181, 97], [168, 136, 97])
1	0.5846779177917756	0.728431530973594	([288, 0], [232, 19, 3])
1	0.7213247594577576	0.7284499866153261	([544, 459], [544, 459, 450])
1	0.7173739717354228	0.728555056860223	([74, 2], [74, 58, 41])
1	0.6423201599401929	0.7291605435136351	([444, 248], [445, 444, 247])
1	0.7037755964882844	0.7291722706016087	([475, 388], [475, 468, 388])
1	0.728765376697493	0.7292983144383317	([181, 53], [181, 85, 53])
1	0.6310595948578455	0.7295906144388296	([138, 0], [178, 127, 84])
1	0.6922347155730406	0.7298952975324471	([656, 358], [658, 602, 601])
1	0.644530117868399	0.7301345715901223	([449, 190], [449, 190, 165])
1	0.7058569425712948	0.7301544676901374	([636, 573], [621, 604, 582])
1	0.7302960459410194	0.7306837901524128	([122, 27], [122, 113, 27])
1	0.7278179835707491	0.731098214437416	([586, 372], [586, 583, 372])
1	0.7048223096245438	0.7313251521202727	([563, 478], [563, 560, 478])
1	0.7313552583782889	0.7313913038499532	([174, 62], [181, 174, 62])
1	0.7103022583595145	0.7314764598520178	([580, 481], [580, 568, 481])
1	0.720465701088346	0.7316149319113922	([110, 34], [110, 109, 34])
1	0.6936343232301355	0.7320786627797502	([595, 327], [595, 587, 312])
1	0.6968062261598463	0.7321783834383524	([170, 51], [170, 51, 46])
1	0.7313675498056215	0.7322398648165962	([235, 40], [235, 87, 86])
1	0.7235250739689668	0.7322398648165962	([235, 87], [235, 169, 86])
1	0.7169257528917449	0.7322713310686665	([469, 392], [469, 424, 394])
1	0.6961834366074072	0.7326899667306664	([387, 237], [380, 312, 235])
1	0.7279729195845893	0.7330815281498635	([226, 67], [168, 97, 92])
1	0.7262390248407832	0.7330826949097002	([554, 420], [554, 516, 515])
1	0.7151173541630731	0.7331414902524966	([234, 72], [234, 170, 72])
1	0.7184723833570189	0.7333659423056824	([338, 286], [338, 310, 286])
1	0.7308522627705297	0.7342289647973732	([599, 388], [599, 578, 388])
1	0.6437910939254573	0.7344421928528179	([271, 65], [271, 180, 65])
1	0.7168916661068965	0.7351881213481526	([225, 16], [228, 225, 16])
1	0.7232166583381782	0.7351889453261403	([615, 551], [615, 581, 551])
1	0.7019994292133209	0.7353491910890617	([675, 560], [675, 607, 574])
1	0.6899987847726877	0.7354607873459967	([593, 2], [593, 327, 2])
1	0.7333771678699649	0.736002106385081	([527, 422], [527, 506, 443])
1	0.7221074240147572	0.736002106385081	([534, 443], [528, 527, 443])
1	0.72946535779164	0.7363037592363035	([519, 409], [534, 519, 409])
1	0.7345418744639232	0.7363377145137483	([304, 41], [376, 304, 31])
1	0.7024529515418345	0.7364667121816173	([593, 17], [593, 374, 363])
1	0.6944373921246	0.7364840536295069	([171, 57], [171, 57, 47])
1	0.7329412237117481	0.7365831213766565	([367, 224], [367, 308, 224])
1	0.6969064475147903	0.7366879254912885	([317, 16], [358, 317, 306])
1	0.6308689775947337	0.7368348561926892	([355, 0], [355, 322, 317])
1	0.7188341071631875	0.7369127595842812	([600, 322], [600, 594, 322])
1	0.7137266950764922	0.7371267308799234	([597, 368], [597, 593, 362])
1	0.7130709876530491	0.7371698232875358	([665, 569], [671, 665, 569])
1	0.6694368337426769	0.7373220948376176	([594, 358], [568, 557, 395])
1	0.7273417749565928	0.7373295925932395	([222, 52], [222, 159, 136])
1	0.7239979056175803	0.7373405252922879	([535, 410], [535, 516, 410])
1	0.727620333827638	0.7373617252394464	([560, 382], [585, 560, 382])
1	0.7139581952169122	0.7373617252394464	([585, 369], [588, 585, 382])
1	0.7361201659997253	0.7374764081369543	([189, 116], [246, 189, 157])
1	0.7162351777298965	0.7376157490380091	([104, 28], [104, 82, 28])
1	0.5039077248634198	0.7377583081243964	([290, 259], [290, 259, 249])
1	0.6325264820726131	0.737911277261522	([608, 449], [622, 565, 551])
1	0.712090295878296	0.7379733479123002	([236, 45], [236, 170, 46])
1	0.7301339199204826	0.7383031914910463	([672, 448], [672, 620, 595])
1	0.7143683123091907	0.7385027349606486	([369, 232], [369, 308, 307])
1	0.7219134936447226	0.738680785025149	([564, 431], [564, 474, 461])
1	0.737034769802443	0.738680785025149	([572, 461], [572, 564, 461])
1	0.6795760019813709	0.7388970477967054	([675, 2], [672, 670, 2])
1	0.7234735724509763	0.7391507877169899	([596, 390], [596, 588, 390])
1	0.7359110250449656	0.7391698109973365	([586, 386], [586, 388, 386])
1	0.7176196267826501	0.7391698109973365	([566, 388], [586, 566, 388])
1	0.7309978396105572	0.7393907392739577	([182, 79], [182, 95, 88])
1	0.7161201669070776	0.7396019583794613	([562, 391], [562, 542, 430])
1	0.7108807153097092	0.7396225219224362	([583, 367], [599, 569, 377])
1	0.7305970703569296	0.7396443220341934	([141, 28], [156, 141, 28])
1	0.6977411933008972	0.7396899915715696	([385, 17], [593, 358, 336])
1	0.7311118374763047	0.7396930427013594	([352, 4], [352, 325, 312])
1	0.7184290951098341	0.7399984082946612	([569, 325], [569, 377, 325])
1	0.6737926679128016	0.7401581062488625	([675, 306], [675, 652, 306])
1	0.7148544685536391	0.7405691847932773	([627, 556], [627, 595, 579])
1	0.7398020746735886	0.7406767267302254	([137, 37], [162, 137, 37])
1	0.7240633014199026	0.7407928867526353	([204, 17], [221, 187, 153])
1	0.7341405953432305	0.7413119416836647	([614, 392], [614, 592, 382])
1	0.7321918727990251	0.7413256545178348	([359, 5], [359, 358, 5])
1	0.7398663669098456	0.7414331011738177	([582, 361], [595, 582, 361])
1	0.7392096868980018	0.7417103267094357	([575, 375], [575, 569, 384])
1	0.7171706768735827	0.7418460366909831	([336, 170], [336, 318, 233])
1	0.7231524868791962	0.7419243372795253	([210, 110], [218, 210, 105])
1	0.7197192373661208	0.7420811161226725	([134, 42], [134, 110, 42])
1	0.7382156398782066	0.7423025580822289	([166, 31], [166, 85, 31])
1	0.7396862888633144	0.7427409223940042	([181, 118], [181, 118, 113])
1	0.7407403032955935	0.7427489320437248	([375, 238], [375, 316, 304])
1	0.7256203711636364	0.7429169210538991	([609, 391], [609, 449, 389])
1	0.6705548863803132	0.7430069528093662	([449, 63], [449, 92, 63])
1	0.5976249173557491	0.743028675280842	([284, 267], [284, 267, 253])
1	0.7150523816754815	0.7431929130986609	([548, 444], [533, 530, 444])
1	0.7351960974282518	0.7432302655022062	([225, 77], [225, 101, 77])
1	0.7391537770260106	0.7433455077419195	([621, 457], [621, 547, 457])
1	0.7420347177617408	0.7434582566353262	([631, 345], [631, 599, 342])
1	0.7197764655980309	0.7437582298184395	([360, 10], [348, 339, 10])
1	0.7299449310483512	0.7438395773151588	([353, 228], [353, 306, 236])
1	0.7020351755002774	0.7439090243981569	([588, 382], [615, 609, 389])
1	0.7366814265599141	0.7439602886888924	([179, 44], [179, 170, 44])
1	0.7399263125461781	0.7440405730707481	([610, 510], [610, 575, 560])
1	0.7077832195313107	0.7441874690060207	([612, 475], [612, 560, 475])
1	0.7244844440629867	0.744334442431026	([607, 381], [616, 607, 379])
1	0.7422457024759864	0.744527405446648	([603, 8], [674, 603, 8])
1	0.7173317060931201	0.7448720962872349	([376, 31], [321, 311, 5])
1	0.7366732588092835	0.7450484750641004	([536, 424], [536, 528, 421])
1	0.6954164732384006	0.7455444109722154	([614, 339], [614, 594, 579])
1	0.7285345708224069	0.745621544888729	([230, 30], [230, 52, 45])
1	0.7371800588935341	0.7458572448526615	([591, 480], [591, 565, 480])
1	0.7424865600233748	0.745891878879214	([582, 385], [582, 564, 385])
1	0.7236223707588791	0.7459525847881466	([242, 21], [301, 249, 21])
1	0.7114760226433098	0.7459525847881466	([301, 162], [302, 301, 21])
1	0.7434926348197552	0.7463933344566971	([538, 407], [538, 528, 407])
1	0.692193991676734	0.7465235852412765	([358, 136], [358, 136, 16])
1	0.7253369683715527	0.7466603511192677	([549, 458], [549, 516, 420])
1	0.7261435928647676	0.7466924760941805	([649, 375], [649, 630, 375])
1	0.7371117601430736	0.7470372991482565	([551, 418], [551, 468, 418])
1	0.7387958350327787	0.7471261014013307	([127, 30], [127, 70, 39])
1	0.7400951748411042	0.7472778527085046	([603, 343], [603, 593, 343])
1	0.740756568835081	0.7476252146483356	([314, 13], [315, 314, 13])
1	0.7460498724065031	0.7477244751127965	([336, 298], [336, 310, 298])
1	0.7331008716855094	0.7477924458190949	([415, 312], [434, 415, 299])
1	0.7429329429365257	0.7479044322809822	([627, 368], [659, 627, 368])
1	0.6921504684341753	0.7484638542297155	([587, 378], [587, 378, 355])
1	0.7463641710173587	0.7484638542297155	([613, 355], [613, 587, 355])
1	0.7310016046059816	0.7484957958157893	([658, 379], [658, 602, 379])
1	0.7421164982252895	0.7485337972541994	([586, 305], [586, 388, 305])
1	0.7364599264610311	0.7487047766141495	([584, 365], [586, 584, 365])
1	0.7415853138807346	0.748884133277566	([313, 60], [313, 93, 60])
1	0.7386618838839178	0.7489197112348521	([579, 235], [579, 358, 235])
1	0.7466741115397818	0.7491422571392713	([302, 141], [302, 157, 141])
1	0.7054198989623978	0.7491422571392713	([302, 21], [302, 247, 157])
1	0.7357639023857839	0.7494444008888449	([378, 85], [378, 85, 13])
1	0.7239880705865356	0.749681631446513	([434, 299], [448, 415, 299])
1	0.7301977340109576	0.749785618664797	([313, 93], [313, 238, 233])
1	0.7307799800195198	0.75020828663921	([567, 373], [611, 607, 373])
1	0.7347930743299818	0.7502147749319493	([231, 55], [231, 55, 46])
1	0.743627510299245	0.7504734902660884	([429, 305], [429, 393, 386])
1	0.748010438385825	0.7505074835185184	([358, 69], [358, 69, 19])
1	0.7355684999232801	0.7505439703558426	([382, 13], [378, 373, 85])
1	0.7383369832918192	0.7507476439557984	([589, 338], [593, 589, 362])
1	0.7467491198366891	0.75079406996399	([638, 432], [671, 638, 394])
1	0.7458753261585082	0.750875567519792	([607, 340], [607, 585, 369])
1	0.7457328852221197	0.7509938184263709	([669, 377], [651, 601, 358])
1	0.7437024939374186	0.751070585602057	([446, 303], [446, 303, 247])
1	0.7464005986896315	0.751092446260551	([160, 36], [160, 85, 77])
1	0.7411859173936393	0.7511099601893496	([646, 357], [646, 595, 360])
1	0.72975624132311	0.7511320562192307	([637, 396], [637, 631, 390])
1	0.7107946986515462	0.7512200880576223	([647, 339], [674, 647, 339])
1	0.7506634577352895	0.7512251934565517	([649, 321], [649, 368, 331])
1	0.7351084811997937	0.7513465304347547	([220, 11], [229, 220, 11])
1	0.7461525579930098	0.7513923605109354	([114, 38], [158, 114, 38])
1	0.7401634520816237	0.7513923605109354	([173, 27], [173, 158, 38])
1	0.7503631067684436	0.7516095564943857	([623, 477], [623, 577, 566])
1	0.7313119045341623	0.7517902505373697	([667, 551], [671, 667, 551])
1	0.741918961097553	0.7518194685086941	([590, 351], [590, 583, 367])
1	0.7431001374164491	0.7518541038730762	([382, 225], [382, 225, 13])
1	0.7410681793105686	0.7519865734253913	([148, 26], [148, 77, 26])
1	0.7508182557438196	0.7520395287661993	([392, 286], [392, 375, 286])
1	0.729490107518619	0.752253651245215	([382, 60], [382, 60, 13])
1	0.7421096067231406	0.7525934904039145	([204, 104], [204, 175, 104])
1	0.7421962757044506	0.7526974332688848	([627, 474], [627, 560, 556])
1	0.7463687987991714	0.752861808039143	([671, 394], [629, 595, 473])
1	0.7480598943547861	0.7530097957901626	([532, 401], [532, 453, 438])
1	0.5142457214094914	0.7530631545208624	([263, 202], [282, 263, 202])
1	0.7226441419067025	0.753084850218133	([630, 312], [630, 585, 312])
1	0.7378581828296461	0.7531999126605393	([357, 56], [358, 357, 90])
1	0.7228437893916446	0.7532089825035011	([599, 342], [599, 593, 342])
1	0.7459609891352046	0.7533184643577919	([650, 392], [650, 619, 386])
1	0.7384183326307064	0.7533822863188737	([622, 395], [622, 567, 564])
1	0.7363902563964977	0.75406319689911	([657, 376], [657, 589, 358])
1	0.7469093861329601	0.7543104319493895	([617, 435], [622, 617, 435])
1	0.7439758323824738	0.7544202501542389	([651, 322], [651, 600, 584])
1	0.7542563577560251	0.7546684525660263	([295, 79], [309, 295, 79])
1	0.7114197196594585	0.7548932148687686	([615, 17], [615, 593, 577])
1	0.7186235666461785	0.7549351200083246	([339, 103], [339, 112, 36])
1	0.7455326346155908	0.7549693722561925	([385, 218], [393, 385, 218])
1	0.7504646350557281	0.7550937584513749	([608, 353], [608, 389, 358])
1	0.7525138004547953	0.7551332794599871	([649, 474], [649, 642, 474])
1	0.7546306775815161	0.7553000811593445	([310, 10], [312, 310, 10])
1	0.7353306890297714	0.7553033844964608	([283, 30], [283, 240, 30])
1	0.728050377300208	0.7553371784808446	([606, 396], [619, 606, 386])
1	0.736641867597606	0.75537633142398	([477, 238], [477, 391, 304])
1	0.7232486979692636	0.7555342192578345	([449, 215], [449, 253, 215])
1	0.7396116345757772	0.7555423014718878	([410, 245], [453, 448, 245])
1	0.7359674543060185	0.7558033954111747	([390, 67], [390, 373, 85])
1	0.7248709496308225	0.755838836917081	([617, 354], [600, 560, 374])
1	0.7405451297485154	0.7558938536160194	([589, 57], [589, 358, 57])
1	0.7288611705540057	0.755979697675907	([456, 339], [456, 433, 418])
1	0.7536383164040844	0.7561815077902505	([647, 388], [647, 578, 476])
1	0.7538598112452806	0.7562322223537766	([195, 27], [200, 195, 27])
1	0.7468622817319791	0.7573461989040755	([674, 511], [674, 671, 511])
1	0.7489495859953504	0.7574765312253023	([506, 246], [506, 498, 246])
1	0.7386701954497983	0.7577047448897364	([619, 540], [619, 593, 570])
1	0.7482256890432264	0.7577187493090493	([621, 524], [621, 553, 547])
1	0.7290771427412811	0.7577349101573324	([672, 367], [672, 379, 367])
1	0.7506826207911359	0.7578420962050726	([372, 87], [372, 233, 87])
1	0.7571251044370675	0.7579169232076569	([383, 98], [383, 358, 98])
1	0.7534899930587365	0.7583472385659338	([375, 173], [375, 358, 173])
1	0.7356652517509237	0.7588988238727769	([289, 159], [289, 239, 159])
1	0.7461484348324662	0.7592670116540741	([326, 11], [389, 326, 11])
1	0.7454757088764966	0.7592670116540741	([428, 11], [428, 389, 11])
1	0.754000572607893	0.7593386602940901	([558, 390], [574, 558, 390])
1	0.7575316542568833	0.7598005112473526	([611, 471], [611, 477, 471])
1	0.7520188970783167	0.7598768866570189	([665, 309], [665, 652, 309])
1	0.7434846989946072	0.7598977746654563	([673, 370], [673, 611, 373])
1	0.752903580535658	0.7599434167095426	([395, 320], [395, 378, 320])
1	0.7522688300122763	0.7599485487586491	([199, 73], [199, 136, 124])
1	0.7555490380523143	0.7603317193952922	([251, 73], [251, 238, 71])
1	0.7592671544681117	0.7606209916508546	([327, 65], [327, 65, 53])
1	0.7479754770706422	0.7607535545801294	([381, 220], [381, 378, 220])
1	0.6701827348931232	0.7610304905959254	([449, 22], [449, 144, 22])
1	0.7503106194691593	0.7610619501257381	([322, 63], [322, 63, 17])
1	0.7563408406351015	0.7614920728944804	([588, 479], [610, 588, 479])
1	0.7523331812610067	0.7614920728944804	([631, 479], [631, 610, 479])
1	0.7528112468732109	0.7615227935948222	([362, 171], [362, 319, 171])
1	0.7374879779624971	0.7617181436619402	([630, 7], [630, 594, 562])
1	0.7531179810784654	0.7617901627840896	([602, 229], [619, 602, 229])
1	0.7535607582947661	0.7619120208592514	([438, 281], [506, 438, 281])
1	0.7576850182446118	0.7619120208592514	([471, 284], [506, 471, 281])
1	0.6892810652630166	0.7619523896734042	([567, 17], [656, 567, 17])
1	0.7616878235419776	0.7622286136548924	([343, 73], [343, 73, 21])
1	0.7617962509525757	0.7626470302981706	([572, 286], [572, 569, 286])
1	0.7203271245899727	0.7630367521806063	([552, 412], [545, 526, 412])
1	0.7619799811593353	0.763073185604578	([424, 301], [444, 424, 289])
1	0.7596471938197064	0.7631076310303283	([179, 22], [179, 44, 19])
1	0.7531812343129378	0.7631508681333207	([403, 285], [416, 403, 285])
1	0.7537442779323121	0.763663057770914	([303, 34], [303, 246, 211])
1	0.760685677991261	0.7638505464027234	([661, 351], [661, 651, 322])
1	0.6314292822820028	0.7638777266855781	([595, 0], [595, 308, 2])
1	0.7500371637138449	0.7639685272244072	([480, 312], [480, 384, 365])
1	0.7606302077968025	0.7639711818438338	([628, 516], [628, 557, 547])
1	0.7218386595557552	0.7640017366647035	([502, 398], [502, 437, 417])
1	0.7465351913652534	0.7640737299203153	([367, 246], [367, 246, 238])
1	0.7639337013125214	0.7640737299203153	([590, 238], [590, 367, 238])
1	0.7344572810864369	0.764083775213351	([623, 309], [623, 606, 309])
1	0.7184404378313223	0.7641320236535702	([441, 300], [428, 377, 305])
1	0.7641306993430281	0.7641608104036998	([659, 397], [659, 637, 397])
1	0.7191569991794492	0.764242118317265	([591, 231], [599, 591, 231])
1	0.7350511505021888	0.7643769464090703	([455, 302], [444, 421, 302])
1	0.760597645594681	0.7645001594350067	([619, 350], [619, 382, 350])
1	0.7120045376389327	0.7645287755787907	([339, 36], [339, 36, 10])
1	0.7631312241726962	0.7646478631755559	([192, 23], [203, 101, 73])
1	0.7482046731219565	0.7646888926364763	([606, 344], [606, 344, 308])
1	0.764310756255641	0.7649098849167862	([370, 40], [370, 358, 40])
1	0.7385215729499688	0.7650002560766529	([195, 74], [195, 154, 139])
1	0.7555700864073094	0.7651810107673517	([609, 529], [609, 557, 533])
1	0.7645056832962898	0.7656643497180974	([633, 387], [633, 578, 380])
1	0.7620123599244804	0.7659933450943038	([638, 305], [638, 615, 339])
1	0.7650026294791684	0.7661102039515731	([617, 16], [617, 612, 16])
1	0.7516709779511815	0.7664587016586962	([367, 54], [367, 233, 16])
1	0.7157649834419837	0.7666136646062041	([620, 448], [672, 623, 474])
1	0.7528099381659691	0.7666635997178906	([350, 43], [358, 350, 98])
1	0.7563815988332104	0.7668118019740555	([565, 246], [565, 447, 432])
1	0.7424210162822552	0.7670725262487459	([639, 436], [639, 436, 389])
1	0.7407557966790737	0.767074608335759	([446, 375], [446, 398, 393])
1	0.7571560598875818	0.7673012176355887	([348, 220], [381, 348, 313])
1	0.7650075880004599	0.7674062330335352	([637, 526], [637, 622, 526])
1	0.7503660667515273	0.76752749924668	([291, 150], [291, 211, 210])
1	0.7534094868297746	0.7680360908592414	([653, 469], [653, 563, 557])
1	0.7643502380208619	0.7681017093170708	([540, 375], [630, 540, 473])
1	0.7676158885459142	0.7681487390341792	([674, 393], [674, 571, 562])
1	0.7570476128930314	0.7682086675725713	([374, 63], [595, 567, 63])
1	0.7483124211608886	0.7682449579714928	([386, 164], [386, 308, 237])
1	0.7259303073459352	0.7688367463060091	([591, 11], [591, 349, 17])
1	0.7604012744498331	0.7688604355037345	([206, 78], [191, 113, 78])
1	0.7615169933392641	0.7691969974800238	([649, 16], [649, 608, 16])
1	0.7549528989512333	0.7692750360717022	([354, 96], [354, 339, 84])
1	0.7517356137908201	0.7693221567955308	([657, 39], [657, 358, 17])
1	0.7302048668115103	0.7693778122286499	([408, 17], [404, 386, 385])
1	0.7409011916397866	0.7696715565299787	([427, 288], [427, 387, 288])
1	0.7553917140595816	0.769712168719509	([671, 231], [671, 599, 551])
1	0.7630668726619892	0.7699230387806483	([604, 224], [604, 592, 236])
1	0.7303399834070778	0.7699493715119187	([241, 39], [241, 212, 39])
1	0.7519442286773554	0.7699803950832411	([389, 66], [389, 66, 52])
1	0.7573644042815783	0.7701417189256983	([657, 225], [657, 358, 354])
1	0.7498277357642866	0.7702095362753817	([619, 232], [619, 559, 229])
1	0.7611649603212575	0.7702277180415588	([316, 101], [316, 101, 39])
1	0.7600442541011964	0.7703100106731817	([607, 88], [607, 584, 47])
1	0.7689877260812853	0.7703428170689637	([636, 416], [636, 617, 600])
1	0.6220886793812557	0.7703793129880846	([650, 0], [650, 358, 3])
1	0.7479351591913959	0.7705221984566395	([299, 127], [299, 192, 157])
1	0.7687410234614255	0.7706136581155802	([594, 170], [594, 231, 170])
1	0.7640227110687019	0.7709867135335604	([661, 435], [661, 564, 435])
1	0.7355690955721353	0.7712011240861422	([664, 391], [654, 567, 391])
1	0.7601182036310724	0.7714367934327705	([668, 429], [668, 664, 429])
1	0.7495137192663277	0.7714957945079423	([566, 15], [570, 381, 15])
1	0.7502195232843645	0.7716045905877764	([526, 247], [526, 516, 247])
1	0.77067895118171	0.7718091585520467	([598, 12], [630, 598, 349])
1	0.7588514350510382	0.7720415698157685	([560, 65], [630, 560, 473])
1	0.7671879786169323	0.7720564035938908	([545, 372], [545, 468, 433])
1	0.7683530102991452	0.772778323769173	([468, 92], [468, 227, 218])
1	0.7304522971457368	0.772778323769173	([450, 153], [468, 450, 218])
1	0.7726174234466604	0.7729002712339706	([387, 54], [387, 367, 317])
1	0.7705391518485654	0.7729026804991053	([430, 26], [430, 100, 77])
1	0.7724281242602924	0.7730092597102824	([582, 232], [618, 582, 232])
1	0.7625023842872983	0.7730993214102816	([640, 87], [652, 640, 87])
1	0.7636481577908085	0.7732159292405844	([641, 399], [641, 570, 503])
1	0.7161587634835231	0.7733677607501035	([488, 17], [622, 496, 17])
1	0.7570820347208409	0.7734281707078242	([411, 294], [411, 401, 294])
1	0.7673577856388202	0.7735430552387936	([639, 470], [639, 530, 500])
1	0.7470241931040009	0.7742043978592621	([426, 297], [446, 426, 297])
1	0.7566403019573749	0.7743007209785523	([585, 211], [585, 307, 223])
1	0.7696660894636029	0.7743315702521826	([564, 166], [564, 358, 17])
1	0.7734845971068598	0.7743683680303068	([394, 45], [394, 373, 45])
1	0.770797729900281	0.774454126097176	([402, 173], [402, 384, 173])
1	0.7725630453112096	0.7744621439469871	([466, 232], [466, 395, 358])
1	0.765934353767459	0.7746776515027346	([651, 91], [674, 651, 91])
1	0.7354787930527996	0.7747457080395844	([412, 295], [420, 412, 282])
1	0.7313672361794771	0.7751305367201523	([658, 46], [658, 358, 44])
1	0.7582782914947155	0.7752560776841341	([371, 168], [371, 339, 168])
1	0.7650365450734629	0.7754605923694023	([414, 62], [414, 394, 62])
1	0.7479427350738679	0.775524309253249	([639, 530], [639, 617, 530])
1	0.7739472487525133	0.7756599023673698	([417, 199], [417, 221, 199])
1	0.7350472097883587	0.7757191320743413	([339, 248], [339, 250, 248])
1	0.7744716176402073	0.7757738004445038	([663, 85], [663, 390, 343])
1	0.7531644800012472	0.7759943627609768	([592, 504], [615, 592, 504])
1	0.7630412091927697	0.7761932398423329	([551, 170], [551, 446, 234])
1	0.7404243392605784	0.7767140364887237	([542, 285], [542, 435, 287])
1	0.7680307325254678	0.7768417263792933	([356, 20], [356, 62, 55])
1	0.756792250244992	0.776914775260616	([636, 544], [636, 572, 544])
1	0.772909867447591	0.7769739641928298	([609, 71], [609, 590, 71])
1	0.7715026931370003	0.7775172534228862	([476, 224], [476, 350, 339])
1	0.7729601667759898	0.7775796562202244	([474, 240], [474, 414, 381])
1	0.7733309346548343	0.7776071027576812	([567, 220], [567, 339, 220])
1	0.7769680573609515	0.7776359027171816	([611, 53], [611, 71, 53])
1	0.7758438165881074	0.7778262300962956	([412, 175], [428, 412, 175])
1	0.7388097058834122	0.7782026058132708	([585, 426], [585, 559, 426])
1	0.7367149041099378	0.7782957135115579	([380, 89], [380, 89, 17])
1	0.7733576289061049	0.7785352457613465	([598, 84], [598, 578, 84])
1	0.7729238837536355	0.7791909340664457	([647, 222], [647, 222, 11])
1	0.7477560581296268	0.779304429330135	([430, 100], [430, 342, 17])
1	0.7728847921159517	0.7793397654236998	([655, 12], [655, 396, 388])
1	0.7735558080487668	0.7793634024360852	([284, 35], [284, 211, 35])
1	0.7774573010735694	0.7798430484779585	([659, 466], [659, 622, 466])
1	0.7788708787744308	0.7798496087420942	([600, 302], [600, 388, 302])
1	0.7653584952667597	0.7800697940611835	([355, 179], [355, 228, 179])
1	0.7677320287057001	0.780592857365793	([671, 92], [671, 231, 92])
1	0.7730177301718253	0.7808243922513972	([381, 160], [381, 221, 160])
1	0.7781291212043853	0.7809698867949274	([279, 115], [279, 242, 107])
1	0.7535946208327512	0.7811711236389911	([399, 179], [399, 384, 179])
1	0.7657923013695122	0.7818472160021976	([429, 12], [429, 339, 305])
1	0.7703231601141031	0.7818484232267263	([565, 46], [565, 376, 46])
1	0.7260597886671274	0.7818876012612511	([537, 339], [603, 551, 537])
1	0.7524072382094537	0.7820350838474441	([644, 471], [644, 611, 565])
1	0.7701461713941012	0.7820369622574976	([668, 88], [668, 308, 18])
1	0.7792244335643607	0.7821092989245131	([629, 66], [646, 66, 45])
1	0.7815408734162413	0.7822086717000246	([568, 50], [607, 568, 88])
1	0.7764123025571468	0.782407608144827	([393, 102], [393, 389, 52])
1	0.7565748431532824	0.7824911581400431	([558, 49], [558, 358, 17])
1	0.7730563189368191	0.7825608175616391	([627, 60], [600, 231, 60])
1	0.7646356939931169	0.7831060311043151	([539, 326], [582, 539, 326])
1	0.7684451082331122	0.78378234422218	([426, 39], [426, 405, 39])
1	0.7729192731796591	0.7839154792680394	([431, 63], [431, 397, 63])
1	0.7740238271434299	0.7839547334808207	([557, 43], [557, 380, 17])
1	0.7777906534910998	0.7840663353032508	([328, 82], [365, 328, 82])
1	0.7839003669343774	0.7841427857382984	([444, 119], [444, 210, 200])
1	0.774399299156158	0.7843215546084794	([432, 83], [432, 219, 171])
1	0.7816491410265544	0.7846375669944156	([644, 512], [644, 617, 512])
1	0.7563225662271357	0.7848436087872139	([360, 78], [386, 360, 78])
1	0.7815328323165612	0.7850288587969405	([616, 97], [616, 393, 102])
1	0.7259159465354723	0.7851354342660465	([585, 70], [585, 558, 70])
1	0.785080856020859	0.7851479951800182	([474, 345], [617, 474, 345])
1	0.7845802492648447	0.7856773049505544	([417, 50], [417, 189, 180])
1	0.7744315429749593	0.7857479686177883	([436, 68], [436, 238, 16])
1	0.7818558897005707	0.7861508974163238	([426, 176], [426, 377, 297])
1	0.7689853630696324	0.786357625896453	([589, 172], [668, 589, 308])
1	0.7641715485674925	0.7873901808798827	([673, 414], [673, 414, 390])
1	0.7689678247308886	0.7882250505322386	([551, 102], [551, 152, 102])
1	0.7781635831426169	0.7882580203178132	([474, 9], [647, 474, 461])
1	0.6486027389810625	0.7882809765326885	([576, 271], [650, 576, 370])
1	0.7876729224452034	0.7885366507303762	([663, 177], [663, 177, 93])
1	0.7857138708257372	0.7885366507303762	([661, 93], [663, 661, 93])
1	0.785281430777757	0.7888537384086161	([403, 109], [403, 109, 94])
1	0.7803324985306773	0.7891749899265363	([552, 291], [552, 427, 291])
1	0.7357817702155037	0.7893567911109224	([355, 105], [355, 179, 105])
1	0.7783336382423192	0.7895185385138389	([647, 79], [647, 577, 79])
1	0.7790705909416774	0.7895346077709203	([556, 221], [614, 556, 510])
1	0.753118610104634	0.7896537774310636	([608, 245], [608, 245, 228])
1	0.7766467017127604	0.7905068998602856	([638, 26], [638, 168, 19])
1	0.7876538105629172	0.7905387735593895	([613, 159], [613, 159, 17])
1	0.7805083085751705	0.7906098983816633	([623, 103], [623, 103, 94])
1	0.7685341316403753	0.7906098983816633	([623, 221], [623, 221, 94])
1	0.7778019709656329	0.7907060088485173	([447, 106], [447, 426, 106])
1	0.7628636513160085	0.790809116956482	([472, 14], [472, 281, 17])
1	0.7822626282131145	0.7909043599605413	([586, 76], [586, 317, 54])
1	0.769865338496466	0.7909218107790812	([573, 93], [573, 572, 93])
1	0.7701627365758728	0.7909844716582987	([631, 294], [631, 318, 294])
1	0.7853767475770925	0.7914879091375929	([643, 63], [643, 567, 369])
1	0.7650570784355697	0.7915455924369055	([659, 221], [659, 340, 304])
1	0.7732440171628988	0.791548998350897	([294, 70], [294, 239, 70])
1	0.7835040732550773	0.7918100025699722	([473, 316], [473, 428, 316])
1	0.7789243931473137	0.7922080900471982	([605, 56], [605, 322, 320])
1	0.7681193541513327	0.7922340602923232	([445, 182], [445, 434, 182])
1	0.783479389893	0.7922839785713097	([469, 80], [469, 319, 286])
1	0.7850812943072222	0.7925949131158914	([434, 21], [508, 469, 21])
1	0.7844484446316929	0.7926398153998916	([542, 168], [542, 285, 246])
1	0.7748168709344889	0.7927330169162569	([662, 98], [662, 369, 98])
1	0.7921991326199135	0.7929591605340868	([418, 208], [418, 284, 281])
1	0.791860018067433	0.7931736770324419	([539, 16], [539, 504, 16])
1	0.7922118978442053	0.7933604591254838	([646, 303], [646, 357, 303])
1	0.7934409603808096	0.7940217439659547	([642, 102], [642, 627, 127])
1	0.7840122943303257	0.7941195357617449	([527, 162], [527, 400, 358])
1	0.7788175315631638	0.7943164264778803	([400, 162], [400, 396, 162])
1	0.7748685283544813	0.794350814834753	([561, 36], [561, 448, 36])
1	0.7846956022653525	0.7946493295158049	([577, 53], [577, 237, 53])
1	0.7829587702474273	0.7947787684988415	([401, 181], [401, 393, 181])
1	0.7664403138535797	0.7951273450812407	([395, 212], [395, 217, 212])
1	0.7860833357824707	0.7952687554149457	([655, 101], [655, 627, 448])
1	0.7871710570153888	0.7954001878590446	([513, 94], [513, 389, 365])
1	0.7899423477093672	0.7954484615586027	([563, 128], [563, 450, 128])
1	0.7905841143475847	0.7959586233950837	([481, 60], [481, 227, 221])
1	0.7806964231502813	0.7964252630495735	([540, 112], [540, 182, 112])
1	0.7704263156229095	0.7972015230326217	([415, 95], [415, 239, 95])
1	0.7876937995862362	0.7976282896352044	([406, 127], [406, 394, 127])
1	0.7803893292893778	0.7982421738013251	([637, 178], [637, 178, 56])
1	0.7899816772202704	0.7982757629485683	([338, 159], [338, 159, 4])
1	0.7921737446664048	0.7984537648502867	([562, 293], [535, 506, 293])
1	0.7847368991323855	0.7986761757167382	([407, 186], [407, 186, 175])
1	0.7743536673794544	0.8004892855679392	([399, 124], [399, 178, 127])
1	0.7943887783668908	0.8017859534648037	([331, 254], [331, 254, 238])
1	0.7871547050553062	0.8020226361645846	([502, 363], [502, 402, 396])
1	0.793511236410787	0.802160998086232	([510, 28], [510, 136, 19])
1	0.7798794915832521	0.8028614128744557	([554, 35], [554, 541, 35])
1	0.7937650548938568	0.8031859068908466	([480, 122], [480, 471, 122])
1	0.7980221527374737	0.8034713005879436	([437, 108], [459, 437, 212])
1	0.7988226724213959	0.804297495498362	([533, 161], [533, 161, 73])
1	0.48905638345606595	0.8043129423979801	([215, 214], [272, 255, 215])
1	0.8039211063752669	0.8045910048638899	([498, 344], [498, 467, 349])
1	0.7942913935543527	0.8048419143243463	([442, 169], [466, 442, 152])
1	0.5596100474756126	0.8057165488731547	([260, 190], [285, 260, 190])
1	0.7905246942212354	0.808718123927479	([546, 183], [546, 426, 183])
1	0.8076172903334995	0.8089296334176977	([513, 163], [513, 302, 163])
1	0.7848986264830345	0.809651245977273	([461, 99], [461, 300, 99])
1	0.7772727994153458	0.8106603119705916	([552, 141], [552, 291, 141])
1	0.8009473931228562	0.8109281034783418	([443, 109], [443, 301, 109])
1	0.8014617683279146	0.8122203301777684	([648, 254], [648, 254, 232])
1	0.8094238029141171	0.8133444569461777	([673, 241], [673, 241, 233])
1	0.7977970658140496	0.8143563593471864	([467, 145], [467, 145, 128])
1	0.8070181295816372	0.8155743185057736	([483, 194], [483, 468, 135])
1	0.8116247830865532	0.8157065114669906	([443, 31], [443, 384, 169])
1	0.8080857052555103	0.815911792177375	([530, 202], [530, 240, 239])
1	0.5036093638136239	0.8167898388560406	([288, 264], [288, 264, 244])
1	0.7830930916574863	0.8171584152698633	([462, 121], [462, 284, 109])
1	0.7954969594146044	0.8171677556390883	([525, 158], [525, 239, 210])
1	0.8048930724051708	0.8171860051582132	([519, 188], [519, 245, 188])
1	0.8040198997001479	0.8176569228796079	([639, 243], [639, 470, 243])
1	0.7915272586557252	0.8180145706977545	([501, 155], [501, 284, 281])
1	0.5316559520169852	0.8180712001283427	([260, 229], [303, 260, 229])
1	0.8076671559358981	0.8200746931799796	([524, 207], [542, 524, 207])
1	0.5269462837013763	0.8201253269164682	([260, 40], [303, 260, 40])
1	0.8084551091105633	0.8241280709121409	([521, 125], [521, 227, 212])
1	0.5146024966479478	0.8244104085765372	([266, 196], [266, 248, 196])
1	0.5126833999786258	0.8290488576652388	([263, 152], [282, 263, 152])
1	0.6483634871522002	0.829485658313809	([395, 0], [395, 355, 11])
1	0.5227998209856272	0.8331101600091979	([310, 263], [310, 263, 231])
1	0.832874674863538	0.8332579134798971	([491, 139], [491, 285, 216])
1	0.5078648896290914	0.8358894725934434	([263, 231], [310, 274, 263])
1	0.5548893109428146	0.8496453827439291	([260, 123], [285, 260, 123])
1	0.6328753359515655	0.857011326366528	([269, 155], [269, 253, 155])
1	0.6293262209438478	0.8607221025798849	([650, 271], [650, 271, 26])
1	0.6484058370061121	0.8626670912429676	([485, 271], [485, 271, 36])
1	0.5062191217703701	0.8703290790578229	([539, 259], [539, 290, 259])
1	0.4625278734509124	0.8709397088449796	([255, 215], [292, 256, 215])
1	0.6354414357891238	0.884425215193229	([601, 262], [601, 275, 262])
1	0.5489405516293078	0.8886731703796881	([509, 260], [509, 260, 229])
1	0.5260374298617371	0.8912696353042675	([259, 58], [511, 290, 259])
1	0.4953884568710765	0.8947974667452128	([258, 201], [281, 275, 258])
1	0.5544188457262824	0.8952817321496194	([270, 111], [270, 252, 111])
1	0.5137526358235152	0.8993285360831603	([550, 264], [552, 264, 245])
1	0.49569096792587425	0.9026138086511479	([495, 261], [495, 261, 80])
1	0.4821296746804601	0.9079287486196946	([261, 81], [495, 278, 261])
1	0.5121461580519828	0.9086283968642138	([404, 268], [404, 403, 268])
1	0.6245872331042185	0.9124472715518005	([265, 31], [265, 253, 31])
1	0.6099437011960378	0.9177407503856012	([661, 267], [661, 267, 252])
1	0.6310527450682691	0.9386871551112345	([654, 265], [654, 265, 30])
0	0.0	1.0	([257], [257, 0])
0	0.0	inf	([260], [])
