0	0.0	0.02032997364489854	([72], [72, 5])
0	0.0	0.02072598585404863	([198], [198, 9])
0	0.0	0.2340208277393053	([280], [280, 279])
0	0.0	0.2400210572262633	([106], [106, 105])
0	0.0	0.24092954351235563	([261], [261, 260])
0	0.0	0.242065211249509	([342], [342, 341])
0	0.0	0.24772424407934224	([273], [273, 272])
0	0.0	0.25153816553543606	([259], [259, 258])
0	0.0	0.2557452881583746	([364], [364, 363])
0	0.0	0.25955290183955637	([219], [219, 218])
0	0.0	0.2619592039662258	([405], [405, 404])
0	0.0	0.2639005521479005	([245], [245, 244])
0	0.0	0.26409841697524783	([228], [228, 227])
0	0.0	0.2643729757098471	([413], [413, 412])
0	0.0	0.26580593993372476	([205], [205, 204])
0	0.0	0.266088218110682	([378], [378, 377])
0	0.0	0.26617372030356007	([135], [135, 134])
0	0.0	0.2663611356352789	([257], [257, 256])
0	0.0	0.2667843076131252	([100], [100, 99])
0	0.0	0.26690593230435555	([202], [202, 201])
0	0.0	0.2672494261061104	([200], [200, 199])
0	0.0	0.2681804914134024	([182], [182, 181])
0	0.0	0.2697030650996859	([351], [351, 350])
0	0.0	0.270190077682147	([241], [241, 240])
0	0.0	0.2709776623378002	([258], [258, 257])
0	0.0	0.271311222155841	([204], [204, 203])
0	0.0	0.2729420900637965	([108], [108, 107])
0	0.0	0.2729633552594744	([154], [154, 153])
0	0.0	0.27303895846529264	([230], [230, 229])
0	0.0	0.27350615966531866	([403], [403, 402])
0	0.0	0.27358293396716143	([91], [91, 90])
0	0.0	0.2736430211613397	([116], [116, 115])
0	0.0	0.2740602461856171	([371], [371, 370])
0	0.0	0.2741343488985198	([207], [207, 206])
0	0.0	0.27512893667182575	([145], [145, 144])
0	0.0	0.2753595017045075	([193], [193, 192])
0	0.0	0.27568425852028916	([131], [131, 130])
0	0.0	0.2760574697335698	([369], [369, 368])
0	0.0	0.2764067204956035	([366], [366, 365])
0	0.0	0.2768328363658883	([347], [347, 346])
0	0.0	0.27685320950865167	([247], [247, 246])
0	0.0	0.27734793208176106	([298], [298, 297])
0	0.0	0.27791206608315616	([89], [89, 88])
0	0.0	0.27796054784387514	([416], [416, 415])
0	0.0	0.2782877014933321	([244], [244, 243])
0	0.0	0.27905807114919357	([117], [117, 116])
0	0.0	0.27912818957374114	([163], [163, 162])
0	0.0	0.2792546148611539	([169], [169, 168])
0	0.0	0.27973078176976945	([384], [384, 383])
0	0.0	0.2808035843063102	([215], [215, 214])
0	0.0	0.2808902631899813	([123], [123, 122])
0	0.0	0.2809447446582305	([158], [158, 157])
0	0.0	0.2810691789481167	([11], [11, 6])
0	0.0	0.2812917743169933	([148], [148, 147])
0	0.0	0.2814610556452903	([177], [177, 176])
0	0.0	0.28290581265521647	([389], [389, 388])
0	0.0	0.28317354790553667	([372], [372, 371])
0	0.0	0.2833574666281104	([238], [238, 237])
0	0.0	0.28355247929255045	([250], [250, 249])
0	0.0	0.283571646238112	([118], [118, 117])
0	0.0	0.28396573348719417	([121], [121, 120])
0	0.0	0.28465098429281205	([164], [164, 163])
0	0.0	0.2849663230740162	([381], [381, 380])
0	0.0	0.2850622847836993	([339], [339, 338])
0	0.0	0.28587552692443985	([358], [358, 357])
0	0.0	0.28605350068952057	([137], [137, 136])
0	0.0	0.28639500284120345	([119], [119, 118])
0	0.0	0.2864736694140987	([355], [355, 354])
0	0.0	0.2868461052020786	([120], [120, 119])
0	0.0	0.2868700475780157	([306], [306, 305])
0	0.0	0.28780753418795474	([415], [415, 414])
0	0.0	0.2881045286193405	([340], [340, 339])
0	0.0	0.2885428663656871	([410], [410, 409])
0	0.0	0.2887225105108769	([124], [124, 123])
0	0.0	0.2887429813037254	([396], [396, 395])
0	0.0	0.28914877863957616	([365], [365, 364])
0	0.0	0.28923774656073986	([265], [265, 264])
0	0.0	0.2895870694244998	([375], [375, 374])
0	0.0	0.28962759816136846	([264], [264, 263])
0	0.0	0.2898454460789902	([314], [314, 313])
0	0.0	0.2899301907924546	([178], [178, 177])
0	0.0	0.29008903705945044	([246], [246, 245])
0	0.0	0.2902446379012532	([130], [130, 129])
0	0.0	0.29069572523688364	([226], [226, 225])
0	0.0	0.2910215641095792	([222], [222, 221])
0	0.0	0.29128573057009405	([275], [275, 274])
0	0.0	0.29129032157148843	([422], [422, 421])
0	0.0	0.29137990210159304	([345], [345, 344])
0	0.0	0.2914751133010223	([423], [423, 422])
0	0.0	0.29156403097682065	([172], [172, 171])
0	0.0	0.2918620573114407	([402], [402, 401])
0	0.0	0.29187411509204453	([302], [302, 300])
0	0.0	0.2919931065531607	([406], [406, 405])
0	0.0	0.2921720955155958	([251], [251, 250])
0	0.0	0.29235400517601146	([359], [359, 358])
0	0.0	0.29252136577759463	([395], [395, 394])
0	0.0	0.29260798137309724	([285], [285, 284])
0	0.0	0.29269796612038806	([335], [335, 334])
0	0.0	0.29305996383098104	([421], [421, 420])
0	0.0	0.29308737328289175	([295], [295, 294])
0	0.0	0.29348712780413083	([186], [186, 185])
0	0.0	0.2935748632740684	([287], [287, 286])
0	0.0	0.2941881564390319	([171], [171, 170])
0	0.0	0.29421021736703185	([127], [127, 126])
0	0.0	0.2943147199740106	([187], [187, 186])
0	0.0	0.2945914624993228	([239], [239, 238])
0	0.0	0.2946195459335287	([225], [225, 224])
0	0.0	0.2948516378058444	([297], [297, 296])
0	0.0	0.2949390617089909	([308], [308, 307])
0	0.0	0.29506683267865086	([153], [153, 152])
0	0.0	0.29507984630713674	([196], [196, 195])
0	0.0	0.29628397638452686	([216], [216, 215])
0	0.0	0.29698578285005867	([175], [175, 174])
0	0.0	0.2974248593216482	([424], [424, 423])
0	0.0	0.2975879885845855	([192], [192, 191])
0	0.0	0.29762131599350106	([348], [348, 347])
0	0.0	0.29770258604032507	([352], [352, 351])
0	0.0	0.29776884101115436	([376], [376, 375])
0	0.0	0.29778861957917646	([114], [114, 113])
0	0.0	0.2982822441991538	([237], [237, 236])
0	0.0	0.2982980463398114	([210], [210, 209])
0	0.0	0.29870805835530506	([379], [379, 378])
0	0.0	0.2989428747924291	([160], [160, 159])
0	0.0	0.2991411230121119	([263], [263, 262])
0	0.0	0.29926630366758683	([133], [133, 132])
0	0.0	0.2995139872256214	([382], [382, 381])
0	0.0	0.3006049980733393	([98], [98, 97])
0	0.0	0.30119444507855286	([294], [294, 293])
0	0.0	0.30129517425873587	([286], [286, 285])
0	0.0	0.3015756482212844	([338], [338, 337])
0	0.0	0.3016895478205395	([373], [373, 372])
0	0.0	0.3023215832658199	([255], [255, 254])
0	0.0	0.3024507787261579	([231], [231, 230])
0	0.0	0.3025270206806231	([201], [201, 200])
0	0.0	0.3027405560586786	([299], [299, 298])
0	0.0	0.3033225760485904	([132], [132, 131])
0	0.0	0.30384238833487354	([362], [362, 361])
0	0.0	0.30390058631836253	([227], [227, 226])
0	0.0	0.304126802907937	([217], [217, 216])
0	0.0	0.30418375826451044	([383], [383, 382])
0	0.0	0.3042993959330119	([377], [377, 376])
0	0.0	0.3043162126492886	([166], [166, 165])
0	0.0	0.30442080452810116	([156], [156, 155])
0	0.0	0.30446710557107043	([47], [47, 46])
0	0.0	0.3044716987053565	([214], [214, 213])
0	0.0	0.3049234875336489	([36], [36, 35])
0	0.0	0.30498476204986363	([357], [357, 356])
0	0.0	0.3051100603673904	([104], [104, 103])
0	0.0	0.3053264458565749	([136], [136, 135])
0	0.0	0.305668538702339	([223], [223, 222])
0	0.0	0.3059607130714089	([174], [174, 173])
0	0.0	0.3059656659363793	([203], [203, 202])
0	0.0	0.30676110200097184	([329], [329, 328])
0	0.0	0.3070493649796326	([374], [374, 373])
0	0.0	0.3074983176951204	([409], [409, 408])
0	0.0	0.30802989371269474	([269], [269, 268])
0	0.0	0.30825548465770963	([408], [409, 407])
0	0.0	0.30829887965264713	([240], [240, 239])
0	0.0	0.3083767489565892	([356], [356, 355])
0	0.0	0.3085680595722365	([75], [75, 74])
0	0.0	0.3095940694068764	([59], [59, 58])
0	0.0	0.3097107018852705	([300], [302, 301])
0	0.0	0.30971565628326775	([110], [110, 109])
0	0.0	0.3100129450843309	([334], [334, 333])
0	0.0	0.3100983560675472	([115], [115, 114])
0	0.0	0.3101633791832624	([97], [97, 96])
0	0.0	0.31025821987537705	([307], [307, 306])
0	0.0	0.31044772790797	([289], [289, 288])
0	0.0	0.3116272777063488	([208], [208, 207])
0	0.0	0.3125557082271114	([149], [149, 148])
0	0.0	0.31321434606777865	([170], [170, 169])
0	0.0	0.313282467593161	([301], [300, 299])
0	0.0	0.3133991449395046	([48], [48, 47])
0	0.0	0.31361330274476756	([266], [266, 265])
0	0.0	0.31369337171826034	([140], [140, 139])
0	0.0	0.31380551480471225	([165], [165, 164])
0	0.0	0.31476685805510457	([324], [324, 323])
0	0.0	0.31499518478991734	([330], [330, 329])
0	0.0	0.31540556825558846	([109], [109, 108])
0	0.0	0.3155614467521444	([370], [370, 369])
0	0.0	0.3158306459011016	([242], [242, 241])
0	0.0	0.31599908065571974	([290], [290, 289])
0	0.0	0.31606726399409457	([185], [185, 184])
0	0.0	0.3166640100668623	([391], [391, 390])
0	0.0	0.3171968745584239	([293], [293, 291])
0	0.0	0.3172832763683898	([296], [296, 295])
0	0.0	0.3183679428957504	([96], [96, 95])
0	0.0	0.3187814589731877	([112], [112, 111])
0	0.0	0.31980064333814096	([268], [268, 267])
0	0.0	0.3198446350390594	([111], [111, 110])
0	0.0	0.3198504778431223	([407], [407, 406])
0	0.0	0.320227907524995	([360], [360, 359])
0	0.0	0.3203438068012546	([122], [122, 121])
0	0.0	0.32076005777423916	([233], [233, 232])
0	0.0	0.32079361797765304	([229], [229, 228])
0	0.0	0.3208761218920379	([349], [349, 348])
0	0.0	0.3210487468217739	([267], [267, 266])
0	0.0	0.3219954065931342	([272], [272, 271])
0	0.0	0.32242216803346196	([150], [150, 149])
0	0.0	0.3233665608212379	([181], [181, 180])
0	0.0	0.32361416416171335	([80], [80, 78])
0	0.0	0.32408680910739274	([392], [392, 391])
0	0.0	0.32413029115659625	([224], [224, 223])
0	0.0	0.3241430619812758	([288], [288, 287])
0	0.0	0.3241623940031307	([304], [304, 303])
0	0.0	0.32435178160783396	([331], [331, 330])
0	0.0	0.3248990508583491	([393], [393, 392])
0	0.0	0.32533456102502645	([218], [219, 217])
0	0.0	0.32535532064617195	([180], [180, 179])
0	0.0	0.3256210195123228	([323], [324, 322])
0	0.0	0.3258834390688174	([168], [168, 167])
0	0.0	0.32653865911994434	([125], [125, 124])
0	0.0	0.3267016072382065	([157], [157, 156])
0	0.0	0.32682588248213157	([284], [284, 283])
0	0.0	0.3268564590779886	([400], [400, 399])
0	0.0	0.32699063656827615	([197], [197, 196])
0	0.0	0.3272588816844717	([390], [390, 389])
0	0.0	0.32729585774863734	([159], [159, 158])
0	0.0	0.32736733749858155	([243], [243, 242])
0	0.0	0.32762885548479653	([354], [354, 353])
0	0.0	0.3277138869188121	([126], [126, 125])
0	0.0	0.32776886206754074	([387], [387, 386])
0	0.0	0.32815186614615693	([99], [99, 98])
0	0.0	0.3285990319221102	([195], [195, 194])
0	0.0	0.3288838482172007	([194], [194, 193])
0	0.0	0.329284085315075	([363], [363, 362])
0	0.0	0.3294731169298684	([101], [101, 100])
0	0.0	0.32994011156794373	([303], [303, 302])
0	0.0	0.33007396660801247	([315], [315, 314])
0	0.0	0.33029865524634017	([260], [260, 259])
0	0.0	0.33084934328621185	([282], [282, 281])
0	0.0	0.33103017783772665	([107], [107, 106])
0	0.0	0.33199467338630156	([209], [209, 208])
0	0.0	0.33216452653878953	([83], [83, 82])
0	0.0	0.3321756456126052	([234], [234, 233])
0	0.0	0.3322449853839099	([45], [45, 44])
0	0.0	0.332525462114485	([385], [385, 384])
0	0.0	0.3330687730335108	([283], [283, 282])
0	0.0	0.3331650248685267	([134], [134, 133])
0	0.0	0.3334099762167926	([388], [388, 387])
0	0.0	0.3338997078767005	([386], [386, 385])
0	0.0	0.3339549523546475	([350], [350, 349])
0	0.0	0.33402294517045633	([220], [220, 219])
0	0.0	0.3350577664780528	([52], [52, 51])
0	0.0	0.3352598753625278	([176], [176, 175])
0	0.0	0.33670290641022504	([51], [51, 50])
0	0.0	0.3368419609262192	([199], [199, 197])
0	0.0	0.33755769897988996	([274], [274, 273])
0	0.0	0.3376464233246267	([103], [103, 102])
0	0.0	0.33771199257952605	([167], [167, 166])
0	0.0	0.33787736856741013	([321], [321, 320])
0	0.0	0.3385398508359798	([102], [103, 101])
0	0.0	0.33855022725675443	([291], [291, 290])
0	0.0	0.3396689102272239	([41], [41, 40])
0	0.0	0.33990107865956054	([129], [129, 128])
0	0.0	0.33996062101341307	([361], [361, 360])
0	0.0	0.3401275463422952	([254], [254, 253])
0	0.0	0.3404984720342495	([155], [155, 154])
0	0.0	0.3406964855962986	([62], [62, 61])
0	0.0	0.34096536460085997	([316], [316, 315])
0	0.0	0.3413034075695093	([37], [37, 36])
0	0.0	0.34131600114638755	([313], [313, 311])
0	0.0	0.341411209618924	([113], [113, 112])
0	0.0	0.3419315397622672	([42], [42, 41])
0	0.0	0.3423323626951947	([394], [394, 393])
0	0.0	0.3425895550746419	([232], [232, 231])
0	0.0	0.3434565570656677	([271], [271, 270])
0	0.0	0.34367739995090085	([173], [173, 172])
0	0.0	0.3436821430366428	([146], [146, 145])
0	0.0	0.3447929784778622	([404], [404, 403])
0	0.0	0.3448853447517343	([367], [367, 366])
0	0.0	0.34493121630628876	([328], [328, 327])
0	0.0	0.3450588181663852	([326], [326, 325])
0	0.0	0.3456405538412998	([343], [343, 341])
0	0.0	0.34620483475558034	([95], [95, 94])
0	0.0	0.34645748753836825	([380], [380, 379])
0	0.0	0.34651572493959376	([190], [190, 189])
0	0.0	0.3468413261146524	([46], [46, 45])
0	0.0	0.34734633932286507	([56], [56, 55])
0	0.0	0.34778108662773205	([189], [190, 185])
0	0.0	0.34835369396783694	([221], [221, 220])
0	0.0	0.3484361003390353	([262], [262, 261])
0	0.0	0.3486524494363156	([417], [417, 416])
0	0.0	0.34865932188475107	([401], [401, 400])
0	0.0	0.34866610230536044	([319], [319, 317])
0	0.0	0.3486804034662305	([320], [320, 319])
0	0.0	0.34957320119057134	([332], [332, 331])
0	0.0	0.3499820770721658	([281], [281, 280])
0	0.0	0.3507759669068451	([346], [346, 345])
0	0.0	0.35130763621564226	([399], [399, 397])
0	0.0	0.35174250426679515	([322], [322, 321])
0	0.0	0.35329235441634127	([147], [147, 146])
0	0.0	0.3534076698038966	([256], [256, 255])
0	0.0	0.35364471144510556	([128], [128, 127])
0	0.0	0.3543823937272728	([141], [141, 140])
0	0.0	0.35445697052598046	([305], [305, 304])
1	0.34669670393871677	0.35460979944450605	([299, 296], [299, 298, 296])
0	0.0	0.3557250308844216	([86], [86, 85])
0	0.0	0.35579216941346087	([152], [152, 151])
0	0.0	0.35588166151360817	([139], [139, 138])
0	0.0	0.35635197741995284	([368], [368, 366])
0	0.0	0.3564859440034334	([317], [317, 316])
0	0.0	0.35667827873235153	([235], [235, 234])
0	0.0	0.35725685026529636	([397], [399, 398])
0	0.0	0.35747095938116713	([191], [191, 190])
0	0.0	0.35781331639882574	([61], [61, 60])
0	0.0	0.3584636771924041	([353], [353, 352])
0	0.0	0.35846373687719074	([138], [138, 137])
0	0.0	0.358540684906653	([333], [333, 332])
0	0.0	0.35886326741341057	([78], [80, 79])
0	0.0	0.35914292900480627	([277], [277, 276])
0	0.0	0.35920321085603024	([24], [24, 14])
0	0.0	0.36005819352147467	([84], [84, 83])
0	0.0	0.36113773706203683	([162], [162, 161])
0	0.0	0.36115180453859436	([279], [293, 292])
0	0.0	0.3618046828431109	([60], [60, 59])
0	0.0	0.36188524383814635	([312], [312, 311])
0	0.0	0.3621957761876716	([325], [325, 324])
0	0.0	0.36224064817950286	([29], [29, 28])
0	0.0	0.36241835321841864	([310], [310, 309])
0	0.0	0.3627638839151537	([64], [64, 63])
1	0.3594536973356617	0.36312745962665055	([267, 263], [267, 266, 265])
0	0.0	0.36356856564731	([34], [34, 33])
0	0.0	0.3636897773492362	([414], [414, 413])
0	0.0	0.3649936901237019	([344], [344, 343])
0	0.0	0.365087587931244	([206], [206, 205])
0	0.0	0.36597300666198723	([35], [35, 34])
0	0.0	0.3664013986522456	([270], [270, 269])
0	0.0	0.36676224807563473	([249], [249, 247])
0	0.0	0.3667856855872296	([161], [161, 160])
0	0.0	0.3667917905990392	([253], [253, 252])
0	0.0	0.36705990248931636	([311], [311, 310])
0	0.0	0.3671775730763226	([398], [397, 396])
0	0.0	0.36760906845538915	([144], [144, 143])
0	0.0	0.3698021188032399	([183], [183, 182])
0	0.0	0.3706455796766247	([2], [2, 0])
0	0.0	0.3711096521448565	([412], [413, 411])
0	0.0	0.37242039542900157	([70], [70, 69])
0	0.0	0.37305289497018523	([38], [38, 37])
0	0.0	0.37399516422548873	([90], [90, 89])
1	0.3692756847287535	0.37458346035933526	([272, 269], [272, 271, 270])
0	0.0	0.37469182281795615	([50], [50, 49])
0	0.0	0.37567621954826774	([179], [179, 178])
0	0.0	0.3763235399283208	([28], [29, 27])
0	0.0	0.37712430296365734	([236], [236, 235])
0	0.0	0.37804677151511296	([105], [106, 104])
0	0.0	0.3781843443377469	([212], [212, 210])
0	0.0	0.37843497750383553	([211], [211, 210])
0	0.0	0.37900059976111966	([85], [85, 84])
0	0.0	0.3797766738065332	([49], [49, 48])
0	0.0	0.3801481399315469	([252], [252, 251])
0	0.0	0.3811247355784878	([420], [420, 419])
0	0.0	0.3826315892733668	([419], [419, 418])
0	0.0	0.3838541893837518	([213], [213, 212])
0	0.0	0.3847585554621977	([184], [184, 183])
0	0.0	0.3850813905739494	([411], [411, 410])
0	0.0	0.38655375295064953	([74], [75, 73])
0	0.0	0.3867977680151062	([53], [53, 52])
0	0.0	0.38697952621842224	([65], [65, 64])
0	0.0	0.38707047537644124	([69], [69, 68])
0	0.0	0.387600195173641	([40], [40, 38])
0	0.0	0.38816705425767767	([309], [309, 308])
0	0.0	0.3893426236262998	([276], [276, 275])
0	0.0	0.38969238647209686	([39], [39, 38])
0	0.0	0.3900908945629033	([151], [151, 150])
0	0.0	0.3918321158522744	([26], [26, 23])
0	0.0	0.3933956364376011	([87], [87, 86])
0	0.0	0.39451553801163686	([17], [17, 15])
0	0.0	0.39522416146826966	([318], [318, 317])
0	0.0	0.3954387519034885	([82], [82, 81])
0	0.0	0.39578880584114506	([30], [30, 29])
0	0.0	0.39599521332845894	([327], [327, 326])
0	0.0	0.3967168015008297	([77], [77, 67])
0	0.0	0.39745093214447025	([55], [55, 52])
0	0.0	0.39797058764154775	([63], [63, 62])
0	0.0	0.3980016396840777	([44], [44, 42])
0	0.0	0.39827450280261806	([418], [418, 417])
0	0.0	0.3985636163169827	([81], [83, 80])
0	0.0	0.40301282698625635	([43], [43, 42])
0	0.0	0.40500275809291736	([88], [88, 87])
0	0.0	0.4091786378309303	([33], [33, 31])
0	0.0	0.41046367132492717	([142], [142, 141])
0	0.0	0.4156804151244285	([71], [71, 70])
0	0.0	0.41596145004215734	([57], [57, 55])
0	0.0	0.41614045177939774	([143], [143, 142])
0	0.0	0.4173509272609615	([188], [188, 187])
0	0.0	0.4179283339266274	([68], [71, 66])
0	0.0	0.4186998115987474	([94], [249, 248])
0	0.0	0.4218463236581517	([18], [18, 15])
0	0.0	0.42223532432839445	([21], [21, 18])
0	0.0	0.424809080253888	([248], [94, 93])
0	0.0	0.4266137525525216	([278], [278, 277])
0	0.0	0.42698594131076584	([93], [94, 91])
0	0.0	0.4275664488204451	([292], [281, 278])
0	0.0	0.42920993850929684	([76], [76, 75])
0	0.0	0.4347711952644531	([341], [341, 340])
0	0.0	0.43726338074826276	([337], [337, 336])
1	0.4315871845788813	0.43775738505367323	([41, 37], [41, 40, 38])
1	0.43199544788418026	0.43917860045268414	([40, 33], [40, 38, 33])
0	0.0	0.44030319931031486	([336], [336, 335])
0	0.0	0.444521165207117	([92], [92, 91])
0	0.0	0.44809948815994766	([54], [54, 53])
0	0.0	0.4494951568127461	([32], [32, 19])
0	0.0	0.44974866767828847	([73], [74, 66])
0	0.0	0.452134167117398	([22], [22, 21])
0	0.0	0.4526085819903084	([31], [54, 12])
0	0.0	0.45648727307437703	([19], [32, 31])
0	0.0	0.4572578244879757	([58], [59, 56])
1	0.4283318309658186	0.4613781048105454	([68, 66], [71, 69, 66])
0	0.0	0.46301356459073506	([16], [16, 12])
0	0.0	0.46606762319554995	([12], [32, 27])
0	0.0	0.46975811454313005	([23], [23, 16])
0	0.0	0.47661390451853536	([79], [92, 19])
0	0.0	0.48172079412683005	([27], [248, 20])
0	0.0	0.48177392664345525	([15], [17, 16])
0	0.0	0.4837444240578023	([14], [14, 13])
1	0.45834366243395946	0.4847879910929276	([58, 57], [59, 58, 57])
1	0.4647066581563002	0.4854659902092591	([73, 71], [74, 73, 69])
1	0.4757991480353928	0.4856369891869215	([76, 68], [76, 73, 68])
1	0.48976289277445434	0.49046759954423175	([403, 387], [403, 401, 387])
0	0.0	0.5026192885101358	([20], [21, 13])
0	0.0	0.5152286664596722	([67], [77, 68])
1	0.5125105524172615	0.5153510282800926	([26, 17], [26, 23, 16])
0	0.0	0.5179993570722897	([66], [68, 65])
0	0.0	0.5376372665798745	([13], [93, 2])
1	0.4753588107436337	0.5380725729767002	([31, 30], [32, 31, 30])
1	0.508670271006506	0.5439832603424737	([39, 27], [39, 38, 27])
1	0.5243308127530167	0.5485960379619202	([69, 67], [77, 69, 68])
1	0.5466432886025054	0.5498824093069196	([28, 13], [28, 18, 13])
1	0.5283399037371648	0.5513473854732662	([66, 63], [68, 66, 63])
1	0.5503101401826498	0.5556256364837711	([67, 63], [69, 67, 64])
1	0.5610518714731245	0.5611176063087848	([68, 56], [68, 64, 58])
1	0.5350582989339977	0.5623087470177652	([85, 76], [84, 80, 76])
1	0.5524378367105309	0.5635401755477636	([82, 73], [82, 78, 73])
1	0.5630156332938059	0.5643467008860015	([70, 61], [70, 68, 61])
1	0.5556155414101445	0.564593393559602	([33, 15], [34, 33, 18])
1	0.5678181637420648	0.56810287315247	([193, 182], [193, 190, 182])
1	0.5435156139935229	0.5694511285724049	([36, 18], [33, 30, 29])
1	0.5616602998341668	0.5701327311193739	([310, 66], [318, 311, 310])
1	0.5284103686517229	0.570802918334446	([78, 75], [80, 79, 77])
1	0.5832054890341922	0.5895786525306487	([377, 365], [377, 370, 369])
1	0.5920541786926521	0.5920872216261037	([57, 39], [57, 40, 39])
1	0.5116024323838156	0.5920872216261037	([57, 31], [57, 49, 40])
1	0.5746843969480966	0.5954762433873201	([15, 14], [18, 15, 14])
1	0.5701439884223932	0.5956753602518571	([31, 17], [36, 31, 17])
1	0.5918302351746763	0.5974069886217205	([30, 21], [30, 29, 21])
0	0.0	0.605332492080173	([6], [6, 0])
1	0.5928163716444831	0.6079475726906035	([336, 318], [336, 324, 323])
1	0.5501273932368689	0.6109579243542237	([336, 308], [336, 318, 312])
1	0.6149187085858289	0.6175184529421183	([360, 340], [360, 355, 343])
1	0.6229570749786155	0.6274371375230363	([88, 68], [88, 79, 73])
1	0.5404156236900937	0.6320108605968416	([53, 22], [53, 44, 43])
1	0.6237702136858598	0.6341511600159306	([50, 15], [50, 45, 15])
1	0.6010513885132086	0.6412120689475175	([304, 67], [312, 306, 304])
1	0.6359524225592995	0.6434655504728701	([112, 87], [112, 106, 87])
1	0.6151610038064902	0.6436406211381557	([236, 222], [236, 230, 222])
1	0.6428166776476169	0.6491919073618071	([168, 140], [168, 158, 153])
1	0.643450130726407	0.650641385827922	([336, 301], [336, 312, 301])
1	0.6467628725063038	0.6511810669762494	([53, 13], [53, 42, 28])
1	0.576375168252843	0.6513672261405077	([67, 53], [67, 62, 53])
1	0.6524318304508283	0.6549567587020716	([408, 336], [417, 408, 404])
1	0.5887576054565608	0.6555278620203868	([87, 58], [87, 71, 66])
1	0.5405510981316478	0.6555278620203868	([87, 66], [87, 80, 71])
1	0.6503725965659313	0.6563686934149826	([362, 337], [362, 355, 354])
1	0.5937104727863264	0.6595441384203236	([85, 57], [86, 71, 69])
1	0.633046172052986	0.6595989502165777	([77, 51], [77, 51, 41])
1	0.5374944447616126	0.6596620889985757	([28, 18], [34, 22, 21])
1	0.598222871072261	0.6605766297022534	([65, 28], [65, 50, 48])
1	0.6603857617074488	0.6616506876686705	([412, 378], [412, 408, 379])
1	0.6617528626952652	0.6623469791889942	([410, 380], [410, 394, 380])
1	0.617825278685897	0.6634439400109691	([94, 77], [94, 86, 85])
1	0.629160925571492	0.6641048717583464	([77, 41], [77, 65, 51])
1	0.5312664576873417	0.6654746173187522	([92, 66], [92, 88, 87])
1	0.6362269626607254	0.6663241805690342	([136, 115], [136, 132, 115])
1	0.5889898505972955	0.6669675947308499	([336, 287], [336, 308, 286])
1	0.6632335918953258	0.6691816016979857	([114, 84], [114, 103, 94])
1	0.6566428281880443	0.6705251710674681	([199, 173], [199, 196, 173])
1	0.6629625132952213	0.6743424993465174	([286, 264], [286, 277, 276])
1	0.6457502504664105	0.6774012576554269	([56, 17], [56, 38, 36])
1	0.5831047698669406	0.6798406665853729	([161, 27], [161, 145, 142])
1	0.6765075414749417	0.6802872486863918	([109, 80], [109, 90, 89])
1	0.6532384113633548	0.6811175054217375	([358, 329], [358, 339, 329])
1	0.6522718760339675	0.6816952481565018	([68, 31], [68, 51, 31])
1	0.6730363363514918	0.6855957529184743	([197, 57], [197, 194, 57])
1	0.6723019525356121	0.6864950019614957	([290, 57], [312, 299, 57])
1	0.6797532146078743	0.6867893335451041	([112, 57], [112, 109, 57])
1	0.6841036347701925	0.6872413850627445	([340, 57], [340, 338, 57])
1	0.5653704645811657	0.687421440602368	([76, 28], [76, 56, 29])
1	0.6827165736198307	0.6940674462398934	([278, 57], [278, 274, 57])
1	0.6754393049344734	0.6948223378839197	([110, 17], [112, 110, 17])
1	0.6942260799750832	0.6956062027285529	([420, 375], [420, 407, 379])
1	0.6652554794100746	0.6958835170669778	([190, 163], [186, 184, 163])
1	0.6760026326460438	0.6966050718430947	([59, 21], [59, 47, 21])
1	0.6871754228968163	0.6988051827354294	([256, 227], [256, 248, 227])
1	0.6017082897200237	0.6988467137866399	([58, 26], [58, 33, 29])
1	0.6789599175782745	0.6997282312327407	([193, 140], [193, 175, 140])
1	0.6898350967633269	0.7004781365410568	([139, 80], [139, 80, 58])
1	0.6986103939789965	0.7009991735010458	([376, 352], [376, 366, 359])
1	0.6656453427941664	0.7016008855463993	([139, 58], [123, 122, 58])
1	0.6977115675043272	0.7016480880003217	([114, 28], [114, 84, 76])
1	0.6980708449177536	0.7016480880003217	([126, 76], [121, 114, 76])
1	0.6992151328891751	0.7022295233881369	([307, 279], [308, 307, 279])
1	0.6876234111811935	0.7022771292728365	([119, 87], [119, 114, 76])
1	0.6926152032146701	0.702445480593044	([187, 161], [187, 178, 161])
1	0.6811846572123781	0.7028189828237832	([239, 57], [253, 239, 232])
1	0.6262890881802855	0.7030939918973798	([143, 76], [143, 137, 76])
1	0.7017825317881317	0.7030939918973798	([174, 76], [174, 137, 76])
1	0.6922536801530791	0.7035570990128497	([139, 30], [168, 156, 31])
1	0.6495717878802829	0.7036757252964815	([336, 208], [336, 220, 208])
1	0.6996831635293669	0.705016438922147	([78, 40], [78, 40, 36])
1	0.6904686907128779	0.7055604661208439	([315, 76], [349, 337, 334])
1	0.6728677710198668	0.7059734507352903	([304, 58], [312, 304, 58])
1	0.7038046701052043	0.7074819077543666	([327, 289], [327, 326, 289])
1	0.6689547861975278	0.7096593877479156	([78, 17], [78, 76, 28])
1	0.7049700690853564	0.7097134669664229	([117, 60], [117, 111, 58])
1	0.7011593750289322	0.7100408840263922	([328, 58], [328, 310, 58])
1	0.7100874569500139	0.7107472935777797	([423, 363], [423, 406, 381])
1	0.7108605584246694	0.7109488064865466	([216, 58], [216, 210, 58])
1	0.6990731302343178	0.7110228217032035	([213, 76], [239, 226, 217])
1	0.7006978285222497	0.7120702561408027	([184, 31], [184, 168, 163])
1	0.6838548036899943	0.7120932620178236	([118, 79], [118, 110, 86])
1	0.6961481386827367	0.7122745736328314	([232, 200], [232, 213, 200])
1	0.6934938122567901	0.7129069836722698	([374, 350], [374, 362, 355])
1	0.7078707545186914	0.7137608135610233	([270, 58], [287, 272, 266])
1	0.7068613256832507	0.7139013004152671	([279, 227], [279, 276, 227])
1	0.7054319306805074	0.7139080732956331	([370, 58], [414, 369, 58])
1	0.6836014305578834	0.7141123758340211	([415, 360], [415, 394, 375])
1	0.6141196817654668	0.7142352037445742	([102, 67], [102, 85, 80])
1	0.6817137244369345	0.7152375587320859	([288, 241], [288, 285, 241])
1	0.7068483956769214	0.7158674344908785	([238, 58], [238, 227, 224])
1	0.6086596706215471	0.7161700033599804	([417, 336], [408, 358, 337])
1	0.6866702263956376	0.7165650740862044	([337, 235], [337, 274, 255])
1	0.6966664393425694	0.7171072577621058	([239, 76], [213, 196, 193])
1	0.7170119322595485	0.7176721154840464	([326, 269], [326, 288, 280])
1	0.7029258870130288	0.7178079654194419	([414, 58], [419, 414, 58])
1	0.7081504408583102	0.7181143563482901	([246, 211], [246, 229, 211])
1	0.6116245179394655	0.7182732571955648	([325, 67], [325, 312, 300])
1	0.7105965528292417	0.7184316951653541	([185, 147], [185, 170, 163])
1	0.6901855208554061	0.7191755605698643	([136, 86], [136, 115, 113])
1	0.6980738197098445	0.7205084730287225	([141, 88], [141, 130, 115])
1	0.6888261511863446	0.7205519748015554	([291, 244], [291, 279, 244])
1	0.6840337462123515	0.720806072680941	([419, 57], [355, 339, 327])
1	0.7028830762657347	0.721146943214937	([149, 95], [154, 139, 58])
1	0.562322500831416	0.7212220516136696	([276, 66], [310, 283, 276])
1	0.7165301479967088	0.7212763400405285	([338, 263], [338, 304, 303])
1	0.6274819452025571	0.7214231708896569	([172, 57], [175, 160, 58])
1	0.5750436024103108	0.7217850610309603	([398, 2], [418, 398, 390])
1	0.7196524350893729	0.721853273352859	([363, 308], [363, 338, 337])
1	0.7109721492175607	0.721853273352859	([381, 338], [381, 363, 338])
1	0.7022797208106607	0.7220783701886467	([352, 322], [352, 342, 322])
1	0.7116969201594326	0.7259408498479564	([415, 335], [415, 408, 335])
1	0.715268212184304	0.726503775463384	([131, 83], [131, 115, 70])
1	0.7245553687594875	0.7265041613739253	([230, 193], [230, 208, 193])
1	0.6939543965396512	0.726641692706804	([269, 76], [334, 326, 269])
1	0.722364877500785	0.7269833032253762	([362, 284], [362, 318, 284])
1	0.6936982607531044	0.7273736134966493	([352, 28], [340, 327, 323])
1	0.6506351347357451	0.7276774653612075	([84, 21], [84, 37, 28])
1	0.7051506797732692	0.7287764731287565	([140, 78], [141, 140, 78])
1	0.7289018262927308	0.7294708170602833	([259, 223], [259, 237, 236])
1	0.7058025900685095	0.7297777740828608	([251, 76], [264, 251, 243])
1	0.6582674681719587	0.729903535620832	([349, 76], [251, 239, 237])
1	0.7128244692435373	0.7304248249706317	([422, 340], [422, 412, 360])
1	0.711142170611922	0.730575526885816	([280, 234], [280, 263, 250])
1	0.7144796383545481	0.7305872262370977	([94, 36], [94, 78, 68])
1	0.7261082984270617	0.7307759552501217	([250, 207], [250, 235, 230])
1	0.7220933062290364	0.7313902271348646	([333, 296], [333, 317, 296])
1	0.7277717617666679	0.7314403760325004	([137, 99], [137, 114, 99])
1	0.7252381073694953	0.7315849269407579	([366, 325], [366, 361, 310])
1	0.6097456979718869	0.73256712529589	([128, 67], [138, 128, 116])
1	0.7098052986770372	0.7334493669582397	([392, 353], [392, 372, 370])
1	0.720254778288666	0.733748847311807	([87, 30], [114, 107, 30])
1	0.7057515284752841	0.7341268494213273	([293, 239], [293, 285, 239])
1	0.7007408516167295	0.7347613614376755	([344, 17], [344, 340, 28])
1	0.7324765061256819	0.7347682199023071	([277, 228], [277, 243, 228])
1	0.7251267697762089	0.7350408044433611	([205, 142], [205, 193, 142])
1	0.7001681562963932	0.7358196453655337	([424, 323], [424, 312, 298])
1	0.7346306567388627	0.736190492721378	([414, 346], [414, 410, 346])
1	0.7146625048280706	0.7362286739944479	([202, 135], [202, 176, 131])
1	0.7272436012014206	0.7362813844234126	([320, 260], [320, 286, 260])
1	0.7143684948734377	0.7367094236147251	([329, 256], [329, 326, 256])
1	0.7092412501396721	0.7367752241683032	([306, 271], [306, 285, 280])
1	0.7284359481517263	0.7370274112074008	([370, 316], [370, 346, 323])
1	0.6432987716341477	0.7373585528411889	([125, 77], [125, 77, 75])
1	0.6759538216542574	0.7378515887783462	([253, 57], [299, 276, 274])
1	0.7343341306066514	0.738177998076052	([214, 28], [234, 228, 28])
1	0.7275950562683269	0.7383118072323445	([225, 87], [225, 171, 68])
1	0.7336978533518916	0.7383310602363061	([243, 174], [243, 174, 137])
1	0.6503284455770031	0.7383933956893212	([112, 15], [112, 80, 78])
1	0.7116498834644186	0.738670345669578	([158, 85], [158, 137, 85])
1	0.7143879462255953	0.7386895642125184	([142, 87], [142, 87, 78])
1	0.5371466418345024	0.7386895642125184	([142, 27], [142, 140, 78])
1	0.693516102125522	0.7391187595402703	([222, 57], [237, 222, 211])
1	0.7321164458863025	0.7395098242309331	([365, 293], [365, 338, 303])
1	0.7284014774234543	0.7396764020901007	([122, 85], [137, 122, 114])
1	0.6814090092100037	0.739774939323291	([156, 31], [140, 78, 31])
1	0.7200937521008812	0.7398547462670519	([86, 18], [86, 57, 39])
1	0.7128925256725112	0.7400197025579054	([225, 171], [225, 213, 171])
1	0.7320144710353014	0.7400854313542636	([415, 194], [424, 415, 405])
1	0.5788265697973652	0.7402285785708613	([183, 27], [189, 161, 58])
1	0.7336716991798532	0.7407268466664407	([130, 74], [130, 122, 74])
1	0.7319572029216692	0.7407485462614855	([257, 202], [277, 268, 202])
1	0.7269027776603073	0.7409704999562988	([343, 56], [363, 343, 323])
1	0.6261519696310182	0.7415461552906616	([17, 0], [29, 17, 0])
1	0.730620342475959	0.741606367458504	([215, 115], [200, 168, 138])
1	0.7354149215884369	0.7418677107552272	([418, 314], [424, 418, 314])
1	0.7221215130086663	0.7420213884675312	([382, 327], [382, 375, 327])
1	0.7178325122982264	0.7421902554410146	([145, 17], [145, 136, 112])
1	0.7408115118050215	0.7422185200614231	([316, 68], [316, 301, 284])
1	0.7306096465127948	0.7427175620119655	([296, 236], [296, 294, 236])
1	0.7265888169516358	0.7431804235690966	([234, 28], [217, 214, 28])
1	0.7422221740410936	0.7433125680043834	([324, 238], [340, 324, 317])
1	0.7207412509928519	0.7433164587900964	([358, 280], [358, 317, 280])
1	0.7177474075181368	0.7440972613011885	([232, 139], [222, 217, 139])
1	0.7193658132498939	0.7444955392448479	([144, 106], [144, 139, 90])
1	0.7377053864429775	0.7449815371571371	([106, 46], [106, 82, 50])
1	0.7206370249120745	0.7453414123355366	([424, 354], [424, 354, 324])
1	0.7410784978114054	0.7453414123355366	([423, 324], [424, 420, 324])
1	0.7184415410775223	0.7454280447121954	([277, 202], [277, 226, 202])
1	0.7291423931899	0.7454520463242306	([271, 221], [271, 236, 203])
1	0.7331758248939537	0.7456000515025516	([421, 310], [421, 330, 310])
1	0.7446591034878708	0.7457397569460439	([364, 298], [364, 315, 298])
1	0.7338664763527066	0.7458529518629374	([339, 241], [339, 337, 241])
1	0.7373482221108751	0.7459815987377004	([129, 42], [129, 115, 64])
1	0.6907950958671593	0.746047926701439	([135, 36], [135, 118, 86])
1	0.730751809504748	0.7463917264525061	([421, 330], [421, 409, 330])
1	0.7401955163120506	0.7467501925831929	([377, 304], [377, 359, 304])
1	0.7376380379608363	0.7469652103489212	([136, 41], [136, 131, 41])
1	0.729992658930488	0.7472624735620244	([372, 280], [372, 358, 341])
1	0.6775420897872223	0.7475992800353252	([337, 277], [301, 274, 264])
1	0.5978516944673494	0.7476429063457523	([312, 67], [307, 304, 233])
1	0.7266061101107887	0.7477904505233357	([414, 320], [414, 333, 320])
1	0.7445906200106086	0.7478100915253415	([422, 306], [422, 360, 306])
1	0.6883810860166899	0.747932881732094	([424, 298], [424, 422, 312])
1	0.7030996157304235	0.7480850525255598	([300, 76], [300, 265, 264])
1	0.7409714251789512	0.7485552580191966	([335, 273], [335, 314, 273])
1	0.7448285433021219	0.7491453235561978	([367, 307], [367, 310, 307])
1	0.5776496947367874	0.7491453235561978	([367, 66], [367, 327, 310])
1	0.7366470440545716	0.74935898222779	([360, 246], [360, 309, 277])
1	0.7260813018706725	0.7495487365853154	([266, 219], [266, 219, 214])
1	0.7164436399905195	0.7499610651354712	([171, 68], [135, 89, 86])
1	0.74965765189737	0.7499907744368088	([309, 252], [309, 276, 264])
1	0.7413266513642378	0.750172569567323	([337, 118], [206, 121, 118])
1	0.728387257072513	0.7503893432076013	([323, 232], [323, 295, 245])
1	0.7174152637388949	0.7506622230997468	([337, 59], [337, 119, 61])
1	0.5263057170320871	0.751118189941474	([39, 22], [30, 27, 16])
1	0.7327519670084301	0.7514275981463892	([250, 117], [337, 250, 117])
1	0.58324627531681	0.7516491834565598	([141, 67], [141, 79, 74])
1	0.7399329616025622	0.7516500170023162	([158, 110], [158, 110, 87])
1	0.6809890487958096	0.7520008994003521	([138, 75], [140, 138, 75])
1	0.7255832365228682	0.75212408886184	([341, 240], [361, 284, 247])
1	0.7354904210851172	0.7525407555172119	([356, 133], [365, 356, 133])
1	0.7465028618393933	0.752569425424673	([277, 171], [277, 202, 197])
1	0.6707122565372492	0.752569425424673	([331, 57], [309, 277, 197])
1	0.7510392362127122	0.7532312957731324	([386, 331], [392, 386, 331])
1	0.7081696352465188	0.7534947315528174	([101, 21], [101, 78, 21])
1	0.7406055533345732	0.7535161876816971	([229, 118], [337, 235, 229])
1	0.7416955768044553	0.7536240882412821	([371, 301], [371, 358, 280])
1	0.7416026760694132	0.7548901456519743	([209, 123], [210, 209, 123])
1	0.7271680495636824	0.7549085798050322	([243, 129], [243, 237, 174])
1	0.7265049313799542	0.7552174562732147	([315, 205], [315, 217, 205])
1	0.7052165564535279	0.755367893386639	([293, 133], [424, 415, 133])
1	0.7510122464692965	0.7554782783735227	([330, 247], [330, 304, 291])
1	0.7303688272610339	0.755631007428329	([218, 56], [218, 174, 167])
1	0.7352836608651947	0.755850303238559	([420, 293], [420, 324, 314])
1	0.7151290210953897	0.7559305200060222	([137, 59], [137, 76, 70])
1	0.741305886041592	0.7564482835171682	([164, 103], [164, 138, 109])
1	0.512394145142711	0.7569321798327064	([81, 20], [93, 81, 73])
1	0.7531103858732179	0.7571189452318445	([207, 108], [216, 207, 87])
1	0.7370660523225425	0.7575135224670587	([422, 140], [422, 306, 31])
1	0.7213341621261435	0.7576975058889217	([291, 118], [306, 271, 31])
1	0.7445825251582397	0.757804912400547	([211, 79], [211, 193, 79])
1	0.6825404985756693	0.7580050425776907	([292, 31], [422, 418, 139])
1	0.7572513759231302	0.7581013392168495	([342, 267], [342, 294, 285])
1	0.7375520955203717	0.7581216624236768	([340, 238], [340, 238, 234])
1	0.7495743985397428	0.7581853924725939	([247, 61], [255, 247, 61])
1	0.7500657634554002	0.7581853924725939	([413, 61], [413, 255, 61])
1	0.6517245322391223	0.7581935395603787	([327, 28], [324, 303, 238])
1	0.7155039056888056	0.7582745805427439	([337, 206], [337, 229, 222])
1	0.7572599695666626	0.7582745805427439	([342, 222], [342, 337, 222])
1	0.6586474695181211	0.7583681386317513	([149, 15], [183, 149, 145])
1	0.7557458131028384	0.7584428284604492	([397, 334], [397, 377, 334])
1	0.7199839694619606	0.7584719755763489	([363, 56], [343, 340, 56])
1	0.6974756460780693	0.7585192878206569	([322, 17], [351, 344, 17])
1	0.7503425469623093	0.7586081404487319	([258, 194], [258, 215, 194])
1	0.7297868904342262	0.7588008177002223	([306, 133], [306, 288, 133])
1	0.7578925153364138	0.7588678907469664	([246, 70], [424, 296, 70])
1	0.7088671610510393	0.7590480400819282	([365, 248], [365, 293, 283])
1	0.7585485381747789	0.7590480400819282	([414, 283], [414, 365, 283])
1	0.7581290049452233	0.7593070919699125	([288, 224], [288, 241, 239])
1	0.7515326044791047	0.7593163900130628	([389, 347], [389, 369, 354])
1	0.7413109992632513	0.7595582275711741	([242, 132], [242, 237, 132])
1	0.7090169517384565	0.7595805565160646	([347, 21], [347, 344, 17])
1	0.756298832708016	0.7596166928745406	([162, 82], [162, 143, 82])
1	0.7184017821056766	0.7598244129093624	([181, 36], [195, 181, 36])
1	0.7230347612687812	0.7598259430178725	([420, 28], [420, 363, 362])
1	0.6728116135121511	0.7600528533337474	([421, 15], [421, 321, 307])
1	0.7580096498494557	0.7602823080538945	([218, 110], [234, 218, 110])
1	0.6896920070534701	0.7603758676811839	([373, 57], [380, 341, 338])
1	0.73340036492746	0.7604617814708536	([412, 301], [412, 371, 360])
1	0.7308079854844431	0.7605976525089603	([415, 308], [418, 415, 308])
1	0.7089419349395055	0.761086244716415	([97, 31], [97, 83, 31])
1	0.7496774035765337	0.7613354390960869	([373, 321], [421, 373, 365])
1	0.7492478346585268	0.7613876311265368	([292, 137], [292, 241, 129])
1	0.694746098285459	0.7614398530379657	([423, 21], [423, 363, 17])
1	0.7459011734248339	0.7614889918658172	([366, 242], [366, 340, 234])
1	0.7506348614114761	0.7616746014293886	([248, 126], [248, 247, 126])
1	0.6506880085170661	0.7617708038166046	([362, 15], [362, 347, 17])
1	0.7503963958008543	0.7620227462286716	([305, 134], [305, 284, 133])
1	0.7595046976599111	0.7620441462866299	([362, 233], [362, 337, 233])
1	0.74679507194323	0.7620515277252943	([163, 65], [170, 163, 65])
1	0.7388454578808552	0.7622656860452929	([254, 141], [254, 242, 141])
1	0.7614116877230007	0.7626336245547355	([317, 222], [342, 308, 222])
1	0.6893980571768896	0.7627842930440996	([277, 56], [343, 282, 56])
1	0.7381847195333661	0.7628533032485445	([208, 136], [208, 175, 136])
1	0.6897578530314806	0.7630214060265931	([424, 133], [291, 284, 130])
1	0.759531981255583	0.7630275078328678	([379, 31], [410, 368, 31])
1	0.7371719598164926	0.7630275078328678	([410, 18], [422, 410, 31])
1	0.756275514971768	0.7632141376862714	([233, 169], [233, 169, 168])
1	0.7418071141956913	0.7632388245541109	([372, 68], [372, 368, 31])
1	0.7019883811145405	0.763601574863535	([224, 17], [229, 224, 17])
1	0.7472561441105748	0.7636582928697837	([369, 237], [369, 357, 237])
1	0.7590227343372539	0.7637616353091937	([354, 139], [354, 139, 31])
1	0.7379294069506888	0.7637616353091937	([354, 18], [354, 331, 31])
1	0.7588253067342113	0.7639394675901289	([348, 261], [360, 348, 261])
1	0.7483426764294849	0.7640188368420462	([147, 91], [149, 147, 91])
1	0.6402849420009892	0.7640674080824867	([167, 77], [167, 79, 77])
1	0.7426119634029976	0.7641012461879402	([314, 237], [314, 273, 257])
1	0.7526770241534076	0.7644340289616507	([359, 65], [342, 340, 56])
1	0.746901762610092	0.7646836261427528	([235, 131], [235, 211, 204])
1	0.7646270378657631	0.7647212198816261	([308, 173], [308, 222, 201])
1	0.7639472086772792	0.7647212198816261	([290, 201], [308, 290, 201])
1	0.7527125199630921	0.7650305978797393	([206, 84], [206, 136, 118])
1	0.75898242486786	0.7654138996675248	([216, 39], [229, 216, 31])
1	0.7639275659028997	0.765642634464567	([275, 140], [275, 254, 140])
1	0.7572154190465258	0.7657788621924877	([199, 53], [182, 174, 70])
1	0.7491163201007076	0.7660853355292347	([161, 98], [161, 98, 97])
1	0.7444276126539665	0.7661286119815501	([341, 211], [341, 240, 226])
1	0.7601229410665654	0.7661973192616103	([417, 295], [417, 323, 320])
1	0.757897713676189	0.7663399083368709	([209, 106], [209, 106, 61])
1	0.7636662931834981	0.7665936327321773	([249, 171], [277, 265, 171])
1	0.6339663514907138	0.7667910775496382	([336, 220], [336, 308, 208])
1	0.7512968257943456	0.7667971598309171	([347, 270], [347, 313, 276])
1	0.7486972798658843	0.7668220185201307	([323, 80], [326, 323, 80])
1	0.7579677404058932	0.7668323205884898	([238, 119], [240, 238, 119])
1	0.7463924845777822	0.7670714217007668	([368, 230], [368, 230, 31])
1	0.7509080587259914	0.7673002071174835	([234, 125], [236, 201, 122])
1	0.7585376035203393	0.7673577217820347	([369, 138], [369, 138, 122])
1	0.7558445895118477	0.767362807878632	([259, 193], [259, 256, 193])
1	0.7671046849379161	0.7675998341678832	([316, 44], [316, 68, 56])
1	0.7490004503255431	0.767707588969656	([424, 243], [424, 243, 227])
1	0.750922024789462	0.7679073652867565	([260, 78], [260, 229, 78])
1	0.7547675394151073	0.7679849138232682	([148, 51], [148, 88, 78])
1	0.7498355075340608	0.7680675205430454	([375, 263], [375, 364, 263])
1	0.7489321001160748	0.7683105482184872	([335, 224], [335, 224, 210])
1	0.7568000153978437	0.7684298784828343	([305, 202], [305, 202, 17])
1	0.7318173977614975	0.7688535008995641	([412, 200], [423, 412, 142])
1	0.757172348268112	0.7689402788667995	([373, 115], [373, 321, 133])
1	0.7639107128699445	0.7690934331408873	([344, 230], [344, 329, 230])
1	0.7673150554421787	0.7691684320566341	([230, 65], [230, 208, 65])
1	0.7359313081971187	0.7692770025477461	([389, 73], [375, 366, 73])
1	0.6289054902749308	0.7694707849978827	([317, 15], [421, 362, 307])
1	0.7608286359295867	0.7695526803504239	([408, 276], [408, 369, 276])
1	0.7514459773079523	0.7695562079588536	([240, 124], [240, 214, 119])
1	0.7664810211067904	0.7697255084670142	([343, 262], [343, 282, 250])
1	0.7534822178002073	0.7697565029756285	([333, 120], [326, 292, 137])
1	0.759753472581863	0.7697614072070608	([421, 253], [421, 381, 359])
1	0.7402053151821596	0.769901040780923	([230, 114], [230, 139, 133])
1	0.7431086518786728	0.7699194503258888	([368, 207], [368, 295, 207])
1	0.700780344759635	0.7701211151930213	([408, 76], [424, 408, 78])
1	0.7526642406245382	0.7701288308139873	([162, 37], [174, 162, 37])
1	0.7403805225170117	0.7703538148468355	([351, 114], [351, 114, 17])
1	0.7567189906629765	0.7703636734369905	([374, 134], [374, 356, 134])
1	0.749722167395457	0.7703939546785719	([265, 132], [265, 240, 56])
1	0.7683742072489435	0.7704669847939564	([407, 309], [407, 353, 335])
1	0.7624373584990048	0.7708269654595188	([377, 70], [424, 422, 70])
1	0.7561340679880781	0.7708409285944213	([316, 248], [316, 248, 225])
1	0.7447534314824485	0.7709941465202282	([376, 285], [376, 316, 303])
1	0.7574142893565745	0.7710700454997558	([346, 227], [346, 317, 279])
1	0.7589016096094567	0.7715501995491633	([334, 221], [334, 268, 221])
1	0.7595258112026866	0.7717911546506219	([205, 86], [205, 153, 142])
1	0.7695531568262097	0.7718847013879089	([279, 206], [279, 227, 206])
1	0.7466866963184747	0.7720272613310579	([379, 239], [379, 365, 239])
1	0.7453414555283604	0.7722382554107997	([424, 227], [424, 224, 133])
1	0.6429329195929308	0.772274090762519	([400, 15], [421, 400, 375])
1	0.770875248914835	0.7725491216048854	([261, 21], [305, 261, 21])
1	0.7377415835887987	0.7727072791533779	([326, 75], [326, 120, 75])
1	0.7451153973061196	0.7727122908424218	([359, 129], [359, 241, 211])
1	0.7646731453513905	0.7732572331740684	([307, 191], [307, 242, 205])
1	0.6477736838636604	0.7732820271489002	([266, 77], [282, 266, 219])
1	0.7630711604417791	0.7732892197176967	([374, 202], [374, 305, 202])
1	0.7589828289352232	0.7734667151207331	([218, 127], [218, 174, 127])
1	0.5667580507504971	0.7736223775136921	([336, 30], [340, 336, 30])
1	0.7536096659633083	0.7736223775136921	([356, 30], [356, 340, 30])
1	0.7665446365209966	0.7740936267153941	([424, 151], [424, 418, 151])
1	0.7651496885274943	0.7742525775143452	([379, 126], [379, 365, 126])
1	0.5570630278907025	0.7742539115776185	([211, 66], [276, 227, 211])
1	0.7644813502044593	0.7743557810410941	([295, 127], [295, 290, 127])
1	0.7514371286114649	0.7755393997020309	([394, 258], [394, 365, 258])
1	0.775058713163319	0.7756121810968664	([292, 220], [292, 220, 137])
1	0.739620972314165	0.7756485347476039	([413, 255], [413, 326, 255])
1	0.7675256223752521	0.7763278913510134	([281, 200], [281, 246, 213])
1	0.7730461916721661	0.7763906120922389	([371, 174], [371, 301, 174])
1	0.7317313653378734	0.7764723542876533	([275, 65], [275, 140, 65])
1	0.7558270334275169	0.7764834370926804	([337, 188], [337, 206, 188])
1	0.7399837736784042	0.7765435795201576	([338, 195], [338, 222, 195])
1	0.764545677753739	0.7765566421516917	([372, 241], [415, 331, 311])
1	0.7519354717644676	0.7765980174098763	([320, 192], [412, 192, 18])
1	0.7578197187353024	0.7767486997976916	([252, 68], [252, 237, 68])
1	0.5948469494957338	0.7769996316147206	([232, 67], [312, 70, 67])
1	0.5903154825694229	0.7770454356054254	([327, 77], [327, 77, 68])
1	0.771016189743169	0.777106781284842	([244, 164], [244, 171, 164])
1	0.7599772925378956	0.777106781284842	([257, 142], [244, 225, 171])
1	0.7583448584377321	0.7772746013385029	([195, 105], [221, 195, 168])
1	0.7650772855493659	0.7773146534351792	([374, 236], [374, 369, 236])
1	0.7467073680136677	0.777495238256259	([221, 105], [195, 174, 105])
1	0.7428638771941388	0.7776323491887757	([424, 35], [424, 69, 35])
1	0.6207790124160554	0.7781717415945413	([183, 15], [149, 112, 91])
1	0.7750425525947661	0.7781739686265374	([127, 18], [127, 85, 18])
1	0.7773356320249444	0.7783105667716288	([373, 223], [373, 341, 211])
1	0.7552050152741379	0.7785081517846403	([378, 219], [378, 367, 219])
1	0.7631082225096466	0.778589679695977	([365, 111], [374, 365, 111])
1	0.7738291612377229	0.7785977376879756	([420, 64], [420, 324, 64])
1	0.7593873247312717	0.7790693700410364	([299, 139], [335, 299, 139])
1	0.7588579060432138	0.7793019635186216	([189, 35], [189, 58, 48])
1	0.7779066899605362	0.7793493141283881	([332, 220], [332, 326, 220])
1	0.7769669807015722	0.7800268189157656	([348, 192], [348, 335, 195])
1	0.7481705094530879	0.7800790521083018	([227, 30], [227, 127, 120])
1	0.5488800319452275	0.7802154210297485	([292, 22], [318, 292, 31])
1	0.7715574372621289	0.7803483925876212	([298, 142], [298, 142, 86])
1	0.779435898629969	0.7809621385447535	([300, 172], [300, 221, 172])
1	0.749993051489478	0.7810034672622446	([376, 209], [376, 373, 209])
1	0.7628095896572904	0.7813645038768627	([398, 286], [422, 398, 284])
1	0.7581649709122481	0.7816205474565615	([384, 221], [384, 346, 320])
1	0.770650146333462	0.7816486776603959	([349, 218], [410, 349, 346])
1	0.767441413376792	0.7818595734085594	([422, 205], [422, 254, 225])
1	0.7643166550315555	0.7821413615127435	([420, 193], [324, 309, 193])
1	0.6721248786045332	0.7824056737911588	([333, 13], [333, 320, 18])
1	0.7727803545025609	0.7828279087886683	([409, 159], [409, 374, 169])
1	0.7663218751171282	0.7828323711514398	([364, 125], [364, 140, 131])
1	0.7574511693596101	0.7829479492273819	([393, 322], [408, 393, 322])
1	0.7784976614251066	0.7831480464195152	([365, 175], [422, 365, 175])
1	0.782427119217356	0.7832237446028738	([311, 138], [321, 311, 138])
1	0.7262883016001713	0.7833106257244439	([319, 65], [342, 319, 297])
1	0.7307526614681281	0.7847181688071186	([424, 194], [415, 267, 241])
1	0.755770434299774	0.7847503654226764	([381, 253], [421, 420, 253])
1	0.7734142900529128	0.7850553100699512	([405, 40], [421, 405, 40])
1	0.7681669303529399	0.7852154335418453	([388, 244], [423, 388, 244])
1	0.7843133018458988	0.7859634541638788	([276, 113], [276, 228, 141])
1	0.7775528773252267	0.7860914997158289	([339, 112], [339, 130, 122])
1	0.7615285053905326	0.786455701358668	([283, 143], [283, 143, 137])
1	0.7364336954042793	0.7876397229556777	([418, 274], [420, 418, 274])
1	0.763617930738054	0.787650366909668	([410, 218], [349, 290, 262])
1	0.7778578977867794	0.7877596878906282	([419, 47], [419, 372, 47])
1	0.784068700932427	0.7877878123893594	([314, 79], [423, 314, 79])
1	0.7709393733106523	0.7880440533507475	([298, 86], [298, 211, 205])
1	0.7787158077214918	0.7886905143959775	([249, 18], [320, 249, 242])
1	0.7805178426684477	0.7896148577470126	([377, 172], [377, 364, 172])
1	0.7805915891972571	0.7902134206319104	([341, 86], [341, 226, 56])
1	0.7791876358691725	0.7902857649315214	([381, 100], [381, 365, 111])
1	0.7812611286834854	0.7906529774153976	([317, 150], [318, 317, 150])
1	0.7855156014717021	0.7906569111791844	([296, 141], [296, 276, 246])
1	0.5484113026723704	0.7909375890637861	([318, 66], [318, 301, 75])
1	0.7721417210707187	0.79162970843561	([409, 117], [409, 342, 330])
1	0.7803396652512072	0.792100519897741	([325, 204], [325, 234, 204])
1	0.792301432707713	0.7923268623526283	([340, 100], [340, 100, 96])
1	0.7913739719770925	0.7923268623526283	([340, 144], [340, 144, 96])
1	0.783678698231774	0.792613559750569	([403, 204], [403, 204, 187])
1	0.7805128088188162	0.792613559750569	([423, 187], [423, 403, 187])
1	0.7911365949718612	0.7926331169071665	([368, 185], [368, 207, 202])
1	0.7727874978558077	0.7927385180223293	([318, 199], [318, 305, 199])
1	0.7909145304196531	0.7928485117121251	([385, 228], [385, 378, 228])
1	0.7689249781416045	0.7935205329944899	([367, 45], [381, 368, 89])
1	0.7775646728099587	0.7941610500308596	([403, 147], [403, 378, 204])
1	0.7578269627409029	0.794513049222378	([318, 135], [318, 135, 87])
1	0.7931962253787166	0.7947652946123348	([320, 114], [351, 332, 114])
1	0.7721884702820059	0.7954283576515954	([387, 30], [387, 381, 89])
1	0.7955224880165442	0.795545233072148	([355, 135], [372, 355, 135])
1	0.781579569877207	0.795545233072148	([407, 135], [407, 372, 135])
1	0.7677466449670454	0.7955822943567331	([330, 106], [330, 209, 133])
1	0.7787617050125138	0.7960946156313466	([406, 94], [406, 386, 94])
1	0.7945559007022581	0.7964024202610452	([377, 105], [414, 346, 105])
1	0.7769527569609356	0.7967953802964696	([389, 196], [424, 389, 196])
1	0.7674669025556163	0.7970884193618271	([400, 191], [400, 398, 200])
1	0.7919868732094703	0.7973772399604974	([406, 138], [406, 331, 138])
1	0.7908078954829628	0.7974181930772078	([398, 102], [424, 398, 102])
1	0.6462663819681297	0.798133904929228	([392, 77], [392, 348, 68])
1	0.7605394407936023	0.7986797782969274	([414, 105], [377, 114, 105])
1	0.7934432554349247	0.7990033011340825	([397, 203], [397, 388, 184])
1	0.7881151904512826	0.8001755491050065	([275, 42], [275, 65, 42])
1	0.7778703619468335	0.8002813604747908	([245, 95], [245, 226, 95])
1	0.7754828267801877	0.8006553050691084	([308, 41], [308, 136, 118])
1	0.7831446721776391	0.8007797594759415	([388, 184], [397, 377, 203])
1	0.7734973145893312	0.8008564466593256	([248, 149], [248, 149, 132])
1	0.7689695037055514	0.8028867271853274	([332, 33], [220, 87, 33])
1	0.8009658346982682	0.8030179580198415	([366, 152], [366, 152, 126])
1	0.5697717530672166	0.8037806809244293	([235, 22], [235, 212, 171])
1	0.7856625616993053	0.8042932267281916	([297, 163], [297, 269, 133])
1	0.7845515534402849	0.804387492296804	([326, 26], [326, 287, 60])
1	0.6351484565163519	0.8052222421207078	([197, 77], [392, 391, 197])
1	0.7743196057952513	0.8065262933151042	([388, 112], [384, 289, 112])
1	0.8015381185774206	0.8066204109199024	([315, 40], [315, 275, 40])
1	0.5978190775232184	0.8082005999978162	([418, 77], [418, 327, 294])
1	0.8079167887652549	0.8082859584470022	([353, 161], [353, 216, 161])
1	0.7944786021929823	0.8085703839090601	([372, 158], [372, 320, 158])
1	0.5785663666111072	0.8093944522212371	([151, 66], [151, 71, 66])
1	0.5320451412649475	0.8097570675714193	([66, 16], [68, 66, 16])
1	0.7970362282455169	0.8127750815514458	([392, 144], [401, 392, 144])
1	0.7940423633595137	0.8137376855644768	([285, 0], [287, 285, 0])
1	0.5597439668956563	0.8150814993023546	([212, 22], [292, 235, 125])
1	0.6250240593170099	0.8204262770714444	([336, 128], [336, 208, 128])
1	0.5035976891223585	0.8224382633392459	([93, 20], [248, 81, 21])
1	0.6459645062842085	0.8287909411337521	([255, 15], [400, 255, 249])
1	0.667309054795512	0.8315198501609601	([242, 13], [242, 64, 53])
1	0.5514260246625028	0.8322501707157838	([419, 22], [419, 318, 28])
1	0.5602319625033556	0.8332671746392403	([418, 2], [418, 29, 17])
1	0.6343818689531087	0.8351533938654038	([282, 77], [282, 85, 77])
1	0.5488981444292134	0.8362651571701099	([29, 2], [142, 29, 27])
1	0.8014513612556942	0.8392936906224528	([256, 14], [256, 47, 18])
1	0.535619083957196	0.8414379988488815	([318, 22], [235, 53, 37])
1	0.5452563730406395	0.847764465671845	([142, 2], [142, 93, 36])
1	0.5281812345280277	0.8537656244356667	([79, 77], [278, 24, 14])
1	0.6694707586705165	0.8553082494269981	([400, 13], [400, 333, 48])
1	0.5425691959535318	0.874720640395414	([188, 22], [188, 43, 22])
1	0.5132146947996453	0.8779399735242562	([188, 20], [188, 93, 29])
1	0.6691670106405572	0.8960576043264309	([102, 6], [179, 102, 6])
1	0.5111919116035036	0.9001510711275155	([27, 16], [54, 53, 12])
1	0.5450756738303288	0.9022418003705635	([252, 23], [411, 252, 53])
1	0.5037527141600103	0.9181835107849164	([278, 24], [82, 20, 16])
1	0.4819913898993452	0.9261090613312815	([20, 16], [92, 32, 19])
1	0.5445813378740728	0.9284727860215624	([411, 23], [411, 23, 16])
0	0.0	0.9705778916202028	([5], [72, 71])
0	0.0	0.9713007683130205	([9], [198, 197])
0	0.0	1.0	([1], [1, 0])
0	0.0	1.0	([3], [3, 0])
0	0.0	1.0	([4], [4, 0])
0	0.0	1.0	([7], [7, 0])
0	0.0	1.0	([8], [8, 0])
0	0.0	1.0	([10], [10, 0])
0	0.0	1.0	([25], [25, 0])
1	0.6155230971108048	1.0	([179, 11], [101, 14, 0])
0	0.0	inf	([0], [])
