0	0.0	0.2220271505424457	([78], [78, 77])
0	0.0	0.22706464389852749	([90], [90, 89])
0	0.0	0.23140425058715844	([114], [114, 113])
0	0.0	0.2317301614191972	([585], [585, 584])
0	0.0	0.23273429692149586	([12], [12, 11])
0	0.0	0.23370354911986946	([619], [619, 618])
0	0.0	0.2339120177333589	([80], [80, 79])
0	0.0	0.23480011510540802	([95], [95, 94])
0	0.0	0.23680218638335307	([315], [315, 314])
0	0.0	0.2370345010689771	([441], [441, 440])
0	0.0	0.23773632644502235	([538], [538, 537])
0	0.0	0.23851197988140374	([8], [8, 7])
0	0.0	0.23868526279779345	([127], [127, 126])
0	0.0	0.23876845416051484	([283], [283, 282])
0	0.0	0.2388098327251549	([524], [524, 523])
0	0.0	0.23909042684675688	([23], [23, 22])
0	0.0	0.23944190482857455	([355], [355, 354])
0	0.0	0.2400315461795172	([603], [603, 602])
0	0.0	0.24013086877414613	([151], [151, 150])
0	0.0	0.24040137522759858	([22], [22, 21])
0	0.0	0.24126947387108807	([81], [81, 80])
0	0.0	0.24157257574384022	([404], [404, 403])
0	0.0	0.2428013383131218	([607], [607, 606])
0	0.0	0.24293492870039593	([626], [626, 625])
0	0.0	0.24335705598762822	([70], [70, 69])
0	0.0	0.24358041210129455	([612], [612, 611])
0	0.0	0.2437308878709385	([658], [658, 657])
0	0.0	0.24388227957936287	([498], [498, 497])
0	0.0	0.24413889794142704	([631], [631, 630])
0	0.0	0.24477463020183168	([462], [462, 461])
0	0.0	0.24497773203789525	([43], [43, 42])
0	0.0	0.24544789809683606	([567], [567, 566])
0	0.0	0.24558337842588135	([665], [665, 664])
0	0.0	0.2456474214269579	([146], [146, 145])
0	0.0	0.24585802089825623	([642], [642, 641])
0	0.0	0.24620115079688606	([632], [632, 631])
0	0.0	0.24644648718158935	([431], [431, 430])
0	0.0	0.24654020880287897	([340], [340, 339])
0	0.0	0.247036382366487	([179], [179, 178])
0	0.0	0.24754828442758536	([542], [542, 541])
0	0.0	0.24794192551066563	([445], [445, 444])
0	0.0	0.24812634351534016	([548], [548, 547])
0	0.0	0.24825810877152	([83], [83, 82])
0	0.0	0.24830426843095135	([108], [108, 107])
0	0.0	0.24838344848492305	([504], [504, 503])
0	0.0	0.24851238598272826	([452], [452, 451])
0	0.0	0.24876293035462657	([384], [384, 383])
0	0.0	0.24894136641407913	([100], [100, 99])
0	0.0	0.2489992525284869	([102], [102, 101])
0	0.0	0.24910874532722008	([623], [623, 622])
0	0.0	0.24933376778029648	([1], [1, 0])
0	0.0	0.2496473459984871	([64], [64, 63])
0	0.0	0.2496722924930411	([82], [82, 81])
0	0.0	0.2498973993754399	([575], [575, 574])
0	0.0	0.24993816442718175	([643], [643, 642])
0	0.0	0.25006262014223757	([11], [11, 10])
0	0.0	0.2503496485351495	([45], [45, 44])
0	0.0	0.2505302524535301	([407], [407, 406])
0	0.0	0.25061796520049673	([65], [65, 64])
0	0.0	0.2509860134120074	([556], [556, 555])
0	0.0	0.25113040044727564	([29], [29, 28])
0	0.0	0.251256830876713	([649], [649, 648])
0	0.0	0.25153791005909065	([103], [103, 102])
0	0.0	0.25159146034038826	([14], [14, 13])
0	0.0	0.25161160521793696	([25], [25, 24])
0	0.0	0.25164144867974203	([507], [507, 506])
0	0.0	0.2518788712381085	([515], [515, 514])
0	0.0	0.252157597536391	([606], [606, 605])
0	0.0	0.25240377832639804	([293], [293, 292])
0	0.0	0.2529674582585889	([633], [633, 632])
0	0.0	0.253122271269616	([461], [461, 460])
0	0.0	0.25317974509883223	([494], [494, 493])
0	0.0	0.2532936284355776	([646], [646, 645])
0	0.0	0.2536712669985935	([660], [660, 659])
0	0.0	0.253868702588616	([450], [450, 449])
0	0.0	0.2539360021754158	([314], [314, 313])
0	0.0	0.25396085607686697	([354], [354, 353])
0	0.0	0.2543374741764209	([628], [628, 627])
0	0.0	0.2544552471509208	([614], [614, 613])
0	0.0	0.25450574403863063	([526], [526, 525])
0	0.0	0.25558716226643113	([36], [36, 35])
0	0.0	0.25560829999730156	([258], [258, 257])
0	0.0	0.25583435503442825	([440], [440, 439])
0	0.0	0.25589215891934786	([18], [18, 17])
0	0.0	0.25600093970779575	([413], [413, 412])
0	0.0	0.256099658700893	([434], [434, 433])
0	0.0	0.25617954284741734	([560], [560, 559])
0	0.0	0.25626548037134045	([30], [30, 29])
0	0.0	0.2565817795127125	([503], [503, 502])
0	0.0	0.2568290305419513	([10], [10, 9])
0	0.0	0.25685960542584	([52], [52, 51])
0	0.0	0.2568882958419184	([87], [87, 86])
0	0.0	0.2569555260419146	([502], [502, 501])
0	0.0	0.2571937009342073	([663], [663, 662])
0	0.0	0.25724731410244167	([617], [617, 615])
0	0.0	0.2574766835841353	([138], [138, 137])
0	0.0	0.25763092302804996	([458], [458, 457])
0	0.0	0.25767075673853673	([659], [659, 658])
0	0.0	0.25775119545607184	([13], [13, 12])
0	0.0	0.25785193959291774	([468], [468, 467])
0	0.0	0.25787430478060597	([42], [42, 41])
0	0.0	0.2581814440032402	([323], [323, 322])
0	0.0	0.25824895634241013	([511], [511, 510])
0	0.0	0.25827743141315385	([348], [348, 347])
0	0.0	0.2583176863168995	([85], [85, 84])
0	0.0	0.25835154266352184	([535], [535, 534])
0	0.0	0.25925447459895073	([638], [638, 637])
0	0.0	0.25942625661877594	([406], [406, 405])
0	0.0	0.25956976360674594	([627], [627, 626])
0	0.0	0.25961111924520247	([613], [613, 612])
0	0.0	0.2596540183588583	([149], [149, 148])
0	0.0	0.25975682422817775	([21], [21, 20])
0	0.0	0.25984923632603035	([170], [170, 169])
0	0.0	0.26026087546839155	([630], [630, 629])
0	0.0	0.26123938651789147	([594], [594, 593])
0	0.0	0.26139430238894146	([442], [442, 441])
0	0.0	0.26151499658991023	([576], [576, 575])
0	0.0	0.2616164376455829	([26], [26, 25])
0	0.0	0.2616294691616465	([334], [334, 333])
0	0.0	0.26164001432423195	([512], [512, 511])
0	0.0	0.26169394381875855	([433], [433, 432])
0	0.0	0.2619839832335138	([474], [474, 473])
0	0.0	0.2620766449333221	([294], [294, 293])
0	0.0	0.2626188024640153	([604], [604, 603])
0	0.0	0.26265204869665726	([344], [344, 343])
0	0.0	0.26265709705239976	([557], [557, 556])
0	0.0	0.26284719886898683	([590], [590, 589])
0	0.0	0.26314885503048924	([112], [112, 111])
0	0.0	0.2631536541726607	([531], [531, 530])
0	0.0	0.2634800252497111	([122], [122, 121])
0	0.0	0.2635311884553418	([113], [113, 112])
0	0.0	0.2637667014402685	([89], [89, 88])
0	0.0	0.2637974737994134	([517], [517, 516])
0	0.0	0.2637988140841418	([76], [76, 75])
0	0.0	0.263901431021201	([490], [490, 489])
0	0.0	0.26390254114023953	([302], [302, 301])
0	0.0	0.2641049846456378	([639], [639, 638])
0	0.0	0.2641325544782952	([48], [48, 47])
0	0.0	0.26413364061163264	([285], [285, 284])
0	0.0	0.26415722152915794	([591], [591, 590])
0	0.0	0.2642885442041391	([550], [550, 549])
0	0.0	0.2643385679329019	([92], [92, 91])
0	0.0	0.2644479989790706	([51], [51, 50])
0	0.0	0.26447713740036366	([101], [101, 100])
0	0.0	0.26503380695229234	([662], [662, 661])
0	0.0	0.2651281307707436	([471], [471, 470])
0	0.0	0.26543421936960315	([297], [297, 296])
0	0.0	0.2655708149803806	([356], [356, 355])
0	0.0	0.2655889079403596	([656], [656, 655])
0	0.0	0.26559829529584567	([608], [608, 607])
0	0.0	0.2657890458694629	([510], [510, 509])
0	0.0	0.2660402951075601	([605], [605, 604])
0	0.0	0.26629881666390565	([17], [17, 16])
0	0.0	0.2664568755859297	([50], [50, 49])
0	0.0	0.26665721694305794	([527], [527, 526])
0	0.0	0.26675053150506023	([276], [276, 275])
0	0.0	0.26687149242308145	([540], [540, 539])
0	0.0	0.26693222199718797	([360], [360, 359])
0	0.0	0.2669524792591195	([637], [637, 636])
0	0.0	0.26719975093028603	([541], [541, 540])
0	0.0	0.267206903320309	([44], [44, 43])
0	0.0	0.26822217534919357	([292], [292, 291])
0	0.0	0.2683083584156352	([521], [521, 520])
0	0.0	0.2683361248804635	([652], [652, 651])
0	0.0	0.26839877866545214	([459], [459, 458])
0	0.0	0.26841801177412056	([551], [551, 550])
0	0.0	0.2684720048609049	([183], [183, 182])
0	0.0	0.2685620838869893	([338], [338, 337])
0	0.0	0.26861643851663247	([2], [2, 1])
0	0.0	0.2688304217838559	([9], [9, 8])
0	0.0	0.2688825491771772	([472], [472, 471])
0	0.0	0.26891164484053337	([451], [451, 450])
0	0.0	0.26918595043126387	([347], [347, 346])
0	0.0	0.2695839910086974	([640], [640, 639])
0	0.0	0.2696202868020151	([139], [139, 138])
0	0.0	0.269667718558902	([495], [495, 494])
0	0.0	0.26976565357866056	([94], [94, 93])
0	0.0	0.27011602057648954	([358], [358, 356])
0	0.0	0.2701350559257803	([516], [516, 515])
0	0.0	0.270199897145658	([601], [601, 600])
0	0.0	0.27022954739805005	([111], [111, 110])
0	0.0	0.2704397727671382	([664], [664, 663])
0	0.0	0.27055911811175304	([125], [125, 124])
0	0.0	0.2706097454786619	([58], [58, 57])
0	0.0	0.2706144156225399	([388], [388, 387])
0	0.0	0.27089062589641233	([666], [666, 665])
0	0.0	0.27123245670011387	([275], [275, 274])
0	0.0	0.2714245398364934	([147], [147, 146])
0	0.0	0.2714260555776986	([609], [609, 608])
0	0.0	0.27147199363781194	([49], [49, 48])
0	0.0	0.2717524181071442	([363], [363, 362])
0	0.0	0.27189870364021335	([145], [145, 144])
0	0.0	0.2721103937581043	([148], [148, 147])
0	0.0	0.27249403715256243	([657], [657, 656])
0	0.0	0.2725365093670857	([336], [336, 335])
0	0.0	0.27259308097204765	([500], [500, 499])
0	0.0	0.27269806601072816	([482], [482, 481])
0	0.0	0.27271710581966174	([373], [373, 372])
0	0.0	0.27273590539440545	([661], [661, 660])
0	0.0	0.2730239784645131	([126], [126, 125])
0	0.0	0.2732204717030516	([107], [107, 106])
0	0.0	0.2732389017550659	([359], [359, 358])
0	0.0	0.2735648968551122	([361], [361, 360])
0	0.0	0.2735745827124067	([174], [174, 173])
0	0.0	0.27358832291982854	([41], [41, 40])
0	0.0	0.2736780891658381	([144], [144, 143])
0	0.0	0.2737358421368196	([106], [106, 105])
0	0.0	0.2740280412142065	([370], [370, 369])
0	0.0	0.274052070251509	([615], [617, 616])
0	0.0	0.2740747214813342	([547], [547, 546])
0	0.0	0.2742274861641187	([496], [496, 495])
0	0.0	0.2743781268663782	([7], [7, 6])
0	0.0	0.27475683893325564	([537], [537, 536])
0	0.0	0.2748064162376885	([454], [454, 453])
0	0.0	0.27484077058324735	([69], [69, 68])
0	0.0	0.27488153517997793	([303], [303, 302])
0	0.0	0.2749564338877664	([86], [86, 84])
0	0.0	0.2751724481017305	([282], [282, 281])
0	0.0	0.27519979362944014	([96], [96, 95])
0	0.0	0.27523958150745653	([72], [72, 71])
0	0.0	0.2756325575046975	([63], [63, 62])
0	0.0	0.27566000766124227	([353], [358, 357])
0	0.0	0.2757066235444377	([636], [636, 635])
0	0.0	0.2760034025466512	([6], [6, 5])
0	0.0	0.2765579613988695	([265], [265, 264])
0	0.0	0.27658466948400445	([506], [506, 505])
0	0.0	0.27696422555422934	([389], [389, 388])
0	0.0	0.27741730254198366	([73], [73, 72])
0	0.0	0.2779045481346044	([394], [394, 393])
0	0.0	0.2782095467046648	([140], [140, 139])
0	0.0	0.27829268613750313	([216], [216, 215])
0	0.0	0.2785480329583107	([647], [647, 646])
0	0.0	0.2786361168919633	([387], [387, 386])
0	0.0	0.2788958993155109	([475], [475, 473])
0	0.0	0.2789130090671766	([629], [629, 628])
0	0.0	0.279028016020319	([158], [158, 157])
0	0.0	0.2790694447600864	([173], [173, 172])
0	0.0	0.27909802248830756	([520], [520, 519])
0	0.0	0.279108581190211	([226], [226, 225])
0	0.0	0.27920388193673074	([573], [573, 572])
0	0.0	0.2793527188001191	([487], [487, 486])
0	0.0	0.279641271529742	([621], [621, 620])
0	0.0	0.27967912089051344	([365], [365, 364])
0	0.0	0.27974337526489484	([491], [491, 490])
0	0.0	0.2800429860639483	([650], [650, 649])
0	0.0	0.2805817746563817	([618], [618, 617])
0	0.0	0.2807823524032276	([602], [602, 601])
0	0.0	0.2808503301645294	([20], [20, 19])
0	0.0	0.28086078217754284	([599], [599, 598])
0	0.0	0.28089593141746155	([91], [91, 90])
0	0.0	0.2809111720028858	([546], [546, 545])
0	0.0	0.28111053381291345	([162], [162, 161])
0	0.0	0.28128918612722265	([215], [215, 214])
0	0.0	0.28141267611575244	([497], [497, 496])
0	0.0	0.2817162292747347	([648], [648, 647])
0	0.0	0.28172403078512925	([424], [424, 423])
0	0.0	0.2820100269962455	([418], [418, 417])
0	0.0	0.2820231460646836	([519], [519, 518])
1	0.27566533417349903	0.282202030117148	([83, 80], [83, 82, 81])
0	0.0	0.28226987855171315	([408], [408, 407])
0	0.0	0.2828713163364855	([624], [624, 623])
0	0.0	0.2830191239816188	([667], [667, 666])
0	0.0	0.28312408020390867	([470], [470, 469])
0	0.0	0.28324287958567956	([653], [653, 652])
0	0.0	0.2832541217947235	([346], [346, 345])
0	0.0	0.2833107617644794	([409], [409, 408])
0	0.0	0.2833587573693119	([460], [460, 459])
0	0.0	0.28341387192455536	([262], [262, 261])
0	0.0	0.2837659306335295	([311], [311, 310])
0	0.0	0.28389453927341984	([411], [411, 410])
0	0.0	0.2840207211307913	([539], [539, 538])
0	0.0	0.2844801872730151	([165], [165, 164])
0	0.0	0.28455942773558535	([168], [168, 167])
0	0.0	0.28499840791132836	([393], [393, 392])
0	0.0	0.285214625517882	([312], [312, 311])
0	0.0	0.2852706160981953	([343], [343, 342])
0	0.0	0.2852875283450657	([668], [668, 667])
0	0.0	0.28541153548910364	([581], [581, 579])
0	0.0	0.28544336424592875	([357], [353, 352])
0	0.0	0.28600382175586264	([501], [501, 500])
0	0.0	0.28615238373818713	([93], [93, 92])
0	0.0	0.2862875910888128	([525], [525, 524])
0	0.0	0.28634207024736386	([427], [427, 426])
0	0.0	0.2864176849439922	([286], [286, 285])
0	0.0	0.28672252424590916	([74], [74, 72])
0	0.0	0.28680351887181266	([68], [68, 67])
0	0.0	0.28685275090456	([137], [137, 136])
0	0.0	0.28698794715242104	([329], [329, 328])
0	0.0	0.2870002342877121	([508], [508, 507])
0	0.0	0.287028216831903	([428], [428, 427])
0	0.0	0.28706252887760647	([141], [141, 138])
0	0.0	0.2870844290519466	([554], [554, 553])
0	0.0	0.28738176193337506	([5], [5, 4])
0	0.0	0.28750431230635526	([597], [597, 596])
0	0.0	0.28751291924379985	([372], [372, 371])
0	0.0	0.2875422989370046	([310], [310, 309])
0	0.0	0.28757948832992264	([219], [219, 218])
0	0.0	0.2876288798517867	([514], [514, 513])
0	0.0	0.2880636318217324	([295], [295, 294])
0	0.0	0.2883907522700568	([67], [67, 66])
0	0.0	0.2884072506935926	([480], [480, 479])
0	0.0	0.28846213554414796	([124], [124, 123])
0	0.0	0.28865068451076054	([54], [54, 53])
0	0.0	0.28891384065324155	([284], [284, 283])
0	0.0	0.28899945877035577	([488], [488, 487])
0	0.0	0.2890160139102887	([530], [530, 529])
0	0.0	0.28914165738452813	([352], [352, 351])
0	0.0	0.2898124602177631	([390], [390, 389])
0	0.0	0.2899211934320707	([62], [62, 61])
0	0.0	0.29024031780668685	([97], [97, 96])
0	0.0	0.29032216256394033	([364], [364, 362])
0	0.0	0.29056849797586026	([536], [536, 535])
0	0.0	0.2905849336676652	([489], [489, 488])
0	0.0	0.2909341690584127	([611], [611, 610])
0	0.0	0.29104443086362525	([313], [315, 312])
0	0.0	0.2911254569382405	([469], [469, 468])
0	0.0	0.2912472439877047	([337], [337, 336])
0	0.0	0.2914089696231002	([291], [291, 290])
0	0.0	0.2915483382296677	([175], [175, 174])
0	0.0	0.2917152920958613	([221], [221, 220])
0	0.0	0.2917504768517541	([37], [37, 36])
0	0.0	0.29187443163355636	([169], [169, 168])
0	0.0	0.2919142614245475	([287], [287, 286])
0	0.0	0.2919307322853417	([71], [71, 70])
1	0.2901383963261179	0.2921925333563896	([146, 143], [146, 145, 143])
0	0.0	0.2922667232954722	([53], [53, 52])
0	0.0	0.29233941088145265	([616], [615, 614])
0	0.0	0.2927284021783743	([381], [381, 380])
0	0.0	0.29317652975050007	([105], [105, 104])
0	0.0	0.29346323446218714	([117], [117, 116])
0	0.0	0.29369843008263147	([308], [308, 307])
0	0.0	0.2936996915513137	([457], [458, 456])
0	0.0	0.2937353110299511	([444], [444, 443])
0	0.0	0.2941423984735427	([563], [563, 562])
0	0.0	0.2941866821908848	([584], [585, 583])
0	0.0	0.29433892105084103	([321], [321, 320])
0	0.0	0.29466504387600373	([570], [570, 569])
0	0.0	0.29486371735940464	([532], [532, 531])
0	0.0	0.29492499086544816	([167], [167, 166])
0	0.0	0.29516057583734556	([456], [456, 455])
0	0.0	0.2955609966684211	([267], [267, 266])
0	0.0	0.29556307773706647	([432], [432, 431])
0	0.0	0.2956466058989623	([625], [625, 624])
0	0.0	0.2956714389204546	([481], [481, 480])
0	0.0	0.2958126921020748	([306], [306, 305])
0	0.0	0.29588225875602353	([513], [513, 512])
1	0.2950179692654636	0.29617416352084375	([313, 312], [315, 314, 313])
0	0.0	0.2965614673734905	([134], [134, 133])
0	0.0	0.2967476497672511	([79], [79, 78])
0	0.0	0.2970824579689464	([391], [391, 390])
0	0.0	0.297143309153775	([296], [296, 295])
0	0.0	0.2974099920173294	([307], [307, 306])
0	0.0	0.2974507864282547	([568], [568, 567])
0	0.0	0.29774129144140643	([415], [415, 414])
0	0.0	0.2979988242142021	([273], [273, 272])
0	0.0	0.2982762445392874	([350], [350, 349])
0	0.0	0.2984270606813628	([448], [448, 447])
0	0.0	0.2984727008432089	([518], [518, 517])
0	0.0	0.29848323767841306	([423], [423, 422])
0	0.0	0.2986481912005715	([395], [395, 394])
0	0.0	0.2988790264224904	([655], [655, 654])
0	0.0	0.29904941577850097	([654], [654, 653])
0	0.0	0.29909657999259	([143], [143, 142])
0	0.0	0.2992838288422636	([335], [335, 334])
0	0.0	0.29941697329836725	([259], [259, 257])
0	0.0	0.2996352593013408	([237], [237, 236])
0	0.0	0.29992337909818856	([455], [455, 454])
0	0.0	0.3001968316386874	([56], [56, 55])
0	0.0	0.30046444821608315	([332], [332, 331])
0	0.0	0.3004926692639781	([156], [156, 155])
0	0.0	0.3006405414734263	([467], [467, 466])
0	0.0	0.30073519972166807	([610], [610, 609])
0	0.0	0.30094612024307194	([583], [583, 582])
0	0.0	0.30101344060657975	([522], [522, 521])
0	0.0	0.30109419764667905	([40], [40, 39])
0	0.0	0.3010985568048917	([118], [118, 117])
0	0.0	0.30111393969774153	([47], [47, 46])
0	0.0	0.3016981727808456	([422], [422, 421])
0	0.0	0.3018094028420078	([485], [485, 484])
0	0.0	0.3018147453545826	([486], [486, 485])
0	0.0	0.30195615644839013	([534], [534, 533])
0	0.0	0.3019834196353372	([88], [88, 87])
0	0.0	0.3019846337242052	([600], [600, 599])
0	0.0	0.3019961685791393	([564], [564, 563])
0	0.0	0.30206067291139305	([150], [151, 149])
0	0.0	0.30222129296573846	([592], [592, 591])
0	0.0	0.30232514002970895	([309], [309, 308])
0	0.0	0.30232658005169555	([523], [523, 522])
0	0.0	0.30256436791716146	([398], [398, 397])
0	0.0	0.3025891244976468	([260], [260, 259])
0	0.0	0.30273775842330586	([565], [565, 563])
0	0.0	0.3027406993176283	([416], [416, 415])
0	0.0	0.30294091349484586	([339], [339, 338])
0	0.0	0.30305449584722893	([587], [587, 586])
0	0.0	0.30330786831786694	([77], [77, 76])
0	0.0	0.3034033360440107	([244], [244, 243])
0	0.0	0.30340483170219523	([380], [380, 379])
0	0.0	0.3035599678866117	([75], [75, 74])
0	0.0	0.30362802081286655	([371], [371, 370])
0	0.0	0.30377225575848826	([345], [345, 344])
0	0.0	0.3040226488212901	([379], [379, 377])
0	0.0	0.3041801772671007	([351], [351, 350])
0	0.0	0.3042809012206311	([155], [155, 153])
0	0.0	0.3043892900001433	([484], [484, 483])
0	0.0	0.3044183566220688	([555], [555, 554])
0	0.0	0.30451854931341976	([435], [435, 434])
0	0.0	0.3045573897717687	([236], [236, 235])
0	0.0	0.3047227044774443	([220], [220, 219])
0	0.0	0.3047881764533413	([305], [306, 304])
0	0.0	0.3050153986434736	([46], [46, 45])
0	0.0	0.30537364893476104	([330], [330, 329])
0	0.0	0.30545720655168657	([426], [426, 424])
0	0.0	0.30552395723799136	([19], [19, 18])
0	0.0	0.30561151330800046	([509], [509, 508])
0	0.0	0.30561218702813614	([582], [582, 581])
0	0.0	0.30587208980019615	([552], [552, 551])
0	0.0	0.30589287516594776	([272], [272, 271])
0	0.0	0.30631735920077996	([392], [392, 391])
0	0.0	0.30649489447667017	([326], [326, 325])
0	0.0	0.30685067410027006	([579], [579, 578])
0	0.0	0.3070054061437729	([505], [505, 504])
0	0.0	0.30729179788551597	([299], [299, 298])
0	0.0	0.3073404130295655	([417], [417, 416])
0	0.0	0.3073584213727323	([157], [157, 156])
0	0.0	0.30762169759732355	([430], [430, 429])
0	0.0	0.30770443788255347	([593], [593, 592])
0	0.0	0.30780537849716344	([401], [401, 400])
0	0.0	0.30799757557604857	([421], [421, 420])
0	0.0	0.30805102590733235	([574], [574, 573])
0	0.0	0.30812553220553257	([266], [266, 265])
0	0.0	0.3081336250190415	([245], [245, 244])
0	0.0	0.30814868977407234	([271], [271, 270])
0	0.0	0.3082330958875611	([66], [66, 65])
0	0.0	0.30824158770333143	([464], [464, 463])
0	0.0	0.30828172976377294	([476], [476, 475])
0	0.0	0.30828181527569004	([153], [155, 154])
0	0.0	0.30828437730902286	([396], [396, 395])
0	0.0	0.30832816197061	([31], [31, 30])
0	0.0	0.30848720610834485	([274], [274, 273])
0	0.0	0.30852082058137165	([589], [591, 587])
0	0.0	0.30872369990385023	([253], [253, 252])
0	0.0	0.3090010493073183	([349], [349, 348])
0	0.0	0.30925007156478174	([243], [243, 242])
0	0.0	0.3098924189563619	([333], [333, 332])
0	0.0	0.31007686761734765	([55], [55, 54])
0	0.0	0.3101424973995104	([561], [561, 560])
0	0.0	0.31042387177584824	([447], [447, 446])
0	0.0	0.31079625186483995	([412], [412, 411])
0	0.0	0.3109073460941139	([414], [414, 413])
0	0.0	0.31123557606811064	([377], [379, 378])
0	0.0	0.31145862171354877	([634], [634, 633])
0	0.0	0.3114836587835768	([59], [59, 58])
0	0.0	0.31178803393148974	([133], [133, 132])
0	0.0	0.3118538527929399	([121], [121, 119])
0	0.0	0.31207276527152583	([222], [222, 221])
0	0.0	0.3121107108307873	([57], [57, 56])
0	0.0	0.3124223019488049	([566], [566, 565])
0	0.0	0.3127879711544133	([439], [439, 438])
0	0.0	0.3127977388122394	([60], [60, 59])
0	0.0	0.3129159744389596	([261], [261, 260])
0	0.0	0.31296248551814715	([569], [570, 568])
0	0.0	0.3129825264229048	([223], [223, 222])
0	0.0	0.3134898220513247	([166], [166, 165])
0	0.0	0.3137204207454846	([449], [449, 448])
0	0.0	0.313953272369004	([622], [622, 621])
0	0.0	0.3141278676924385	([410], [410, 409])
0	0.0	0.31427368031250436	([288], [288, 287])
0	0.0	0.3145432530549579	([116], [116, 115])
0	0.0	0.3146765117225232	([304], [304, 303])
0	0.0	0.3150216017549082	([635], [635, 634])
0	0.0	0.315404867879961	([15], [15, 14])
0	0.0	0.3160460440130788	([131], [131, 129])
0	0.0	0.3162708954328542	([499], [500, 498])
0	0.0	0.31674038408824234	([405], [405, 404])
0	0.0	0.31685208400115283	([419], [419, 418])
0	0.0	0.31702321879267154	([322], [322, 320])
0	0.0	0.3174236778372845	([477], [477, 476])
0	0.0	0.31749213707854906	([277], [277, 276])
0	0.0	0.3178426083190406	([161], [161, 160])
0	0.0	0.3180412460240361	([453], [453, 452])
0	0.0	0.3181256589229625	([4], [4, 2])
0	0.0	0.3182281526725134	([280], [280, 279])
0	0.0	0.31833195170147766	([119], [119, 118])
0	0.0	0.3183525654971244	([61], [61, 60])
0	0.0	0.31840315848081824	([586], [586, 585])
0	0.0	0.31853718436593226	([290], [290, 288])
0	0.0	0.31860857223286615	([385], [385, 384])
0	0.0	0.31882769994490034	([341], [341, 340])
0	0.0	0.3189010489529486	([132], [132, 131])
0	0.0	0.31905593129810667	([104], [104, 103])
0	0.0	0.31914108181371015	([375], [375, 371])
0	0.0	0.31931131863257217	([160], [160, 159])
0	0.0	0.3193671981633513	([386], [386, 385])
0	0.0	0.3194251228167835	([596], [597, 595])
0	0.0	0.32021250320039174	([184], [184, 183])
0	0.0	0.32068554208341493	([598], [598, 597])
0	0.0	0.32133922630755984	([227], [227, 226])
0	0.0	0.32134066547843904	([159], [159, 158])
0	0.0	0.3214203033733914	([553], [553, 552])
0	0.0	0.3216232938915688	([438], [438, 437])
0	0.0	0.3218204035520737	([429], [430, 428])
0	0.0	0.3219346618492022	([382], [382, 381])
0	0.0	0.3222144654450595	([33], [33, 32])
0	0.0	0.3225155599430483	([252], [253, 251])
0	0.0	0.32260028870318824	([400], [400, 398])
0	0.0	0.3232612292650609	([402], [402, 401])
0	0.0	0.3234194564893393	([641], [641, 640])
0	0.0	0.32348453984086556	([279], [279, 278])
0	0.0	0.3235602335421632	([620], [621, 619])
0	0.0	0.3237936828767812	([479], [479, 478])
0	0.0	0.3238691144491933	([651], [651, 650])
0	0.0	0.32397918531142944	([533], [533, 532])
0	0.0	0.3241003107919412	([383], [383, 382])
0	0.0	0.3244251224998658	([130], [130, 129])
0	0.0	0.32447633984429625	([367], [367, 366])
0	0.0	0.32485622285935245	([463], [464, 462])
0	0.0	0.32490866283841696	([331], [331, 330])
0	0.0	0.32553742433243926	([142], [142, 141])
0	0.0	0.3256082112374291	([317], [317, 316])
0	0.0	0.3258237562897429	([318], [318, 316])
0	0.0	0.3263096534845427	([483], [483, 482])
0	0.0	0.3273563733533088	([362], [364, 361])
0	0.0	0.327449884796727	([562], [562, 561])
0	0.0	0.3277156151821229	([325], [325, 323])
0	0.0	0.3278983735420809	([528], [528, 527])
0	0.0	0.3280210298796872	([369], [375, 374])
0	0.0	0.3282617260931126	([549], [549, 548])
0	0.0	0.3283199210220635	([241], [241, 240])
0	0.0	0.32842810137113515	([446], [446, 445])
0	0.0	0.3288078150036964	([281], [281, 280])
0	0.0	0.3288158901347762	([224], [224, 223])
0	0.0	0.3292386333144908	([32], [32, 31])
0	0.0	0.3293813736780075	([578], [578, 576])
0	0.0	0.3294494118252709	([182], [183, 178])
0	0.0	0.3297395766576471	([257], [259, 256])
0	0.0	0.32999790445086513	([397], [397, 396])
0	0.0	0.3306323420599265	([123], [123, 122])
0	0.0	0.3308976441629813	([98], [98, 97])
0	0.0	0.33090390315252116	([644], [644, 643])
0	0.0	0.33102486674421394	([425], [425, 424])
0	0.0	0.3311085986523172	([572], [572, 571])
0	0.0	0.33135705986790276	([256], [256, 255])
0	0.0	0.33174402183162016	([247], [247, 246])
0	0.0	0.3323142125369817	([28], [28, 27])
0	0.0	0.3325114017756152	([342], [342, 341])
0	0.0	0.33256441451032653	([278], [278, 277])
0	0.0	0.3327270338584672	([571], [571, 570])
0	0.0	0.333145431479801	([466], [466, 464])
0	0.0	0.3335058756616321	([128], [128, 127])
0	0.0	0.3339202807217945	([35], [35, 34])
0	0.0	0.33410747535611596	([443], [443, 442])
1	0.3333988399135319	0.33468870830525815	([224, 221], [224, 223, 221])
0	0.0	0.3348731969363165	([164], [164, 162])
0	0.0	0.334973625011606	([129], [129, 128])
1	0.3339264144798129	0.33519687222450545	([221, 218], [221, 220, 218])
0	0.0	0.33530113171565806	([212], [212, 210])
0	0.0	0.3353962056428757	([3], [3, 2])
0	0.0	0.3356187471820132	([269], [269, 268])
0	0.0	0.33582215823018274	([559], [578, 577])
0	0.0	0.3359629326687339	([213], [213, 212])
0	0.0	0.33647378467904027	([316], [318, 315])
0	0.0	0.3367377824218719	([493], [493, 492])
0	0.0	0.33732414085417695	([376], [376, 375])
0	0.0	0.33737096115436277	([378], [377, 376])
0	0.0	0.3378371518615997	([399], [399, 398])
0	0.0	0.33793766893613536	([136], [136, 134])
0	0.0	0.3379481698194214	([473], [473, 472])
0	0.0	0.3381505828212424	([580], [580, 579])
0	0.0	0.33849959253900885	([320], [325, 324])
0	0.0	0.33861000877437575	([193], [193, 192])
0	0.0	0.3387897721776081	([300], [300, 299])
0	0.0	0.33929951114395124	([34], [35, 33])
0	0.0	0.33987380775906195	([190], [190, 188])
1	0.3339121273988798	0.3402355583286433	([44, 39], [44, 42, 39])
0	0.0	0.341039166131397	([246], [247, 244])
0	0.0	0.3419896148840103	([543], [543, 542])
0	0.0	0.3420325000666445	([420], [420, 419])
0	0.0	0.34256070545660805	([319], [319, 318])
0	0.0	0.34259328120258353	([437], [466, 465])
0	0.0	0.3427218532483752	([298], [298, 296])
1	0.3319200368666164	0.3428366417885402	([566, 562], [566, 565, 562])
0	0.0	0.3437996755160472	([403], [403, 402])
0	0.0	0.34385578595339694	([27], [27, 26])
0	0.0	0.3448152028029689	([188], [188, 187])
0	0.0	0.3449345721211822	([478], [478, 477])
0	0.0	0.34494433819569326	([268], [268, 267])
0	0.0	0.34525204255511366	([231], [231, 230])
0	0.0	0.34529610637002955	([115], [115, 114])
0	0.0	0.3457477017793219	([545], [545, 544])
0	0.0	0.3458331163437411	([595], [595, 594])
0	0.0	0.34589039804644817	([228], [228, 227])
0	0.0	0.3459607811377612	([327], [327, 325])
0	0.0	0.34616603210517866	([328], [328, 327])
0	0.0	0.3469256869998914	([289], [289, 288])
0	0.0	0.3477592992891797	([324], [320, 319])
0	0.0	0.34776561317024846	([577], [559, 557])
0	0.0	0.3488177302271241	([172], [172, 170])
0	0.0	0.3488859447240861	([152], [152, 151])
0	0.0	0.34893892857992415	([492], [492, 491])
0	0.0	0.34964685960088243	([135], [135, 134])
0	0.0	0.3498844918328394	([251], [251, 250])
0	0.0	0.3499441772826178	([270], [270, 269])
0	0.0	0.35058046707301976	([366], [366, 365])
0	0.0	0.3506780185240594	([24], [24, 23])
0	0.0	0.35129738977546954	([436], [436, 435])
0	0.0	0.35293826950693846	([163], [163, 162])
0	0.0	0.35299525508353036	([16], [16, 15])
0	0.0	0.3530686545712204	([187], [190, 189])
0	0.0	0.3536164673396711	([154], [153, 152])
0	0.0	0.353879813396344	([109], [109, 108])
1	0.3501681920442132	0.3542526919980468	([46, 39], [46, 45, 39])
0	0.0	0.3545031795689448	([250], [250, 249])
1	0.3213857212409713	0.35454590954767234	([23, 16], [23, 20, 19])
0	0.0	0.35676066677167	([529], [529, 528])
0	0.0	0.3572592492371481	([301], [301, 300])
1	0.3571412816806578	0.35863629744626746	([246, 245], [247, 246, 245])
0	0.0	0.35881045603418493	([99], [99, 97])
0	0.0	0.3591346093449087	([263], [263, 262])
1	0.35893136499159567	0.3593839354284647	([122, 117], [122, 119, 118])
0	0.0	0.3610776825005594	([465], [438, 436])
0	0.0	0.3618311670026839	([645], [645, 644])
0	0.0	0.36236662177758266	([544], [545, 543])
1	0.35703156444544726	0.3625517883016125	([496, 491], [496, 493, 491])
0	0.0	0.36365633816912163	([171], [171, 170])
0	0.0	0.36417746674307533	([229], [229, 227])
0	0.0	0.36695029011751884	([210], [212, 211])
0	0.0	0.36697954902347474	([242], [242, 241])
0	0.0	0.3681965766344887	([38], [38, 37])
1	0.35677647327907314	0.3687537326506623	([560, 556], [560, 559, 557])
0	0.0	0.37192724218105094	([189], [188, 184])
0	0.0	0.37310684924986576	([254], [254, 253])
0	0.0	0.3739355317976945	([214], [214, 213])
0	0.0	0.37449981801618765	([185], [185, 184])
0	0.0	0.37490588209816694	([186], [186, 185])
0	0.0	0.37589595546623056	([368], [368, 367])
0	0.0	0.3766140421593967	([225], [225, 224])
0	0.0	0.377819248338639	([110], [121, 120])
0	0.0	0.3787271416446782	([374], [369, 367])
0	0.0	0.37937528417090205	([230], [230, 229])
0	0.0	0.3803582664720908	([217], [217, 216])
0	0.0	0.382322105272299	([176], [176, 175])
0	0.0	0.382847442862149	([211], [210, 208])
0	0.0	0.3837609964270357	([264], [559, 558])
0	0.0	0.38385184589697724	([120], [110, 109])
0	0.0	0.3853905708340494	([39], [39, 37])
0	0.0	0.3866873078481057	([588], [588, 587])
0	0.0	0.38681639809814816	([178], [182, 180])
0	0.0	0.3869895416290967	([207], [207, 199])
0	0.0	0.3893109663047465	([84], [84, 83])
0	0.0	0.3894481247550761	([192], [192, 190])
0	0.0	0.39163273304491947	([196], [196, 195])
0	0.0	0.3921779332168845	([177], [177, 176])
0	0.0	0.3935312005991393	([249], [249, 247])
0	0.0	0.3940817345248243	([181], [181, 180])
0	0.0	0.3952280424380309	([195], [195, 193])
0	0.0	0.3953381256630922	([255], [255, 254])
0	0.0	0.3970348375757348	([235], [236, 234])
0	0.0	0.3988334566999046	([558], [264, 263])
0	0.0	0.40115440111489414	([180], [178, 177])
0	0.0	0.40200843797174146	([194], [194, 193])
0	0.0	0.4032239731962693	([240], [249, 248])
0	0.0	0.40379759315785746	([191], [191, 190])
0	0.0	0.4039545592488925	([199], [207, 198])
0	0.0	0.4105255531165248	([206], [206, 200])
0	0.0	0.4141947507201247	([218], [218, 217])
0	0.0	0.41741599914191774	([202], [202, 200])
1	0.42008848519343767	0.4311986125155962	([15, 6], [15, 14, 7])
0	0.0	0.4349119304811966	([234], [237, 233])
0	0.0	0.4383632992427763	([208], [208, 195])
0	0.0	0.4464522556964928	([248], [240, 238])
0	0.0	0.44754239442795457	([233], [233, 231])
1	0.43702943418350465	0.4478300635244049	([334, 319], [334, 323, 319])
0	0.0	0.44797086108263356	([232], [232, 231])
0	0.0	0.45154134146396163	([238], [240, 232])
0	0.0	0.45362893650115793	([209], [209, 203])
0	0.0	0.4554484185249634	([203], [209, 208])
0	0.0	0.4593773002707108	([0], [209, 204])
0	0.0	0.4615010272112269	([197], [197, 195])
1	0.4647005482256055	0.464804266645235	([238, 237], [238, 237, 236])
0	0.0	0.46623190937685344	([204], [240, 239])
0	0.0	0.46906291272608835	([200], [202, 197])
1	0.4638741477137753	0.4724348972620149	([236, 232], [236, 233, 232])
0	0.0	0.47760963211755614	([198], [198, 197])
1	0.4862066036397695	0.4906386272891127	([234, 231], [235, 234, 231])
1	0.4865162234805191	0.49081526779200535	([27, 19], [27, 24, 19])
0	0.0	0.49299447309343625	([205], [205, 197])
1	0.498787940307801	0.49993678684676285	([436, 424], [436, 433, 431])
1	0.49403305009762655	0.504150230374317	([212, 190], [212, 208, 193])
0	0.0	0.5050605584037103	([239], [368, 201])
1	0.4751102082118882	0.5112011934776267	([210, 194], [210, 208, 192])
1	0.5072331418962926	0.5114730611432575	([211, 204], [211, 209, 208])
1	0.49629618387843827	0.5267157287731828	([199, 186], [199, 197, 186])
1	0.5132022764491783	0.5278922921316574	([583, 571], [583, 576, 574])
1	0.4973845556562406	0.53371155344632	([204, 191], [211, 204, 195])
1	0.5072248157165471	0.5479589315118086	([209, 202], [209, 202, 196])
1	0.5438558198462466	0.5481013167100731	([238, 225], [238, 232, 225])
1	0.4765050170026864	0.5491216188717332	([233, 217], [233, 225, 217])
1	0.4954508878932106	0.5544923292809868	([205, 191], [205, 197, 191])
1	0.5310404962990246	0.5577690962676378	([250, 234], [250, 246, 234])
1	0.5292672240096438	0.558811045186507	([217, 204], [217, 212, 211])
1	0.5563582093022678	0.5658301053052296	([584, 570], [584, 578, 577])
1	0.5256896065780324	0.5660411750774903	([667, 651], [667, 661, 652])
1	0.548310229372343	0.577562479535912	([199, 177], [199, 185, 177])
1	0.5560197053645499	0.585480535819995	([246, 233], [246, 236, 234])
1	0.5083095073241495	0.5867044944093919	([205, 181], [205, 189, 180])
1	0.5865705556077151	0.5884745557316404	([457, 436], [454, 446, 445])
1	0.5874487113517329	0.604555800445471	([205, 98], [205, 109, 98])
1	0.5934392461191003	0.6072292201600112	([552, 519], [552, 550, 518])
1	0.601436052453105	0.6127568241349135	([579, 559], [579, 570, 559])
1	0.5954226609132987	0.6132535207670818	([390, 369], [390, 389, 369])
1	0.6133603057004141	0.613414494559519	([656, 635], [656, 655, 635])
1	0.6086086461359757	0.613859621947272	([214, 177], [215, 214, 177])
1	0.6113625581059476	0.6142164851811055	([423, 399], [436, 435, 399])
1	0.6125335712851822	0.6193571877445756	([118, 95], [119, 110, 109])
1	0.5608539844924824	0.6195228422902838	([202, 180], [202, 187, 180])
1	0.6194366568922246	0.622839415392722	([173, 149], [173, 161, 160])
1	0.5586534989086283	0.6241540954353256	([213, 206], [213, 206, 194])
1	0.589546302726179	0.6259598645874521	([64, 30], [64, 59, 30])
1	0.6045237340870075	0.6261200096323051	([65, 31], [65, 56, 31])
1	0.5990081494261319	0.6268750039567246	([215, 175], [216, 211, 190])
1	0.6237845537670152	0.6283906861642043	([116, 94], [118, 116, 94])
1	0.6266568417500256	0.6290692900213406	([30, 6], [30, 17, 15])
1	0.6279369395073588	0.6321209449215343	([553, 520], [553, 551, 520])
1	0.6289401825150549	0.6321645975985214	([648, 623], [648, 634, 623])
1	0.6279773097136516	0.6328958582608069	([389, 358], [389, 369, 367])
1	0.6317704241548294	0.6338540553996306	([112, 84], [112, 104, 84])
1	0.5840636174285848	0.6364722987596656	([239, 217], [239, 230, 217])
1	0.6326936442310271	0.6366452382871992	([126, 96], [126, 117, 96])
1	0.5618165441025935	0.6377677703292103	([205, 171], [205, 180, 171])
1	0.636518820296259	0.6378039843235969	([366, 344], [366, 365, 345])
1	0.6191439417109029	0.6385227589211896	([233, 152], [233, 163, 160])
1	0.637735696678623	0.6391024108049979	([487, 466], [487, 477, 466])
1	0.6362614090483254	0.6413244787670048	([564, 517], [564, 551, 519])
1	0.5949845715424735	0.6413760406982453	([233, 176], [233, 215, 176])
1	0.6308797506275471	0.6446954007330096	([436, 317], [436, 346, 341])
1	0.6159389214865229	0.6455214128985763	([436, 347], [436, 366, 363])
1	0.6051318530010104	0.6458424865426806	([475, 436], [473, 463, 462])
1	0.6452957097415676	0.6459732086797113	([580, 555], [580, 568, 555])
1	0.6151170844464982	0.647018979681648	([269, 233], [268, 256, 233])
1	0.6225164117934108	0.6480188527575595	([240, 213], [240, 226, 213])
1	0.6323324900321002	0.6484554429766451	([402, 384], [402, 397, 384])
1	0.6291299704362748	0.6486711095245102	([654, 618], [654, 643, 618])
1	0.6479717689022796	0.6494113883282278	([349, 239], [349, 342, 239])
1	0.6313448777908167	0.6498189669356765	([317, 238], [317, 305, 238])
1	0.6496118493405881	0.6500915979380991	([250, 215], [250, 215, 174])
1	0.6198741668016335	0.6514195707983851	([374, 238], [395, 385, 238])
1	0.638216507638963	0.6514983936864479	([492, 436], [492, 482, 436])
1	0.650221157462283	0.6522269852357235	([162, 130], [162, 152, 139])
1	0.6096108605763738	0.6535659252641248	([297, 233], [295, 280, 233])
1	0.6454965083620262	0.6538464461165585	([193, 163], [193, 183, 163])
1	0.6540201179446351	0.6540277236748475	([367, 343], [367, 359, 346])
1	0.6504555522394815	0.6556382378536352	([436, 248], [436, 263, 251])
1	0.6511555114735109	0.6560247738327277	([105, 66], [105, 85, 73])
1	0.6514337427223136	0.6588101980915646	([455, 238], [463, 455, 436])
1	0.6420450673753328	0.6599788383796524	([229, 193], [229, 193, 190])
1	0.6385567495814823	0.6605914669245341	([233, 115], [233, 132, 123])
1	0.6421522736218335	0.661281938272843	([374, 239], [374, 357, 239])
1	0.6630792325904235	0.6656723742173509	([578, 538], [578, 557, 556])
1	0.6630312241254094	0.665942654220562	([649, 610], [649, 631, 622])
1	0.6474174345832991	0.6660533734367424	([436, 142], [436, 142, 131])
1	0.6396098086914526	0.666347783507243	([436, 154], [436, 159, 142])
1	0.6595351609259285	0.6666165321461319	([655, 601], [655, 638, 601])
1	0.645556130486068	0.6672510935470645	([239, 66], [239, 66, 27])
1	0.6232241782195866	0.6681827911294261	([233, 132], [233, 152, 132])
1	0.6548928189146599	0.6691348192542215	([659, 614], [659, 634, 620])
1	0.6448170393735725	0.6691769912915765	([250, 174], [250, 228, 215])
1	0.6704871334507208	0.6704909701439248	([108, 60], [108, 77, 60])
1	0.6325518374673542	0.6710242842142438	([436, 268], [436, 251, 230])
1	0.6588363990856667	0.6712430839059331	([144, 105], [144, 135, 106])
1	0.6641211840400321	0.6713389043656561	([385, 349], [385, 370, 369])
1	0.5572351118062028	0.6719897180768816	([436, 368], [436, 399, 377])
1	0.6253269130917989	0.6732153677745217	([258, 238], [258, 250, 247])
1	0.6449232862552944	0.6732861527954698	([466, 233], [485, 469, 233])
1	0.6463351230821894	0.6740867756795801	([318, 233], [336, 318, 233])
1	0.555289230285322	0.6741869974148749	([558, 204], [577, 558, 541])
1	0.6723716731523467	0.6753541367145225	([412, 229], [437, 412, 401])
1	0.6596310931690672	0.6758646426863504	([566, 513], [566, 551, 519])
1	0.6584927067827742	0.6761018550105055	([299, 257], [299, 283, 257])
1	0.6178165053783861	0.6763342827336954	([571, 238], [588, 571, 568])
1	0.6452823006340331	0.6765963323406113	([436, 181], [436, 181, 166])
1	0.6616116810077339	0.6773439271918934	([505, 436], [513, 505, 436])
1	0.6550943806226649	0.6775164729636922	([436, 300], [436, 317, 304])
1	0.67074146610452	0.678306093997349	([610, 436], [634, 615, 610])
1	0.6648503819487334	0.6789198045616106	([249, 170], [249, 190, 170])
1	0.6670518367601622	0.6795933965256573	([230, 167], [230, 216, 179])
1	0.6505549635008964	0.6800257071166602	([666, 2], [667, 666, 0])
1	0.651098841626592	0.6805141481412387	([462, 432], [461, 459, 432])
1	0.676946147299169	0.6807434935358285	([141, 108], [141, 124, 116])
1	0.6741297287201824	0.6810663131815144	([396, 355], [396, 385, 349])
1	0.6248116444596006	0.6811519235580978	([319, 239], [391, 382, 369])
1	0.6769727255738526	0.6814710215697639	([586, 518], [586, 564, 518])
1	0.662661348188693	0.6824980529566012	([251, 213], [251, 231, 230])
1	0.6809666523480293	0.6839031661255043	([309, 249], [309, 291, 249])
1	0.6609837169798088	0.6845077359041443	([416, 233], [437, 416, 401])
1	0.6380155257541592	0.6847997968046856	([238, 59], [238, 59, 32])
1	0.6473866669743672	0.6849002630979838	([436, 27], [436, 27, 5])
1	0.6445980197205671	0.6850896427121379	([398, 354], [398, 375, 364])
1	0.6409716392153415	0.6852952137959781	([561, 233], [518, 488, 484])
1	0.6790216267799282	0.6859130618676668	([307, 256], [307, 289, 266])
1	0.5452386629664375	0.6860295405327741	([204, 181], [204, 191, 181])
1	0.6284225762360484	0.686326606020882	([253, 226], [253, 249, 221])
1	0.6601684388029463	0.6864048495391679	([578, 233], [578, 561, 556])
1	0.6126540592721563	0.6869437174319512	([300, 238], [298, 279, 278])
1	0.6653037769504148	0.6885757541770314	([599, 233], [621, 599, 596])
1	0.6840845158264367	0.6891111085138851	([397, 234], [400, 380, 250])
1	0.6732680842072057	0.6891111085138851	([380, 250], [435, 400, 250])
1	0.6765509502386085	0.6893482128428445	([401, 240], [401, 396, 240])
1	0.627687234158307	0.6894755222492469	([436, 230], [436, 310, 300])
1	0.6701280772344571	0.6899143674566002	([229, 132], [229, 167, 132])
1	0.6488215187970415	0.6899789573802126	([300, 250], [300, 286, 285])
1	0.6803212982887646	0.6900865860047313	([579, 521], [579, 545, 521])
1	0.5762525089640219	0.6903901542342639	([205, 130], [205, 130, 98])
1	0.6778004278973603	0.6914742594728958	([76, 5], [76, 67, 5])
1	0.6522796464788941	0.6919020963543638	([378, 234], [400, 382, 234])
1	0.6822038142863563	0.6926614191691804	([71, 4], [71, 41, 36])
1	0.6875805508433112	0.6936198178587103	([619, 585], [619, 600, 592])
1	0.6795856260359328	0.6940325275107031	([302, 229], [342, 301, 229])
1	0.6796579909937914	0.6940745202965353	([133, 58], [121, 76, 72])
1	0.6904589382047174	0.6940745202965353	([144, 72], [144, 121, 72])
1	0.6558070105290241	0.6947204528411725	([332, 238], [332, 317, 304])
1	0.6805428692928148	0.6956695063885111	([596, 504], [596, 518, 515])
1	0.6800239355774511	0.6961208885733996	([234, 168], [234, 223, 155])
1	0.6956070194521704	0.6963810088922148	([72, 1], [72, 65, 1])
1	0.6908385295542429	0.6965421853635145	([668, 522], [668, 667, 545])
1	0.6917153941771104	0.6976276997254515	([506, 467], [506, 488, 485])
1	0.6776915446822671	0.6976945555732302	([216, 144], [229, 216, 144])
1	0.6395317692088334	0.6977552982556801	([269, 234], [269, 253, 251])
1	0.6803745362931579	0.6982385144077442	([68, 3], [68, 38, 27])
1	0.6924447702478957	0.6988711809033638	([78, 48], [78, 62, 56])
1	0.646113028686451	0.6999249208511323	([234, 192], [234, 219, 209])
1	0.6889957106896305	0.6999866395730141	([645, 589], [649, 645, 589])
1	0.7000051628926088	0.7001006007369311	([667, 599], [667, 656, 599])
1	0.6927117104291519	0.7001832426192094	([451, 415], [451, 441, 415])
1	0.6909368248322093	0.7006455178579853	([151, 85], [151, 121, 105])
1	0.6902755912173599	0.7007804769949268	([475, 452], [475, 460, 452])
1	0.659872803238519	0.7012585916894386	([436, 60], [436, 60, 3])
1	0.6978330709306525	0.7013708581207301	([81, 47], [86, 81, 47])
1	0.64315030231256	0.7017241671800003	([279, 239], [308, 288, 287])
1	0.6846663243829122	0.7018507126911949	([400, 347], [400, 378, 361])
1	0.6932958006488219	0.7024869799826523	([227, 151], [227, 210, 177])
1	0.6756094547418046	0.7027104330356327	([342, 229], [301, 268, 260])
1	0.6872456671182006	0.7040974615378482	([150, 66], [148, 135, 106])
1	0.6911625896909455	0.704212655962613	([499, 229], [499, 483, 461])
1	0.6882083994066669	0.7043220182906134	([147, 73], [148, 147, 73])
1	0.6922395675063313	0.7044169789427298	([173, 124], [173, 167, 124])
1	0.6498460677796749	0.7047286979272084	([437, 229], [437, 401, 240])
1	0.703886271256643	0.7049226705564968	([117, 48], [117, 94, 48])
1	0.6463830904987697	0.7050092448358348	([569, 436], [552, 513, 488])
1	0.6966114089577067	0.705051141087416	([316, 234], [318, 316, 234])
1	0.7012766327646508	0.705051141087416	([400, 318], [400, 318, 234])
1	0.7040263342543795	0.7053506890979956	([665, 593], [665, 638, 637])
1	0.688997600696465	0.7056433466711902	([459, 342], [459, 436, 341])
1	0.6778244335935569	0.7068421668017485	([485, 398], [463, 434, 433])
1	0.6986364693732572	0.7072542022026957	([163, 118], [163, 154, 126])
1	0.632955676293671	0.7074710439518678	([571, 239], [597, 565, 552])
1	0.699063594380109	0.7079281663137851	([249, 145], [249, 170, 145])
1	0.680981619504827	0.7082603481197663	([483, 229], [483, 437, 233])
1	0.6313504810452297	0.7082603481197663	([483, 233], [483, 460, 437])
1	0.6940783008758962	0.7083079366532358	([665, 566], [665, 593, 566])
1	0.6933286701920724	0.7089214697862336	([525, 398], [525, 521, 398])
1	0.7083290938337199	0.7091877899603576	([259, 212], [267, 259, 248])
1	0.7089354112378446	0.7096407802020838	([375, 316], [375, 353, 350])
1	0.6707259387647515	0.7101731513501602	([250, 120], [250, 164, 124])
1	0.6979908701302489	0.7110476044143673	([585, 483], [596, 585, 483])
1	0.7105286663640665	0.7110476044143673	([610, 483], [610, 596, 483])
1	0.7043095536543973	0.7113550481533965	([131, 64], [131, 81, 68])
1	0.6941582474584429	0.7114486992666685	([136, 67], [136, 123, 73])
1	0.7021996590168014	0.7115495901009866	([141, 59], [141, 131, 64])
1	0.6925802829394212	0.7115495901009866	([145, 64], [145, 141, 64])
1	0.7101213347680125	0.7116934310516556	([299, 234], [317, 299, 291])
1	0.6879109031765339	0.711741851160955	([313, 215], [346, 313, 232])
1	0.6126575144112908	0.711741851160955	([399, 239], [354, 346, 232])
1	0.5436671642874755	0.7120775195122441	([198, 176], [198, 194, 176])
1	0.7081556644359355	0.7121377199644513	([660, 587], [660, 615, 587])
1	0.6829308139659327	0.7122099071511685	([128, 0], [121, 105, 0])
1	0.6756248543466513	0.7122183282907638	([267, 212], [259, 253, 212])
1	0.7076529262492648	0.7123055378117296	([512, 234], [565, 519, 234])
1	0.6604131572264464	0.7123089399322309	([234, 119], [234, 164, 119])
1	0.6681012264322473	0.7128435799976116	([233, 74], [152, 125, 71])
1	0.7019401623265067	0.7133998788206446	([474, 417], [474, 435, 417])
1	0.7011734069397854	0.7136867083914022	([621, 234], [621, 596, 589])
1	0.6158325021591932	0.713771190538602	([238, 152], [238, 227, 152])
1	0.6938040897370602	0.7138307099556069	([446, 234], [470, 448, 234])
1	0.697006119610097	0.7138307099556069	([476, 234], [476, 470, 234])
1	0.711034132101048	0.7138488028676734	([164, 15], [234, 164, 24])
1	0.690458722109993	0.7141833333684368	([644, 234], [656, 639, 234])
1	0.6813680850761409	0.7141833333684368	([234, 24], [666, 656, 234])
1	0.7054919620372013	0.7147073419722931	([124, 54], [124, 76, 54])
1	0.6741072483876218	0.7150795309638426	([595, 508], [595, 552, 516])
1	0.6409311684863102	0.7151244950438291	([435, 250], [379, 343, 234])
1	0.6870716539267946	0.715335644567283	([512, 435], [512, 482, 467])
1	0.6831450924432494	0.7156124657206889	([623, 554], [623, 595, 587])
1	0.7087817955793421	0.7156131013266658	([604, 511], [604, 596, 511])
1	0.6997558627845047	0.7159492012774659	([139, 61], [139, 115, 61])
1	0.6934908900472666	0.716169567169207	([177, 104], [177, 126, 114])
1	0.7044763182730769	0.7161695815281891	([469, 250], [475, 436, 435])
1	0.7045144276543118	0.7162187379748879	([503, 434], [554, 517, 434])
1	0.7077171100138148	0.716319403270438	([494, 250], [494, 475, 468])
1	0.7136913622792829	0.7163544491926771	([78, 11], [78, 67, 11])
1	0.7016517796004198	0.7165458189572537	([228, 136], [228, 179, 172])
1	0.7088158473157725	0.7169566529491838	([405, 303], [405, 336, 310])
1	0.7012577113442524	0.7170570752470125	([116, 63], [116, 92, 54])
1	0.5991158385032471	0.71721455578462	([528, 205], [558, 528, 521])
1	0.7065159714460622	0.7172424838823107	([568, 499], [593, 568, 555])
1	0.707222361394067	0.7174168759556665	([610, 232], [621, 608, 234])
1	0.6937129034406407	0.717453578231716	([240, 56], [240, 56, 15])
1	0.7101740088792112	0.7176779264117944	([79, 24], [79, 48, 24])
1	0.7113338733889708	0.717991417445415	([518, 433], [518, 484, 460])
1	0.6764214424541469	0.7180254943671354	([93, 44], [93, 70, 62])
1	0.7037291866388738	0.7182084660137655	([160, 75], [160, 121, 113])
1	0.710572332675229	0.7183427343801246	([338, 282], [338, 304, 302])
1	0.7137518743649491	0.7183700387336206	([160, 61], [160, 75, 58])
1	0.6368884822648756	0.7184719050962691	([436, 3], [436, 116, 71])
1	0.69018139388729	0.7185968769447585	([470, 346], [438, 434, 234])
1	0.6917227990819214	0.718618347544341	([345, 228], [360, 250, 234])
1	0.6905888070493975	0.718618347544341	([363, 250], [363, 360, 250])
1	0.7137774926823343	0.718891776851404	([487, 431], [487, 461, 440])
1	0.7023234380689473	0.7189859002839877	([388, 231], [388, 380, 250])
1	0.6182950519901199	0.7190413114727668	([465, 239], [465, 433, 391])
1	0.7145241184719406	0.7193403090998709	([355, 245], [355, 350, 245])
1	0.6412342840418125	0.7193988071972848	([85, 12], [85, 54, 16])
1	0.6930479932517367	0.7197368571383054	([572, 474], [554, 474, 434])
1	0.6796005599865932	0.7197583150195088	([292, 214], [292, 253, 212])
1	0.7133416511239109	0.7199669995763254	([217, 57], [239, 217, 66])
1	0.7058528217995196	0.7200411325958035	([461, 316], [461, 434, 316])
1	0.6918894630217854	0.7201842340388829	([513, 229], [595, 588, 516])
1	0.6452508545934866	0.7204675066621739	([588, 234], [519, 506, 434])
1	0.7031351405503007	0.7207637212349891	([222, 69], [222, 144, 69])
1	0.7031822058907355	0.7208947085222625	([617, 566], [617, 596, 594])
1	0.7082798611115187	0.7210051805153885	([399, 253], [399, 316, 253])
1	0.6788447409275412	0.7214224961658585	([234, 57], [234, 57, 48])
1	0.706444481025971	0.7214698199747608	([249, 63], [249, 234, 63])
1	0.7098660431529842	0.7215113007286283	([666, 583], [666, 621, 597])
1	0.7165051233880241	0.721607112026035	([495, 234], [495, 478, 461])
1	0.7209006763411312	0.7217447098801115	([508, 390], [508, 390, 358])
1	0.7147033204734906	0.7217447098801115	([508, 359], [515, 508, 358])
1	0.7219427938283677	0.7219491420205894	([216, 128], [216, 164, 154])
1	0.7037631175243964	0.7220102033379747	([523, 399], [523, 520, 399])
1	0.7147844044312334	0.7224449871809228	([598, 435], [598, 570, 550])
1	0.6850603605050828	0.7225648921249509	([391, 237], [391, 385, 237])
1	0.7108509585196444	0.723138182979968	([590, 237], [590, 523, 518])
1	0.7113891017089344	0.7233204165022636	([611, 502], [565, 521, 519])
1	0.7166087220948409	0.7233494146773901	([567, 402], [567, 550, 402])
1	0.7109049464121165	0.7235650584836167	([90, 43], [90, 62, 50])
1	0.6859979344664336	0.7236335983116561	([156, 78], [156, 123, 77])
1	0.6517217059183811	0.7237323878458447	([654, 238], [654, 614, 592])
1	0.7058290403562866	0.7238243174933652	([640, 232], [640, 600, 232])
1	0.7061040574360837	0.7239100440764643	([515, 358], [515, 510, 389])
1	0.7088646640262236	0.7240012305560608	([279, 222], [268, 258, 222])
1	0.7095921654461149	0.7240338078762588	([467, 358], [467, 438, 350])
1	0.7164453117306291	0.7240338078762588	([460, 350], [467, 460, 350])
1	0.7059638473680907	0.7240488483261228	([405, 336], [437, 405, 336])
1	0.7144992411407638	0.7241408261443104	([667, 208], [667, 545, 210])
1	0.7066443495256146	0.7241902673339055	([231, 61], [231, 152, 139])
1	0.7206630214747365	0.7244069911769698	([230, 114], [249, 230, 114])
1	0.6588018050840078	0.7244184791843941	([621, 233], [599, 561, 557])
1	0.7218567210797249	0.7244810912480086	([303, 228], [303, 253, 250])
1	0.7094617544024538	0.7250145935677428	([438, 350], [487, 467, 387])
1	0.7099484160171465	0.7251038350877399	([135, 29], [135, 78, 74])
1	0.7103913637894265	0.7251494966596006	([358, 253], [358, 344, 249])
1	0.7160209492776769	0.7251901315702516	([659, 513], [666, 662, 499])
1	0.7194375726360389	0.7252116550786437	([557, 494], [557, 554, 494])
1	0.7039157054922064	0.7252828608845239	([477, 376], [486, 477, 367])
1	0.7131817369881852	0.7254359386849534	([512, 395], [518, 512, 388])
1	0.7171786739392624	0.7254359386849534	([595, 388], [595, 518, 388])
1	0.7057411459225824	0.7255093778773457	([237, 76], [237, 229, 111])
1	0.647226638675833	0.7257442723716295	([419, 239], [419, 392, 391])
1	0.6958708494179265	0.7258748397356487	([522, 240], [535, 519, 234])
1	0.7178967345205095	0.7261121994286023	([183, 101], [183, 162, 130])
1	0.709230934694302	0.7262900327057191	([229, 49], [237, 229, 49])
1	0.723656806678413	0.7263528863848219	([182, 77], [182, 159, 156])
1	0.604595924707746	0.7263637749643383	([402, 238], [513, 499, 486])
1	0.719913715055997	0.726505475107553	([251, 180], [251, 215, 213])
1	0.7113611421720075	0.7265802391210052	([349, 243], [349, 243, 235])
1	0.7170120355207713	0.7267754533384017	([656, 549], [666, 656, 549])
1	0.7254965726646975	0.7268181670253654	([391, 301], [395, 391, 301])
1	0.6035439637376389	0.7268394917962095	([437, 233], [436, 406, 310])
1	0.7098234971702687	0.7269339311360378	([596, 432], [561, 520, 435])
1	0.7140013958830758	0.7269534572014412	([501, 374], [515, 501, 374])
1	0.6423330671597974	0.7270045851480452	([429, 238], [429, 402, 401])
1	0.705477650464231	0.727095838705117	([569, 486], [569, 532, 520])
1	0.6689694130540298	0.727095838705117	([668, 594], [668, 569, 520])
1	0.7257824604425114	0.727136937935223	([477, 422], [477, 457, 422])
1	0.6953847781234551	0.7271921327583228	([149, 62], [153, 149, 62])
1	0.7181934384246405	0.7273142375032167	([226, 145], [249, 241, 145])
1	0.7126898593385473	0.7273409581325035	([138, 28], [174, 167, 28])
1	0.70110788170622	0.7275702021721754	([650, 506], [615, 595, 586])
1	0.6517261774008588	0.727759705983166	([529, 238], [564, 529, 519])
1	0.7046944544374104	0.7277659169768055	([229, 16], [229, 49, 16])
1	0.7207974381594607	0.727851447996381	([243, 146], [243, 216, 214])
1	0.6648983351245776	0.7279284244736668	([174, 0], [163, 128, 118])
1	0.6843897526491822	0.7279775541586779	([668, 485], [668, 520, 485])
1	0.7243070794144845	0.7279850752129012	([344, 216], [344, 249, 241])
1	0.7092134102921712	0.7280710108022517	([167, 28], [174, 28, 8])
1	0.5020626024144477	0.728087986003067	([667, 0], [234, 109, 4])
1	0.7258335019135752	0.7281535458653361	([661, 482], [661, 511, 482])
1	0.5629663393692098	0.7282400448551825	([205, 109], [205, 180, 130])
1	0.7040380121134089	0.7282563457186791	([487, 387], [460, 439, 366])
1	0.709577483188188	0.7282563457186791	([468, 366], [468, 460, 366])
1	0.724485194736167	0.7282814685967677	([178, 82], [178, 163, 82])
1	0.6530157318213426	0.7284489006451434	([233, 55], [233, 74, 40])
1	0.7172426736774817	0.7285519699181229	([503, 354], [503, 434, 354])
1	0.722809422673073	0.7285844074323169	([169, 76], [169, 144, 69])
1	0.7246288981183331	0.7286111435930206	([622, 489], [622, 587, 507])
1	0.7112506313866469	0.7286111435930206	([619, 507], [622, 619, 507])
1	0.7170441801052375	0.7288763717784552	([661, 511], [661, 596, 583])
1	0.7110255793267859	0.728890378347943	([606, 505], [611, 606, 505])
1	0.6672373275509663	0.7289927583472856	([510, 367], [477, 467, 376])
1	0.7243316726107619	0.7291270427314512	([462, 348], [462, 365, 346])
1	0.7090644481893589	0.7291270427314512	([499, 365], [470, 462, 346])
1	0.7102459758383886	0.7292108746806442	([511, 342], [498, 459, 345])
1	0.7144525469107207	0.7292108746806442	([506, 345], [506, 498, 345])
1	0.7266187212400887	0.7294617555755165	([232, 6], [231, 228, 6])
1	0.6588326205772588	0.7297896130113828	([634, 436], [616, 588, 583])
1	0.7261515857385	0.7299119120177712	([605, 486], [605, 572, 486])
1	0.7095445284987124	0.7299698880011227	([518, 353], [518, 388, 348])
1	0.715949926496331	0.7299921374238159	([218, 134], [218, 161, 134])
1	0.6939205817399293	0.7300077517898789	([568, 240], [574, 527, 522])
1	0.7154955484719239	0.7303491884352862	([620, 498], [620, 611, 502])
1	0.703518675870207	0.7304693926900355	([494, 442], [494, 472, 455])
1	0.7043155322557806	0.730687276344622	([394, 229], [394, 348, 301])
1	0.7206921863931075	0.7307503765518761	([552, 228], [552, 233, 220])
1	0.7184812645558812	0.7307575071342821	([485, 357], [485, 467, 387])
1	0.7139028906471061	0.7310005257372252	([640, 501], [640, 620, 502])
1	0.7051431181112252	0.7310005257372252	([664, 508], [664, 640, 502])
1	0.7278899541488285	0.7310117463868159	([553, 464], [585, 553, 464])
1	0.7096160371696629	0.7311149740557054	([623, 485], [623, 596, 488])
1	0.7079516557612138	0.7311868147921439	([381, 242], [387, 381, 242])
1	0.7287657700610961	0.7312033931601654	([484, 242], [499, 242, 232])
1	0.7210601615952724	0.7312033931601654	([496, 232], [499, 496, 232])
1	0.7277554113994056	0.7317867421621467	([561, 472], [561, 499, 498])
1	0.7169066059062055	0.7319089246014413	([421, 328], [421, 405, 321])
1	0.7145267624272	0.7319713112912978	([662, 229], [627, 609, 499])
1	0.7299726194927917	0.731988692114106	([129, 53], [129, 90, 53])
1	0.714172705666004	0.7323124212680745	([597, 487], [597, 587, 507])
1	0.7019642346742128	0.7323167922447807	([464, 380], [460, 459, 380])
1	0.6305075695069681	0.7324247078893246	([239, 27], [217, 174, 0])
1	0.7293753593187642	0.7325549876956482	([546, 212], [548, 546, 208])
1	0.7182551300660985	0.7326227434709824	([446, 253], [441, 436, 286])
1	0.7316345620946391	0.7326605458276108	([610, 398], [610, 506, 504])
1	0.6455841460754191	0.732704005489188	([541, 250], [588, 568, 250])
1	0.6907671198522407	0.7328719138699891	([668, 209], [668, 545, 212])
1	0.7151908005669055	0.7330254563386541	([468, 343], [468, 366, 343])
1	0.7261584116916238	0.7330804512693191	([224, 73], [224, 174, 28])
1	0.7144778061921357	0.7331105232188728	([348, 222], [348, 247, 221])
1	0.7256088714870438	0.7331605820093389	([116, 22], [124, 114, 22])
1	0.7217945008698359	0.7337587884076182	([624, 389], [599, 502, 499])
1	0.7290162487804619	0.7339460831420029	([157, 21], [157, 138, 21])
1	0.5626848170827327	0.7340572805337628	([206, 163], [206, 197, 163])
1	0.7294671742665724	0.734059380217491	([564, 366], [564, 391, 366])
1	0.7246975668202836	0.7340723026418509	([383, 321], [387, 383, 321])
1	0.6620356865223465	0.7341814190096316	([667, 545], [652, 612, 593])
1	0.7249725371692601	0.7343238063118613	([526, 452], [526, 516, 475])
1	0.7228187182175274	0.7343238063118613	([543, 475], [543, 526, 475])
1	0.7258128610827103	0.7344112650719483	([559, 452], [559, 526, 519])
1	0.7132537200038958	0.7344237536474758	([455, 339], [455, 435, 339])
1	0.7279052113129214	0.7344646524775448	([184, 68], [184, 168, 68])
1	0.7074093922858473	0.7344716061109046	([634, 510], [598, 501, 497])
1	0.6289827749629321	0.734502499196011	([233, 15], [233, 55, 15])
1	0.7341975659140774	0.7346985326940239	([511, 400], [511, 506, 400])
1	0.7333523133076054	0.7347016137153519	([629, 482], [629, 600, 482])
1	0.715271370952191	0.7347653235070973	([148, 1], [148, 66, 31])
1	0.711056666908382	0.7350931072314196	([552, 339], [552, 459, 339])
1	0.7315096895783033	0.73510358886102	([398, 62], [398, 84, 73])
1	0.729042434905795	0.735213385441467	([489, 351], [508, 489, 351])
1	0.7214755537434625	0.7353407397243447	([666, 216], [666, 551, 488])
1	0.7113187965068242	0.7353671692748953	([124, 8], [114, 66, 19])
1	0.689069454807599	0.7356123180730583	([193, 116], [193, 179, 116])
1	0.7280688952871799	0.7358977101660427	([424, 326], [424, 405, 321])
1	0.7133608710674538	0.7360895049861893	([494, 418], [494, 442, 418])
1	0.7256602500615149	0.7363560944279645	([594, 351], [622, 596, 351])
1	0.7067688981331723	0.7363560944279645	([628, 351], [628, 622, 351])
1	0.7074035262205377	0.7364234258004148	([188, 125], [188, 157, 140])
1	0.7032194958358641	0.7365048978534436	([236, 148], [236, 226, 145])
1	0.7317962722635704	0.736686231182606	([408, 331], [408, 406, 331])
1	0.7144119731094706	0.7367189175411363	([210, 26], [228, 210, 6])
1	0.7212734112244643	0.7367276633832915	([173, 40], [173, 149, 40])
1	0.7362678577819795	0.7368276677548237	([556, 468], [556, 520, 468])
1	0.677010997876453	0.7369174340176116	([270, 210], [270, 240, 213])
1	0.7259888726032142	0.7370287572960998	([600, 468], [600, 597, 487])
1	0.610207829501601	0.7372309854717826	([238, 32], [234, 229, 24])
1	0.732890699150758	0.7374784934013056	([442, 365], [459, 442, 365])
1	0.7156779126052178	0.737501624608933	([498, 383], [498, 383, 368])
1	0.7001140819196049	0.7375886679054371	([232, 108], [232, 135, 108])
1	0.7149803719987868	0.7377700493697189	([646, 358], [646, 624, 594])
1	0.7321602862283313	0.7379700100272832	([183, 6], [228, 166, 6])
1	0.7366938645037931	0.7381002196777922	([614, 394], [614, 491, 394])
1	0.7375830602448761	0.7381079070869311	([628, 513], [628, 621, 513])
1	0.7381235639623833	0.7382693581333459	([494, 350], [508, 494, 350])
1	0.7018440642070757	0.7384170359864044	([551, 446], [553, 551, 446])
1	0.7089650046608862	0.738756781661329	([614, 491], [614, 594, 503])
1	0.7226105563754105	0.7391958043493249	([471, 362], [486, 471, 362])
1	0.6245841754694121	0.7392929567917854	([366, 233], [366, 344, 241])
1	0.7214842505321627	0.7393882847875128	([473, 232], [499, 473, 461])
1	0.7344735743661975	0.739389065586628	([232, 51], [232, 51, 0])
1	0.7382296659513338	0.7394765878985393	([616, 477], [616, 503, 477])
1	0.725179098888228	0.7394941534297605	([598, 360], [598, 510, 366])
1	0.735159322292499	0.7396321536111723	([527, 449], [561, 527, 454])
1	0.7328423569246126	0.73965117211901	([487, 110], [487, 398, 110])
1	0.7284522019234859	0.7398259960641331	([501, 392], [501, 392, 374])
1	0.7289152309980175	0.7398891072977049	([460, 230], [460, 432, 231])
1	0.7243150318247362	0.7399935718559467	([494, 321], [494, 349, 321])
1	0.7314063532618537	0.7399940000894158	([606, 349], [636, 606, 594])
1	0.7327878496268657	0.7400667096432799	([597, 471], [597, 487, 477])
1	0.7338555414882786	0.7401340864158164	([625, 521], [665, 625, 521])
1	0.7339598719236866	0.7402605636875818	([662, 466], [662, 554, 474])
1	0.7355687187605907	0.7405187553682033	([413, 329], [413, 400, 340])
1	0.619869355006403	0.7406947521309885	([210, 207], [207, 199, 185])
1	0.7352152055273429	0.7408231160489472	([635, 483], [635, 619, 483])
1	0.7230768978373261	0.7409169615075835	([252, 69], [252, 143, 69])
1	0.7139500925869579	0.7409732395644514	([479, 347], [479, 452, 367])
1	0.7402733144396306	0.7410093647533841	([222, 17], [222, 174, 8])
1	0.7306506086195235	0.7410323144544259	([604, 481], [604, 511, 498])
1	0.7361951579205174	0.7410996466168441	([460, 313], [460, 432, 313])
1	0.7270014061930279	0.7411509956420995	([483, 348], [483, 459, 345])
1	0.7370314120694338	0.7411644972236358	([159, 33], [159, 123, 84])
1	0.7269673687583732	0.7411745411897189	([614, 362], [614, 394, 362])
1	0.7382285690491255	0.7413070065119776	([401, 299], [403, 401, 299])
1	0.7182862173262126	0.7414161981766793	([594, 397], [596, 594, 397])
1	0.7386729395186936	0.7414572729731077	([411, 305], [416, 411, 305])
1	0.741234774818412	0.7414790568086964	([483, 373], [494, 483, 373])
1	0.6809209225325373	0.7415379916500942	([240, 15], [240, 104, 15])
1	0.7370833501198252	0.741562074925891	([614, 316], [614, 362, 316])
1	0.7403570443147266	0.7416497686322499	([614, 460], [614, 484, 460])
1	0.7225569894707202	0.7417016623895695	([616, 235], [616, 600, 232])
1	0.7115302053186101	0.7417658680595595	([516, 317], [516, 505, 347])
1	0.7112620849069992	0.7419113022219388	([566, 393], [596, 566, 393])
1	0.7227322507433394	0.74196323683483	([553, 417], [553, 446, 421])
1	0.6270871440610573	0.7419694225090747	([463, 238], [455, 337, 317])
1	0.7114297179425545	0.7419764148679395	([343, 107], [343, 339, 107])
1	0.7080218373400284	0.7422144133395565	([372, 229], [372, 364, 236])
1	0.7310773672361781	0.7422672106782291	([557, 422], [557, 521, 519])
1	0.7354707605103559	0.742311740824045	([412, 314], [412, 400, 340])
1	0.729712990777444	0.742338314027094	([525, 456], [525, 508, 473])
1	0.7183091391288502	0.7424396398949311	([451, 322], [451, 437, 322])
1	0.742409496871635	0.7425002663537124	([573, 448], [573, 448, 399])
1	0.7092897552504719	0.7425272637503568	([662, 250], [662, 250, 240])
1	0.6661636911746349	0.7425272637503568	([634, 240], [662, 624, 240])
1	0.7352317561408754	0.7425387767968066	([428, 294], [428, 426, 294])
1	0.739956143578398	0.7425450671318449	([623, 367], [623, 485, 387])
1	0.7377111839120752	0.7426280191960657	([549, 440], [549, 484, 461])
1	0.7283306999084846	0.7427787624443913	([373, 291], [373, 349, 251])
1	0.7378714307463493	0.742814788669936	([630, 467], [630, 507, 500])
1	0.7296175891967663	0.7428449359417665	([524, 253], [551, 524, 446])
1	0.722782593349451	0.7431027077022432	([149, 2], [149, 62, 2])
1	0.7323791096649137	0.7431184936502095	([492, 360], [492, 431, 355])
1	0.7393704131480099	0.7431521176530114	([579, 425], [579, 559, 452])
1	0.7332930115602434	0.7431761115533031	([349, 145], [349, 222, 152])
1	0.7421943820957091	0.7431761115533031	([301, 152], [349, 301, 152])
1	0.7341318315833266	0.7433533416992789	([418, 319], [418, 400, 340])
1	0.7431263004353461	0.7433740942330898	([516, 386], [516, 459, 401])
1	0.6788613188368051	0.7436317436731625	([240, 104], [240, 231, 4])
1	0.7330869019836617	0.7436805398263675	([409, 307], [424, 409, 326])
1	0.7359518834209339	0.7437660052703106	([443, 308], [415, 405, 336])
1	0.7206191503870828	0.7438187980095435	([532, 480], [532, 500, 480])
1	0.7276157203267164	0.7438958681645779	([488, 399], [488, 476, 399])
1	0.740382023115815	0.7442197272824347	([448, 309], [448, 309, 299])
1	0.7216863102869726	0.744244844739066	([236, 36], [236, 148, 36])
1	0.7367366202215447	0.7442513627836607	([165, 5], [225, 165, 157])
1	0.7350262704606161	0.7446325612136658	([458, 349], [498, 458, 349])
1	0.7081287995088612	0.7446706361019978	([551, 216], [660, 645, 228])
1	0.7057686065437827	0.7447968482816663	([398, 312], [398, 347, 346])
1	0.7263052563857536	0.7448282369006942	([435, 214], [435, 250, 214])
1	0.7344390531820014	0.7448301226898608	([668, 368], [668, 594, 351])
1	0.7358600211280675	0.7448782904735709	([660, 193], [660, 228, 210])
1	0.7035737506239628	0.7448782904735709	([663, 231], [667, 660, 210])
1	0.7325496942210555	0.7450162581893751	([636, 486], [636, 605, 586])
1	0.7381459388669939	0.7450364406357978	([158, 3], [158, 76, 73])
1	0.7416779588690205	0.745108312692034	([493, 377], [493, 461, 392])
1	0.7440132262187296	0.7451908779562144	([535, 444], [535, 444, 438])
1	0.7112221416134509	0.7453775817822009	([530, 451], [549, 530, 440])
1	0.7410598390392947	0.7454064176979812	([168, 29], [168, 159, 29])
1	0.7435205196066029	0.7455865577617065	([618, 493], [618, 594, 503])
1	0.7328058863242414	0.7457531541436979	([578, 406], [578, 530, 443])
1	0.7326312038539694	0.7459003408880182	([432, 252], [439, 406, 303])
1	0.7250575454384123	0.7461943791497412	([176, 19], [176, 114, 111])
1	0.7086288717745715	0.7461988585317999	([662, 554], [662, 499, 486])
1	0.728368556234473	0.7466345945560895	([404, 309], [405, 404, 336])
1	0.7108964418261374	0.7466704050609971	([648, 237], [648, 642, 237])
1	0.7374182279636381	0.7467383637615201	([497, 228], [518, 497, 228])
1	0.7426442701894882	0.7467474706638753	([435, 298], [435, 406, 298])
1	0.7283177753054972	0.7467950538420747	([214, 2], [666, 216, 2])
1	0.7416714968912623	0.7468726061237843	([648, 479], [648, 507, 492])
1	0.739094077544995	0.7472020931372747	([571, 401], [579, 571, 401])
1	0.7448006224356941	0.7472179964499025	([499, 3], [499, 229, 3])
1	0.744051704472577	0.7472775153364185	([522, 380], [522, 380, 363])
1	0.7266826407596814	0.7473428955692973	([181, 41], [182, 181, 48])
1	0.7341005457996321	0.7474031829501879	([284, 162], [284, 249, 162])
1	0.7281819737410793	0.7474748624719723	([628, 373], [635, 628, 373])
1	0.7268621649280987	0.7474754292910661	([340, 124], [340, 244, 217])
1	0.7139228092681144	0.7475784967676367	([240, 149], [240, 149, 73])
1	0.741452348511127	0.7477806752057968	([577, 405], [577, 526, 404])
1	0.675927820340441	0.747801543503953	([545, 210], [663, 653, 0])
1	0.7459530233414737	0.7478265530712428	([341, 178], [341, 298, 230])
1	0.7479114388206288	0.7483011754485642	([432, 160], [432, 231, 221])
1	0.7401635096147016	0.7483451925258227	([462, 244], [519, 462, 244])
1	0.7410999849975459	0.7484294957481153	([572, 317], [572, 563, 317])
1	0.7451006493132559	0.7485977723669676	([587, 396], [587, 455, 396])
1	0.7137194234052239	0.7487448920583288	([398, 84], [398, 343, 107])
1	0.698109437243638	0.749157922618133	([317, 210], [317, 222, 210])
1	0.7319708468978504	0.7492698892025486	([623, 249], [623, 588, 229])
1	0.7450100387035014	0.7492855943212597	([180, 10], [180, 165, 10])
1	0.7355221647803396	0.7493482716216935	([527, 416], [530, 527, 416])
1	0.7240283046572403	0.7493989483506772	([127, 10], [127, 80, 9])
1	0.7298646754337214	0.749526394515777	([620, 73], [607, 360, 145])
1	0.7315643309164499	0.7500070338378618	([520, 373], [520, 517, 373])
1	0.7372957845627489	0.7500983330185096	([664, 219], [668, 664, 219])
1	0.7481211837422603	0.7501124649064985	([154, 12], [154, 119, 12])
1	0.7144490611625547	0.7501233024667785	([577, 249], [550, 438, 398])
1	0.7201472234029049	0.750281833698975	([550, 215], [550, 249, 170])
1	0.7448956147593349	0.7503120751658271	([386, 214], [386, 371, 214])
1	0.6051222448187841	0.750342633296581	([595, 239], [595, 485, 476])
1	0.749447298107657	0.7505979196392051	([123, 7], [129, 123, 7])
1	0.7442287762016495	0.7506139357050466	([608, 479], [608, 479, 219])
1	0.745269092520415	0.7506624885015796	([622, 236], [622, 512, 351])
1	0.6277001352884728	0.7508680408825583	([436, 115], [436, 230, 166])
1	0.7221169870284854	0.7510188716874592	([537, 415], [567, 537, 415])
1	0.7457970629946331	0.751025848062414	([586, 369], [586, 519, 369])
1	0.7454770172359467	0.7511336893940138	([384, 220], [384, 352, 346])
1	0.72970804371732	0.7511470995450908	([610, 369], [610, 512, 369])
1	0.7478718869178104	0.751235988439434	([493, 240], [493, 461, 240])
1	0.7391669676990179	0.75139190886647	([557, 310], [578, 557, 310])
1	0.7148326344105635	0.7514170877607271	([534, 411], [534, 530, 439])
1	0.7222761488432136	0.7517006497583574	([357, 71], [357, 353, 64])
1	0.7413825151799069	0.7518835954209533	([668, 147], [668, 179, 147])
1	0.7488850292683198	0.7519297995703608	([429, 312], [429, 406, 312])
1	0.7398841162425973	0.7520021247404081	([620, 231], [620, 600, 231])
1	0.7381565106766129	0.7521731908696254	([370, 66], [370, 237, 232])
1	0.7364305376740191	0.7522029654833962	([222, 99], [230, 222, 99])
1	0.7431628644165535	0.7525194446036602	([466, 150], [466, 401, 395])
1	0.7362583595871462	0.752531552404097	([649, 495], [649, 592, 564])
1	0.7254275281161556	0.7528243903977728	([636, 349], [606, 398, 395])
1	0.7447047172674615	0.7528802888544007	([605, 222], [567, 353, 222])
1	0.7418561526334416	0.7529852177914691	([487, 226], [487, 352, 226])
1	0.734214647096616	0.7530727341486166	([253, 155], [253, 226, 155])
1	0.7508349179242506	0.7530888629170718	([623, 4], [661, 623, 482])
1	0.7483697170385439	0.7532116888703436	([593, 375], [593, 500, 375])
1	0.75133418141062	0.7533617607298428	([429, 246], [429, 402, 246])
1	0.7486961451825792	0.7533907997503687	([642, 386], [642, 386, 237])
1	0.6926439869600269	0.753431731037265	([345, 144], [466, 401, 240])
1	0.7204672445649474	0.7535218104372317	([387, 62], [387, 367, 62])
1	0.7503816650891572	0.7535901766421004	([486, 75], [486, 461, 75])
1	0.7498526227618022	0.7538660893880298	([389, 67], [389, 364, 67])
1	0.7441454792218926	0.7539079605124434	([391, 60], [391, 355, 60])
1	0.7480417800644636	0.7539799308405847	([590, 478], [590, 511, 478])
1	0.7431032710207209	0.7539946644422346	([474, 222], [474, 467, 222])
1	0.7382978412630011	0.7540256114517839	([245, 30], [245, 231, 174])
1	0.7400821812803979	0.7540297772660226	([608, 447], [608, 447, 435])
1	0.7118563939572787	0.7543752271475143	([649, 399], [649, 532, 520])
1	0.7460203435819239	0.7546454878230404	([226, 65], [241, 226, 70])
1	0.7473567690759239	0.7546454878230404	([352, 70], [352, 226, 70])
1	0.7199904409369813	0.7548591086537749	([504, 64], [504, 366, 64])
1	0.5955030533650743	0.7548852398611755	([588, 238], [564, 393, 240])
1	0.7354074424810984	0.7549348291234343	([592, 495], [598, 592, 495])
1	0.7525881338497006	0.7552915690589048	([349, 103], [349, 132, 103])
1	0.7541417885865759	0.7553433611894835	([431, 295], [431, 421, 295])
1	0.7471479953212986	0.755538283388469	([660, 353], [660, 518, 353])
1	0.726983198250979	0.7561751376419613	([350, 148], [359, 350, 148])
1	0.7191947299603313	0.7561913476799887	([440, 265], [440, 381, 297])
1	0.755336281882548	0.7561988488811013	([497, 0], [661, 488, 0])
1	0.7477227843931643	0.7564857671034392	([491, 231], [491, 395, 231])
1	0.7276722541401743	0.7565320536755673	([658, 230], [658, 518, 503])
1	0.7466030412987874	0.7565368389847514	([442, 333], [443, 442, 262])
1	0.7571094178350111	0.7571155184800286	([257, 128], [257, 183, 164])
1	0.7323588600002219	0.7571343231997952	([225, 5], [225, 213, 5])
1	0.7553944506409741	0.7573246983438032	([458, 291], [458, 433, 342])
1	0.7257517664071929	0.7573612033999769	([398, 270], [398, 312, 270])
1	0.7428503043598994	0.7574257313378773	([565, 226], [565, 470, 226])
1	0.5894764489599036	0.7576027332720308	([425, 205], [425, 415, 327])
1	0.7557482113395891	0.7576712694505238	([620, 352], [661, 620, 352])
1	0.7573840206746766	0.7577912795986768	([559, 301], [559, 452, 301])
1	0.7404152691534509	0.757878096116247	([601, 191], [601, 363, 210])
1	0.7492820701623449	0.7578903964690785	([253, 82], [253, 82, 60])
1	0.7369212475591049	0.7578903964690785	([253, 35], [253, 222, 60])
1	0.757239427426854	0.7580149439593712	([253, 1], [253, 171, 1])
1	0.7492249281936052	0.758024065000289	([363, 34], [363, 355, 60])
1	0.7558296841249053	0.7580667650220304	([576, 453], [576, 559, 453])
1	0.7461420211718359	0.7585653628609764	([535, 409], [545, 535, 409])
1	0.7485261083355115	0.7585932384131474	([404, 259], [404, 296, 256])
1	0.7056374645506239	0.7586087625812824	([250, 13], [250, 36, 13])
1	0.7571966509582856	0.758723235989262	([477, 220], [477, 355, 353])
1	0.6383740269284843	0.7589281145468216	([239, 156], [239, 232, 156])
1	0.7557258081969577	0.7590704197839898	([226, 80], [226, 167, 80])
1	0.7226583316326349	0.7591633654671985	([308, 193], [308, 298, 193])
1	0.748675525460367	0.7592030075612312	([560, 291], [560, 552, 291])
1	0.7591101181662642	0.7593127287725531	([359, 285], [359, 285, 253])
1	0.7396887724511466	0.7593181702855526	([508, 145], [512, 508, 145])
1	0.7560709462271796	0.7594226774608539	([340, 59], [342, 340, 59])
1	0.7529686404858023	0.7594226774608539	([369, 59], [369, 342, 59])
1	0.7362014399384531	0.7596747989143208	([331, 237], [331, 316, 237])
1	0.7559785553952747	0.7597641480660406	([611, 354], [611, 354, 229])
1	0.7578923164777711	0.7598421438976158	([520, 311], [520, 373, 317])
1	0.7583283159849481	0.7599793655380065	([562, 73], [562, 401, 398])
1	0.7588912282667875	0.7603008813907909	([378, 314], [398, 378, 314])
1	0.7325984224278014	0.7603203534483809	([398, 248], [398, 267, 248])
1	0.7591786858417365	0.7603346150663531	([227, 43], [229, 227, 43])
1	0.7465040745285721	0.7607930593840687	([521, 300], [527, 521, 300])
1	0.7331031858955602	0.7607950789112234	([251, 21], [251, 229, 21])
1	0.7554659402338383	0.7610292931984186	([484, 138], [484, 249, 242])
1	0.7589843793593666	0.7610550515576435	([454, 215], [461, 454, 215])
1	0.7490391068692067	0.761158201137193	([381, 160], [395, 381, 168])
1	0.7555666791444822	0.7612000453926592	([537, 295], [537, 411, 406])
1	0.7415908354963128	0.7613225614106686	([665, 360], [665, 493, 360])
1	0.7578145131422631	0.7614984210633681	([385, 176], [392, 385, 176])
1	0.7611696830545285	0.7618099425587103	([265, 154], [265, 247, 154])
1	0.7549181839586265	0.7624366417262243	([629, 383], [629, 624, 383])
1	0.7500991791539443	0.7625544760817192	([271, 168], [271, 225, 168])
1	0.7269900665317086	0.7625570014284153	([376, 75], [486, 245, 75])
1	0.7587218243456959	0.7625964260858727	([560, 377], [560, 553, 377])
1	0.7506101886684932	0.7629061849678043	([569, 299], [569, 299, 298])
1	0.7620022643565065	0.7634906007338715	([558, 384], [558, 441, 384])
1	0.7522370684536919	0.7640127038688439	([352, 117], [352, 226, 133])
1	0.7505115076441695	0.7640631125262919	([344, 32], [344, 249, 32])
1	0.7243307914323058	0.764219422739535	([569, 372], [569, 372, 229])
1	0.76453220972285	0.7648401613718462	([641, 380], [642, 641, 380])
1	0.7550736940883308	0.7648460578076297	([453, 328], [453, 417, 372])
1	0.7583836359902091	0.764939570748833	([247, 88], [247, 154, 127])
1	0.7568681986488733	0.7651920443039639	([544, 408], [544, 536, 408])
1	0.7553815109037816	0.7653424140908256	([663, 357], [663, 551, 357])
1	0.7615080613398676	0.7657387616166134	([480, 127], [480, 249, 232])
1	0.7532549499913005	0.7657725852622508	([364, 159], [365, 364, 159])
1	0.753074492743254	0.7660840851989154	([184, 25], [188, 184, 25])
1	0.7327141226895799	0.7661513306744957	([318, 139], [318, 310, 139])
1	0.7538803311311743	0.7661744406367126	([575, 309], [575, 526, 404])
1	0.7610964916177211	0.7661786474090485	([254, 130], [285, 254, 130])
1	0.7078453826739123	0.7662261635333997	([668, 308], [668, 308, 267])
1	0.7472990706875331	0.766317625655382	([579, 308], [579, 536, 333])
1	0.7463332675137382	0.766561784416674	([377, 133], [377, 344, 133])
1	0.7546603332278896	0.7666994697028285	([473, 285], [473, 448, 285])
1	0.7634330278072778	0.7667640797996245	([433, 64], [433, 353, 249])
1	0.7610446535678057	0.7668406464344566	([318, 208], [318, 233, 219])
1	0.7531342526596925	0.7669582983283939	([616, 75], [616, 354, 232])
1	0.7460393758452515	0.7670865875507561	([645, 525], [645, 581, 570])
1	0.7659708962889478	0.7671118951858377	([653, 379], [653, 636, 379])
1	0.7653793865373014	0.7671824926039496	([600, 150], [600, 230, 150])
1	0.7574085672343086	0.7671955361721823	([665, 241], [665, 597, 493])
1	0.7548769580766755	0.7672752554004074	([434, 145], [434, 342, 145])
1	0.7561581593394844	0.7673978657494516	([286, 158], [286, 250, 158])
1	0.745570479491613	0.7678901442571726	([665, 174], [668, 665, 160])
1	0.7217093908962336	0.7679276665546431	([434, 19], [434, 145, 69])
1	0.76336064165507	0.7680236948443999	([473, 168], [473, 232, 135])
1	0.7224720973743454	0.7680616998667611	([629, 153], [629, 584, 220])
1	0.7624669456719578	0.7681576532650443	([296, 161], [296, 267, 161])
1	0.7668035726383141	0.7683706363192199	([519, 1], [662, 658, 1])
1	0.7562106534865948	0.7684788073403696	([377, 55], [377, 55, 20])
1	0.7622375208966474	0.7690989870291107	([303, 169], [303, 226, 214])
1	0.4867176627925848	0.7692059262536728	([199, 197], [207, 198, 197])
1	0.7295197245439168	0.769367508788263	([596, 65], [596, 65, 62])
1	0.7284562654084293	0.7694581356083118	([354, 75], [519, 354, 75])
1	0.6332097391153987	0.7698731609599301	([238, 118], [238, 118, 61])
1	0.7663198020325955	0.7698871219285074	([406, 162], [425, 406, 162])
1	0.7675534426455971	0.7700091651108346	([574, 379], [574, 398, 371])
1	0.7610799224910193	0.7700091651108346	([546, 371], [574, 546, 371])
1	0.7284485082562868	0.7700520688874244	([487, 147], [487, 241, 147])
1	0.770079506334535	0.7701880635061109	([261, 94], [261, 167, 124])
1	0.7653272253896201	0.7705800555522203	([444, 217], [458, 444, 217])
1	0.7650145577305856	0.7707929376907754	([456, 272], [456, 301, 272])
1	0.7628182707779302	0.7708603605799891	([335, 95], [335, 288, 95])
1	0.747369481563164	0.7709253546073827	([648, 17], [665, 648, 17])
1	0.7404533955772117	0.7712021863531399	([457, 266], [457, 312, 297])
1	0.7614391546329662	0.7714644183350282	([581, 328], [581, 450, 328])
1	0.7697294330669505	0.7715485707914328	([410, 291], [410, 408, 291])
1	0.7556000486196041	0.7715883251508568	([435, 33], [435, 142, 33])
1	0.7591947909354074	0.7716154855396932	([583, 243], [573, 399, 243])
1	0.7484075852361572	0.7717134470677908	([350, 40], [350, 245, 40])
1	0.7533446979457317	0.771810298614883	([549, 260], [549, 516, 229])
1	0.756245715981191	0.7718998967970614	([569, 110], [569, 168, 110])
1	0.7593510307518287	0.7720461920838457	([477, 261], [477, 401, 367])
1	0.7666495714217648	0.772196983827699	([627, 224], [627, 397, 353])
1	0.7582810630860344	0.7723469416303359	([364, 268], [364, 317, 299])
1	0.7677158007754114	0.7724285377560469	([643, 247], [643, 566, 519])
1	0.7575808466370989	0.772452857635922	([292, 24], [292, 220, 164])
1	0.7507132765080121	0.7725906211847917	([399, 118], [399, 251, 118])
1	0.7665838296221191	0.7726983848198612	([572, 60], [596, 572, 60])
1	0.7613302459465822	0.7731363301484624	([484, 68], [484, 249, 39])
1	0.7662852694331763	0.7733822008891942	([589, 158], [589, 250, 234])
1	0.7674836435248801	0.7734182851202105	([469, 69], [487, 469, 69])
1	0.7328662910247372	0.773580399332423	([576, 338], [576, 416, 338])
1	0.7720243064475066	0.773777734937813	([389, 141], [389, 387, 141])
1	0.7332872753020642	0.7738559701946832	([526, 329], [539, 526, 329])
1	0.7697313009241481	0.7738957439153848	([467, 22], [467, 229, 64])
1	0.7636362310395196	0.7739288281451703	([663, 156], [663, 156, 133])
1	0.7375726173519044	0.7739515381945471	([437, 208], [437, 225, 208])
1	0.7484547521345621	0.7741255514451143	([371, 58], [361, 241, 66])
1	0.7651254978248799	0.7742455997110336	([612, 159], [612, 605, 159])
1	0.7624453831662874	0.774496360492624	([421, 173], [421, 250, 173])
1	0.7392770463776157	0.7746601837475164	([512, 6], [512, 236, 6])
1	0.7686381610031608	0.7746601837475164	([594, 6], [594, 236, 6])
1	0.7637792928857139	0.7747142932701694	([191, 83], [191, 174, 73])
1	0.7657446310046768	0.7747283084329534	([399, 70], [399, 241, 232])
1	0.7732532664418071	0.774855032950101	([514, 136], [514, 346, 136])
1	0.7347224027618805	0.7749527736185279	([212, 10], [212, 182, 10])
1	0.7630969695759425	0.7752158489524787	([319, 158], [319, 225, 158])
1	0.7573471979421141	0.7752804589676584	([294, 129], [318, 294, 129])
1	0.7509111481044065	0.7753751062453282	([547, 231], [547, 539, 231])
1	0.7664529008633083	0.7754478295163917	([271, 119], [271, 253, 119])
1	0.7602546655951634	0.7756002821431478	([306, 175], [306, 262, 175])
1	0.7588945399168798	0.7759956447319172	([643, 63], [662, 643, 63])
1	0.7453488919556935	0.7761372090880833	([656, 423], [656, 483, 460])
1	0.741143785683763	0.7761794174953243	([475, 182], [475, 409, 182])
1	0.7510926308444927	0.7762048419144371	([437, 178], [437, 229, 159])
1	0.7719971653316129	0.7763198022239448	([398, 194], [398, 305, 194])
1	0.7719873401673129	0.7764716287983839	([495, 332], [495, 400, 332])
1	0.7732850595751213	0.7764888605518119	([587, 215], [587, 253, 236])
1	0.7577839489804842	0.7771690542356302	([338, 161], [338, 270, 161])
1	0.7724602759958438	0.7772521219537513	([659, 31], [659, 230, 74])
1	0.7543470874393633	0.7775569952112902	([576, 296], [576, 338, 306])
1	0.771826948765858	0.7780568260281853	([468, 174], [468, 343, 159])
1	0.7592921816405568	0.7781073943347032	([612, 30], [612, 455, 317])
1	0.7547533473328112	0.7781218962436254	([322, 82], [322, 321, 82])
1	0.764589823722423	0.7781323802663443	([300, 37], [300, 224, 28])
1	0.7396988602317809	0.7781726385497912	([613, 192], [619, 378, 192])
1	0.7521211798804859	0.7782295297591169	([363, 106], [363, 106, 66])
1	0.7762323834938201	0.7782368737914754	([601, 154], [601, 250, 154])
1	0.7702920745226527	0.7782800169359865	([261, 55], [261, 250, 55])
1	0.7626678240487862	0.7783790729093635	([383, 31], [383, 124, 110])
1	0.7718467903443326	0.7783934276723179	([573, 325], [579, 573, 325])
1	0.7635295316250662	0.7785793230078076	([511, 215], [519, 511, 215])
1	0.7440581785039507	0.7787226309149524	([398, 16], [430, 398, 16])
1	0.7763324296827863	0.7788687250416058	([336, 189], [336, 308, 189])
1	0.7752640800222272	0.7789024159899475	([285, 45], [285, 179, 45])
1	0.7710006433246972	0.7791441961417567	([613, 123], [613, 250, 123])
1	0.7740862255700975	0.7793224184093043	([333, 163], [333, 262, 164])
1	0.7578068873546139	0.7793736569247502	([473, 334], [473, 334, 322])
1	0.7719718552972918	0.7794182475530266	([561, 28], [561, 551, 28])
1	0.752693368348457	0.7794966690364992	([591, 428], [591, 518, 428])
1	0.7603872373533582	0.7795073968472643	([574, 331], [574, 408, 398])
1	0.7698557107025611	0.7795931214092101	([573, 69], [573, 285, 69])
1	0.7595192890166569	0.779621408441077	([604, 29], [604, 508, 345])
1	0.7696091556151862	0.7796510732151158	([625, 51], [625, 210, 26])
1	0.74316392179479	0.7797445079026764	([656, 217], [656, 520, 217])
1	0.7532798167089019	0.7798354035651262	([441, 152], [441, 253, 171])
1	0.7792942527417206	0.7799747589150019	([276, 98], [276, 210, 99])
1	0.7777027216534149	0.7803335807160587	([464, 18], [464, 250, 144])
1	0.7769118528419835	0.7805346211375065	([582, 290], [582, 409, 290])
1	0.7432419334113729	0.7805544745520552	([543, 191], [543, 199, 185])
1	0.5889355016910492	0.7805544745520552	([543, 199], [544, 543, 185])
1	0.5862585674736915	0.7806043502279318	([300, 205], [327, 300, 268])
1	0.7790573633553292	0.7808096134091241	([392, 24], [395, 392, 24])
1	0.7773501942466824	0.7809772074646705	([314, 116], [314, 280, 126])
1	0.7642884080005412	0.7811523296495719	([383, 147], [383, 147, 110])
1	0.7731162918497181	0.7812261820553928	([365, 51], [365, 250, 51])
1	0.7697622041546112	0.7812367480722762	([651, 188], [651, 545, 188])
1	0.7722740813330237	0.781429039309835	([421, 125], [421, 145, 125])
1	0.77335714310986	0.7815096137711098	([400, 191], [400, 232, 191])
1	0.7814337027990472	0.7815418309215934	([308, 79], [308, 283, 79])
1	0.760917302575876	0.7815770009876558	([478, 162], [478, 250, 234])
1	0.7789576180237595	0.7816970544240406	([277, 97], [277, 259, 97])
1	0.5687590673375759	0.7817435560189874	([324, 205], [528, 332, 327])
1	0.7783544834026062	0.7817790252105032	([286, 100], [286, 100, 79])
1	0.7403470251685988	0.7819867277069288	([514, 193], [514, 193, 171])
1	0.7817448102896073	0.7822213512294558	([603, 140], [629, 603, 153])
1	0.7724068701635474	0.782494693911872	([592, 207], [579, 546, 207])
1	0.7483147777166439	0.7825445916632136	([575, 121], [595, 575, 121])
1	0.7787620421650053	0.7826055231208188	([278, 96], [291, 131, 82])
1	0.7486816248065887	0.7826495065499545	([559, 275], [559, 301, 275])
1	0.7546972279252864	0.7832268426348201	([307, 78], [307, 228, 212])
1	0.7473078665564509	0.7834230220104503	([576, 361], [576, 443, 416])
1	0.7777542866610524	0.7834856275355911	([299, 62], [299, 214, 62])
1	0.7763994270862594	0.7835811490862459	([449, 270], [449, 408, 285])
1	0.7690372593846659	0.7836119348881408	([372, 140], [372, 370, 140])
1	0.7808626303799462	0.7837442585210619	([423, 86], [437, 423, 86])
1	0.7458775198698444	0.7839058865996281	([332, 182], [332, 307, 182])
1	0.7795009178478429	0.7841448229049706	([646, 125], [646, 250, 125])
1	0.7411390797964464	0.7843794158566394	([477, 51], [612, 477, 30])
1	0.7812392815538194	0.7844434563951312	([423, 2], [423, 390, 191])
1	0.7667779957220282	0.7849194184862739	([358, 28], [361, 358, 28])
1	0.7456973191370256	0.78513709370254	([607, 16], [607, 73, 16])
1	0.7806078747399605	0.7852553042323853	([660, 33], [660, 653, 33])
1	0.7795233685993468	0.7857508837707158	([386, 47], [386, 361, 58])
1	0.7576752176881688	0.7857508837707158	([404, 58], [404, 386, 58])
1	0.7838331559591467	0.7857667436467618	([628, 41], [630, 628, 41])
1	0.7799583719749674	0.7858918998864008	([447, 183], [532, 522, 183])
1	0.7709183501319142	0.7859883601660187	([413, 179], [413, 397, 151])
1	0.7579864503480108	0.7861491908795297	([428, 26], [437, 352, 26])
1	0.7655643733613481	0.7864998231667915	([207, 8], [207, 148, 8])
1	0.7865401503548726	0.7866084199508004	([580, 277], [580, 277, 265])
1	0.7701656075696645	0.7867616548202496	([295, 90], [295, 250, 99])
1	0.7603298949591566	0.7868574054068265	([657, 34], [657, 616, 34])
1	0.7756833666423795	0.7868767727970457	([476, 180], [476, 212, 180])
1	0.7430736731979525	0.786927099392021	([453, 212], [453, 429, 212])
1	0.7832748349966114	0.7871890416893228	([422, 72], [422, 341, 232])
1	0.7843547461299466	0.7872382750923661	([274, 81], [274, 250, 81])
1	0.7658544361301715	0.7873404902677872	([651, 11], [651, 170, 165])
1	0.781215576206445	0.7873437233726432	([584, 11], [662, 584, 11])
1	0.7767959724177937	0.7873774766359225	([455, 85], [455, 229, 99])
1	0.7748294479934463	0.7874162936929398	([380, 9], [380, 352, 26])
1	0.7758097230967411	0.7874547266904004	([464, 155], [464, 156, 155])
1	0.7874743824713832	0.7874893983028949	([463, 17], [496, 463, 28])
1	0.7661282827323974	0.7875685362372892	([633, 9], [646, 125, 9])
1	0.7721143323362837	0.7875926892582916	([626, 176], [662, 626, 176])
1	0.7754885757338961	0.7878394303623767	([416, 49], [416, 265, 240])
1	0.784372587653954	0.7878471122248017	([651, 382], [651, 382, 371])
1	0.7850775085730252	0.7881891751255152	([640, 149], [640, 501, 149])
1	0.7817521593548422	0.7882264781883713	([640, 18], [640, 635, 18])
1	0.7846717310412872	0.7883568607792191	([471, 78], [471, 464, 78])
1	0.7871819991525502	0.788403214134387	([368, 122], [368, 341, 135])
1	0.7834021508481239	0.7884401263889786	([577, 129], [577, 522, 129])
1	0.7830234329261389	0.7885466059523836	([293, 52], [293, 267, 52])
1	0.7807245302990224	0.7885621158870699	([566, 71], [566, 506, 71])
1	0.7826664993971562	0.7891963772589894	([320, 207], [320, 291, 255])
1	0.7468186570044001	0.7892968750649786	([269, 47], [289, 269, 33])
1	0.76630814755281	0.7894532576358155	([314, 36], [314, 265, 36])
1	0.7739435695333128	0.7896208378801366	([442, 113], [467, 442, 113])
1	0.7871712064330965	0.7896741669977341	([586, 31], [594, 586, 152])
1	0.7669172569354785	0.7897006636841918	([623, 183], [623, 183, 152])
1	0.7730849271362958	0.7897573625330193	([646, 43], [646, 352, 70])
1	0.7877709765098513	0.7912337277698414	([508, 331], [508, 361, 331])
1	0.7697978793357846	0.7917671708460369	([492, 307], [492, 307, 240])
1	0.7632239678439416	0.7925426272805376	([338, 50], [338, 334, 50])
1	0.7924071219032947	0.7934613749273296	([609, 112], [609, 370, 112])
1	0.783547181817694	0.7935428030501509	([450, 45], [450, 433, 101])
1	0.5625805511765747	0.7936179732301264	([198, 3], [198, 176, 3])
1	0.7912170817468935	0.7939038292830112	([415, 17], [415, 402, 17])
1	0.779663598357173	0.7940547224646933	([520, 36], [520, 468, 65])
1	0.794273371311181	0.7945197402958061	([481, 34], [482, 481, 34])
1	0.7832253913642749	0.7951168162326279	([655, 88], [655, 219, 88])
1	0.7911200759516142	0.7958840071070821	([641, 52], [641, 636, 12])
1	0.7636015245524735	0.7959866814133161	([626, 38], [626, 176, 38])
1	0.5606078714955115	0.7962249055756203	([558, 205], [300, 205, 180])
1	0.7894041286187443	0.7964801495673214	([627, 98], [627, 119, 98])
1	0.7926085856513843	0.7965389327302792	([523, 66], [523, 317, 294])
1	0.795616040588722	0.7965584860391927	([417, 87], [417, 291, 104])
1	0.7955625989901639	0.7970001247267721	([510, 190], [516, 510, 190])
1	0.5983435430746985	0.7980700322199394	([202, 128], [202, 180, 128])
1	0.7778036685366035	0.79861595260558	([573, 137], [573, 137, 76])
1	0.7948080148754683	0.7986964020407605	([305, 19], [316, 305, 19])
1	0.7632935136009956	0.799031927522913	([490, 54], [490, 155, 54])
1	0.7838232906268702	0.7995724719873397	([200, 83], [200, 190, 83])
1	0.7966588665601189	0.7997908548521463	([327, 48], [404, 327, 48])
1	0.7902274695131966	0.8004011290413825	([406, 54], [406, 115, 80])
1	0.8002825139830735	0.800568027702749	([628, 118], [628, 361, 118])
1	0.7786124154931937	0.800981098020808	([474, 102], [474, 214, 146])
1	0.7929089285151881	0.8019805824688695	([659, 281], [659, 299, 281])
1	0.5785346753180158	0.8021728514240031	([206, 34], [206, 163, 34])
1	0.7865570659801202	0.8025919734294975	([469, 188], [469, 230, 188])
1	0.7858198876717052	0.8033879248094855	([578, 99], [578, 292, 99])
1	0.7872223497873341	0.8036097538028859	([453, 6], [453, 212, 174])
1	0.7928373347909328	0.8065442892694507	([312, 38], [312, 88, 75])
1	0.7944560150637879	0.8066476480254136	([654, 338], [654, 592, 338])
1	0.7908852921413668	0.8067875120481391	([415, 89], [415, 363, 89])
1	0.8030423270124791	0.8078598335711804	([617, 87], [617, 231, 89])
1	0.8004894903486686	0.8091677102531966	([578, 25], [587, 578, 25])
1	0.8100676869539529	0.8110522809410617	([427, 9], [565, 427, 214])
1	0.5560485563782257	0.8152182556387272	([263, 206], [263, 213, 206])
1	0.5642357157532341	0.8186815023073222	([544, 201], [544, 201, 186])
1	0.5660828025515332	0.824010294180775	([465, 205], [558, 465, 317])
1	0.47579440470080525	0.8279415522584426	([206, 197], [206, 202, 200])
1	0.5418116368601416	0.8289083700826564	([580, 204], [558, 204, 195])
1	0.5891639028164023	0.8314323450538129	([255, 199], [255, 199, 177])
1	0.7913353595640097	0.8341287164374103	([406, 200], [406, 200, 190])
1	0.5795383485302297	0.8372932564140465	([644, 204], [644, 580, 244])
1	0.7546951076900762	0.8430143326950041	([479, 200], [479, 406, 200])
1	0.5457410854909205	0.844355133563594	([254, 201], [544, 254, 201])
1	0.5821923532060769	0.8482410355780213	([492, 206], [492, 263, 206])
1	0.5527110502567317	0.849292379460708	([204, 135], [204, 181, 135])
1	0.5297527622479176	0.8602399061502942	([201, 38], [368, 201, 38])
1	0.5822327570181892	0.8694418957586437	([478, 199], [478, 199, 177])
1	0.5281463186572476	0.8750577954038528	([201, 186], [368, 254, 201])
1	0.5265170766470221	0.8802421739566261	([201, 120], [367, 254, 201])
1	0.7441047623965993	0.8848666992790516	([200, 190], [202, 200, 197])
1	0.485589707294453	0.8881933886226345	([248, 203], [249, 248, 203])
1	0.51569044556924	0.8881933886226345	([588, 203], [588, 249, 203])
1	0.564950937889143	0.8973892482488883	([289, 198], [289, 198, 2])
1	0.7646383605582482	0.9080560072711354	([348, 200], [479, 348, 200])
0	0.0	inf	([201], [])
