0	0.0	0.22964071350983836	([721], [721, 720])
0	0.0	0.23668405935602724	([722], [722, 721])
0	0.0	0.23777821019269693	([719], [719, 718])
0	0.0	0.24016853239810834	([705], [705, 704])
0	0.0	0.24280889192764601	([717], [717, 716])
0	0.0	0.2465603290464322	([724], [724, 723])
0	0.0	0.24828855715183037	([720], [720, 719])
0	0.0	0.25154274845825486	([723], [723, 722])
0	0.0	0.25920917866115456	([620], [620, 619])
0	0.0	0.2602955359514062	([112], [112, 111])
0	0.0	0.2615519203877136	([621], [621, 620])
0	0.0	0.2634542734525939	([502], [502, 501])
0	0.0	0.2652070442941836	([665], [665, 664])
0	0.0	0.26525097625086946	([624], [624, 623])
0	0.0	0.26731333750980896	([145], [145, 144])
0	0.0	0.2678769077032712	([505], [505, 504])
0	0.0	0.2685428452608113	([114], [114, 113])
0	0.0	0.2688467956549634	([471], [471, 470])
0	0.0	0.27063906858553777	([718], [718, 717])
0	0.0	0.2726355828152172	([404], [404, 403])
0	0.0	0.27356084520805735	([141], [141, 140])
0	0.0	0.27374718062975884	([510], [510, 509])
0	0.0	0.27554179183710886	([489], [489, 488])
0	0.0	0.2795936258303217	([191], [191, 190])
0	0.0	0.2832886675474198	([725], [725, 724])
0	0.0	0.28341852036223963	([67], [67, 66])
0	0.0	0.2836747857717568	([509], [509, 508])
0	0.0	0.2855076039306299	([626], [626, 625])
0	0.0	0.28727358587137425	([152], [152, 151])
0	0.0	0.2876463661643769	([492], [492, 491])
0	0.0	0.2900491788010341	([469], [469, 468])
0	0.0	0.2901629965152142	([115], [115, 114])
0	0.0	0.2917909531025229	([614], [614, 613])
0	0.0	0.2922039219297439	([203], [203, 202])
0	0.0	0.29261662772361835	([618], [618, 617])
0	0.0	0.29289341817031467	([610], [610, 609])
0	0.0	0.29336597474504	([238], [238, 237])
0	0.0	0.2935014115202778	([116], [116, 115])
0	0.0	0.294083312214119	([198], [198, 197])
0	0.0	0.2946363865614052	([190], [190, 189])
0	0.0	0.29549795639447407	([484], [484, 483])
0	0.0	0.29622122560294534	([715], [715, 714])
0	0.0	0.29685863284542247	([304], [304, 303])
0	0.0	0.2972627979135329	([711], [711, 710])
0	0.0	0.29779701242265666	([706], [706, 705])
0	0.0	0.29785509788163134	([480], [480, 479])
0	0.0	0.2980492022905016	([700], [700, 699])
0	0.0	0.29842966330026577	([331], [331, 330])
0	0.0	0.2989467169516975	([46], [46, 45])
0	0.0	0.29922102852311694	([473], [473, 472])
0	0.0	0.29928257217195275	([483], [483, 482])
0	0.0	0.2993801173082757	([704], [704, 703])
0	0.0	0.3001213142319852	([298], [298, 297])
0	0.0	0.3003429723051407	([716], [716, 715])
0	0.0	0.3004407386452049	([197], [197, 196])
0	0.0	0.3007976657181567	([134], [134, 133])
0	0.0	0.3009140858818424	([627], [627, 626])
0	0.0	0.3011829501140941	([407], [407, 406])
0	0.0	0.30138215002187246	([494], [494, 493])
0	0.0	0.3014650042143354	([532], [532, 531])
0	0.0	0.3015538915300941	([712], [712, 711])
0	0.0	0.30253287715104055	([142], [142, 141])
0	0.0	0.30253737548571524	([428], [428, 427])
0	0.0	0.30277526078470923	([703], [703, 702])
0	0.0	0.3027826543355441	([17], [17, 16])
0	0.0	0.3033169378648233	([478], [478, 477])
0	0.0	0.3038394224358328	([148], [148, 147])
0	0.0	0.3039543756609786	([143], [143, 142])
0	0.0	0.3043768315402203	([528], [528, 527])
0	0.0	0.30464828948901096	([476], [476, 475])
0	0.0	0.30480700578578124	([508], [508, 507])
0	0.0	0.30480995023785884	([451], [451, 450])
0	0.0	0.3049029583179386	([628], [628, 627])
0	0.0	0.3050732282157525	([714], [714, 713])
0	0.0	0.305421344227009	([369], [369, 368])
0	0.0	0.30596976831161987	([289], [289, 288])
0	0.0	0.3060690483374772	([555], [555, 554])
0	0.0	0.30640985217170963	([487], [487, 486])
0	0.0	0.30669029962257577	([507], [507, 506])
0	0.0	0.30676220991474135	([462], [462, 461])
0	0.0	0.30762673647245536	([600], [600, 599])
0	0.0	0.30788472457715726	([708], [708, 707])
0	0.0	0.3083714862758192	([266], [266, 265])
0	0.0	0.30862260399346203	([601], [601, 600])
0	0.0	0.3089252958609779	([598], [598, 597])
0	0.0	0.30901656092010005	([633], [633, 632])
0	0.0	0.3091385780706829	([170], [170, 169])
0	0.0	0.3092691294027595	([373], [373, 372])
0	0.0	0.3092928936185239	([100], [100, 99])
0	0.0	0.30932443987961133	([623], [624, 622])
0	0.0	0.30955046134991077	([697], [697, 696])
0	0.0	0.30963066764102387	([485], [485, 484])
0	0.0	0.30964071242460733	([615], [615, 614])
0	0.0	0.30971025364810945	([669], [669, 668])
0	0.0	0.3098655465874834	([497], [497, 496])
0	0.0	0.30999019665365024	([335], [335, 334])
0	0.0	0.3108404537190133	([531], [531, 530])
0	0.0	0.3109779032077944	([211], [211, 210])
0	0.0	0.3109835701425758	([297], [297, 296])
0	0.0	0.311081081177835	([296], [296, 295])
0	0.0	0.31124850375026425	([270], [270, 269])
0	0.0	0.31125628520580806	([424], [424, 423])
0	0.0	0.3112639488987174	([607], [607, 606])
0	0.0	0.31131027823560525	([202], [202, 201])
0	0.0	0.31150313786485057	([275], [275, 274])
0	0.0	0.31165852213117523	([504], [504, 503])
0	0.0	0.3117280234486837	([486], [486, 485])
0	0.0	0.31189703370122346	([137], [137, 136])
0	0.0	0.31199683796883454	([295], [295, 294])
0	0.0	0.312440969729991	([713], [713, 712])
0	0.0	0.312454201961855	([193], [193, 192])
0	0.0	0.31246342115620707	([536], [536, 535])
0	0.0	0.31255235257674097	([537], [537, 536])
0	0.0	0.31264435409924185	([276], [276, 275])
0	0.0	0.31286191324126605	([146], [146, 145])
0	0.0	0.3128847558940031	([452], [452, 451])
0	0.0	0.3129025359297646	([538], [538, 537])
0	0.0	0.3129475688000813	([616], [616, 615])
0	0.0	0.31299338141522226	([496], [496, 495])
0	0.0	0.31300184220485927	([336], [336, 335])
0	0.0	0.31306239266920893	([647], [647, 646])
0	0.0	0.313278434903475	([127], [127, 126])
0	0.0	0.31333366740595897	([590], [590, 589])
0	0.0	0.31378495145928204	([367], [367, 366])
0	0.0	0.3138410834325072	([111], [111, 110])
0	0.0	0.3138841102138724	([565], [565, 564])
0	0.0	0.31407800014931114	([642], [642, 641])
0	0.0	0.31488825068159	([314], [314, 313])
0	0.0	0.31490420079042736	([640], [640, 639])
0	0.0	0.3149984837811702	([540], [540, 539])
0	0.0	0.3150591915711187	([47], [47, 46])
0	0.0	0.3153470628207753	([663], [663, 662])
0	0.0	0.31535652580949514	([526], [526, 525])
0	0.0	0.3156469964064388	([650], [650, 649])
0	0.0	0.31576045473334174	([435], [435, 434])
0	0.0	0.3160897419374895	([595], [595, 594])
0	0.0	0.3161850493309734	([475], [475, 474])
0	0.0	0.316296116381468	([465], [465, 464])
0	0.0	0.3170464448249799	([635], [635, 634])
0	0.0	0.3173660603363961	([431], [431, 430])
0	0.0	0.31757834056496326	([447], [447, 446])
0	0.0	0.3176342299822764	([671], [671, 670])
0	0.0	0.3176480899679653	([95], [95, 94])
0	0.0	0.31802027502328833	([710], [710, 709])
0	0.0	0.31816642143281537	([149], [149, 148])
0	0.0	0.3181814505683181	([347], [347, 346])
0	0.0	0.31825629806842776	([479], [479, 478])
0	0.0	0.3182774060307671	([96], [96, 94])
0	0.0	0.3185091925397364	([597], [597, 596])
0	0.0	0.3186421382231519	([352], [352, 351])
0	0.0	0.3187678594341497	([527], [527, 526])
0	0.0	0.318779409797135	([495], [495, 494])
0	0.0	0.3189110764744766	([569], [569, 568])
0	0.0	0.3191058855050649	([477], [477, 476])
0	0.0	0.3195765375439506	([463], [463, 462])
0	0.0	0.319594912925321	([138], [138, 137])
0	0.0	0.3196557304848578	([305], [305, 303])
0	0.0	0.3196814164421831	([402], [402, 401])
0	0.0	0.31973938444335515	([548], [548, 547])
0	0.0	0.31987358296671714	([523], [523, 522])
0	0.0	0.32004682920425476	([709], [709, 708])
0	0.0	0.32007315161438377	([641], [641, 640])
0	0.0	0.3203037221329738	([337], [337, 336])
0	0.0	0.3203928631816667	([656], [656, 655])
0	0.0	0.3204756755982961	([506], [506, 505])
0	0.0	0.32074256886761937	([344], [344, 343])
0	0.0	0.32092763813447533	([630], [630, 629])
0	0.0	0.3209324163985623	([543], [543, 542])
0	0.0	0.3209958268624957	([653], [653, 652])
0	0.0	0.32120512362973475	([645], [645, 644])
0	0.0	0.3213094485636041	([646], [646, 645])
0	0.0	0.3213936319131426	([589], [589, 588])
0	0.0	0.3215105887731167	([549], [549, 548])
0	0.0	0.32154350017402317	([381], [381, 380])
0	0.0	0.321582976675333	([580], [580, 579])
0	0.0	0.321765269977506	([493], [493, 492])
0	0.0	0.3219703351728204	([644], [644, 643])
0	0.0	0.32197271198957506	([685], [685, 684])
0	0.0	0.3219737471448536	([325], [325, 324])
0	0.0	0.3224236786522284	([59], [59, 57])
0	0.0	0.3225493916784657	([583], [583, 582])
0	0.0	0.3226223239302475	([415], [415, 414])
0	0.0	0.3226940199810248	([461], [461, 460])
0	0.0	0.3227564392447184	([686], [686, 685])
0	0.0	0.323219869685157	([498], [498, 497])
0	0.0	0.32391144433518204	([368], [368, 367])
0	0.0	0.32399875403049533	([445], [445, 444])
0	0.0	0.32420825095191197	([254], [254, 253])
0	0.0	0.324287877235873	([303], [303, 302])
0	0.0	0.3244371446067577	([456], [456, 455])
0	0.0	0.3245199280796027	([643], [643, 642])
0	0.0	0.32454500914096995	([490], [490, 489])
0	0.0	0.3246996516705541	([636], [636, 635])
0	0.0	0.324761528696313	([135], [135, 134])
0	0.0	0.32518590593773244	([609], [609, 608])
0	0.0	0.3252784111408985	([307], [307, 306])
0	0.0	0.3252786280590529	([147], [147, 146])
0	0.0	0.3253333555316797	([376], [376, 375])
0	0.0	0.325373040183436	([552], [552, 551])
0	0.0	0.3255048059040441	([680], [680, 679])
0	0.0	0.32555902275785453	([683], [683, 682])
0	0.0	0.3256302415274172	([399], [399, 398])
0	0.0	0.3256877430233605	([7], [7, 6])
0	0.0	0.32571831262075096	([681], [681, 680])
0	0.0	0.3258660709829126	([516], [516, 515])
0	0.0	0.3259939797972527	([440], [440, 439])
0	0.0	0.32643316804601447	([272], [272, 271])
0	0.0	0.3265277480276322	([652], [652, 651])
0	0.0	0.32658357859822656	([682], [682, 681])
0	0.0	0.3267825763611553	([500], [500, 499])
0	0.0	0.327085735119676	([470], [471, 469])
0	0.0	0.32732747199955947	([129], [129, 128])
0	0.0	0.32745794889346175	([655], [655, 654])
0	0.0	0.32759446422234445	([277], [277, 276])
0	0.0	0.32770049663191103	([360], [360, 359])
0	0.0	0.3277191536990047	([629], [629, 628])
0	0.0	0.32787020033647296	([144], [145, 143])
0	0.0	0.328253898617716	([638], [638, 637])
0	0.0	0.32826193979215956	([253], [253, 252])
0	0.0	0.32842968669528905	([459], [459, 458])
0	0.0	0.3287124222337423	([501], [501, 500])
0	0.0	0.328800739596884	([657], [657, 656])
0	0.0	0.32884285970173577	([512], [512, 511])
0	0.0	0.32887124244587823	([188], [188, 187])
0	0.0	0.32908214009412545	([474], [474, 473])
0	0.0	0.32913383807194446	([545], [545, 544])
0	0.0	0.3291351750613573	([608], [608, 607])
0	0.0	0.3297774469637215	([288], [288, 287])
0	0.0	0.3297927339443289	([385], [385, 384])
0	0.0	0.3298286628113872	([542], [542, 541])
0	0.0	0.32997035222785415	([87], [87, 86])
0	0.0	0.32999512716236457	([201], [201, 200])
0	0.0	0.3300721605833394	([658], [658, 657])
0	0.0	0.33018850403787814	([56], [56, 55])
0	0.0	0.33027333423874194	([520], [520, 519])
0	0.0	0.3305818729421798	([93], [93, 91])
0	0.0	0.33058978776674036	([313], [313, 312])
0	0.0	0.3306718395042433	([556], [556, 555])
0	0.0	0.3313420942170946	([581], [581, 580])
0	0.0	0.3318776855565787	([150], [150, 149])
0	0.0	0.33205956481502485	([393], [393, 392])
0	0.0	0.3320610731766907	([299], [299, 298])
0	0.0	0.33230316521231146	([446], [446, 445])
0	0.0	0.332423531736503	([514], [514, 513])
0	0.0	0.3325566025997992	([171], [171, 170])
0	0.0	0.3326014937437146	([558], [558, 557])
0	0.0	0.3326414016750524	([637], [637, 636])
0	0.0	0.3326976145785841	([562], [562, 561])
0	0.0	0.33275970723107046	([237], [238, 236])
0	0.0	0.33283546637987727	([664], [664, 663])
0	0.0	0.3328966421963785	([707], [707, 706])
0	0.0	0.3331614005850328	([591], [591, 590])
0	0.0	0.3332087887671097	([688], [688, 687])
0	0.0	0.33396650996043536	([401], [401, 400])
0	0.0	0.33396892452382076	([617], [617, 616])
0	0.0	0.33429156439095914	([418], [418, 417])
0	0.0	0.33431352578138585	([126], [126, 125])
0	0.0	0.33457508100783556	([594], [594, 593])
0	0.0	0.3346472040445751	([660], [660, 659])
0	0.0	0.3348874218884201	([425], [425, 424])
0	0.0	0.3348947075587777	([668], [668, 667])
0	0.0	0.33502719412022985	([674], [674, 673])
0	0.0	0.33514392391035985	([151], [152, 150])
0	0.0	0.3351904106597563	([503], [503, 502])
0	0.0	0.33530218536632955	([414], [414, 413])
0	0.0	0.33560306575361604	([131], [131, 130])
0	0.0	0.3357466629202544	([406], [406, 405])
0	0.0	0.33579078491847086	([375], [375, 374])
0	0.0	0.33592545641941635	([409], [409, 408])
0	0.0	0.3361450677121816	([574], [574, 573])
0	0.0	0.3362508555381509	([92], [92, 91])
0	0.0	0.33655726819648696	([585], [585, 584])
0	0.0	0.33656254933445234	([14], [14, 13])
0	0.0	0.3366302490983039	([106], [106, 105])
0	0.0	0.336685523169093	([355], [355, 354])
0	0.0	0.3368942519267503	([632], [632, 631])
0	0.0	0.33689916617441606	([293], [293, 292])
0	0.0	0.337084438341209	([426], [426, 425])
0	0.0	0.3371304752010126	([441], [441, 440])
0	0.0	0.33747086758655415	([140], [140, 139])
1	0.3240698925109607	0.3377772232206953	([712, 708], [712, 711, 708])
0	0.0	0.3377855252465612	([345], [345, 344])
0	0.0	0.33787141583742436	([667], [667, 666])
0	0.0	0.3380137424247058	([55], [56, 54])
0	0.0	0.33812197139539946	([383], [383, 382])
0	0.0	0.33814982730803805	([91], [91, 90])
0	0.0	0.3382055500071907	([566], [566, 565])
0	0.0	0.338238281907116	([472], [472, 471])
0	0.0	0.3382915014215532	([419], [419, 418])
0	0.0	0.33835539882180216	([570], [570, 569])
0	0.0	0.3386818528729508	([464], [464, 463])
0	0.0	0.3387521869867913	([187], [187, 186])
0	0.0	0.33881686924135496	([603], [603, 602])
0	0.0	0.3390925867806817	([366], [366, 365])
0	0.0	0.3391809197372826	([252], [252, 251])
0	0.0	0.3392659937907025	([346], [346, 345])
0	0.0	0.33943029496241794	([15], [15, 14])
0	0.0	0.33982526386900463	([261], [261, 260])
0	0.0	0.34000917243365797	([374], [374, 373])
0	0.0	0.3400321939030179	([651], [651, 650])
0	0.0	0.3400402496860143	([588], [588, 587])
0	0.0	0.34015393653627285	([165], [165, 164])
0	0.0	0.340208805382741	([673], [673, 672])
0	0.0	0.3402951688564861	([185], [185, 184])
0	0.0	0.3403033314517269	([400], [400, 398])
0	0.0	0.34030850389774214	([130], [130, 129])
0	0.0	0.34036255659001796	([541], [541, 540])
0	0.0	0.34059657652777664	([460], [460, 459])
0	0.0	0.34094955460108184	([206], [206, 205])
0	0.0	0.34105426750864964	([625], [625, 624])
0	0.0	0.341058634774422	([561], [561, 560])
0	0.0	0.34107315499279056	([513], [513, 512])
0	0.0	0.3411058917478688	([10], [10, 9])
0	0.0	0.341118840395772	([571], [571, 570])
0	0.0	0.3411604297096549	([113], [113, 112])
0	0.0	0.3411770391226493	([596], [596, 595])
0	0.0	0.34130034221985367	([701], [701, 700])
0	0.0	0.3418142624956759	([619], [619, 618])
0	0.0	0.34199312935694404	([631], [631, 630])
0	0.0	0.3420641088569171	([422], [422, 421])
0	0.0	0.3422979419659127	([125], [125, 124])
0	0.0	0.3423932438364149	([132], [132, 131])
0	0.0	0.3424890249690021	([575], [575, 574])
0	0.0	0.3425373110958712	([268], [268, 267])
0	0.0	0.3426593190312734	([173], [173, 172])
0	0.0	0.3428076209007877	([573], [573, 572])
0	0.0	0.34303190718852045	([612], [612, 611])
0	0.0	0.34307266843154033	([124], [124, 123])
0	0.0	0.3431065964448655	([244], [244, 243])
0	0.0	0.3431193615378711	([622], [622, 621])
0	0.0	0.3431343957588059	([602], [602, 601])
0	0.0	0.3434635032755237	([327], [327, 325])
0	0.0	0.34385892190507855	([420], [420, 419])
0	0.0	0.343932299281127	([388], [388, 387])
0	0.0	0.3440224404974467	([370], [370, 369])
0	0.0	0.34408316216854873	([11], [11, 10])
0	0.0	0.34410474087649207	([291], [291, 287])
0	0.0	0.3441722661973578	([13], [13, 12])
0	0.0	0.34426585985899494	([517], [517, 516])
0	0.0	0.3443022146632958	([110], [110, 109])
0	0.0	0.3445489244005521	([458], [458, 457])
0	0.0	0.3446572519800104	([285], [285, 284])
0	0.0	0.34472266681329167	([499], [499, 498])
0	0.0	0.3450268561596777	([340], [340, 339])
0	0.0	0.3450397224505733	([611], [611, 610])
0	0.0	0.3450618580907905	([133], [133, 132])
0	0.0	0.34509279667461007	([439], [439, 438])
0	0.0	0.3453960980149426	([521], [521, 520])
0	0.0	0.3455764056312371	([534], [534, 533])
0	0.0	0.3457073504973453	([16], [16, 15])
0	0.0	0.3457418407002894	([70], [70, 69])
0	0.0	0.3457653213531001	([553], [553, 552])
0	0.0	0.34578089589556243	([23], [23, 22])
0	0.0	0.3458870243610031	([189], [189, 188])
0	0.0	0.3461016424522157	([648], [648, 647])
0	0.0	0.34627757338172943	([560], [560, 559])
0	0.0	0.3463139919466503	([586], [586, 585])
0	0.0	0.3464578826602202	([54], [54, 53])
0	0.0	0.3464942983988926	([257], [257, 256])
0	0.0	0.34660590198889907	([437], [437, 436])
0	0.0	0.3466486728162897	([684], [684, 683])
0	0.0	0.3466775654340671	([515], [515, 514])
0	0.0	0.3468163480320476	([172], [172, 171])
0	0.0	0.3468447616675521	([519], [519, 518])
0	0.0	0.34687882362943073	([160], [160, 159])
0	0.0	0.3470483445451561	([413], [413, 412])
0	0.0	0.3470483731038137	([436], [436, 435])
0	0.0	0.3473441327096934	([522], [522, 521])
0	0.0	0.34735614546790383	([576], [576, 575])
0	0.0	0.34752519222327766	([675], [675, 674])
0	0.0	0.34756542428845616	([568], [568, 567])
0	0.0	0.34764095143607143	([44], [44, 43])
0	0.0	0.3476627787793593	([421], [421, 420])
0	0.0	0.3477579142173024	([139], [139, 138])
0	0.0	0.3479792887706382	([271], [271, 270])
0	0.0	0.3480446048108803	([318], [318, 317])
0	0.0	0.34845204648010863	([332], [332, 330])
0	0.0	0.34853353179353547	([530], [530, 529])
0	0.0	0.3486285174750672	([43], [43, 42])
0	0.0	0.34867455931350605	([324], [324, 323])
0	0.0	0.3489700618029899	([384], [384, 383])
0	0.0	0.3489764388551991	([78], [78, 77])
0	0.0	0.34919472328164874	([312], [312, 311])
0	0.0	0.3494098718426181	([696], [696, 695])
0	0.0	0.3496047630871899	([546], [546, 544])
0	0.0	0.34970554937158743	([24], [24, 23])
0	0.0	0.3497409044297606	([258], [258, 257])
0	0.0	0.34975848570251916	([287], [291, 290])
0	0.0	0.3497689611327161	([164], [164, 163])
0	0.0	0.3498594805243645	([491], [491, 490])
0	0.0	0.3498691844840369	([467], [467, 466])
0	0.0	0.35002865409304845	([544], [544, 543])
0	0.0	0.3501338702223476	([387], [387, 386])
0	0.0	0.350175221697734	([338], [338, 337])
0	0.0	0.3502287039393844	([4], [4, 1])
0	0.0	0.3503344953931496	([394], [394, 393])
0	0.0	0.35038133895021517	([284], [284, 282])
0	0.0	0.3504693427568841	([342], [342, 341])
0	0.0	0.35082694353126176	([672], [672, 671])
0	0.0	0.35096892681618935	([577], [577, 576])
0	0.0	0.35096911042607476	([274], [274, 273])
0	0.0	0.35101260118453426	([395], [395, 394])
0	0.0	0.35119641823884334	([356], [356, 355])
0	0.0	0.35136846753679124	([535], [535, 534])
0	0.0	0.35168681646110683	([330], [330, 329])
0	0.0	0.3517862010378187	([2], [2, 1])
0	0.0	0.3518464514869536	([662], [662, 660])
0	0.0	0.35185457887315164	([606], [606, 605])
0	0.0	0.3519582323068544	([155], [155, 154])
0	0.0	0.3519586312258163	([438], [438, 437])
0	0.0	0.3520307156734402	([267], [267, 266])
0	0.0	0.35205150105525723	([572], [572, 571])
0	0.0	0.35214009795321927	([386], [386, 385])
0	0.0	0.352262536536248	([666], [666, 664])
0	0.0	0.3523106103105804	([582], [582, 581])
0	0.0	0.35243543696680335	([120], [120, 118])
0	0.0	0.3525271215225921	([427], [427, 426])
0	0.0	0.3526757538468078	([670], [670, 669])
0	0.0	0.35286349919131454	([199], [199, 198])
0	0.0	0.35294071504102614	([98], [98, 96])
0	0.0	0.3530950224085421	([525], [525, 524])
0	0.0	0.3531602143139238	([29], [29, 28])
0	0.0	0.3533487795227798	([695], [695, 694])
0	0.0	0.353397561873478	([466], [466, 465])
0	0.0	0.35369095792908134	([364], [364, 362])
0	0.0	0.35371322587570236	([362], [362, 361])
0	0.0	0.3538824678214881	([468], [468, 467])
0	0.0	0.35395656606106485	([690], [690, 689])
0	0.0	0.35426420280623644	([192], [192, 191])
0	0.0	0.35460457564776177	([136], [136, 135])
0	0.0	0.3547765813260854	([57], [57, 56])
0	0.0	0.35479980741126443	([482], [482, 481])
0	0.0	0.35482598890998696	([294], [294, 293])
0	0.0	0.35498605402508693	([379], [379, 378])
0	0.0	0.35499808770861885	([282], [282, 281])
0	0.0	0.35505425067753976	([557], [557, 556])
0	0.0	0.3552029380492516	([80], [80, 79])
0	0.0	0.3556804350751835	([417], [417, 416])
0	0.0	0.3558026067971668	([410], [410, 409])
0	0.0	0.35590144448337546	([358], [358, 354])
0	0.0	0.3560671128366131	([689], [689, 688])
0	0.0	0.3560860020802301	([243], [243, 241])
0	0.0	0.3561951172793638	([263], [263, 262])
0	0.0	0.35625704900959776	([128], [130, 127])
0	0.0	0.3563165008953692	([68], [68, 67])
0	0.0	0.35671093517675756	([159], [159, 158])
0	0.0	0.35675137375129756	([416], [416, 415])
0	0.0	0.3569860286984891	([181], [181, 180])
0	0.0	0.35702294525434747	([269], [269, 268])
0	0.0	0.35713348701541064	([396], [396, 395])
0	0.0	0.3571528634633856	([350], [350, 349])
0	0.0	0.35775815870663075	([584], [584, 583])
0	0.0	0.357770773468133	([442], [442, 441])
0	0.0	0.3577953471173404	([567], [567, 566])
0	0.0	0.3578597002514251	([450], [452, 449])
0	0.0	0.35787677616686764	([103], [103, 102])
0	0.0	0.3580777096417916	([260], [260, 259])
0	0.0	0.35810896382852925	([319], [319, 318])
0	0.0	0.35813185646722184	([578], [578, 577])
0	0.0	0.3581656647847217	([380], [380, 379])
0	0.0	0.35817870962174236	([429], [429, 427])
0	0.0	0.3582066303844831	([365], [365, 364])
0	0.0	0.35842446125101446	([241], [243, 242])
0	0.0	0.35843746887180056	([403], [403, 402])
0	0.0	0.3589158778875825	([239], [239, 238])
0	0.0	0.3594661972375783	([94], [94, 93])
0	0.0	0.35967927616755796	([343], [343, 342])
0	0.0	0.359905341500271	([104], [104, 103])
0	0.0	0.35994584387537626	([262], [262, 260])
0	0.0	0.36023456173667573	([109], [109, 108])
0	0.0	0.3607325220660387	([28], [28, 27])
0	0.0	0.36093014174029614	([200], [200, 199])
0	0.0	0.3611335605545973	([351], [352, 350])
0	0.0	0.3611549108186929	([551], [551, 550])
0	0.0	0.3612055133600302	([286], [286, 285])
0	0.0	0.361294112386956	([264], [264, 263])
0	0.0	0.3614310565032554	([687], [687, 686])
0	0.0	0.3614546602283894	([300], [300, 299])
0	0.0	0.3615248907163758	([51], [51, 50])
0	0.0	0.36160025392171113	([547], [547, 546])
0	0.0	0.3616423159628836	([405], [405, 404])
0	0.0	0.36183390478460464	([77], [77, 76])
0	0.0	0.36207180838072645	([161], [161, 160])
0	0.0	0.3621136281697221	([524], [524, 523])
0	0.0	0.3622627466523239	([259], [259, 258])
0	0.0	0.36285932285198824	([105], [105, 104])
0	0.0	0.36292234229762066	([210], [210, 209])
0	0.0	0.3636402006607961	([49], [49, 48])
0	0.0	0.3639416167776893	([377], [377, 376])
0	0.0	0.36431757535934234	([550], [550, 549])
0	0.0	0.364340445580582	([382], [382, 381])
0	0.0	0.3644716045156374	([559], [559, 558])
0	0.0	0.3645423427796649	([158], [158, 157])
0	0.0	0.3646408349569851	([186], [186, 185])
0	0.0	0.3648748910831225	([349], [349, 348])
0	0.0	0.36500099396661223	([702], [702, 701])
0	0.0	0.3650458979062426	([182], [182, 181])
0	0.0	0.3653949920343337	([599], [599, 598])
0	0.0	0.3655615601721407	([79], [79, 78])
0	0.0	0.36562258780293494	([99], [99, 98])
0	0.0	0.3656663445328618	([579], [579, 578])
0	0.0	0.36609054930795876	([69], [69, 68])
0	0.0	0.36625974218048196	([228], [228, 225])
0	0.0	0.3665098335412207	([455], [455, 454])
0	0.0	0.366760298668288	([265], [265, 264])
0	0.0	0.3674337115727368	([341], [341, 340])
0	0.0	0.36753400828048105	([88], [88, 87])
0	0.0	0.36761166050155275	([12], [12, 11])
0	0.0	0.3677146325359786	([174], [174, 173])
0	0.0	0.368147555809985	([408], [408, 407])
0	0.0	0.3682487580631157	([250], [250, 249])
0	0.0	0.3685346043507186	([518], [518, 517])
0	0.0	0.36922547944713013	([434], [434, 433])
0	0.0	0.3692571635930806	([194], [194, 193])
0	0.0	0.3698490579817445	([175], [175, 174])
0	0.0	0.3699248779911826	([183], [183, 181])
0	0.0	0.3702595912686534	([639], [639, 638])
0	0.0	0.3702784642577097	([587], [587, 586])
0	0.0	0.3707411569575205	([430], [430, 429])
0	0.0	0.3708268347562079	([107], [107, 106])
0	0.0	0.37119998829600737	([6], [6, 4])
0	0.0	0.37127032767047213	([3], [3, 2])
0	0.0	0.371564076159264	([166], [166, 165])
0	0.0	0.37181834289150156	([154], [155, 153])
0	0.0	0.3718260990986285	([432], [432, 431])
0	0.0	0.3718485790661414	([659], [659, 658])
0	0.0	0.37236368823209337	([74], [74, 73])
0	0.0	0.3728183086552059	([329], [329, 328])
0	0.0	0.37287770449096375	([209], [209, 208])
0	0.0	0.3729268165279714	([290], [287, 286])
0	0.0	0.3730957294139145	([121], [121, 120])
0	0.0	0.3731255672137669	([511], [511, 508])
0	0.0	0.3736233761062616	([306], [306, 305])
0	0.0	0.3739526049734542	([457], [457, 456])
0	0.0	0.37401203285394446	([692], [692, 690])
0	0.0	0.3741365276486404	([488], [488, 487])
0	0.0	0.3743144828518264	([449], [449, 448])
0	0.0	0.37440043790111993	([339], [339, 338])
0	0.0	0.37454825923209095	([48], [48, 47])
0	0.0	0.37474709101603926	([53], [59, 58])
0	0.0	0.3750141353056643	([212], [212, 211])
0	0.0	0.37517684847267446	([162], [162, 161])
0	0.0	0.3752217336737238	([554], [554, 553])
0	0.0	0.3752591360585325	([321], [321, 318])
0	0.0	0.3755791661533696	([292], [292, 291])
0	0.0	0.3758411400033476	([533], [533, 532])
0	0.0	0.3762636318693878	([223], [223, 220])
0	0.0	0.37627536775047404	([123], [123, 122])
0	0.0	0.3763755967851485	([73], [74, 72])
0	0.0	0.37662609501767785	([454], [454, 452])
1	0.3705275256634199	0.3767149662466206	([299, 294], [299, 297, 296])
1	0.36416189612736344	0.376778601423707	([106, 103], [105, 104, 103])
0	0.0	0.37688263449936893	([654], [654, 653])
0	0.0	0.37706518816414775	([90], [98, 97])
0	0.0	0.3772554321999483	([308], [308, 307])
0	0.0	0.37746022073236635	([481], [481, 480])
0	0.0	0.37772261117845496	([649], [649, 648])
0	0.0	0.3781550154155403	([169], [169, 168])
0	0.0	0.3782134467088429	([84], [84, 83])
0	0.0	0.37884989159332744	([353], [353, 352])
0	0.0	0.3788607892065711	([153], [153, 152])
0	0.0	0.37893951216578314	([444], [445, 442])
0	0.0	0.3792837371962336	([348], [348, 347])
0	0.0	0.3793429455498249	([354], [354, 353])
0	0.0	0.3795270184608462	([361], [361, 360])
0	0.0	0.37990792128109424	([66], [66, 65])
0	0.0	0.379935676628046	([42], [43, 41])
0	0.0	0.3799641107872128	([273], [273, 272])
0	0.0	0.3800225637922228	([163], [163, 162])
0	0.0	0.3801436761933175	([27], [27, 25])
0	0.0	0.3808308846901872	([118], [120, 119])
0	0.0	0.38110264784510345	([563], [563, 562])
0	0.0	0.3816192067037138	([334], [334, 333])
0	0.0	0.38166106886449747	([320], [320, 319])
0	0.0	0.38173478093090174	([101], [101, 100])
0	0.0	0.38183661123172763	([25], [25, 24])
0	0.0	0.38216320347210325	([448], [448, 447])
0	0.0	0.3822383731934263	([108], [108, 107])
0	0.0	0.38232822465568755	([333], [358, 357])
0	0.0	0.3823970312565108	([205], [205, 201])
0	0.0	0.3825184195766237	([102], [102, 101])
0	0.0	0.38253768687641737	([196], [196, 195])
0	0.0	0.383046624187459	([371], [371, 370])
0	0.0	0.38349801050310167	([58], [53, 52])
0	0.0	0.38401975252016624	([281], [281, 280])
0	0.0	0.38442812126554954	([176], [176, 175])
0	0.0	0.38514032525324227	([89], [89, 88])
0	0.0	0.3854025528598514	([168], [168, 167])
0	0.0	0.3855357447679016	([167], [167, 166])
0	0.0	0.3858721984363043	([564], [564, 563])
0	0.0	0.3861410295958589	([85], [85, 84])
0	0.0	0.38623898149551833	([359], [359, 358])
0	0.0	0.38625436394903767	([76], [76, 74])
0	0.0	0.38638187394014645	([32], [32, 31])
0	0.0	0.3865585925676097	([204], [204, 203])
0	0.0	0.38677212563116736	([65], [66, 64])
0	0.0	0.38682763586667146	([213], [213, 212])
1	0.3832221444678222	0.3872646218207571	([108, 105], [108, 107, 106])
0	0.0	0.3873593878855	([157], [157, 156])
0	0.0	0.38740657669681094	([256], [256, 254])
0	0.0	0.38741520379758215	([311], [311, 310])
0	0.0	0.3874349354695467	([679], [679, 677])
0	0.0	0.3875601879423599	([309], [309, 308])
0	0.0	0.3883404507560072	([195], [195, 194])
0	0.0	0.38930082167636165	([699], [699, 698])
0	0.0	0.38970179120043585	([693], [693, 692])
0	0.0	0.39019355716677234	([22], [22, 21])
0	0.0	0.3911481739182605	([97], [90, 89])
0	0.0	0.391381010925286	([378], [378, 377])
0	0.0	0.3916493573829422	([35], [35, 34])
0	0.0	0.39177715658997475	([390], [390, 388])
0	0.0	0.39179171804449076	([676], [676, 675])
0	0.0	0.3919251382279411	([433], [454, 453])
0	0.0	0.39223184085452156	([21], [21, 19])
0	0.0	0.39228429693838746	([694], [694, 693])
0	0.0	0.3924414016035565	([30], [30, 28])
0	0.0	0.3928823981542668	([310], [310, 309])
0	0.0	0.39338116111450816	([177], [177, 176])
0	0.0	0.3937690239799607	([248], [248, 247])
0	0.0	0.39397079314007843	([247], [248, 246])
0	0.0	0.39459636807176124	([357], [333, 332])
0	0.0	0.3954073628735539	([178], [178, 177])
0	0.0	0.3959277182017386	([8], [8, 7])
0	0.0	0.3961811364281386	([593], [593, 592])
0	0.0	0.39622760148212594	([280], [284, 283])
0	0.0	0.39624608721464916	([529], [529, 525])
0	0.0	0.39651213335353547	([122], [122, 121])
0	0.0	0.39703223950342825	([389], [389, 388])
0	0.0	0.397161179660264	([180], [180, 178])
1	0.3961857559611511	0.39759438033447664	([314, 309], [314, 312, 309])
0	0.0	0.3980113275671234	([217], [217, 216])
0	0.0	0.3982797347769161	([33], [33, 32])
0	0.0	0.3989990662389575	([45], [45, 44])
0	0.0	0.39929065834774013	([604], [604, 603])
0	0.0	0.4000714755244753	([31], [31, 30])
0	0.0	0.40070401360298286	([9], [9, 8])
0	0.0	0.4011680769586075	([83], [83, 80])
0	0.0	0.40131636205159427	([678], [678, 677])
0	0.0	0.40132363718133574	([179], [179, 178])
0	0.0	0.4013652405306367	([72], [76, 75])
0	0.0	0.4013884436332745	([592], [593, 591])
0	0.0	0.40172582778759025	([326], [326, 325])
0	0.0	0.4018635763191839	([19], [27, 26])
0	0.0	0.4020952913823556	([52], [52, 51])
0	0.0	0.40213607085128417	([613], [613, 612])
0	0.0	0.4025018914951273	([20], [20, 18])
0	0.0	0.40259808507490064	([391], [391, 390])
0	0.0	0.40278850371464525	([214], [214, 213])
0	0.0	0.40401419345012496	([698], [698, 697])
0	0.0	0.40422765645006586	([677], [677, 674])
0	0.0	0.4050615974146397	([81], [81, 80])
0	0.0	0.405207361510672	([234], [234, 232])
0	0.0	0.405407376257485	([255], [255, 254])
0	0.0	0.4054298959674932	([26], [21, 20])
0	0.0	0.40548975612125066	([208], [208, 205])
0	0.0	0.40603848538267634	([34], [34, 32])
0	0.0	0.40643673224078414	([443], [443, 442])
0	0.0	0.4064560046211438	([301], [301, 300])
0	0.0	0.4069679768998154	([328], [328, 327])
0	0.0	0.4073276319282884	([75], [72, 71])
0	0.0	0.4076144088189356	([64], [67, 63])
0	0.0	0.4083093049882294	([232], [232, 229])
0	0.0	0.40901738601638726	([634], [692, 691])
0	0.0	0.4095029095727544	([86], [86, 85])
1	0.408564930847286	0.4095445194639087	([64, 63], [67, 65, 64])
0	0.0	0.4103295412043259	([392], [392, 391])
0	0.0	0.4108525773016191	([71], [71, 70])
0	0.0	0.4109047449626868	([251], [251, 250])
1	0.40963281938820595	0.41150952034093247	([257, 253], [257, 256, 253])
0	0.0	0.41209148980429394	([1], [6, 5])
0	0.0	0.4122875180218792	([423], [423, 422])
1	0.39849130999233723	0.4122884234037991	([461, 458], [461, 460, 459])
0	0.0	0.41253069101475226	([184], [184, 183])
0	0.0	0.41306515102462943	([207], [207, 206])
0	0.0	0.4131932567506495	([283], [280, 277])
0	0.0	0.4132865846104657	([246], [246, 245])
1	0.41086334095983224	0.41345630257268745	([444, 441], [444, 443, 442])
1	0.40812695907849444	0.41345630257268745	([444, 443], [445, 444, 442])
0	0.0	0.4135062233342436	([453], [433, 432])
0	0.0	0.41376835892442737	([50], [50, 49])
0	0.0	0.4147779179801608	([249], [249, 248])
1	0.40893802938061324	0.41518214978233475	([269, 264], [269, 267, 266])
0	0.0	0.4153453617333313	([539], [539, 538])
0	0.0	0.41545586518138655	([233], [233, 232])
0	0.0	0.4169755977392194	([372], [372, 370])
0	0.0	0.4174238166135159	([18], [18, 17])
0	0.0	0.4175959852700402	([605], [605, 604])
0	0.0	0.4181946105694289	([278], [278, 277])
0	0.0	0.4192010943704578	([61], [61, 56])
0	0.0	0.41985752742647536	([119], [118, 116])
0	0.0	0.4203750303121891	([82], [82, 81])
0	0.0	0.4213737735363864	([412], [412, 410])
0	0.0	0.424264502012423	([691], [634, 633])
1	0.4072706670524111	0.4252843264557305	([466, 457], [466, 461, 457])
0	0.0	0.42571642493134204	([235], [235, 234])
0	0.0	0.42584425134646803	([36], [36, 32])
0	0.0	0.4258501934027126	([302], [302, 300])
0	0.0	0.4285244162502425	([60], [60, 59])
0	0.0	0.4287591187497681	([156], [156, 155])
0	0.0	0.42908507254191913	([411], [411, 410])
0	0.0	0.43004814790722007	([397], [397, 396])
1	0.4168319145823732	0.43015379597645287	([383, 378], [383, 382, 381])
1	0.4295948229279762	0.4310252262584518	([448, 441], [448, 445, 441])
1	0.4294224135180487	0.43224814921462495	([648, 634], [648, 643, 638])
0	0.0	0.4332558961591529	([39], [39, 37])
0	0.0	0.43422986009904463	([215], [215, 214])
0	0.0	0.4348043960621263	([219], [219, 217])
0	0.0	0.4359141573383311	([315], [315, 314])
0	0.0	0.4360696701330188	([245], [280, 279])
0	0.0	0.43843199522299664	([242], [241, 240])
0	0.0	0.4391831565249125	([37], [37, 35])
0	0.0	0.439280601385723	([240], [240, 239])
0	0.0	0.4407098039180463	([41], [60, 36])
0	0.0	0.4417657467404499	([279], [245, 244])
0	0.0	0.44352868583983973	([661], [661, 0])
0	0.0	0.4463009911421937	([229], [232, 231])
0	0.0	0.4466700004434558	([63], [118, 117])
0	0.0	0.44814351653089635	([117], [63, 36])
0	0.0	0.4485205288897284	([323], [323, 322])
1	0.45061754638673573	0.4507806103481788	([687, 676], [687, 682, 677])
0	0.0	0.4519076321413765	([322], [322, 317])
1	0.4419419954300861	0.452569159412305	([391, 377], [391, 386, 380])
0	0.0	0.45334316757132853	([230], [230, 229])
0	0.0	0.4537733931716003	([231], [231, 222])
0	0.0	0.4545277229808516	([398], [398, 396])
0	0.0	0.4553977735880463	([218], [218, 217])
0	0.0	0.4570980196240828	([62], [62, 60])
1	0.45659700137146336	0.45711826574098097	([244, 239], [244, 241, 240])
0	0.0	0.4576414483573225	([363], [363, 362])
0	0.0	0.457744001626392	([317], [317, 316])
0	0.0	0.4609814625449258	([236], [236, 235])
1	0.4491138185427398	0.4627600553558173	([306, 300], [306, 305, 300])
0	0.0	0.46341187273771417	([5], [117, 0])
0	0.0	0.4644700282991458	([224], [224, 218])
0	0.0	0.4651696100385235	([316], [316, 224])
0	0.0	0.46534906733327436	([216], [216, 215])
0	0.0	0.4670207933092656	([222], [229, 219])
1	0.46249312420592775	0.4675442137012808	([230, 222], [232, 231, 230])
0	0.0	0.47169786948791853	([227], [227, 215])
0	0.0	0.48216601044099616	([0], [235, 226])
0	0.0	0.4895676343554158	([221], [221, 218])
0	0.0	0.49697851261689113	([226], [82, 40])
1	0.4904962539556783	0.5023786040289199	([231, 226], [235, 232, 231])
1	0.4880616204640522	0.5045539972174915	([62, 39], [62, 36, 35])
0	0.0	0.5060561096831552	([40], [64, 38])
1	0.48893916336544446	0.509181390446772	([322, 224], [322, 317, 316])
1	0.5117694389589313	0.5123043168991276	([60, 37], [60, 52, 37])
1	0.5178144605334813	0.5206154955418375	([303, 292], [303, 301, 292])
1	0.5242468858715652	0.5252978696907922	([232, 217], [232, 229, 219])
0	0.0	0.526470198583612	([220], [223, 219])
1	0.4770395448605806	0.5295919575153156	([222, 219], [233, 229, 219])
0	0.0	0.5320429797875995	([225], [225, 218])
1	0.5262663665013749	0.5353532768987969	([58, 39], [62, 58, 57])
1	0.5359225024314163	0.536031329612512	([40, 19], [40, 26, 19])
1	0.541236509017866	0.5433048917603203	([37, 22], [37, 31, 22])
1	0.5231831758902821	0.5439298446045792	([38, 18], [38, 33, 30])
1	0.5403400903307477	0.551117190202209	([41, 35], [44, 41, 35])
1	0.5445708442146175	0.552898464159558	([220, 216], [223, 220, 216])
1	0.524232186621546	0.5570486313205137	([43, 36], [45, 41, 37])
1	0.5484171566785765	0.5573683285583653	([231, 220], [230, 220, 216])
1	0.4863937389509159	0.5578035893600595	([48, 37], [62, 57, 52])
1	0.506166627598439	0.5650176367204196	([231, 221], [231, 221, 218])
1	0.5606072431252019	0.5669768910250519	([709, 697], [709, 708, 697])
1	0.48620620546201165	0.5692220633005242	([230, 224], [230, 224, 218])
1	0.5560833623780742	0.5705141797284418	([256, 234], [253, 247, 234])
1	0.5736606740439736	0.5739604798892257	([248, 233], [248, 245, 233])
1	0.5738809497982968	0.5739790756933407	([53, 32], [53, 45, 37])
1	0.5562386543959745	0.5747663104885197	([413, 396], [413, 409, 396])
1	0.557014644982715	0.5753709687515061	([708, 698], [708, 705, 703])
1	0.5617150601524692	0.57661248275133	([61, 35], [62, 59, 35])
1	0.5704039139744053	0.5801539424630164	([60, 28], [60, 36, 28])
1	0.5767676682245754	0.58474167554148	([62, 13], [62, 30, 22])
1	0.5853419502624685	0.5865066172346937	([251, 232], [256, 251, 232])
1	0.5728597396892627	0.5873661481344308	([255, 229], [255, 241, 234])
1	0.5328034663048351	0.592841679497337	([58, 40], [58, 48, 40])
1	0.5954162366475857	0.6009306909341874	([121, 102], [121, 114, 110])
1	0.5983967393296137	0.6016399091570928	([284, 268], [284, 279, 268])
1	0.5953567891942233	0.6032826198702584	([198, 182], [198, 196, 182])
1	0.5953345191564691	0.604822678598897	([216, 61], [231, 217, 216])
1	0.58494401174196	0.6054254303242961	([197, 184], [197, 195, 184])
1	0.5416809885053484	0.6058660083220071	([698, 226], [698, 691, 690])
1	0.557455652628694	0.6065918458776959	([693, 40], [693, 676, 675])
1	0.5461412681195157	0.6086119885378946	([37, 5], [37, 18, 12])
1	0.5196960391385264	0.6133180446615245	([326, 221], [326, 316, 315])
1	0.5299148087903625	0.614805634054443	([38, 5], [38, 18, 5])
1	0.609359247712199	0.6150070768601174	([100, 61], [99, 88, 61])
1	0.6066901991052547	0.615890224770093	([122, 106], [122, 118, 106])
1	0.610687547135875	0.6172276306985341	([242, 61], [247, 242, 61])
1	0.6173070630730578	0.6182745045819269	([182, 61], [182, 168, 61])
1	0.525546448824108	0.6201215112727546	([255, 226], [255, 235, 229])
1	0.5647707090833853	0.6222718156041499	([63, 61], [63, 61, 35])
1	0.6030897556761496	0.6229033009527207	([126, 61], [126, 123, 61])
1	0.6222391310190499	0.6238705954103594	([266, 39], [266, 259, 39])
1	0.5363462330580532	0.6253527342560713	([85, 38], [85, 66, 65])
1	0.6064708335156916	0.6264812009368534	([217, 203], [217, 213, 210])
1	0.6256223784728523	0.6270090459419296	([157, 39], [161, 154, 39])
1	0.6181769115442943	0.6270090459419296	([177, 39], [177, 161, 39])
1	0.5204474637624759	0.6270960752191089	([301, 221], [315, 301, 287])
1	0.5937597080410514	0.6278501632268099	([162, 61], [195, 184, 182])
1	0.589292937591179	0.6286993347713722	([239, 214], [239, 232, 215])
1	0.6188345734226227	0.628967133233312	([547, 517], [547, 535, 521])
1	0.6245194383118731	0.6296522312752704	([663, 614], [663, 625, 614])
1	0.6163917079477477	0.6318863098570151	([286, 37], [290, 281, 39])
1	0.6208730963980366	0.6331151274353709	([264, 37], [286, 273, 264])
1	0.5785002058560583	0.6355150008034105	([97, 39], [97, 88, 86])
1	0.6172788451892278	0.6359933844820808	([61, 3], [61, 19, 6])
1	0.6108950820833351	0.6373364099085477	([321, 37], [340, 321, 317])
1	0.6100038313197108	0.6374771460399871	([108, 37], [122, 104, 102])
1	0.6148873037320421	0.6380883785740068	([161, 62], [184, 171, 62])
1	0.6229113879034953	0.6384109659857198	([700, 668], [700, 690, 677])
1	0.6146328926150609	0.6384978502662593	([156, 60], [156, 153, 60])
1	0.5013917125354644	0.638660274142097	([227, 207], [227, 215, 207])
1	0.5735888153906992	0.6387630396916476	([247, 220], [247, 231, 220])
1	0.5683890717776592	0.6391186146298629	([310, 40], [320, 310, 306])
1	0.6009632513310222	0.6399584073701428	([176, 37], [199, 188, 182])
1	0.6396503835937959	0.640031014425413	([57, 1], [57, 43, 33])
1	0.6132171145105515	0.6402692622919759	([703, 667], [702, 699, 667])
1	0.5498607655338207	0.6407125150639978	([40, 8], [40, 19, 3])
1	0.6222451028218237	0.640980930684949	([317, 280], [317, 288, 286])
1	0.6411729460494127	0.6413798513679952	([695, 61], [695, 677, 669])
1	0.6421824163771418	0.6433334161192235	([706, 666], [706, 703, 666])
1	0.6223190366094871	0.6440392110230337	([128, 60], [156, 137, 128])
1	0.5490021899335616	0.6442139351563845	([52, 38], [52, 38, 33])
1	0.6034522553993793	0.6443553627463917	([223, 183], [223, 195, 183])
1	0.6359422505042758	0.6443790824923148	([432, 404], [432, 417, 408])
1	0.6102056932700188	0.6444800703414728	([236, 36], [236, 216, 214])
1	0.5991815856968125	0.6444836079375212	([184, 36], [192, 186, 39])
1	0.6220908477133854	0.6457030164318325	([309, 39], [309, 287, 281])
1	0.5869131296487771	0.6460595116651101	([195, 61], [154, 139, 134])
1	0.5782853802063264	0.6463937180195066	([193, 39], [130, 119, 39])
1	0.5877801203981057	0.6470467226076353	([214, 36], [214, 191, 36])
1	0.5803314079329844	0.6471836634548599	([235, 37], [264, 247, 234])
1	0.6418799130896863	0.6476068296193781	([511, 470], [511, 489, 473])
1	0.6244927982667858	0.6477637809065959	([137, 101], [137, 125, 101])
1	0.6467231742578259	0.648929453481924	([418, 372], [418, 395, 372])
1	0.6469457241211477	0.6490055171618289	([630, 609], [630, 618, 616])
1	0.6401268366525767	0.6492341964314381	([70, 26], [70, 69, 26])
1	0.6460748314285111	0.6495947489332222	([123, 75], [123, 75, 73])
1	0.6491183729093717	0.6496545468013083	([143, 111], [151, 143, 111])
1	0.616741709192519	0.6502951334736612	([144, 36], [150, 144, 36])
1	0.506626328896739	0.6503632246412329	([249, 221], [249, 231, 230])
1	0.6166205345574096	0.6513152683647582	([107, 62], [107, 92, 62])
1	0.6499614928399978	0.6516429868269356	([164, 133], [164, 155, 133])
1	0.5921711985833445	0.6532273731919069	([213, 37], [129, 118, 60])
1	0.576316299863769	0.6532530589382279	([107, 40], [107, 82, 61])
1	0.653496931788508	0.6545055764503499	([74, 19], [74, 39, 15])
1	0.4905523390312805	0.6547676141157752	([411, 227], [411, 397, 394])
1	0.5671046366519339	0.6547702229905578	([122, 37], [108, 93, 88])
1	0.6455863296662528	0.6555979801440921	([191, 112], [191, 152, 151])
1	0.6139825783053737	0.6564917882758836	([333, 39], [338, 313, 311])
1	0.6555172801594821	0.6567640985569225	([267, 229], [267, 239, 236])
1	0.6207681838516308	0.656851813655822	([76, 24], [76, 69, 24])
1	0.5293212340049432	0.6568960648731262	([40, 26], [71, 40, 26])
1	0.6270823725835376	0.6570250973604896	([152, 88], [152, 144, 88])
1	0.5732331419917915	0.6574610955049593	([119, 36], [149, 131, 36])
1	0.6538935427214617	0.6579183354059647	([702, 624], [702, 667, 666])
1	0.6243247129322247	0.6580365063977984	([79, 11], [79, 60, 37])
1	0.6451389525678485	0.6587215282085022	([636, 606], [648, 636, 612])
1	0.6441206304947632	0.6595327153845388	([651, 61], [695, 657, 654])
1	0.6039754156362638	0.6595764479192969	([339, 37], [395, 390, 370])
1	0.6286568483731609	0.659724803815598	([65, 9], [85, 37, 23])
1	0.6599059779735708	0.659964879396285	([192, 115], [192, 143, 111])
1	0.6422847328570561	0.659964879396285	([192, 143], [192, 191, 111])
1	0.6398624577798928	0.660028613570059	([333, 292], [333, 328, 303])
1	0.6517383558175744	0.6614736163021769	([75, 27], [75, 69, 14])
1	0.5958414995756309	0.6615501429915245	([216, 39], [238, 216, 213])
1	0.5684417583375931	0.6621533475393844	([245, 39], [216, 203, 194])
1	0.6606646416843946	0.6622463445168428	([211, 131], [211, 194, 153])
1	0.6365249411899327	0.6629073204988167	([172, 124], [171, 157, 124])
1	0.6350268918807984	0.6630042990615109	([553, 39], [557, 531, 520])
1	0.6588086164317871	0.6636842287962793	([93, 42], [93, 87, 42])
1	0.6568516034000935	0.6637105261067907	([158, 70], [161, 158, 70])
1	0.6329898665627626	0.6638788561998115	([212, 151], [212, 189, 151])
1	0.6452348578703161	0.6644492956811664	([81, 12], [81, 69, 12])
1	0.6436602145031199	0.6661511611894532	([631, 61], [657, 631, 629])
1	0.5572740768742099	0.6666773913748086	([320, 40], [333, 320, 317])
1	0.6625382073245628	0.6667710524979055	([428, 390], [428, 409, 394])
1	0.5250928685071544	0.6674971127991477	([49, 40], [81, 50, 49])
1	0.6670920418089679	0.667628632746624	([407, 365], [407, 386, 373])
1	0.6316058897756921	0.6679425230440614	([125, 11], [125, 87, 11])
1	0.6657296422419345	0.6680962120080823	([329, 274], [329, 316, 274])
1	0.6323496126935465	0.668785718064159	([666, 37], [693, 666, 660])
1	0.6594926809743799	0.6697652152866252	([704, 616], [704, 664, 663])
1	0.6600339834179882	0.6703717865772442	([660, 607], [660, 634, 607])
1	0.6487030184058103	0.6703943584711359	([513, 456], [513, 475, 456])
1	0.6451324025469125	0.6704915566910578	([498, 39], [498, 472, 466])
1	0.6569219380888488	0.6705894036277669	([658, 604], [658, 636, 597])
1	0.6442298722539062	0.6707518698324504	([562, 525], [562, 545, 541])
1	0.6672328830593943	0.6707550340289707	([106, 50], [106, 103, 36])
1	0.6688041488769972	0.6708281828009383	([394, 334], [394, 357, 334])
1	0.6123206562058217	0.6716233542084413	([223, 158], [223, 183, 158])
1	0.6557487215318231	0.6723217955805754	([332, 290], [332, 315, 302])
1	0.6618039646244552	0.6724907435045059	([649, 590], [649, 613, 610])
1	0.6674642797521636	0.6725850140871398	([311, 36], [293, 281, 36])
1	0.6522855015735519	0.6726828565069065	([332, 263], [333, 332, 263])
1	0.6705607630012898	0.6731433936639075	([219, 28], [229, 219, 60])
1	0.6684978356820593	0.6733582359942926	([309, 229], [309, 281, 256])
1	0.6629850712470209	0.673396381884813	([102, 1], [106, 102, 35])
1	0.6725058527507694	0.6734071528657419	([637, 611], [637, 622, 611])
1	0.6715497634451896	0.6743469146369858	([169, 11], [169, 60, 11])
1	0.6715550913219442	0.6746857200243749	([210, 116], [210, 146, 142])
1	0.5970488236851548	0.6747568919519005	([217, 157], [217, 203, 181])
1	0.6616573983421941	0.674878535725189	([210, 1], [210, 45, 1])
1	0.6601076448481213	0.6750749531829053	([124, 69], [158, 135, 74])
1	0.5973307179748424	0.6752815435290802	([223, 195], [223, 216, 158])
1	0.669072197839023	0.6753844191502525	([703, 39], [703, 650, 614])
1	0.6738290975696277	0.6761810020960649	([185, 35], [185, 164, 36])
1	0.6745636117133741	0.6765031364266921	([335, 269], [335, 317, 280])
1	0.6374330373699418	0.6765085430505035	([517, 61], [541, 518, 517])
1	0.6694297727504029	0.6769775922534372	([392, 317], [392, 361, 317])
1	0.6690764570709554	0.6770496443764834	([399, 36], [431, 419, 36])
1	0.6704213549350057	0.6770496443764834	([466, 36], [445, 431, 36])
1	0.6769666940329491	0.6771517743630188	([100, 8], [100, 62, 8])
1	0.675482301424969	0.6779484811440588	([658, 571], [658, 656, 571])
1	0.5534141533993014	0.6785687305769943	([177, 38], [213, 190, 177])
1	0.6669294396278576	0.678697296866482	([495, 459], [495, 478, 472])
1	0.6687635144959077	0.6790165558241714	([556, 36], [544, 543, 36])
1	0.5762447231907477	0.6797180446010207	([231, 61], [216, 181, 158])
1	0.6726484976574779	0.6799557665966082	([656, 595], [656, 635, 607])
1	0.5445412639331642	0.6800739248794515	([222, 89], [222, 89, 75])
1	0.5659370880522564	0.6805959426690544	([357, 40], [357, 333, 331])
1	0.6509200450434147	0.6806075830713918	([474, 39], [498, 474, 472])
1	0.6794581793727846	0.6808580705664246	([659, 606], [659, 649, 606])
1	0.5864600344019427	0.6810447958002295	([225, 212], [225, 218, 212])
1	0.6665750404411511	0.6813455459264648	([334, 289], [334, 318, 312])
1	0.6466668570099836	0.6814610667825446	([689, 605], [669, 658, 605])
1	0.6646387876976708	0.6815618585502677	([308, 237], [308, 269, 263])
1	0.6548219078033264	0.6822173305725009	([116, 57], [116, 87, 62])
1	0.6737852641773951	0.6827932297994446	([173, 103], [173, 158, 103])
1	0.5838922793297503	0.6828286799338652	([229, 60], [219, 206, 60])
1	0.6765402980707682	0.6828440472848658	([599, 36], [653, 615, 599])
1	0.6542452067028351	0.6829456509925506	([659, 584], [659, 634, 584])
1	0.6702550696576964	0.683802430615738	([516, 450], [516, 477, 464])
1	0.6808075103606492	0.6838797254275759	([213, 148], [213, 212, 148])
1	0.5960577484576941	0.6840629695221826	([390, 37], [321, 286, 277])
1	0.6392931764229497	0.6840638290744515	([229, 159], [229, 217, 159])
1	0.6784931544526748	0.6845817314502924	([668, 618], [668, 650, 649])
1	0.6546591744397071	0.684903563200034	([428, 233], [428, 233, 219])
1	0.6538002162128035	0.6851953234982586	([148, 94], [148, 126, 94])
1	0.674381174080824	0.6853692865795064	([429, 367], [429, 400, 396])
1	0.5520461543654155	0.6854390923297904	([156, 38], [177, 156, 155])
1	0.6771124688443881	0.6854507085215764	([240, 60], [240, 216, 215])
1	0.6610865672368456	0.6854535275019961	([229, 198], [229, 212, 210])
1	0.6739652511673235	0.6856961771582759	([680, 36], [709, 696, 36])
1	0.6817769437968594	0.6858144140753774	([546, 434], [563, 546, 538])
1	0.6045751286049029	0.6859769436509275	([353, 36], [354, 318, 314])
1	0.6709415679091729	0.6864491459375123	([134, 34], [134, 71, 60])
1	0.6615867479502856	0.6865790037674941	([152, 44], [144, 142, 44])
1	0.6498634595100482	0.6870754136133561	([210, 45], [210, 147, 45])
1	0.6453638544049465	0.6878899986933167	([585, 39], [585, 558, 557])
1	0.6584581158865993	0.6879201347731181	([212, 110], [209, 153, 151])
1	0.6598194425537178	0.6879890980420297	([651, 36], [696, 655, 652])
1	0.6874089813321269	0.6882391565399791	([138, 53], [139, 138, 53])
1	0.5391161581193731	0.6890169927990617	([222, 179], [222, 219, 179])
1	0.6840182335378528	0.6892891136604985	([621, 505], [621, 617, 505])
1	0.6804174645777074	0.6893281528991032	([101, 34], [137, 101, 34])
1	0.6809504641974878	0.6899457202978094	([208, 88], [208, 149, 144])
1	0.685594799932216	0.6900063158409977	([328, 259], [328, 289, 279])
1	0.6851835964421658	0.6900324830860712	([670, 558], [671, 670, 562])
1	0.6889934096034953	0.6901622227745827	([554, 451], [554, 529, 525])
1	0.6694013638834276	0.6901788991517502	([527, 460], [527, 516, 460])
1	0.6246015853198961	0.6903352129569896	([385, 39], [385, 350, 333])
1	0.6901554922438636	0.6905281441500188	([170, 87], [170, 154, 62])
1	0.685481531965329	0.6905468907267805	([317, 217], [317, 247, 233])
1	0.6719928355144404	0.6905992985446792	([517, 429], [517, 516, 425])
1	0.6876412198414267	0.6906101740414823	([180, 79], [180, 79, 62])
1	0.6832527837080942	0.6907301993007484	([657, 559], [657, 611, 604])
1	0.6769900987629333	0.6907301993007484	([692, 611], [692, 657, 611])
1	0.6097659725132322	0.6909162634375461	([350, 220], [390, 350, 344])
1	0.6746436123380617	0.6909934714461051	([360, 281], [360, 327, 281])
1	0.687247112898182	0.6911742840416506	([143, 58], [143, 113, 94])
1	0.6802433833563357	0.6911887978939779	([202, 143], [208, 202, 143])
1	0.6765964651483869	0.6915025789114582	([542, 447], [542, 532, 447])
1	0.6877435795235183	0.6915459861278775	([657, 520], [657, 556, 549])
1	0.6850019824666589	0.6917014711140401	([331, 236], [331, 282, 280])
1	0.4910981039512904	0.6919981259533449	([240, 224], [240, 230, 224])
1	0.6702088288911604	0.6920466790636445	([396, 312], [396, 373, 321])
1	0.6692467334889263	0.6920472842806439	([515, 432], [516, 515, 450])
1	0.6761484913669953	0.6922158627560319	([406, 332], [406, 396, 332])
1	0.6920028169139998	0.6924073129722215	([398, 329], [398, 371, 329])
1	0.6897975828881413	0.692456553724699	([672, 563], [672, 659, 596])
1	0.6876351178037272	0.6924854326014201	([518, 452], [519, 518, 451])
1	0.6811908235971358	0.692643546250029	([682, 569], [691, 682, 569])
1	0.518230597988738	0.6931328733404218	([38, 33], [64, 38, 33])
1	0.670413487899605	0.6933720006704552	([524, 435], [532, 524, 440])
1	0.6898104293200915	0.6939622201716478	([577, 516], [577, 554, 537])
1	0.6785586525603635	0.6942456755093867	([372, 309], [372, 339, 309])
1	0.6810792013864081	0.6946307850012288	([695, 566], [695, 686, 566])
1	0.6919027586910157	0.694652275605221	([428, 319], [428, 394, 340])
1	0.6848054711549577	0.6954189960713926	([214, 3], [214, 33, 3])
1	0.6824787793881845	0.6955886009630741	([525, 451], [519, 499, 479])
1	0.6927318797473356	0.6956934572098917	([475, 60], [495, 475, 459])
1	0.6856405752418702	0.6957971945142751	([370, 315], [393, 370, 315])
1	0.6943532431062657	0.6959417201569017	([519, 422], [519, 451, 409])
1	0.6738522164201869	0.6961112452427498	([681, 570], [682, 657, 568])
1	0.6962640928811156	0.6966115089506054	([677, 581], [690, 677, 581])
1	0.6900885540031613	0.6966243197054338	([200, 123], [200, 155, 123])
1	0.6877638948115203	0.6967661358566005	([164, 78], [171, 164, 78])
1	0.6840039315138838	0.6968299704902371	([520, 433], [520, 515, 433])
1	0.6366348213779202	0.697133824312917	([267, 61], [267, 255, 229])
1	0.6790801744149892	0.6971787684017197	([622, 473], [617, 505, 473])
1	0.5801825983714106	0.6972063047690871	([220, 34], [220, 216, 34])
1	0.6948738247774171	0.6979456252895937	([360, 62], [360, 327, 318])
1	0.5527593597251704	0.6981095492511082	([97, 38], [97, 85, 76])
1	0.6916964517769189	0.6981101646815375	([690, 561], [690, 689, 565])
1	0.6934354540486317	0.698194023092712	([536, 483], [536, 514, 513])
1	0.6909829833307667	0.6982205168645796	([685, 586], [685, 607, 593])
1	0.6783133115304796	0.6982294427926681	([630, 579], [630, 601, 598])
1	0.697830496873786	0.698666685954876	([367, 270], [367, 332, 270])
1	0.6728543083867765	0.6987176658912609	([560, 450], [560, 517, 438])
1	0.6681225377871346	0.6987589275609918	([419, 36], [389, 356, 349])
1	0.690404513494486	0.6987688856501562	([609, 520], [609, 586, 560])
1	0.6663056314514698	0.6989731428710143	([388, 60], [428, 417, 60])
1	0.6662375192916538	0.6990262069952856	([399, 308], [399, 345, 337])
1	0.6009061650207459	0.6992464605279711	([328, 228], [328, 278, 259])
1	0.6719716570644139	0.6995910632316086	([686, 572], [695, 658, 560])
1	0.6952601653846999	0.6997772020644045	([588, 528], [593, 588, 528])
1	0.6620828727773712	0.6998114071553204	([544, 428], [550, 520, 518])
1	0.6894818787769214	0.6998614646690636	([336, 237], [336, 302, 239])
1	0.6893154522958684	0.7000388811851603	([140, 41], [140, 138, 41])
1	0.6958950651533301	0.7001129556726108	([520, 407], [542, 520, 407])
1	0.6946209321229193	0.7003813781249908	([523, 454], [531, 523, 436])
1	0.6285360733263256	0.7008558719501057	([286, 61], [340, 317, 255])
1	0.6366177106888473	0.7011128842530832	([546, 61], [517, 442, 425])
1	0.7004477325636337	0.7016763406672156	([164, 2], [188, 164, 2])
1	0.69946131791112	0.702084497788133	([680, 594], [680, 651, 594])
1	0.6167034387082725	0.7021080123048864	([242, 228], [328, 259, 242])
1	0.6987540341952492	0.702292464748712	([210, 92], [210, 92, 46])
1	0.7015144970954698	0.7023353920877164	([560, 412], [586, 560, 412])
1	0.7013637844245405	0.7023470935466537	([242, 200], [242, 229, 214])
1	0.6930904362317049	0.7028909890953261	([540, 419], [540, 535, 412])
1	0.6935061248886807	0.7028909890953261	([586, 428], [560, 540, 412])
1	0.6915362996267786	0.7029309953189622	([557, 417], [557, 550, 417])
1	0.68656609299395	0.7030070474044471	([570, 435], [570, 553, 437])
1	0.6794883048508541	0.703083840957646	([684, 567], [684, 656, 557])
1	0.6898958669571812	0.7032350792202622	([537, 478], [537, 520, 478])
1	0.6815863546445066	0.7035442036572341	([621, 467], [621, 488, 467])
1	0.694771674298761	0.7036216776842168	([556, 440], [556, 532, 519])
1	0.6889012936816905	0.7040014928060259	([569, 436], [570, 558, 436])
1	0.5782471371918803	0.7040124525076903	([391, 61], [391, 345, 342])
1	0.6954958622573173	0.7043135263354288	([605, 439], [605, 545, 439])
1	0.6863136511848429	0.7043351994368088	([535, 412], [560, 438, 424])
1	0.5765887632250892	0.7045204811025177	([428, 60], [388, 354, 60])
1	0.7031512165011229	0.7045558398182534	([572, 229], [603, 582, 229])
1	0.6972754575370149	0.7045744729454142	([372, 262], [372, 327, 262])
1	0.6400050633760648	0.7048783378504844	([416, 229], [401, 354, 229])
1	0.6349061400014037	0.7052341060659685	([524, 39], [520, 498, 478])
1	0.704489274702998	0.7052436410549185	([725, 109], [725, 109, 53])
1	0.6906040620877066	0.7057955083291476	([241, 203], [241, 229, 212])
1	0.6860328321088522	0.70600178737169	([660, 536], [671, 660, 551])
1	0.6930836430885285	0.7063393380702502	([720, 623], [725, 720, 623])
1	0.6971585540309746	0.7065926194062951	([432, 328], [432, 409, 328])
1	0.7031378342978534	0.7065984612418401	([630, 551], [660, 630, 598])
1	0.6949739836278311	0.707068566321718	([679, 576], [679, 663, 576])
1	0.695562776645549	0.7070845595261112	([444, 60], [444, 427, 60])
1	0.6801878840380328	0.7072880333849015	([541, 399], [563, 551, 431])
1	0.7047624608506855	0.7073831377158051	([374, 294], [374, 339, 309])
1	0.7026349294652559	0.7074923363375917	([421, 338], [421, 376, 369])
1	0.6817774692325898	0.7076741951402089	([198, 120], [195, 188, 120])
1	0.6648152196606039	0.707788744728032	([512, 36], [517, 445, 425])
1	0.7076317398138015	0.7079887546852464	([274, 60], [274, 234, 229])
1	0.7034663356502491	0.708061765961695	([538, 427], [538, 515, 423])
1	0.707289674951296	0.7081511652968856	([615, 527], [615, 527, 514])
1	0.7036003705577364	0.7081697671178028	([229, 106], [229, 107, 106])
1	0.7026129390399205	0.7082664274890966	([403, 292], [403, 369, 333])
1	0.7049232329554971	0.7085185865768513	([421, 274], [421, 338, 274])
1	0.6708339332262437	0.7085570027357375	([563, 434], [573, 560, 424])
1	0.6842760295596506	0.7085956687910745	([495, 60], [465, 430, 428])
1	0.7074986794705678	0.7087463109061036	([623, 504], [623, 621, 502])
1	0.5552608183658212	0.7087688846234387	([333, 40], [320, 245, 235])
1	0.6725224687683427	0.7087983076184006	([534, 444], [546, 545, 439])
1	0.6965261821616369	0.7089550806828364	([345, 258], [367, 345, 258])
1	0.7008761201805354	0.7089789716849951	([716, 633], [716, 702, 624])
1	0.6955254091967673	0.70914498133827	([615, 497], [615, 589, 584])
1	0.7030545517815484	0.7091732438382397	([707, 60], [707, 694, 60])
1	0.6995405952900782	0.7092294481170142	([543, 449], [547, 543, 449])
1	0.7003885437441779	0.7094731397757321	([365, 295], [365, 340, 295])
1	0.6834598886374177	0.7095348991384387	([553, 437], [571, 560, 450])
1	0.6890797616568513	0.70975765891249	([542, 410], [520, 433, 421])
1	0.7085778799331877	0.70975765891249	([543, 421], [543, 520, 421])
1	0.7050731432659756	0.709779584767201	([596, 444], [596, 562, 444])
1	0.7002698662142298	0.7101113564157061	([441, 229], [441, 434, 229])
1	0.7000222596592748	0.710170505603153	([536, 441], [536, 516, 449])
1	0.6795945796421351	0.7104248081118659	([522, 437], [558, 522, 437])
1	0.701044485314157	0.7106147050794841	([304, 60], [354, 341, 60])
1	0.7055840782832222	0.7107414384803388	([390, 288], [390, 344, 288])
1	0.7094997891157009	0.7107657022223757	([633, 567], [633, 606, 596])
1	0.7102580221586289	0.7109102300450794	([372, 232], [372, 277, 262])
1	0.6749322112359772	0.7110322520421948	([718, 620], [718, 703, 620])
1	0.708730923249909	0.7110429957158966	([580, 410], [580, 564, 430])
1	0.6929096247015617	0.7110934717607666	([714, 229], [714, 692, 229])
1	0.6387424387235219	0.7111193101909419	([612, 61], [590, 536, 517])
1	0.710366684326842	0.7111669422136166	([397, 320], [397, 370, 320])
1	0.6995537255334509	0.7112163814537297	([626, 515], [626, 615, 497])
1	0.6985892962335634	0.7113754517906171	([512, 404], [512, 404, 399])
1	0.7089561839697026	0.7113754517906171	([513, 399], [513, 512, 399])
1	0.5450928909991465	0.7114344365236007	([119, 38], [119, 65, 38])
1	0.6813642578359569	0.7123610302392173	([556, 418], [556, 555, 418])
1	0.708008617482892	0.7124085572145772	([682, 529], [689, 560, 529])
1	0.5047964452237612	0.7124144834281001	([278, 226], [278, 255, 233])
1	0.6956917147207597	0.7125679315049231	([239, 45], [239, 214, 45])
1	0.7129112920057558	0.7129901674629125	([526, 467], [526, 511, 506])
1	0.692723507634781	0.713123860894097	([715, 642], [715, 668, 642])
1	0.6652005292160572	0.7136253906202701	([694, 428], [659, 606, 428])
1	0.7074067508102626	0.7137297673656862	([428, 289], [428, 319, 284])
1	0.7139818883872712	0.7141896992960063	([423, 300], [423, 396, 300])
1	0.7021080527924994	0.7142278358593879	([419, 327], [419, 363, 360])
1	0.7047180850266384	0.714554749397631	([652, 525], [674, 667, 528])
1	0.7031437586790616	0.7146035429635135	([521, 362], [521, 518, 362])
1	0.4861818935928518	0.7146163295674242	([397, 227], [411, 372, 363])
1	0.710863045517711	0.7146236061314803	([673, 515], [673, 657, 559])
1	0.6234292177644191	0.7151799267798518	([443, 61], [631, 612, 597])
1	0.708019523212123	0.7153949156971888	([574, 413], [574, 562, 433])
1	0.7121322778594151	0.7154114452452321	([393, 271], [393, 361, 334])
1	0.6893453826213087	0.7154944939811178	([589, 514], [616, 615, 484])
1	0.6895384669187558	0.7156712162946041	([303, 208], [303, 243, 210])
1	0.7145248903828874	0.7159405611986263	([556, 393], [524, 515, 393])
1	0.6051689079271478	0.7159780985152185	([693, 37], [693, 563, 558])
1	0.7077381931772577	0.7163584148317879	([568, 479], [568, 560, 424])
1	0.5312568849527901	0.7164825008499489	([678, 221], [678, 604, 591])
1	0.6955370076758218	0.7170872674370865	([583, 432], [583, 546, 432])
1	0.6878314800684058	0.7173662195157643	([674, 528], [652, 649, 528])
1	0.7127881158378457	0.7174376259256823	([431, 303], [431, 311, 303])
1	0.6968049302274715	0.7176164249780341	([725, 53], [725, 53, 11])
1	0.7120220472179982	0.7179939555613785	([359, 236], [359, 319, 236])
1	0.7121750978342581	0.7182670695000439	([368, 238], [368, 352, 238])
1	0.6988977267077406	0.7183340715458041	([445, 326], [445, 410, 326])
1	0.6872796338014101	0.7185791436872494	([725, 513], [725, 623, 513])
1	0.705840814843715	0.7185882787843961	([591, 499], [619, 591, 590])
1	0.7178588171392309	0.7185960169092688	([583, 465], [590, 583, 465])
1	0.7166329921165274	0.7189717041752157	([422, 346], [422, 373, 346])
1	0.6744681758576542	0.7191907185310074	([617, 513], [582, 552, 527])
1	0.6882673779284757	0.7194008571096137	([567, 396], [567, 560, 396])
1	0.7182465527179392	0.7194573145321739	([566, 397], [566, 565, 397])
1	0.7156178183888118	0.7199120256164078	([655, 531], [655, 568, 566])
1	0.6873690665471645	0.7199520509563229	([461, 405], [458, 436, 431])
1	0.702010834284133	0.7199730784128444	([711, 636], [711, 668, 656])
1	0.6996095751331853	0.7200369451491749	([562, 457], [562, 457, 426])
1	0.7149754838046511	0.7201689827457222	([197, 53], [197, 185, 53])
1	0.6988531320390298	0.7201866318254051	([431, 237], [431, 409, 237])
1	0.6943444635604478	0.720439147015751	([619, 499], [619, 616, 499])
1	0.7052973192699461	0.7204792517183947	([533, 414], [533, 518, 419])
1	0.7177446801107231	0.7207083345517528	([232, 15], [232, 181, 169])
1	0.6403687056351812	0.7210006804246396	([420, 39], [420, 338, 318])
1	0.7106311516818359	0.7211757731175492	([650, 404], [650, 615, 404])
1	0.7184339977047617	0.7212427352358808	([449, 350], [449, 403, 350])
1	0.714762737604673	0.7214664165226149	([590, 482], [583, 465, 454])
1	0.6925540562985436	0.7223529955348014	([404, 293], [404, 323, 293])
1	0.7021687032935272	0.7225044752603961	([716, 510], [620, 616, 510])
1	0.7208100125345382	0.7225508590105013	([391, 254], [391, 342, 254])
1	0.7161150416761995	0.7225549364740724	([561, 485], [561, 536, 485])
1	0.7226601845822206	0.7226602218051877	([263, 192], [263, 215, 192])
1	0.7126461880410273	0.7228924566911512	([625, 468], [625, 505, 471])
1	0.7034089261914176	0.7229183439368968	([432, 215], [432, 336, 263])
1	0.7205991455165748	0.7231958124399241	([444, 317], [444, 413, 329])
1	0.7119273530076174	0.7232964745746177	([603, 451], [603, 584, 451])
1	0.7109500655309005	0.7233599547079835	([632, 541], [658, 632, 541])
1	0.7070372579334273	0.7233865460875868	([666, 537], [666, 616, 514])
1	0.7148304963791251	0.723461438025576	([420, 267], [408, 401, 266])
1	0.7234402112917759	0.7236786744110817	([618, 474], [618, 598, 474])
1	0.7159785624095356	0.7239975633895255	([703, 462], [703, 622, 459])
1	0.7137729482272319	0.7240321136163196	([403, 239], [403, 308, 239])
1	0.7128339988461022	0.7242987387674513	([721, 626], [721, 704, 703])
1	0.7222366193607188	0.7248741999284589	([598, 496], [623, 618, 504])
1	0.681371144530362	0.7248948008482236	([527, 406], [527, 440, 406])
1	0.6862786916910876	0.7253850793613593	([632, 491], [632, 491, 471])
1	0.7185850583040603	0.7254499709877354	([699, 526], [699, 668, 526])
1	0.7225225762660725	0.725505308186655	([373, 216], [373, 311, 235])
1	0.715639057941056	0.7255981864931648	([700, 514], [700, 588, 528])
1	0.719988430766365	0.7256616136435508	([374, 261], [374, 338, 261])
1	0.7205156317441891	0.7258110871255526	([462, 367], [513, 462, 367])
1	0.5986227741354959	0.7258430525014006	([225, 174], [225, 218, 174])
1	0.7211800801562871	0.7259129358660369	([405, 290], [405, 336, 290])
1	0.7259460856327377	0.7261278972255117	([484, 400], [484, 454, 432])
1	0.7104765925989942	0.726354422781702	([629, 546], [651, 629, 546])
1	0.7178935917852275	0.7264974842916897	([291, 153], [303, 281, 153])
1	0.7235260913466212	0.7266809856772618	([646, 508], [646, 621, 508])
1	0.7186225112827396	0.7267551267202824	([196, 5], [196, 60, 26])
1	0.6897810189480793	0.7269559035505384	([490, 405], [515, 495, 405])
1	0.59200212003151	0.7272728781544016	([223, 65], [223, 65, 20])
1	0.6311790539566025	0.7274445759404865	([457, 39], [524, 420, 393])
1	0.7203679744622749	0.7276640883928175	([410, 297], [410, 359, 326])
1	0.7205786089435072	0.7281824610984378	([314, 196], [314, 241, 232])
1	0.7219270709808027	0.7283408536833974	([412, 253], [412, 361, 234])
1	0.7217197512865007	0.7284027437264124	([557, 494], [557, 517, 494])
1	0.7167785859543572	0.7290377803703798	([575, 472], [575, 544, 533])
1	0.7209932138005538	0.7290650493413525	([554, 394], [557, 554, 394])
1	0.7141525979967083	0.7291969986945177	([639, 492], [666, 639, 492])
1	0.7237751911561805	0.7294341954066182	([430, 235], [430, 414, 262])
1	0.713289241889816	0.7294382334917884	([259, 84], [259, 214, 155])
1	0.7168189718733193	0.7295087844577353	([311, 197], [311, 290, 197])
1	0.6967174541303967	0.7298693703744566	([725, 428], [725, 480, 473])
1	0.7245735700520124	0.7303378203974374	([653, 421], [653, 596, 578])
1	0.7244441145753724	0.7304185665047913	([719, 470], [719, 704, 470])
1	0.7119147414267827	0.7304361928829796	([724, 500], [724, 623, 490])
1	0.7093484285679033	0.7304361928829796	([704, 490], [724, 705, 490])
1	0.7193827118389359	0.730619549114254	([260, 124], [260, 216, 124])
1	0.7271185395175503	0.7306921684385562	([388, 197], [365, 340, 197])
1	0.7295960688419131	0.7309235603159325	([454, 62], [454, 408, 62])
1	0.7031658089832405	0.7310327869759454	([716, 487], [716, 510, 487])
1	0.6540770752331254	0.7310797796404186	([709, 36], [651, 512, 61])
1	0.665561590214825	0.7310797796404186	([706, 488], [702, 651, 512])
1	0.729858922706218	0.7314841286392892	([664, 487], [664, 619, 487])
1	0.7227216613428321	0.7316964246976048	([715, 541], [715, 611, 586])
1	0.5907801417371479	0.7320029463486927	([220, 121], [220, 102, 34])
1	0.7021193328743772	0.7321850159302836	([624, 477], [624, 619, 477])
1	0.7273384651536434	0.7322436644602508	([641, 486], [660, 535, 486])
1	0.7276200547370298	0.7322517858689817	([449, 214], [449, 350, 236])
1	0.7286767473391261	0.7325107985752489	([668, 470], [668, 599, 526])
1	0.723589003772751	0.7326357658944977	([725, 237], [725, 237, 110])
1	0.7075148485164422	0.732753222597507	([285, 195], [285, 241, 62])
1	0.71531788828709	0.7329222170791024	([618, 403], [618, 514, 403])
1	0.7188965150206915	0.7332252516469435	([386, 272], [408, 386, 267])
1	0.7271958360532513	0.7338866838476987	([541, 280], [541, 402, 280])
1	0.7220057112026597	0.7340298455998348	([531, 353], [531, 408, 360])
1	0.5616128425636846	0.734053347449444	([209, 40], [209, 58, 40])
1	0.7303097413681954	0.7340701492200393	([579, 405], [579, 558, 414])
1	0.7077152237373636	0.7341974277530828	([725, 542], [725, 616, 538])
1	0.7178187112123346	0.7344579655252783	([516, 302], [516, 454, 302])
1	0.7219079558498924	0.7345245744974449	([437, 281], [437, 372, 281])
1	0.5080327664479533	0.7345718473412	([315, 221], [363, 326, 299])
1	0.7282155206796389	0.7346659080922693	([614, 402], [614, 549, 527])
1	0.7062276953153136	0.7348329244717574	([615, 456], [665, 615, 456])
1	0.7175588762862003	0.7351677860601578	([690, 419], [690, 517, 413])
1	0.7245428540742014	0.7352701646289903	([455, 335], [455, 392, 335])
1	0.7043906805464165	0.7355359420280289	([440, 312], [440, 412, 312])
1	0.7158180629670868	0.7357626465051844	([472, 351], [527, 472, 351])
1	0.7263796521308745	0.735766299040525	([266, 134], [266, 157, 134])
1	0.7159403973498173	0.735801311519787	([599, 470], [644, 621, 467])
1	0.7352087088496623	0.7358839138795035	([576, 456], [576, 562, 456])
1	0.7348482273596543	0.7363020208247408	([701, 409], [701, 590, 409])
1	0.7349229014102692	0.7364402035238824	([317, 200], [317, 217, 203])
1	0.7308141644950988	0.736568980333124	([720, 494], [720, 702, 494])
1	0.7354309999890273	0.7366575614130362	([546, 294], [546, 393, 294])
1	0.7331062358536965	0.7367663713151065	([470, 368], [512, 470, 368])
1	0.7311104054687283	0.7369221131496372	([703, 401], [703, 514, 401])
1	0.7350695628880805	0.737048601256666	([549, 337], [549, 377, 365])
1	0.72992964019867	0.7371788759978237	([692, 327], [692, 436, 338])
1	0.5406008787002394	0.7372841465790264	([221, 204], [221, 218, 204])
1	0.7245729796418402	0.73740901510998	([583, 366], [583, 439, 425])
1	0.7344913596825546	0.737671388973215	([522, 347], [522, 516, 347])
1	0.619434412760405	0.7376756613606777	([677, 61], [436, 320, 247])
1	0.73019654816734	0.7378665485308358	([660, 455], [613, 590, 455])
1	0.7362310245705304	0.7379889771732833	([374, 217], [374, 261, 235])
1	0.7191730250242705	0.7380983876749483	([624, 501], [624, 621, 500])
1	0.7341664931603155	0.7382872589551958	([584, 399], [584, 435, 419])
1	0.5948279419445509	0.7387882586891401	([278, 228], [319, 233, 218])
1	0.7333950401177138	0.7388376883361415	([280, 159], [285, 159, 62])
1	0.7295490263618601	0.738926101010747	([277, 163], [277, 241, 183])
1	0.7100208586602715	0.7391483427062495	([317, 11], [260, 214, 185])
1	0.49309768484937777	0.7391526519610406	([363, 221], [326, 249, 233])
1	0.7389997065311307	0.739401973469616	([559, 349], [559, 424, 391])
1	0.7330308046554639	0.7394790595362991	([630, 395], [656, 630, 395])
1	0.735725832069702	0.7395157214968814	([365, 88], [365, 237, 197])
1	0.7254288501137052	0.739655126781396	([702, 190], [716, 510, 1])
1	0.7190927120431425	0.739655126781396	([510, 1], [725, 716, 1])
1	0.712743055083281	0.7396699069322141	([631, 493], [631, 589, 507])
1	0.7168223470074264	0.7401647021095471	([662, 403], [665, 662, 403])
1	0.7388794493565823	0.7402936901541335	([433, 216], [433, 428, 248])
1	0.7314840133600685	0.7407226324165217	([526, 243], [526, 289, 286])
1	0.740336319631356	0.7408867270284194	([640, 506], [640, 619, 506])
1	0.719583845569685	0.7409772497089739	([406, 236], [406, 308, 284])
1	0.7350696520985698	0.7411006149211404	([637, 480], [637, 627, 480])
1	0.5880083734855779	0.7412355915726906	([223, 20], [223, 195, 65])
1	0.7344296781388797	0.741392766439392	([460, 358], [460, 430, 344])
1	0.7409954094332947	0.7419411879372146	([696, 407], [696, 665, 400])
1	0.7375277395566857	0.7423063418752096	([453, 337], [454, 453, 337])
1	0.7390145931533096	0.7425130354237123	([725, 353], [725, 561, 542])
1	0.7254627352497839	0.7428704085484829	([280, 35], [271, 245, 35])
1	0.7426358794520899	0.7429641829572935	([668, 445], [668, 582, 566])
1	0.743319254763348	0.7435916309929368	([714, 506], [725, 714, 506])
1	0.7400100317648982	0.7436717674187625	([275, 122], [275, 259, 122])
1	0.7365223827067542	0.7437117105807076	([713, 498], [713, 601, 498])
1	0.7237873430838415	0.7438734680000084	([477, 378], [477, 409, 404])
1	0.7423082314493644	0.7438947983522297	([488, 366], [488, 449, 400])
1	0.7265524933448883	0.7439675229679383	([725, 216], [725, 237, 216])
1	0.7412004378642514	0.7442133610862576	([333, 198], [333, 238, 198])
1	0.7336649369574199	0.7446573215619913	([644, 408], [644, 467, 454])
1	0.7394611413224191	0.7446662977851941	([480, 352], [480, 431, 303])
1	0.7105303824324087	0.7446727153523816	([428, 97], [428, 208, 121])
1	0.7357851671138171	0.7447833232970854	([276, 5], [276, 217, 169])
1	0.6993252421948697	0.744810448877722	([289, 131], [289, 271, 131])
1	0.7385254840656148	0.744881401769502	([541, 355], [541, 399, 390])
1	0.5342300012004209	0.7449974547423366	([213, 38], [156, 38, 5])
1	0.5087638001628166	0.7453052961651715	([279, 38], [279, 236, 213])
1	0.735333614211563	0.7455812039415134	([629, 509], [629, 595, 512])
1	0.7433746057029489	0.7456211740766084	([688, 408], [688, 547, 450])
1	0.684072455712387	0.7461829087632683	([725, 1], [725, 430, 237])
1	0.7308883892812301	0.7463681810651932	([526, 286], [543, 419, 289])
1	0.7460854985965893	0.7467663975164696	([609, 441], [609, 517, 441])
1	0.7306656463924944	0.7468392217840772	([651, 438], [651, 544, 428])
1	0.7463334849428928	0.7469390980560678	([511, 292], [511, 451, 399])
1	0.6594348370060062	0.7469404279073177	([603, 229], [572, 434, 414])
1	0.7409054452028309	0.7480137429884356	([531, 310], [531, 353, 310])
1	0.7475535630652921	0.7481915209551391	([514, 275], [514, 400, 275])
1	0.7451357977106764	0.7483262072585675	([244, 91], [244, 232, 91])
1	0.7449917672246702	0.7484712240501217	([471, 288], [495, 478, 330])
1	0.5970482894474035	0.748630446285668	([228, 178], [242, 228, 178])
1	0.6540765355903013	0.748682214590564	([617, 39], [617, 474, 463])
1	0.7480101909251538	0.7488986800915576	([386, 199], [428, 383, 199])
1	0.7346582518424188	0.7490293901255844	([458, 265], [458, 425, 402])
1	0.7338275106104527	0.7490947724292611	([650, 385], [650, 432, 385])
1	0.48098844277259534	0.7491108237998146	([316, 315], [322, 240, 232])
1	0.7412301550980345	0.749116236114311	([446, 276], [446, 395, 276])
1	0.7424812887053396	0.7492414891418993	([646, 462], [646, 603, 550])
1	0.7287808281370931	0.749266579355888	([611, 62], [587, 541, 524])
1	0.7345845460717076	0.749384503100728	([351, 195], [351, 237, 86])
1	0.7347589459560142	0.7497075537026032	([460, 290], [460, 401, 399])
1	0.7309155814008022	0.749757809083803	([583, 304], [583, 366, 304])
1	0.7430052713095948	0.7499137135728066	([329, 193], [329, 239, 193])
1	0.7415613076995209	0.7499762781264614	([505, 209], [505, 462, 432])
1	0.5284712452204602	0.7500074540469883	([222, 75], [222, 179, 75])
1	0.7321387848943741	0.7504939695242785	([317, 63], [317, 203, 76])
1	0.7448042395807954	0.7508550493639811	([328, 164], [328, 211, 197])
1	0.7261717277234168	0.7509030304357664	([605, 388], [605, 525, 387])
1	0.7337380413813028	0.7509515960127624	([706, 405], [706, 613, 405])
1	0.7447166984811255	0.750971203278336	([654, 475], [654, 641, 475])
1	0.5950676670405458	0.7510842910097928	([228, 26], [228, 178, 26])
1	0.7442487695147462	0.7511201218131254	([308, 140], [308, 239, 9])
1	0.7424863267727787	0.7511202534771575	([515, 299], [515, 396, 299])
1	0.7427808218498733	0.7515188287723572	([724, 9], [725, 724, 152])
1	0.7411076510848287	0.7516799034342917	([533, 267], [533, 432, 398])
1	0.7524681569294193	0.7526574534556171	([693, 324], [693, 657, 379])
1	0.7251916604175987	0.7529058145296706	([502, 328], [502, 428, 328])
1	0.7490863063953216	0.7534315135122231	([455, 155], [471, 455, 206])
1	0.7407752687610666	0.7534315135122231	([533, 206], [533, 455, 206])
1	0.7439510035749226	0.753469411763919	([561, 232], [561, 374, 327])
1	0.7378937689424457	0.753733639583907	([654, 380], [654, 573, 380])
1	0.7462258339016459	0.7539850778008524	([277, 118], [277, 158, 153])
1	0.5339712158670689	0.7540405132654691	([245, 40], [320, 279, 235])
1	0.7385236913560781	0.7542069147842981	([467, 210], [510, 467, 210])
1	0.7484413134612874	0.7542341687475707	([511, 237], [516, 511, 237])
1	0.751270930099094	0.7545547298658272	([705, 141], [705, 211, 141])
1	0.751985895340895	0.7547937781725476	([468, 113], [468, 463, 141])
1	0.7475920988077713	0.7548608739864021	([400, 155], [400, 328, 155])
1	0.7391127981777827	0.7551892934592855	([471, 206], [533, 345, 237])
1	0.7446071695796472	0.755394366701687	([311, 123], [311, 232, 216])
1	0.7542578162025264	0.7554878697903894	([715, 455], [715, 505, 483])
1	0.755451826153698	0.7556092366666097	([369, 1], [369, 216, 63])
1	0.7347755539663541	0.7556853237369925	([457, 1], [457, 429, 1])
1	0.7261761956107079	0.7557305355553036	([500, 116], [488, 336, 190])
1	0.7470375027967643	0.7557305355553036	([470, 190], [488, 470, 190])
1	0.7548980238743919	0.7559012220691229	([671, 375], [679, 671, 375])
1	0.7456876444280329	0.7559693664268804	([464, 212], [464, 402, 383])
1	0.7554197609107693	0.7559777503213514	([617, 289], [617, 473, 399])
1	0.742362091701882	0.7561315117214032	([705, 211], [704, 462, 211])
1	0.7474361685947017	0.7561635486536316	([666, 239], [702, 666, 239])
1	0.753143138146625	0.7562011018521614	([289, 191], [289, 263, 192])
1	0.721868047081495	0.7562067890398744	([611, 345], [611, 554, 345])
1	0.7549346383412493	0.7562997151275548	([307, 13], [307, 277, 29])
1	0.7308127130622994	0.7565996967300392	([623, 145], [623, 621, 145])
1	0.72928552863376	0.757003495013061	([717, 493], [717, 666, 493])
1	0.7500392040517287	0.7570653430468007	([463, 292], [472, 463, 292])
1	0.7458957049241772	0.7574387782730365	([278, 64], [278, 237, 64])
1	0.7475767646927096	0.7576446393499501	([267, 133], [267, 195, 164])
1	0.735240656288693	0.7577106479576814	([532, 236], [532, 392, 236])
1	0.7547205899253395	0.7577296794234132	([658, 384], [658, 424, 414])
1	0.7555425682466108	0.7582148762443618	([288, 18], [301, 288, 18])
1	0.7537240126446277	0.7582284010900903	([291, 46], [291, 237, 151])
1	0.7537372150730905	0.7589180707461293	([313, 165], [313, 218, 216])
1	0.7513926584836508	0.7590456658576857	([325, 2], [351, 325, 86])
1	0.7491698745272962	0.7592253516167007	([485, 148], [473, 148, 145])
1	0.7163272516061324	0.7592253516167007	([621, 193], [623, 473, 145])
1	0.7495640531126123	0.7593248698180111	([469, 142], [469, 444, 60])
1	0.7536062270628985	0.7595844375274289	([326, 184], [326, 285, 216])
1	0.75421317806315	0.7599083427124479	([372, 56], [428, 372, 258])
1	0.7562077584756949	0.759955353385231	([707, 3], [725, 707, 101])
1	0.7506487240591139	0.7599675495511412	([551, 268], [551, 410, 268])
1	0.7335898492500845	0.7599687970517826	([392, 82], [392, 248, 236])
1	0.749961507963766	0.7600488312450996	([677, 1], [677, 351, 1])
1	0.7375634605762349	0.7600623466439392	([718, 114], [718, 716, 114])
1	0.7299422075208516	0.7600787590684333	([462, 209], [705, 621, 145])
1	0.5117488691173522	0.7601035072289885	([279, 40], [357, 81, 63])
1	0.7550218104707616	0.7603532605910849	([496, 390], [496, 477, 390])
1	0.7459707479237722	0.7604307515642205	([476, 152], [514, 476, 152])
1	0.7313260109513984	0.7605866671101283	([504, 63], [504, 501, 88])
1	0.744979512246899	0.7607283159475041	([709, 425], [709, 659, 596])
1	0.7524606147935368	0.7611272186865321	([588, 359], [588, 575, 359])
1	0.7567501689280541	0.7613477766983251	([399, 187], [399, 305, 187])
1	0.7517548533183823	0.7613539157606591	([489, 193], [514, 489, 193])
1	0.731616798344171	0.7613539157606591	([538, 193], [538, 514, 193])
1	0.7549140548942258	0.761360279012831	([643, 356], [643, 436, 356])
1	0.7598273193609016	0.7615107555891677	([490, 213], [614, 514, 238])
1	0.7538409832456691	0.761550653701899	([689, 282], [689, 565, 282])
1	0.7561002538171299	0.7617777979554374	([717, 192], [717, 623, 192])
1	0.7589834610625373	0.7621777324618391	([377, 11], [377, 245, 35])
1	0.7582407995512769	0.7622790232349346	([344, 185], [428, 344, 185])
1	0.7613017902646104	0.7623626582584886	([668, 290], [668, 290, 244])
1	0.7586016011904803	0.7624137978632936	([425, 63], [594, 425, 396])
1	0.7308322697762275	0.762423261268171	([355, 126], [355, 323, 126])
1	0.6040630716971519	0.7628504216648845	([563, 37], [563, 395, 380])
1	0.7498385643988704	0.762885217458165	([500, 342], [500, 401, 336])
1	0.7536870435521661	0.763286363223804	([478, 202], [513, 478, 202])
1	0.7591995042997517	0.7635357444808861	([715, 149], [715, 702, 194])
1	0.7022151599260438	0.7635723811051198	([685, 63], [425, 237, 86])
1	0.762488102597176	0.7639206823075141	([627, 109], [627, 109, 48])
1	0.7605959799808941	0.7640415080195301	([496, 289], [496, 460, 289])
1	0.7398676329701378	0.7641868043310062	([663, 302], [663, 424, 302])
1	0.7446622926126996	0.7642264011008412	([349, 130], [349, 196, 172])
1	0.7512972338652378	0.764242083420377	([503, 335], [503, 404, 403])
1	0.7525045748198381	0.7643610717835274	([575, 290], [575, 528, 290])
1	0.7500407407027959	0.7643765229361852	([570, 271], [570, 395, 318])
1	0.7417737707465004	0.7643870398966968	([478, 291], [478, 407, 291])
1	0.746356426849626	0.7650143161825281	([708, 212], [651, 614, 212])
1	0.7627687253873187	0.765022743431694	([631, 290], [631, 448, 328])
1	0.7617733743106012	0.7652355204484081	([451, 157], [451, 271, 266])
1	0.7602138099504857	0.7654980524055326	([642, 35], [655, 642, 35])
1	0.7146205898969348	0.7654980524055326	([697, 35], [697, 655, 35])
1	0.7610376538752299	0.765719559722293	([649, 339], [692, 649, 339])
1	0.7595665111197872	0.7658118564394695	([440, 188], [440, 331, 238])
1	0.7505437387160485	0.7659058999190126	([714, 116], [718, 714, 116])
1	0.7548021210529501	0.765987752002134	([472, 140], [472, 206, 142])
1	0.7478663669815296	0.766113767555444	([715, 2], [715, 707, 2])
1	0.7627110745278008	0.766201031888231	([493, 84], [493, 473, 84])
1	0.7529174153251474	0.7662233597936335	([682, 267], [682, 517, 401])
1	0.762239019995069	0.7663205156857177	([699, 275], [699, 399, 345])
1	0.7512095072933996	0.7663339018167314	([459, 207], [459, 207, 191])
1	0.7616038468852602	0.7663339018167314	([642, 191], [642, 459, 191])
1	0.753504818144266	0.7663839739466944	([497, 229], [589, 582, 229])
1	0.7473890360370409	0.76642377651256	([463, 141], [621, 463, 141])
1	0.7618827428783668	0.7664804852932015	([402, 94], [402, 214, 113])
1	0.706498352585986	0.7664810636822622	([544, 229], [549, 544, 229])
1	0.7636411886069483	0.7664814793723294	([704, 330], [704, 513, 462])
1	0.7594595301317183	0.7665190494441471	([568, 250], [568, 389, 372])
1	0.763157540003345	0.7666235097427443	([694, 271], [694, 428, 319])
1	0.7611916923505777	0.7666235097427443	([690, 319], [694, 690, 319])
1	0.7646998472592155	0.7669530592593723	([502, 135], [502, 212, 135])
1	0.7633276277911936	0.7669812341703982	([714, 5], [714, 99, 6])
1	0.7144172292119932	0.7670384364588781	([619, 143], [619, 533, 345])
1	0.7615713541418551	0.7670761330576948	([438, 70], [455, 438, 70])
1	0.7512821663742965	0.7672091945934894	([697, 270], [697, 436, 275])
1	0.763958834679028	0.767527671865293	([433, 137], [433, 311, 216])
1	0.7491562113587478	0.7677896167548482	([717, 137], [717, 192, 148])
1	0.5863200829832094	0.7679454805910153	([390, 220], [390, 220, 216])
1	0.7456393629211366	0.7679999282273989	([483, 98], [493, 483, 112])
1	0.767698805794653	0.7680952257826672	([700, 86], [700, 649, 528])
1	0.7617499167861206	0.7681205923264505	([624, 243], [624, 514, 243])
1	0.7620920903658794	0.768359851602458	([686, 253], [686, 422, 417])
1	0.765579304758383	0.768369961294432	([589, 303], [589, 533, 303])
1	0.7349255561214165	0.7684549740367174	([667, 116], [718, 667, 616])
1	0.7426774843211419	0.7685866153556035	([548, 29], [548, 69, 36])
1	0.7672727869826295	0.7687610353378834	([387, 135], [387, 135, 60])
1	0.7674597343292127	0.7692922976465517	([469, 93], [508, 469, 93])
1	0.7536023960937877	0.769604295887584	([298, 92], [298, 195, 160])
1	0.5482869694816979	0.7701070244528156	([371, 38], [371, 279, 263])
1	0.7691890935752322	0.7713366411829624	([342, 122], [342, 187, 168])
1	0.767100996402864	0.7714154975226847	([506, 147], [506, 488, 116])
1	0.743949212164673	0.7715347685034526	([649, 86], [649, 624, 211])
1	0.7475175277593403	0.7717595055227797	([720, 213], [720, 213, 9])
1	0.606504578804096	0.7720352111008392	([448, 37], [448, 361, 282])
1	0.7591148506360585	0.7720850295733699	([350, 120], [350, 333, 120])
1	0.7607568863386034	0.7724830810051722	([385, 131], [385, 194, 131])
1	0.7641860749506311	0.7729099656390618	([626, 344], [626, 482, 344])
1	0.7373528819061559	0.7732395329876044	([695, 11], [673, 427, 3])
1	0.7582096695122348	0.7741358488177398	([528, 118], [528, 427, 42])
1	0.7700621562537607	0.7743176593681654	([616, 195], [616, 195, 139])
1	0.7588651763709802	0.7743176593681654	([616, 50], [616, 488, 139])
1	0.7599104482637603	0.7747436307726456	([585, 151], [585, 426, 151])
1	0.7715468687723587	0.7749621188391881	([706, 203], [706, 203, 138])
1	0.766518881594215	0.7749863176195498	([709, 105], [709, 707, 101])
1	0.7612079711967287	0.7752809597797164	([617, 115], [617, 115, 1])
1	0.7523247876351455	0.7754202705158287	([413, 204], [413, 299, 204])
1	0.7712401894260268	0.7757474790040986	([701, 10], [701, 405, 10])
1	0.7503096238774855	0.775913639626632	([482, 96], [489, 482, 149])
1	0.7758252996085809	0.7759353117464062	([512, 196], [550, 512, 196])
1	0.772478702953914	0.7761058285437822	([710, 8], [710, 495, 60])
1	0.7665822645158824	0.7762266567870716	([632, 99], [632, 369, 1])
1	0.7544099605215944	0.7772218298049779	([568, 128], [695, 568, 128])
1	0.7601109778998911	0.7772346571662878	([618, 144], [618, 471, 403])
1	0.762390105755265	0.777396751840411	([660, 41], [660, 609, 41])
1	0.775267919322364	0.7775887362928032	([674, 110], [674, 651, 110])
1	0.7752082258793568	0.7783051863183894	([456, 197], [456, 294, 280])
1	0.7410634768519807	0.7790140018420021	([600, 137], [600, 548, 137])
1	0.7708976660919489	0.7791216534918546	([688, 30], [688, 237, 229])
1	0.7510689342487803	0.7791762740545959	([440, 11], [673, 440, 392])
1	0.7532985109745391	0.7794553576128088	([503, 97], [503, 480, 126])
1	0.7793789250016047	0.7799452345388547	([456, 20], [456, 211, 197])
1	0.767991848340956	0.7801483802132163	([703, 94], [703, 212, 202])
1	0.5934082153324372	0.7803348223017806	([309, 225], [309, 232, 225])
1	0.7786359513975011	0.7804859479651288	([518, 201], [518, 423, 201])
1	0.7638299114478115	0.7807948718914888	([458, 22], [528, 458, 22])
1	0.7747962083906358	0.7810561113228252	([598, 64], [651, 598, 142])
1	0.7636939646335449	0.7814506346913643	([534, 111], [702, 534, 400])
1	0.769675053244545	0.7817202336351701	([714, 278], [714, 594, 512])
1	0.7687867207408304	0.7820688017567993	([623, 268], [623, 365, 268])
1	0.7721045372488998	0.782763712827103	([614, 29], [614, 335, 278])
1	0.5099210711791533	0.7835900415477286	([691, 226], [691, 278, 226])
1	0.7699330383588179	0.78361221797517	([650, 188], [650, 271, 188])
1	0.7688480569684505	0.783613589773137	([545, 123], [545, 388, 123])
1	0.7766952542447977	0.7841383740893089	([489, 11], [489, 459, 11])
1	0.7633376672358888	0.7842897945816386	([479, 146], [479, 463, 141])
1	0.7373750530556845	0.7849503754237046	([381, 24], [381, 219, 25])
1	0.7658458405181925	0.7856328228789476	([457, 120], [457, 120, 112])
1	0.772191924441461	0.7856434933593521	([406, 116], [406, 403, 116])
1	0.5325996257220135	0.7857342630676328	([443, 226], [691, 443, 395])
1	0.7630061047751854	0.7860337193558622	([487, 12], [501, 487, 12])
1	0.779327373222591	0.7864912194502177	([626, 66], [626, 623, 153])
1	0.783200235157773	0.7865854212765481	([604, 254], [604, 364, 352])
1	0.52771821709681	0.78661872037797	([389, 222], [389, 283, 234])
1	0.7840460973761001	0.7868233097725896	([624, 136], [624, 211, 111])
1	0.7874008626609329	0.7876166911688285	([672, 15], [672, 236, 60])
1	0.7812288665954092	0.7877842038206118	([665, 77], [665, 192, 77])
1	0.5210743979206879	0.7880834829909296	([283, 222], [283, 230, 222])
1	0.762134846480249	0.7882710077692936	([627, 48], [716, 627, 109])
1	0.7656283557523953	0.7890244424097373	([613, 128], [613, 475, 67])
1	0.7887353918021249	0.7893290033199873	([691, 71], [691, 248, 71])
1	0.7754961341009405	0.7911385740770277	([494, 90], [494, 469, 90])
1	0.7861034649611351	0.791282327792148	([521, 180], [521, 262, 180])
1	0.7751883896924676	0.7915267385788878	([644, 115], [644, 470, 144])
1	0.7836875403173768	0.7933279786646009	([639, 200], [639, 551, 399])
1	0.7896139524969581	0.7942899074860863	([590, 122], [590, 571, 122])
1	0.7865113049550749	0.7943181254968947	([531, 28], [531, 395, 28])
1	0.7847481001282557	0.7943656393917453	([639, 92], [639, 622, 92])
1	0.5280345114019874	0.7945479426803902	([453, 222], [453, 389, 254])
1	0.777430888396344	0.7958680551555143	([656, 90], [695, 656, 90])
1	0.7959785104950106	0.7967922598735393	([559, 55], [559, 526, 68])
1	0.7683860377562058	0.7973570812493922	([535, 54], [535, 271, 233])
1	0.5040024589707136	0.7980590202618044	([226, 82], [235, 226, 82])
1	0.7961802411544169	0.8018829307925242	([591, 164], [591, 238, 62])
1	0.6061833465959395	0.8080652901908565	([578, 220], [578, 247, 220])
1	0.6120953654690819	0.809224086662241	([550, 223], [550, 223, 216])
1	0.80727962041697	0.8107732895294956	([646, 84], [673, 646, 84])
1	0.5451690836738148	0.8116687834886479	([676, 40], [693, 245, 40])
1	0.6177321054101916	0.8479228748239451	([481, 228], [481, 231, 228])
1	0.5301518374724707	0.8492031860590873	([604, 221], [678, 326, 221])
1	0.47944282003254085	0.8500923599338875	([363, 227], [411, 227, 207])
1	0.544655363939816	0.8592544490051847	([592, 222], [592, 283, 222])
1	0.4667466421409494	0.906940558577554	([662, 661], [661, 117, 2])
0	0.0	inf	([38], [])
