0	0.0	0.02219372730773121	([152], [152, 137])
0	0.0	0.042829860342853736	([155], [155, 134])
0	0.0	0.24307755757599137	([184], [184, 183])
0	0.0	0.2481377288087469	([170], [170, 169])
0	0.0	0.2519738806103204	([319], [319, 318])
0	0.0	0.2524440840671655	([175], [175, 174])
0	0.0	0.25663036315871585	([178], [178, 177])
0	0.0	0.25801078188522875	([179], [179, 178])
0	0.0	0.25960187966666715	([20], [20, 19])
0	0.0	0.26104415010319143	([318], [318, 317])
0	0.0	0.2610552275076041	([89], [89, 88])
0	0.0	0.2625467366189468	([176], [176, 175])
0	0.0	0.2627033358772934	([249], [249, 248])
0	0.0	0.2635955443595126	([22], [22, 21])
0	0.0	0.26513713227185104	([313], [313, 312])
0	0.0	0.26559664951140516	([172], [172, 171])
0	0.0	0.2680598708315136	([2], [2, 1])
0	0.0	0.26861911064175886	([168], [168, 167])
0	0.0	0.269187824967044	([162], [162, 161])
0	0.0	0.2693780555942396	([269], [269, 268])
0	0.0	0.2707874073627072	([247], [247, 246])
0	0.0	0.2710012282764397	([3], [3, 2])
0	0.0	0.27121367407313796	([46], [46, 45])
0	0.0	0.27239409015834654	([24], [24, 23])
0	0.0	0.27306196526023524	([17], [17, 16])
0	0.0	0.27386224170800055	([244], [244, 243])
0	0.0	0.2763257254746341	([231], [231, 230])
0	0.0	0.2766862952537561	([320], [320, 319])
0	0.0	0.27780945090515907	([189], [189, 188])
0	0.0	0.2778462647817059	([187], [187, 186])
0	0.0	0.27828061028212125	([16], [16, 15])
0	0.0	0.28225117257107274	([321], [321, 320])
0	0.0	0.28292764545131727	([311], [311, 310])
0	0.0	0.283563942522805	([41], [41, 40])
0	0.0	0.28416924732622356	([19], [19, 18])
0	0.0	0.28435240755111624	([246], [246, 245])
0	0.0	0.28543728072607966	([316], [316, 315])
0	0.0	0.285444101217696	([235], [235, 234])
0	0.0	0.2857657497694127	([163], [163, 162])
0	0.0	0.285786907475667	([165], [165, 164])
0	0.0	0.2865236227170115	([10], [10, 9])
0	0.0	0.28703490049952485	([317], [317, 316])
0	0.0	0.2883235638164438	([5], [5, 4])
0	0.0	0.2884233052361966	([18], [18, 17])
0	0.0	0.2884281524627174	([289], [289, 288])
0	0.0	0.2885770946927818	([191], [191, 190])
0	0.0	0.289090697350554	([7], [7, 6])
0	0.0	0.28937698890711294	([177], [177, 176])
0	0.0	0.28937839682627464	([276], [276, 275])
0	0.0	0.28961602730310054	([101], [101, 100])
0	0.0	0.2898282433422902	([173], [173, 172])
0	0.0	0.2900444615987358	([256], [256, 255])
0	0.0	0.2902345877680549	([252], [252, 251])
0	0.0	0.2905353565205501	([228], [228, 227])
0	0.0	0.29189987070458373	([286], [286, 285])
0	0.0	0.29221113302450086	([99], [99, 98])
0	0.0	0.29238101453310583	([180], [180, 179])
0	0.0	0.2928805197167121	([312], [312, 311])
0	0.0	0.29300932445171557	([290], [290, 289])
0	0.0	0.2932512512248165	([15], [15, 14])
0	0.0	0.2934641952480249	([240], [240, 239])
0	0.0	0.29404344437909463	([182], [182, 181])
0	0.0	0.2942915794398656	([14], [14, 13])
0	0.0	0.2948033713641118	([302], [302, 301])
0	0.0	0.294908736838103	([237], [237, 236])
0	0.0	0.2953012311742292	([315], [315, 314])
0	0.0	0.2959455383127298	([242], [242, 241])
0	0.0	0.29615169578220935	([227], [227, 226])
0	0.0	0.2961768266716951	([295], [295, 294])
0	0.0	0.296370409026736	([55], [55, 54])
0	0.0	0.29761194733981405	([259], [259, 258])
0	0.0	0.2980584149225824	([169], [169, 168])
0	0.0	0.2980720258124167	([241], [241, 240])
0	0.0	0.29821536648784586	([183], [183, 182])
0	0.0	0.2983885941760051	([25], [25, 24])
0	0.0	0.2993377345556694	([206], [206, 205])
0	0.0	0.3012385407114154	([226], [226, 225])
0	0.0	0.30142592192716255	([110], [110, 109])
0	0.0	0.3023160954370302	([60], [60, 59])
0	0.0	0.3030467314282126	([29], [29, 28])
0	0.0	0.3030616797019327	([250], [250, 249])
0	0.0	0.3034083142495904	([284], [284, 283])
0	0.0	0.3040377561627775	([308], [308, 307])
0	0.0	0.30420389349557925	([166], [166, 165])
0	0.0	0.3046096390245647	([296], [296, 295])
0	0.0	0.3046527791896594	([253], [253, 252])
0	0.0	0.3048633008640988	([190], [190, 189])
0	0.0	0.3053372558711158	([248], [248, 247])
0	0.0	0.3058310789919274	([38], [38, 37])
0	0.0	0.3059899507760901	([233], [233, 232])
0	0.0	0.3060216075248889	([200], [200, 199])
0	0.0	0.30644276870451037	([314], [314, 313])
0	0.0	0.30647558141805503	([188], [188, 187])
0	0.0	0.30681574997689454	([245], [245, 244])
0	0.0	0.3073296183652013	([13], [13, 12])
0	0.0	0.30865907859027014	([181], [181, 180])
0	0.0	0.30963928916641426	([54], [54, 53])
0	0.0	0.30982079035766413	([194], [194, 193])
0	0.0	0.3099632596478001	([309], [309, 308])
0	0.0	0.310538718934543	([43], [43, 42])
0	0.0	0.3108448702293057	([223], [223, 222])
0	0.0	0.3112683570114138	([49], [49, 48])
0	0.0	0.3113175743457332	([251], [251, 250])
0	0.0	0.31189454709060677	([292], [292, 291])
0	0.0	0.3121233756435558	([12], [12, 11])
0	0.0	0.3126516919472468	([160], [160, 159])
0	0.0	0.3129800279948027	([219], [219, 218])
0	0.0	0.31313671607373483	([207], [207, 206])
0	0.0	0.3131444237699851	([263], [263, 262])
0	0.0	0.3135004308301151	([265], [265, 264])
0	0.0	0.3139314804181386	([164], [164, 163])
0	0.0	0.31394579134861594	([171], [171, 170])
0	0.0	0.31412456055096355	([264], [264, 263])
0	0.0	0.3146147594295058	([305], [305, 304])
0	0.0	0.3146338254885783	([213], [213, 212])
0	0.0	0.3149395644467291	([9], [9, 8])
0	0.0	0.31525766972532165	([59], [59, 58])
0	0.0	0.3155051885793786	([91], [91, 90])
0	0.0	0.3155620140980426	([278], [278, 277])
0	0.0	0.3156691101194721	([198], [198, 197])
0	0.0	0.31599193794160324	([303], [303, 302])
0	0.0	0.3161358185265154	([42], [42, 41])
0	0.0	0.3162148720579027	([186], [186, 185])
0	0.0	0.31640200909749305	([185], [185, 184])
0	0.0	0.31686184853011395	([74], [74, 73])
0	0.0	0.3170871527406021	([260], [260, 259])
0	0.0	0.3178916073637278	([32], [32, 31])
0	0.0	0.31813641481513594	([214], [214, 213])
0	0.0	0.3184986539391415	([61], [61, 60])
0	0.0	0.31854477543399806	([28], [28, 27])
0	0.0	0.3187898630216331	([304], [304, 303])
0	0.0	0.3188232359587925	([73], [73, 72])
0	0.0	0.3190897556660187	([8], [8, 7])
0	0.0	0.3202691535319876	([293], [293, 292])
0	0.0	0.32070339391501435	([80], [80, 79])
0	0.0	0.32103619818502943	([51], [51, 50])
0	0.0	0.32111496389840166	([257], [257, 256])
0	0.0	0.3211423394176775	([4], [4, 3])
0	0.0	0.32137717514165964	([301], [301, 300])
0	0.0	0.3214556167446138	([37], [37, 36])
0	0.0	0.32153723417239216	([238], [238, 237])
0	0.0	0.3215437178691387	([11], [11, 10])
0	0.0	0.3215886730311072	([149], [149, 148])
0	0.0	0.3220466613884403	([161], [161, 160])
0	0.0	0.32216739210946405	([144], [144, 143])
0	0.0	0.32225193330623597	([6], [6, 5])
0	0.0	0.32227041867217254	([262], [262, 261])
0	0.0	0.32244223065186073	([277], [277, 276])
0	0.0	0.3229580657101118	([88], [88, 87])
0	0.0	0.323209194208524	([220], [220, 219])
0	0.0	0.3235558179278493	([63], [63, 62])
0	0.0	0.32390267400988976	([65], [65, 64])
0	0.0	0.32442646404283054	([66], [66, 65])
0	0.0	0.32455643273918705	([75], [75, 74])
0	0.0	0.3249812596103513	([272], [272, 271])
0	0.0	0.32535528405089326	([113], [113, 112])
0	0.0	0.3256285341461255	([174], [174, 173])
0	0.0	0.32593123073344094	([83], [83, 82])
0	0.0	0.3260999076362565	([279], [279, 278])
0	0.0	0.32752278855273453	([208], [208, 207])
0	0.0	0.32779398127248044	([148], [149, 146])
0	0.0	0.3284932649806346	([76], [76, 75])
0	0.0	0.3288701353767209	([30], [30, 29])
0	0.0	0.3288806747945831	([36], [36, 35])
0	0.0	0.3290371664734021	([159], [159, 158])
0	0.0	0.3291510012021205	([254], [254, 253])
0	0.0	0.32921492085591897	([294], [294, 293])
0	0.0	0.3295661664722294	([232], [232, 231])
0	0.0	0.3303895445198287	([287], [287, 286])
0	0.0	0.3318324338151985	([94], [94, 93])
0	0.0	0.33196685007529503	([210], [210, 209])
0	0.0	0.3320448612365258	([129], [129, 127])
0	0.0	0.3322992322089436	([116], [116, 115])
0	0.0	0.3331611690699078	([197], [197, 196])
0	0.0	0.3332948033237746	([307], [307, 306])
0	0.0	0.3335525077457772	([234], [234, 233])
0	0.0	0.3341346328905289	([79], [79, 78])
0	0.0	0.33414734297484144	([199], [199, 198])
0	0.0	0.3346257172490943	([56], [56, 53])
0	0.0	0.33505614373354903	([57], [57, 56])
0	0.0	0.335314166969035	([258], [258, 257])
0	0.0	0.33567549161927596	([230], [230, 229])
0	0.0	0.33627015466865656	([70], [70, 69])
0	0.0	0.33639388578179885	([221], [221, 220])
0	0.0	0.33646506590187875	([115], [116, 113])
0	0.0	0.33652583488079	([109], [109, 108])
0	0.0	0.33661878551573027	([167], [167, 166])
0	0.0	0.3374360543676346	([275], [275, 274])
0	0.0	0.33817856955386444	([23], [23, 22])
0	0.0	0.33847029478923424	([280], [280, 279])
0	0.0	0.3387339166115343	([306], [306, 305])
0	0.0	0.3390229590909291	([192], [192, 191])
0	0.0	0.33947866766149626	([193], [193, 192])
0	0.0	0.3394793373988744	([39], [39, 38])
0	0.0	0.33950372291294173	([146], [149, 144])
0	0.0	0.3396764978501809	([64], [64, 63])
0	0.0	0.33970580070704565	([62], [62, 61])
0	0.0	0.3401606984359541	([274], [274, 273])
0	0.0	0.34079801128609166	([273], [273, 272])
0	0.0	0.3417423390443549	([100], [100, 99])
0	0.0	0.3423350484944858	([77], [77, 76])
0	0.0	0.3426644264774938	([117], [117, 116])
0	0.0	0.3427292944774926	([239], [239, 238])
0	0.0	0.3430457606339505	([297], [297, 296])
0	0.0	0.3440668777998876	([78], [78, 77])
0	0.0	0.34422467388514644	([255], [255, 254])
0	0.0	0.3446317035035935	([282], [282, 281])
0	0.0	0.34537470309609714	([300], [300, 299])
0	0.0	0.34538584147244666	([243], [243, 242])
1	0.33762344548410494	0.34547521093987527	([61, 58], [61, 60, 59])
0	0.0	0.3457758143390438	([92], [92, 91])
0	0.0	0.3460044491372238	([266], [266, 265])
0	0.0	0.34626238951993316	([218], [218, 217])
0	0.0	0.346951671358315	([124], [124, 122])
0	0.0	0.34731039220969645	([130], [130, 129])
0	0.0	0.3474188909879048	([158], [158, 157])
0	0.0	0.3474829061488837	([288], [288, 287])
0	0.0	0.34924855423840434	([196], [196, 195])
0	0.0	0.35054654749092695	([98], [98, 97])
0	0.0	0.3509513060443879	([283], [283, 282])
0	0.0	0.35130486973415	([151], [151, 146])
0	0.0	0.35161773472097413	([215], [215, 214])
0	0.0	0.3517841603410444	([86], [86, 84])
0	0.0	0.3519742578449763	([270], [270, 269])
0	0.0	0.35213612758656765	([216], [216, 215])
0	0.0	0.35321348698720395	([93], [93, 92])
0	0.0	0.354252999813097	([48], [48, 47])
0	0.0	0.3543134829151355	([236], [236, 235])
0	0.0	0.35477316304705153	([225], [225, 224])
0	0.0	0.3557194065598729	([310], [310, 309])
0	0.0	0.3568427737414214	([21], [21, 20])
0	0.0	0.35696619232174936	([147], [147, 146])
0	0.0	0.3573211523418574	([271], [271, 270])
0	0.0	0.35742779219466675	([97], [97, 94])
0	0.0	0.3586871365173003	([1], [1, 0])
0	0.0	0.3604262457223956	([285], [285, 284])
0	0.0	0.36053313732960346	([68], [68, 66])
0	0.0	0.3605783482310897	([90], [97, 96])
0	0.0	0.36123482969018195	([50], [50, 49])
0	0.0	0.36220848867915584	([35], [35, 34])
0	0.0	0.36228866342679167	([281], [281, 280])
0	0.0	0.36234826597678726	([69], [69, 68])
0	0.0	0.3630776160114294	([82], [82, 80])
0	0.0	0.3645679558240577	([45], [45, 44])
0	0.0	0.36470837142774903	([114], [114, 113])
0	0.0	0.36603381574513266	([96], [90, 89])
0	0.0	0.36620197418266476	([212], [212, 210])
0	0.0	0.3679843610508495	([67], [67, 66])
0	0.0	0.36878454010132844	([222], [223, 221])
0	0.0	0.3692464314266314	([202], [202, 200])
0	0.0	0.3693734270533167	([128], [128, 127])
0	0.0	0.37012321445750623	([31], [31, 30])
0	0.0	0.3704980024575269	([205], [205, 204])
0	0.0	0.370877633234406	([112], [113, 111])
0	0.0	0.371726978445571	([195], [195, 194])
0	0.0	0.37391796299668484	([201], [201, 200])
0	0.0	0.3756871045111291	([209], [209, 208])
0	0.0	0.3789278236207382	([44], [46, 43])
0	0.0	0.3795286216294907	([40], [40, 39])
0	0.0	0.37959052769015084	([224], [224, 223])
0	0.0	0.38118719749758617	([47], [47, 46])
0	0.0	0.3817903779057678	([204], [204, 202])
0	0.0	0.38203492889080864	([106], [106, 103])
0	0.0	0.3837589343682204	([229], [229, 228])
0	0.0	0.38390892510355645	([85], [85, 84])
0	0.0	0.3845520882199561	([291], [291, 287])
0	0.0	0.3855031328814784	([127], [127, 125])
0	0.0	0.3884701663068905	([103], [106, 105])
0	0.0	0.38957384646768944	([105], [103, 101])
0	0.0	0.3896328994247375	([58], [58, 57])
0	0.0	0.3906494577163891	([111], [111, 110])
0	0.0	0.39181151206379305	([261], [261, 260])
0	0.0	0.3919649524207932	([34], [35, 32])
1	0.3909420564474058	0.3946308782931337	([215, 210], [215, 213, 210])
0	0.0	0.3959721146155692	([217], [217, 216])
0	0.0	0.397692647632282	([27], [27, 26])
0	0.0	0.39854027459981056	([87], [87, 84])
0	0.0	0.3985735267669454	([53], [53, 52])
0	0.0	0.3989767193780791	([84], [84, 83])
0	0.0	0.40256569750344007	([72], [72, 71])
0	0.0	0.40389301410938083	([123], [123, 122])
0	0.0	0.4041464254880726	([156], [156, 147])
0	0.0	0.40495150761653503	([268], [269, 266])
0	0.0	0.4056577174905115	([108], [108, 106])
0	0.0	0.40571076119366034	([52], [52, 51])
0	0.0	0.4061623729997822	([71], [72, 70])
0	0.0	0.40896876128923976	([102], [102, 101])
0	0.0	0.4096537875208976	([26], [26, 25])
0	0.0	0.4108300843928466	([267], [267, 266])
0	0.0	0.41083997977517217	([126], [126, 125])
0	0.0	0.4148513319787868	([131], [131, 128])
0	0.0	0.41498707929458767	([157], [157, 156])
0	0.0	0.41639148045424645	([143], [143, 142])
0	0.0	0.4187210575531551	([95], [95, 94])
0	0.0	0.4201008009089966	([125], [125, 124])
1	0.41557697658025833	0.4201562134340832	([321, 315], [321, 319, 317])
0	0.0	0.42280330611575484	([107], [107, 106])
0	0.0	0.423152684490705	([122], [124, 119])
0	0.0	0.42637425921583744	([119], [124, 120])
0	0.0	0.4264146048128978	([33], [33, 32])
0	0.0	0.4285012058486418	([203], [203, 202])
1	0.40665061560497884	0.4289151526896774	([156, 143], [156, 146, 144])
0	0.0	0.4293210023648192	([153], [153, 151])
1	0.42074157186203953	0.4299840315165473	([204, 196], [204, 200, 199])
0	0.0	0.43069455974771986	([154], [154, 138])
0	0.0	0.43219563552100504	([145], [145, 144])
0	0.0	0.43329624207926387	([142], [151, 150])
1	0.4274923394225964	0.43432542185766343	([268, 265], [269, 268, 265])
0	0.0	0.4352092769572457	([140], [140, 118])
0	0.0	0.438198115412415	([299], [299, 297])
0	0.0	0.4391969373102721	([132], [132, 131])
0	0.0	0.43923169258860684	([298], [298, 297])
0	0.0	0.439435417995703	([136], [136, 81])
0	0.0	0.44121081117040023	([81], [136, 104])
1	0.43960868447785745	0.44146419482226323	([57, 48], [57, 51, 48])
0	0.0	0.454181666813153	([150], [150, 139])
0	0.0	0.4577489966955877	([120], [122, 121])
0	0.0	0.45876065201564287	([211], [211, 210])
0	0.0	0.45916179704483623	([138], [154, 142])
0	0.0	0.4647244799977553	([118], [140, 121])
0	0.0	0.4663222505897092	([139], [145, 141])
0	0.0	0.47675544245948087	([141], [139, 119])
0	0.0	0.4797986524492251	([0], [105, 104])
0	0.0	0.48453294551926457	([121], [118, 117])
0	0.0	0.48728276633882345	([135], [135, 107])
1	0.4544897869089352	0.49601431795928946	([132, 126], [132, 131, 126])
1	0.48846183160676165	0.49701891836248285	([132, 121], [132, 125, 119])
1	0.5015343901056042	0.5029901776452361	([132, 118], [132, 119, 118])
1	0.5102771946044373	0.5358695252320329	([141, 126], [141, 126, 120])
1	0.49413740427339026	0.5367535123469591	([120, 117], [140, 121, 118])
1	0.5255578787375793	0.5411041108710114	([129, 116], [129, 119, 116])
1	0.5433427316678167	0.5473236197229671	([213, 197], [216, 207, 197])
1	0.5537838068322151	0.555517204255155	([215, 202], [215, 208, 202])
0	0.0	0.5600580969679493	([133], [133, 131])
1	0.5383597308111118	0.5617355295773772	([132, 105], [132, 118, 111])
1	0.5572438479626142	0.5617918998176689	([181, 165], [181, 172, 166])
1	0.537339781872206	0.5708542909716021	([131, 110], [131, 122, 110])
1	0.5713846396145379	0.5834605129859404	([132, 96], [132, 105, 96])
1	0.5702241254306187	0.5916852169142943	([132, 67], [132, 85, 67])
1	0.5449247512818945	0.5953621294569273	([132, 85], [132, 96, 85])
1	0.5848628920999901	0.5981890860975339	([109, 85], [109, 97, 85])
1	0.5712120468730235	0.6071493860295469	([132, 44], [132, 44, 34])
1	0.60941468684826	0.6117116115066564	([130, 90], [130, 105, 90])
1	0.6126783922722566	0.6211672198091703	([127, 99], [127, 114, 113])
1	0.6153608161616065	0.6216347629122176	([274, 156], [279, 274, 156])
1	0.6166515070972196	0.622642559197769	([27, 1], [27, 19, 1])
1	0.5542539333271245	0.6226449527141845	([142, 130], [153, 142, 130])
1	0.6074346037236956	0.6247235043387369	([192, 158], [192, 186, 158])
1	0.6003912882992795	0.6270271718440286	([291, 257], [291, 286, 257])
1	0.6290091244800223	0.6319348161984025	([213, 144], [213, 212, 149])
1	0.6156965552390573	0.637776791512756	([189, 161], [189, 184, 161])
1	0.6273152689775227	0.6380291217366417	([196, 156], [212, 196, 156])
1	0.5928205892971575	0.6386324673871266	([216, 142], [215, 212, 149])
1	0.6365950382796656	0.6427030304683132	([129, 89], [129, 105, 89])
1	0.6254722167817177	0.6438091246191429	([157, 127], [157, 153, 127])
1	0.6210078008703609	0.6462877426887809	([280, 151], [280, 151, 148])
1	0.6407005406800418	0.6472075681232918	([142, 84], [142, 112, 94])
1	0.6384356742777135	0.6483538368722229	([129, 8], [142, 129, 0])
1	0.6406929941315206	0.6484126527348691	([207, 157], [209, 196, 156])
1	0.5904627280063164	0.6514576952188045	([212, 149], [207, 206, 157])
1	0.6314899853708689	0.6532713930430979	([142, 0], [142, 31, 27])
1	0.6509683899973566	0.6539598146136958	([251, 222], [251, 246, 222])
1	0.654387866347318	0.6553662702680642	([88, 29], [88, 59, 42])
1	0.6564802424540761	0.6565588433006684	([255, 221], [255, 234, 230])
1	0.6386051620826927	0.6576014368892232	([208, 148], [214, 208, 148])
1	0.6557771078573166	0.658075543772762	([151, 114], [151, 131, 126])
1	0.653461511643975	0.6582910763059364	([281, 222], [281, 222, 216])
1	0.6523205821144994	0.6587506828024305	([254, 218], [254, 232, 218])
1	0.6504281595554686	0.6593064902530432	([237, 192], [237, 228, 192])
1	0.6505801289667202	0.6593263564090971	([129, 37], [129, 68, 37])
1	0.6135081981658569	0.6625719461880677	([151, 105], [151, 131, 105])
1	0.4952577079490036	0.6630915358904715	([135, 95], [135, 107, 95])
1	0.6265017564279355	0.6633627845302972	([305, 142], [305, 283, 280])
1	0.6468065022166579	0.6655028537491348	([194, 151], [193, 185, 157])
1	0.6657848935204371	0.6658304408302256	([315, 242], [315, 254, 242])
1	0.5024382270840568	0.666718542768518	([141, 102], [141, 120, 102])
1	0.666387275360425	0.6673911928867217	([271, 210], [271, 228, 210])
1	0.6348170891369174	0.6675300780730825	([281, 214], [281, 280, 216])
1	0.6579365521973428	0.6678143238484365	([315, 254], [315, 310, 254])
1	0.6224274030692923	0.6682723581780575	([151, 49], [151, 129, 105])
1	0.6635522133193371	0.6697361444179493	([284, 226], [284, 280, 226])
1	0.5434821274855556	0.671126549619895	([132, 26], [132, 67, 44])
1	0.6633867376486822	0.6719138454615136	([250, 179], [250, 229, 164])
1	0.5926181848769021	0.6733668108102188	([279, 149], [284, 255, 219])
1	0.6648303086733581	0.6737340007685545	([130, 55], [130, 85, 36])
1	0.6613217202250072	0.6738546534911418	([271, 228], [273, 271, 228])
1	0.6560169384900233	0.6738546534911418	([289, 228], [289, 273, 228])
1	0.6424988037761489	0.6741750961592808	([310, 229], [310, 284, 230])
1	0.6607941272548272	0.6741750961592808	([313, 230], [313, 310, 230])
1	0.6552589042816919	0.6747022981309319	([69, 24], [89, 69, 24])
1	0.6705095658893587	0.6752956706446818	([153, 87], [153, 127, 87])
1	0.6629806091633195	0.6753917275011883	([110, 31], [110, 66, 58])
1	0.6728298347757949	0.6755135956243605	([276, 208], [282, 276, 208])
1	0.6650985490829312	0.6755187243991111	([245, 162], [245, 185, 164])
1	0.6626495459219526	0.6755187243991111	([245, 185], [245, 229, 164])
1	0.6234434858844685	0.6772647815452603	([142, 45], [130, 129, 6])
1	0.6631521255985892	0.677721615717441	([234, 189], [234, 229, 186])
1	0.6652775999022511	0.6793882605655993	([103, 23], [92, 66, 23])
1	0.6727829870368384	0.6804598661938026	([252, 159], [252, 249, 159])
1	0.6695211728435682	0.6808775151320211	([172, 151], [193, 166, 151])
1	0.6810696378361605	0.6816159021674015	([264, 227], [280, 264, 227])
1	0.6743012175495661	0.6816237722884764	([319, 2], [319, 316, 1])
1	0.6781495600092042	0.6827162405332255	([302, 156], [302, 274, 270])
1	0.637911676057938	0.6831667314423965	([143, 62], [148, 111, 38])
1	0.6593384660602916	0.6833090349392198	([190, 144], [196, 190, 144])
1	0.6720711653672599	0.6836146855830565	([314, 159], [310, 236, 159])
1	0.671947586449218	0.6837391614441977	([304, 235], [307, 286, 235])
1	0.5867950399903695	0.6839013649347695	([147, 133], [157, 153, 0])
1	0.6706966233784329	0.6839013649347695	([321, 157], [321, 157, 0])
1	0.6377910521478503	0.6839203137645681	([319, 190], [314, 192, 179])
1	0.6812893549060127	0.6839203137645681	([314, 237], [314, 237, 192])
1	0.6659102256341933	0.6844758459378141	([285, 220], [285, 282, 220])
1	0.6771355438072152	0.6848378335149057	([321, 224], [321, 298, 229])
1	0.6601766854115909	0.6854302326045262	([292, 217], [309, 305, 232])
1	0.6692624631652034	0.6856786618743993	([292, 248], [292, 259, 254])
1	0.6833240224229576	0.685730442426323	([300, 158], [300, 291, 158])
1	0.5711345350110413	0.6859030801618016	([321, 0], [321, 229, 164])
1	0.6539817124871197	0.6871598763930449	([305, 232], [309, 297, 208])
1	0.6408445404166747	0.687548393480691	([313, 162], [313, 310, 162])
1	0.6832001105995658	0.6877659678865052	([68, 2], [68, 28, 2])
1	0.6764175634546314	0.6877903583019004	([319, 158], [319, 190, 158])
1	0.6666876547680104	0.6883405748720436	([311, 251], [313, 311, 251])
1	0.612143736104987	0.6885461331480068	([204, 133], [217, 157, 143])
1	0.6845371095359333	0.6889653269707937	([112, 22], [112, 91, 22])
1	0.6862389357373311	0.6890376816658912	([128, 35], [128, 112, 35])
1	0.6588633935745263	0.6890521051127221	([318, 167], [312, 229, 164])
1	0.6875923595887384	0.6892221363008684	([305, 212], [305, 304, 212])
1	0.5804684286024674	0.6897675569165721	([133, 0], [147, 133, 86])
1	0.6800520599195219	0.6898662778433663	([99, 20], [99, 43, 29])
1	0.6807581783596438	0.6901769742630106	([311, 174], [319, 311, 174])
1	0.6827320149737472	0.6904416997150716	([317, 168], [317, 311, 174])
1	0.6431091001791339	0.6906033552824664	([316, 180], [316, 299, 229])
1	0.6784202655435918	0.6912580366855222	([253, 187], [253, 239, 187])
1	0.6831962897315569	0.6915028851887762	([290, 194], [290, 255, 194])
1	0.6848518133477745	0.692179562650933	([149, 11], [149, 110, 0])
1	0.6832346459067434	0.6930936994240844	([304, 215], [306, 304, 212])
1	0.6898086016007948	0.693834680687171	([315, 165], [315, 247, 181])
1	0.6940571084622712	0.694649507690437	([311, 226], [311, 251, 194])
1	0.690757046190799	0.6956093654392688	([237, 142], [237, 218, 142])
1	0.5664589885977737	0.6963429824282525	([201, 132], [222, 201, 193])
1	0.6675965669816373	0.6968026475355555	([283, 130], [283, 275, 130])
1	0.6669039473471152	0.697039029847165	([307, 148], [307, 302, 148])
1	0.5521748115133918	0.6974154418328998	([139, 52], [139, 71, 52])
1	0.692353138125749	0.6976846829477688	([319, 245], [319, 311, 252])
1	0.6874784223973149	0.6980255293145137	([284, 165], [315, 295, 165])
1	0.6930052053528022	0.6995512531950476	([201, 130], [214, 201, 130])
1	0.6701356507762515	0.6997324009570784	([124, 1], [93, 91, 27])
1	0.685803056827331	0.6999557204976206	([265, 204], [265, 224, 204])
1	0.6705277385285472	0.700814088912567	([148, 7], [148, 142, 7])
1	0.6922119521941761	0.7011301017902631	([317, 250], [317, 250, 237])
1	0.6613660494431313	0.7013245773744083	([117, 13], [117, 70, 29])
1	0.6873957489186862	0.7026394029873007	([125, 4], [125, 89, 4])
1	0.7028139431108801	0.7032064588872409	([246, 166], [246, 194, 182])
1	0.6907862487049609	0.7036709380560296	([150, 64], [150, 147, 64])
1	0.5233526734777242	0.7036731892101316	([222, 132], [223, 157, 153])
1	0.6972056328664105	0.7041073002865196	([183, 0], [321, 183, 159])
1	0.702500162007235	0.7057830760846573	([287, 161], [287, 253, 220])
1	0.702845311533581	0.7064749787664641	([158, 19], [319, 158, 2])
1	0.5720674515939809	0.7068144852566445	([133, 86], [157, 133, 118])
1	0.7044148632097382	0.7114588991686177	([312, 19], [312, 160, 158])
1	0.6685397509020509	0.715166605795382	([192, 3], [321, 230, 6])
1	0.6717848703596132	0.7157097158176494	([162, 15], [160, 158, 2])
1	0.7039005363219052	0.7161044446974696	([249, 16], [249, 163, 16])
1	0.7156204572366723	0.7172298639300853	([314, 13], [314, 249, 16])
1	0.6951217998254383	0.717323704101415	([189, 17], [170, 160, 17])
1	0.7005572453006897	0.7180152612814418	([294, 99], [222, 157, 149])
1	0.7178493427968071	0.7185879629511635	([143, 17], [143, 38, 17])
1	0.6879358465823181	0.7201138383690868	([199, 129], [217, 199, 129])
1	0.7065630588521923	0.7205050488281906	([315, 12], [315, 230, 1])
1	0.7157803530656853	0.7210627036926529	([253, 19], [253, 190, 19])
1	0.7229757553240632	0.7237495183642081	([285, 20], [285, 254, 15])
1	0.7226587115305978	0.7245644576458687	([311, 17], [311, 251, 17])
1	0.7172542344776729	0.7250878549447306	([288, 125], [288, 235, 129])
1	0.7176232227790106	0.725162995853804	([277, 2], [277, 222, 149])
1	0.721872664542318	0.7262263246361306	([228, 21], [228, 151, 21])
1	0.725651728974479	0.7280250460919427	([308, 124], [308, 228, 130])
1	0.7151792864390607	0.729877664494441	([195, 12], [200, 147, 37])
1	0.7280286494930724	0.7310889759893664	([159, 53], [159, 146, 106])
1	0.7271243824559869	0.7320112407654261	([180, 13], [180, 160, 13])
1	0.731872477181017	0.7321748590957772	([284, 101], [284, 147, 130])
1	0.7251108082390147	0.7338060292900996	([144, 3], [144, 92, 43])
1	0.7318354927955136	0.7387977006332243	([318, 147], [318, 230, 147])
1	0.7302316501668322	0.7393758309238869	([257, 41], [257, 151, 29])
1	0.7280141339012324	0.7398440835055246	([187, 103], [187, 158, 157])
1	0.7405229459279903	0.7413196292592353	([295, 24], [295, 224, 24])
1	0.7206987411065868	0.7469172360755734	([265, 114], [265, 159, 157])
1	0.7431084597326886	0.7479300577578587	([231, 11], [314, 231, 11])
1	0.7389697332255384	0.7481271750438746	([311, 98], [311, 98, 19])
1	0.7241073239084558	0.7503445786361598	([196, 22], [215, 196, 22])
1	0.7479588865310545	0.7507030693379318	([276, 32], [276, 156, 32])
1	0.6617756047905974	0.7508189632403354	([252, 133], [252, 217, 133])
1	0.7218774549899347	0.7512172829808677	([256, 97], [256, 214, 97])
1	0.7402896738629973	0.7543401844696913	([319, 150], [319, 258, 150])
1	0.752310561556526	0.7595670549669472	([264, 40], [264, 129, 0])
1	0.4812668320890351	0.7658797513858806	([211, 138], [211, 154, 138])
1	0.7630178182608988	0.7726666348666922	([289, 71], [289, 131, 110])
1	0.767850234883422	0.7755148557532991	([266, 53], [266, 53, 7])
1	0.740843522024957	0.7760007382859055	([234, 60], [234, 144, 60])
1	0.5422160947632445	0.7858998385548485	([139, 71], [139, 123, 71])
1	0.4968413321175607	0.7994259630257827	([211, 139], [211, 150, 139])
1	0.46933004347750407	0.801291444718691	([298, 138], [298, 211, 138])
1	0.49508708100400395	0.8063223808298073	([153, 132], [211, 139, 123])
1	0.4993831542062519	0.8064539787605669	([135, 33], [135, 107, 33])
1	0.48365778093642786	0.8248831417432599	([81, 80], [136, 104, 81])
1	0.49714510427079434	0.8371301716289563	([203, 140], [203, 140, 118])
1	0.5114082113419179	0.8512397684454459	([267, 135], [267, 135, 95])
1	0.499440793575923	0.8591380737302695	([141, 120], [145, 141, 120])
0	0.0	0.9199111433370816	([134], [155, 136])
0	0.0	0.9682934269856223	([104], [153, 152])
1	0.9900226804828284	0.9936636718620943	([156, 155], [156, 155, 143])
1	0.9713027151504651	0.999310682481965	([155, 141], [155, 134, 104])
0	0.0	inf	([137], [])
