0	0.0	0.01511875875662232	([77], [77, 43])
0	0.0	0.27641793745911086	([159], [159, 158])
0	0.0	0.27776919182816767	([175], [175, 174])
0	0.0	0.27797007860072537	([182], [182, 181])
0	0.0	0.27949003612213463	([187], [187, 186])
0	0.0	0.28015366626340743	([176], [176, 175])
0	0.0	0.28274420950448104	([178], [178, 177])
0	0.0	0.2844834541658087	([173], [173, 172])
0	0.0	0.2864114015801138	([206], [206, 205])
0	0.0	0.28669714725651296	([116], [116, 115])
0	0.0	0.28671377050753843	([207], [207, 206])
0	0.0	0.2890819892084369	([123], [123, 122])
0	0.0	0.28921769507370426	([151], [151, 150])
0	0.0	0.2920604000141014	([179], [179, 178])
0	0.0	0.2923254347141137	([168], [168, 167])
0	0.0	0.2925741000190954	([201], [201, 200])
0	0.0	0.2960213379296717	([166], [166, 165])
0	0.0	0.2978725643579055	([140], [140, 139])
0	0.0	0.298782260228863	([74], [74, 73])
0	0.0	0.2998680647690873	([137], [137, 136])
0	0.0	0.299888655907297	([136], [136, 135])
0	0.0	0.30024650361950683	([172], [172, 171])
0	0.0	0.30148690371600706	([189], [189, 188])
0	0.0	0.3031026390909918	([135], [135, 134])
0	0.0	0.30354195378031057	([132], [132, 131])
0	0.0	0.30354797790653715	([48], [48, 47])
0	0.0	0.3082209045992442	([164], [164, 163])
0	0.0	0.30827516544374883	([100], [100, 99])
0	0.0	0.3084299982467876	([180], [180, 179])
0	0.0	0.3112633600143107	([165], [165, 164])
0	0.0	0.3114873338247486	([59], [59, 58])
0	0.0	0.3121405565566015	([208], [208, 207])
0	0.0	0.31325998349334105	([154], [154, 153])
0	0.0	0.3161970881347493	([153], [153, 152])
0	0.0	0.3166163730643788	([158], [158, 157])
0	0.0	0.3169395788346824	([130], [130, 129])
0	0.0	0.31734316674058455	([71], [71, 70])
0	0.0	0.31736297219543175	([177], [177, 176])
0	0.0	0.3180317638254953	([101], [101, 100])
0	0.0	0.31939178035050503	([152], [152, 151])
0	0.0	0.3209364382095769	([167], [167, 166])
0	0.0	0.3243927813846438	([181], [181, 180])
0	0.0	0.32455429529474894	([73], [73, 72])
0	0.0	0.32470047885978576	([107], [107, 106])
0	0.0	0.32578808879266585	([117], [117, 116])
0	0.0	0.3259461732320478	([150], [150, 149])
0	0.0	0.3269546268453383	([64], [64, 63])
0	0.0	0.32733509778439507	([105], [105, 104])
0	0.0	0.3274432357071873	([118], [118, 117])
0	0.0	0.32758187787051024	([124], [124, 123])
0	0.0	0.32854608955669234	([112], [112, 111])
0	0.0	0.33004144825576287	([202], [202, 200])
0	0.0	0.33012445178266075	([141], [141, 140])
0	0.0	0.33037017524771245	([125], [125, 124])
0	0.0	0.3303745181533658	([114], [114, 113])
0	0.0	0.33138557443771693	([75], [75, 74])
0	0.0	0.3328170462963392	([103], [103, 102])
0	0.0	0.33305684545596653	([95], [95, 94])
0	0.0	0.33309648633182287	([111], [112, 110])
0	0.0	0.3331145311761715	([60], [60, 59])
0	0.0	0.33517092426541284	([134], [134, 133])
0	0.0	0.3352761026663325	([205], [205, 204])
0	0.0	0.3352872832447045	([104], [104, 103])
0	0.0	0.33537071929131745	([131], [131, 130])
0	0.0	0.33557472797011295	([174], [174, 173])
0	0.0	0.33636274390097926	([139], [139, 138])
0	0.0	0.3366481320484928	([72], [72, 71])
0	0.0	0.3369318472548328	([93], [93, 92])
0	0.0	0.3385275567981227	([162], [162, 161])
0	0.0	0.3386231745309288	([49], [49, 48])
0	0.0	0.33900500085299484	([94], [94, 93])
0	0.0	0.33935244297045025	([199], [199, 197])
0	0.0	0.34002236831648996	([55], [55, 54])
0	0.0	0.3406174969078697	([126], [126, 125])
0	0.0	0.341923963089199	([138], [138, 137])
0	0.0	0.34223434528623053	([128], [128, 127])
0	0.0	0.3427851395171036	([106], [106, 104])
0	0.0	0.3430514002802061	([127], [127, 126])
0	0.0	0.34695877945744547	([52], [52, 50])
0	0.0	0.34718878932070363	([129], [129, 128])
0	0.0	0.34745088097192584	([155], [155, 154])
0	0.0	0.3485660868505739	([62], [62, 61])
0	0.0	0.3491232145572502	([121], [121, 120])
0	0.0	0.3493371795597706	([90], [90, 89])
0	0.0	0.35002264486350904	([170], [170, 168])
0	0.0	0.3501840528406675	([61], [61, 60])
0	0.0	0.3506733375145224	([96], [96, 95])
0	0.0	0.3509696281128518	([133], [133, 132])
0	0.0	0.35127249872539223	([97], [97, 96])
0	0.0	0.3513850228102043	([119], [119, 118])
0	0.0	0.35377554307058173	([70], [70, 69])
0	0.0	0.3547147826241854	([57], [57, 55])
0	0.0	0.35614133580707724	([113], [113, 112])
0	0.0	0.35621293267733484	([163], [163, 161])
0	0.0	0.35708523098132244	([79], [79, 78])
0	0.0	0.3574347905430226	([88], [88, 87])
0	0.0	0.35941141485000305	([185], [185, 184])
0	0.0	0.35946419332110546	([147], [147, 146])
0	0.0	0.3599287883831905	([115], [115, 114])
0	0.0	0.36006650854775235	([83], [83, 82])
0	0.0	0.36096425879588284	([89], [89, 88])
0	0.0	0.3616235760834909	([50], [50, 49])
0	0.0	0.3619622931044308	([63], [63, 62])
0	0.0	0.3622081792370399	([87], [87, 86])
0	0.0	0.36280240461065383	([56], [56, 55])
0	0.0	0.3649733135474324	([51], [51, 50])
0	0.0	0.36521716004741017	([76], [76, 75])
0	0.0	0.36532370183694407	([204], [204, 201])
0	0.0	0.36541713933334075	([144], [144, 143])
0	0.0	0.366620121133828	([200], [200, 199])
0	0.0	0.36778231130156047	([120], [120, 119])
0	0.0	0.3685853487797795	([184], [184, 182])
0	0.0	0.37022126538255024	([102], [102, 101])
0	0.0	0.3703182237335238	([146], [146, 145])
0	0.0	0.3703223559352176	([82], [82, 81])
0	0.0	0.37036507094587395	([69], [69, 68])
0	0.0	0.3716846538698655	([171], [184, 183])
0	0.0	0.3718315428947443	([58], [60, 55])
0	0.0	0.373141629841568	([86], [86, 85])
0	0.0	0.3752200171815926	([145], [146, 143])
0	0.0	0.37548441206076977	([186], [186, 184])
0	0.0	0.3782155011233096	([99], [99, 98])
0	0.0	0.3786548169526475	([53], [53, 52])
0	0.0	0.3810490622308791	([98], [99, 97])
0	0.0	0.38152933548871054	([192], [192, 5])
0	0.0	0.3822340657781041	([68], [68, 67])
0	0.0	0.38273048567111223	([42], [42, 41])
0	0.0	0.3832296187227091	([110], [110, 109])
0	0.0	0.38416279987059665	([195], [195, 0])
0	0.0	0.3845339691201038	([78], [78, 76])
0	0.0	0.3846208245004668	([197], [199, 198])
0	0.0	0.38483499688956124	([183], [171, 170])
1	0.3731897454831931	0.3850419838314754	([58, 57], [60, 58, 55])
0	0.0	0.38516985143758725	([91], [91, 90])
0	0.0	0.38572574504142293	([5], [192, 191])
0	0.0	0.38704082686890745	([198], [197, 196])
0	0.0	0.38796183965305336	([84], [84, 83])
0	0.0	0.3885515537014784	([85], [85, 83])
0	0.0	0.38952766939420647	([108], [108, 107])
0	0.0	0.39112717611483044	([92], [92, 90])
0	0.0	0.3917743521842427	([0], [195, 194])
0	0.0	0.3931212073385873	([191], [191, 189])
0	0.0	0.3931295106396004	([188], [189, 187])
0	0.0	0.3953712985024847	([122], [122, 120])
0	0.0	0.395703140565724	([143], [143, 142])
0	0.0	0.3977654774277674	([161], [161, 160])
0	0.0	0.39946676156227445	([67], [67, 66])
0	0.0	0.4043724728766711	([157], [157, 155])
0	0.0	0.4061640328769413	([21], [21, 14])
0	0.0	0.40728901959192826	([156], [156, 155])
0	0.0	0.408009919562687	([196], [196, 194])
0	0.0	0.40865501908934637	([47], [47, 46])
0	0.0	0.40886587068131613	([46], [46, 45])
0	0.0	0.4127313550819782	([11], [11, 1])
0	0.0	0.41467237889312764	([54], [54, 53])
0	0.0	0.4148014248360295	([160], [160, 159])
0	0.0	0.41604215478179346	([23], [23, 22])
0	0.0	0.4171180616489689	([142], [143, 141])
0	0.0	0.4191045452967292	([203], [203, 202])
0	0.0	0.42035338139974865	([29], [29, 11])
0	0.0	0.42140527816170303	([20], [20, 19])
0	0.0	0.4244855285781651	([41], [41, 40])
0	0.0	0.42511732570064886	([45], [45, 44])
0	0.0	0.425852550768815	([169], [169, 6])
0	0.0	0.42650837422823984	([27], [27, 26])
0	0.0	0.42739063917662307	([65], [65, 64])
0	0.0	0.42804679791652755	([66], [66, 65])
0	0.0	0.4292962045796795	([81], [81, 80])
0	0.0	0.4306095594994464	([28], [28, 27])
0	0.0	0.430902231163102	([190], [190, 189])
0	0.0	0.4313318643598764	([26], [28, 1])
0	0.0	0.43458116718784506	([24], [24, 22])
1	0.40103504479921337	0.43616894313182797	([79, 67], [79, 73, 67])
0	0.0	0.4383679869952967	([149], [154, 147])
0	0.0	0.4387417648881181	([25], [25, 24])
0	0.0	0.44170995453467526	([44], [45, 41])
0	0.0	0.44417534066873116	([194], [194, 193])
0	0.0	0.44471500526355195	([40], [42, 39])
0	0.0	0.44494942320913716	([1], [27, 25])
0	0.0	0.44516048001972675	([109], [109, 108])
0	0.0	0.44526381679853	([193], [193, 191])
0	0.0	0.44987342526655677	([80], [80, 79])
1	0.44822805251722336	0.4526781465937373	([188, 5], [191, 188, 187])
0	0.0	0.4536863073540101	([39], [142, 13])
0	0.0	0.454489642567228	([13], [170, 169])
0	0.0	0.45840194783067545	([19], [19, 18])
1	0.43435802727318	0.4585606014101774	([197, 195], [197, 196, 194])
0	0.0	0.4635639659064466	([148], [148, 6])
0	0.0	0.46859360147535056	([22], [27, 21])
0	0.0	0.47509786242148205	([6], [40, 26])
0	0.0	0.48294271590816673	([15], [15, 11])
0	0.0	0.48434218019483427	([14], [193, 7])
0	0.0	0.48647570682597735	([7], [44, 18])
0	0.0	0.508832162069991	([18], [19, 16])
1	0.4887212667413012	0.5219176104197184	([26, 14], [27, 21, 14])
1	0.5124637636808554	0.5261899601983492	([63, 40], [64, 63, 40])
1	0.45058740437380507	0.5309867392134107	([190, 0], [194, 190, 189])
1	0.4745874240709729	0.537996389252596	([64, 42], [63, 58, 54])
1	0.5367767148656675	0.5464318793621774	([65, 44], [65, 64, 42])
1	0.5635174238688471	0.5652488946085694	([98, 18], [98, 89, 80])
1	0.5500595518456818	0.5711902896492648	([26, 19], [26, 23, 19])
1	0.4962106163539117	0.5723796715564479	([183, 7], [193, 185, 184])
1	0.5095702651119781	0.5825246536367207	([53, 18], [52, 44, 40])
1	0.48840142610953585	0.5832709153141249	([148, 147], [148, 145, 144])
1	0.48094098713097483	0.5947288070142672	([156, 13], [156, 148, 145])
1	0.5475470347768546	0.595235406199681	([85, 40], [81, 68, 40])
1	0.599771040039133	0.6066978121672685	([87, 42], [84, 81, 42])
1	0.6212434033452072	0.6215212384514452	([135, 118], [135, 124, 118])
1	0.6255799465095443	0.6301661625143868	([190, 170], [190, 186, 170])
1	0.6146060014479601	0.631280068159271	([57, 26], [62, 57, 26])
1	0.6128777288758568	0.6360389611340062	([45, 1], [44, 39, 27])
1	0.6359971853330502	0.6448646947912672	([126, 25], [126, 110, 105])
1	0.5227853393200319	0.6450883130390488	([80, 18], [80, 65, 44])
1	0.6472180048776016	0.6476963839997073	([128, 95], [128, 122, 98])
1	0.5520043223398104	0.6561560791498126	([19, 11], [28, 20, 19])
1	0.6251379574377663	0.657632584084164	([113, 41], [113, 102, 101])
1	0.64836104330619	0.657732098424656	([149, 40], [149, 139, 40])
1	0.615487265736824	0.6592706062840855	([128, 40], [128, 98, 41])
1	0.6491919535062161	0.6606714036113597	([106, 16], [106, 92, 89])
1	0.5351195923283888	0.6611488559881075	([46, 21], [65, 46, 40])
1	0.6543199663406472	0.6620281579259439	([123, 42], [124, 123, 42])
1	0.6522999439030329	0.6621594986513752	([104, 26], [104, 97, 26])
1	0.5644231381200289	0.6626629090129448	([66, 25], [86, 40, 26])
1	0.6369718175613808	0.662759039692862	([118, 39], [114, 107, 39])
1	0.6577641148912873	0.662759039692862	([125, 39], [125, 107, 39])
1	0.6368425424252975	0.6690653181219236	([120, 53], [120, 102, 99])
1	0.5166901567392685	0.6702168931327982	([203, 7], [203, 193, 187])
1	0.6269785418441277	0.6720923306754457	([105, 25], [126, 96, 76])
1	0.6331406357040033	0.6724528282061706	([88, 1], [88, 45, 16])
1	0.6293329991722508	0.6724528282061706	([86, 16], [88, 63, 45])
1	0.6237475540368106	0.6766103535119955	([192, 143], [192, 184, 158])
1	0.6384298376461098	0.67847659639573	([138, 16], [184, 164, 153])
1	0.6745830114986666	0.6791674030312225	([95, 20], [95, 85, 20])
1	0.6693513214727583	0.6795191234187891	([56, 29], [96, 70, 29])
1	0.6777119555309263	0.681864871860006	([139, 99], [139, 129, 125])
1	0.5684423739523138	0.6868042186239967	([170, 5], [188, 170, 161])
1	0.6758978754933597	0.6874196610071593	([208, 155], [208, 189, 181])
1	0.6813764429437633	0.6880064143743205	([118, 56], [118, 97, 56])
1	0.6852583502704169	0.6886518670655194	([141, 109], [141, 130, 120])
1	0.5527355957445896	0.6890425327345725	([121, 18], [121, 98, 95])
1	0.6678463633474542	0.6902853249350033	([207, 171], [207, 191, 190])
1	0.6341029132106432	0.6916608043118703	([96, 29], [91, 70, 29])
1	0.6809292160934728	0.6958865719613606	([153, 29], [172, 158, 29])
1	0.6499217829577757	0.6969696912060138	([62, 20], [62, 26, 23])
1	0.6342804990969124	0.6970202795997346	([147, 39], [147, 137, 39])
1	0.6805223022708129	0.6997353401282089	([138, 41], [139, 138, 41])
1	0.6145327656084667	0.700742213859222	([109, 40], [128, 110, 97])
1	0.6963460725777323	0.7047550557908658	([165, 41], [165, 139, 127])
1	0.5294350199181539	0.7069836233337186	([160, 7], [183, 160, 147])
1	0.622175241533615	0.7072010483562832	([191, 29], [153, 131, 123])
1	0.5544559691699964	0.7079470642455862	([162, 0], [194, 162, 161])
1	0.6982942730739758	0.7097802454538928	([105, 19], [131, 105, 19])
1	0.7099545539112109	0.712112741931705	([190, 115], [190, 138, 115])
1	0.6964304158409864	0.7123828180819042	([134, 11], [127, 75, 72])
1	0.6527390689521203	0.7159214504755619	([194, 26], [205, 194, 26])
1	0.6575781228899997	0.7159214504755619	([208, 26], [208, 205, 26])
1	0.7041524925412428	0.7167004288657409	([151, 93], [151, 132, 114])
1	0.6270227744582024	0.716955509005155	([184, 16], [105, 26, 25])
1	0.5086941249057055	0.7179204089376562	([145, 7], [185, 146, 145])
1	0.5851258144707715	0.7198176470047207	([45, 16], [131, 111, 100])
1	0.6413829465773611	0.7222051874140539	([204, 11], [204, 183, 165])
1	0.7077391386106614	0.7233519418570444	([179, 124], [179, 152, 124])
1	0.7153657179197667	0.7239092283620018	([172, 105], [172, 141, 105])
1	0.646283410003785	0.7241174406201736	([207, 40], [184, 179, 26])
1	0.7197919592970854	0.7246920797184976	([177, 116], [177, 135, 127])
1	0.6811693975513127	0.725015282916972	([147, 50], [147, 141, 50])
1	0.7207614973545847	0.7256563939341621	([176, 94], [176, 151, 114])
1	0.6522483789499987	0.727017774954359	([155, 20], [157, 122, 107])
1	0.6105237617619677	0.7274439469710005	([206, 16], [206, 184, 162])
1	0.6981328569168718	0.7288342347171446	([152, 1], [152, 133, 39])
1	0.718777736057145	0.7295798960406898	([171, 24], [171, 137, 27])
1	0.7152596028924421	0.7361024301543166	([198, 39], [198, 193, 39])
1	0.6856281844267332	0.7371216052743741	([133, 1], [133, 45, 39])
1	0.7119168008787932	0.7375254123376427	([178, 44], [178, 171, 44])
1	0.5417328345713208	0.7391841345415121	([84, 22], [84, 39, 23])
1	0.7166984357190872	0.744230505399851	([208, 53], [208, 46, 26])
1	0.7208285370141757	0.746571326659505	([191, 42], [191, 143, 42])
1	0.7093698704860687	0.752281041830993	([203, 42], [203, 189, 42])
1	0.7155670417411688	0.7523911497251956	([187, 19], [187, 137, 131])
1	0.7512101930747728	0.7534619503508649	([159, 49], [159, 137, 49])
1	0.7068141629103429	0.7601023014716433	([176, 23], [176, 114, 41])
1	0.7050658534915303	0.7601046946024865	([183, 1], [183, 152, 135])
1	0.5586776631587808	0.7625897123246729	([109, 21], [109, 65, 40])
1	0.5402487181279992	0.7780205791876992	([108, 22], [108, 84, 39])
1	0.7689900946794112	0.7850674973326729	([115, 14], [118, 115, 14])
1	0.5214670461901473	0.7851245695984461	([23, 20], [121, 57, 19])
1	0.6805029387947436	0.7853394491978205	([203, 20], [203, 157, 133])
1	0.7882695118369661	0.7887425133749522	([202, 54], [202, 135, 113])
1	0.49535069909892043	0.7961475140534529	([65, 21], [46, 27, 21])
1	0.5319666389776196	0.8191764774923865	([203, 18], [203, 80, 41])
1	0.46700781912903433	0.8671133598048684	([148, 13], [169, 148, 122])
1	0.6034614745560196	0.8945058965642916	([86, 15], [86, 15, 1])
0	0.0	0.9812497264065108	([43], [77, 76])
0	0.0	1.0	([2], [2, 0])
0	0.0	1.0	([3], [3, 0])
0	0.0	1.0	([4], [4, 0])
0	0.0	1.0	([8], [8, 0])
0	0.0	1.0	([9], [9, 0])
0	0.0	1.0	([10], [10, 0])
0	0.0	1.0	([12], [12, 0])
0	0.0	1.0	([17], [17, 0])
0	0.0	1.0	([30], [30, 0])
0	0.0	1.0	([31], [31, 0])
0	0.0	1.0	([32], [32, 0])
0	0.0	1.0	([33], [33, 0])
0	0.0	1.0	([34], [34, 0])
0	0.0	1.0	([35], [35, 0])
0	0.0	1.0	([36], [36, 0])
0	0.0	1.0	([37], [37, 0])
0	0.0	1.0	([38], [38, 0])
0	0.0	inf	([16], [])
