0	0.0	0.024043545004110267	([451], [451, 449])
0	0.0	0.24582947786740128	([12], [12, 11])
0	0.0	0.25504474584949605	([20], [20, 19])
0	0.0	0.25512185417560235	([445], [445, 444])
0	0.0	0.2621173396004372	([408], [408, 407])
0	0.0	0.2623748962957095	([427], [427, 426])
0	0.0	0.2675691372988991	([431], [431, 430])
0	0.0	0.2700319343860643	([435], [435, 434])
0	0.0	0.2704701180331856	([426], [426, 425])
0	0.0	0.2713993789534179	([428], [428, 427])
0	0.0	0.27279852184756476	([434], [434, 433])
0	0.0	0.27423934701324504	([2], [2, 1])
0	0.0	0.2757300067056755	([17], [17, 16])
0	0.0	0.28076774277398897	([281], [281, 280])
0	0.0	0.2827793678927353	([292], [292, 291])
0	0.0	0.28424096404729854	([340], [340, 339])
0	0.0	0.29102322608927883	([352], [352, 351])
0	0.0	0.2910495103178183	([289], [289, 288])
0	0.0	0.2919508301666544	([341], [341, 340])
0	0.0	0.29199234571311744	([356], [356, 355])
0	0.0	0.29328107718726093	([7], [7, 6])
0	0.0	0.2935321475117623	([447], [447, 446])
0	0.0	0.2939957503244815	([5], [5, 4])
0	0.0	0.2947416200764678	([152], [152, 151])
0	0.0	0.29560883966861196	([6], [6, 5])
0	0.0	0.2968859392653084	([8], [8, 7])
0	0.0	0.2971992884302327	([412], [412, 411])
0	0.0	0.29804205499943554	([444], [444, 443])
0	0.0	0.2984803176685597	([343], [343, 342])
0	0.0	0.2987488178530236	([293], [293, 292])
0	0.0	0.2991657997112235	([422], [422, 421])
0	0.0	0.3000981899249842	([1], [1, 0])
0	0.0	0.3017346807530013	([345], [345, 344])
0	0.0	0.3019553830022235	([440], [440, 439])
0	0.0	0.3020471879224484	([348], [348, 347])
0	0.0	0.3029378160880996	([367], [367, 366])
0	0.0	0.3036580213921867	([420], [420, 419])
0	0.0	0.3040227741539712	([342], [342, 341])
0	0.0	0.3052357568076665	([385], [385, 384])
0	0.0	0.30544694145856005	([346], [346, 345])
0	0.0	0.3056102623628453	([80], [80, 79])
0	0.0	0.30564731771322623	([353], [353, 352])
0	0.0	0.30608874390977087	([378], [378, 377])
0	0.0	0.3068821352285888	([324], [324, 323])
0	0.0	0.30696806427367535	([10], [10, 9])
0	0.0	0.30741764197559956	([321], [321, 320])
0	0.0	0.3075856729131258	([338], [338, 337])
0	0.0	0.30768560664673544	([11], [11, 10])
0	0.0	0.3083433555725351	([287], [287, 286])
0	0.0	0.3088426053775475	([359], [359, 358])
0	0.0	0.30907677647657544	([349], [349, 348])
0	0.0	0.31064880037480563	([416], [416, 415])
0	0.0	0.3116972451318589	([424], [424, 423])
0	0.0	0.31199323773105825	([288], [288, 287])
0	0.0	0.31272182180339475	([19], [19, 18])
0	0.0	0.31315852733341554	([276], [276, 275])
0	0.0	0.31320451172872527	([421], [421, 420])
0	0.0	0.31335291736111454	([397], [397, 396])
0	0.0	0.3133737198883532	([436], [436, 435])
0	0.0	0.31347511765826674	([425], [425, 424])
0	0.0	0.31404656927112834	([335], [335, 334])
0	0.0	0.3147639649939838	([24], [24, 23])
0	0.0	0.3147968130711813	([438], [438, 437])
0	0.0	0.3150233115879354	([369], [369, 368])
0	0.0	0.31541527469927005	([441], [441, 440])
0	0.0	0.3154273183023037	([333], [333, 332])
0	0.0	0.3156954046908434	([442], [442, 441])
0	0.0	0.31783275519845644	([312], [312, 311])
0	0.0	0.3183342772716327	([344], [344, 343])
0	0.0	0.3191888317598056	([446], [446, 445])
0	0.0	0.3196368880623264	([363], [363, 362])
0	0.0	0.31964941678471614	([443], [443, 442])
0	0.0	0.320106573838134	([373], [373, 372])
0	0.0	0.32031295892852263	([368], [368, 367])
0	0.0	0.32062511613855715	([9], [9, 8])
0	0.0	0.3209852194157682	([313], [313, 312])
0	0.0	0.32104384915826517	([393], [393, 392])
0	0.0	0.32106611698606163	([395], [395, 394])
0	0.0	0.32160863431983916	([3], [3, 2])
0	0.0	0.3217125693822512	([448], [448, 447])
0	0.0	0.3221383486329459	([78], [78, 77])
0	0.0	0.32245070708706447	([339], [339, 338])
0	0.0	0.32302359114182416	([432], [432, 431])
0	0.0	0.3233205530691063	([377], [377, 376])
0	0.0	0.32393095444122527	([146], [146, 145])
0	0.0	0.3247689665659609	([423], [423, 422])
0	0.0	0.3253491053981911	([384], [384, 383])
0	0.0	0.3253965887169866	([360], [360, 359])
0	0.0	0.3256442978506488	([18], [18, 17])
0	0.0	0.3261900925693361	([314], [314, 313])
0	0.0	0.3263968674127515	([278], [278, 277])
0	0.0	0.3267830936017703	([255], [255, 254])
0	0.0	0.3274511024925505	([396], [396, 395])
0	0.0	0.32750030353162624	([371], [371, 370])
0	0.0	0.3277420791385243	([318], [318, 317])
0	0.0	0.32794695941814994	([291], [291, 290])
0	0.0	0.32797149138328857	([16], [16, 15])
0	0.0	0.32855035080275846	([399], [399, 398])
0	0.0	0.3285785653092573	([290], [290, 289])
0	0.0	0.3290621838013968	([336], [336, 335])
0	0.0	0.329605554678592	([263], [263, 262])
0	0.0	0.32962848080237694	([246], [246, 245])
0	0.0	0.329806177758553	([406], [406, 405])
0	0.0	0.33036788751001395	([329], [329, 328])
0	0.0	0.33044255459095173	([337], [337, 336])
0	0.0	0.330705023913609	([189], [189, 185])
0	0.0	0.33081240436682885	([437], [437, 436])
0	0.0	0.33134984146819974	([327], [327, 326])
0	0.0	0.33151560237820266	([322], [322, 321])
0	0.0	0.3315643550808828	([323], [323, 322])
0	0.0	0.3324340138884367	([79], [79, 78])
0	0.0	0.33289359939722385	([264], [264, 261])
0	0.0	0.3332095707477165	([347], [347, 346])
0	0.0	0.33334395108787523	([328], [328, 327])
0	0.0	0.3333654939427838	([21], [21, 20])
0	0.0	0.33338787988641533	([366], [366, 365])
0	0.0	0.33379649832318287	([407], [407, 406])
0	0.0	0.3347562970283911	([394], [394, 393])
0	0.0	0.3349244856126985	([365], [365, 364])
0	0.0	0.33494176354881927	([153], [153, 152])
0	0.0	0.33505655508604953	([283], [283, 282])
0	0.0	0.33605294702556815	([23], [23, 22])
0	0.0	0.3361950176840518	([400], [400, 399])
0	0.0	0.33687137456105615	([105], [105, 104])
0	0.0	0.33690703761340035	([439], [439, 438])
0	0.0	0.3380958337630916	([22], [22, 21])
0	0.0	0.3384133999935016	([285], [285, 284])
0	0.0	0.3384874798274037	([4], [4, 3])
0	0.0	0.3389263324295367	([334], [334, 333])
0	0.0	0.3389479446251374	([108], [108, 107])
0	0.0	0.3402641198343635	([392], [392, 391])
0	0.0	0.34069231288514584	([403], [403, 402])
0	0.0	0.3408475841596222	([262], [262, 261])
0	0.0	0.3411654091461628	([248], [248, 247])
0	0.0	0.34193808695630096	([154], [154, 153])
0	0.0	0.3432618898920597	([284], [284, 283])
0	0.0	0.34346644567586915	([419], [419, 418])
0	0.0	0.34350837658881217	([269], [269, 268])
1	0.3408519130714278	0.34415820222280885	([264, 263], [264, 263, 261])
0	0.0	0.3461803656140991	([151], [151, 150])
0	0.0	0.3462033943511796	([415], [415, 413])
0	0.0	0.3468042571520155	([389], [389, 388])
0	0.0	0.3474754457931468	([391], [391, 390])
0	0.0	0.3484753822579596	([370], [370, 369])
0	0.0	0.3488852187027587	([256], [256, 255])
0	0.0	0.3494629798868894	([280], [280, 279])
0	0.0	0.3500487085304213	([148], [148, 145])
0	0.0	0.3502872237005159	([273], [273, 272])
0	0.0	0.35091199959839386	([364], [364, 363])
0	0.0	0.3510920063050542	([48], [48, 47])
0	0.0	0.3513636773135898	([414], [414, 413])
0	0.0	0.35139377535994715	([270], [270, 269])
0	0.0	0.35167044275140624	([267], [267, 266])
0	0.0	0.35198791330387635	([14], [14, 13])
0	0.0	0.35230466778881686	([310], [310, 309])
0	0.0	0.3525928378665127	([401], [401, 400])
0	0.0	0.3532975224761359	([150], [150, 149])
0	0.0	0.3533405275559142	([258], [258, 257])
0	0.0	0.35353911494238044	([325], [325, 324])
0	0.0	0.3543437455466056	([286], [286, 285])
0	0.0	0.355019563370845	([332], [332, 331])
0	0.0	0.3550237696004804	([253], [253, 252])
0	0.0	0.35513091648293715	([40], [40, 39])
0	0.0	0.35549553511368814	([147], [147, 146])
0	0.0	0.3556542124195235	([257], [257, 256])
0	0.0	0.3562614070926811	([315], [315, 314])
0	0.0	0.3568766362706781	([25], [25, 23])
0	0.0	0.35713708960073437	([245], [245, 244])
0	0.0	0.35716205619838537	([433], [433, 432])
0	0.0	0.3584089231154518	([149], [149, 148])
0	0.0	0.35881239953248484	([330], [330, 329])
0	0.0	0.3589901565851909	([413], [413, 412])
0	0.0	0.3594182639563297	([326], [326, 325])
0	0.0	0.35972301770236204	([320], [320, 318])
0	0.0	0.3609235117275335	([383], [383, 382])
0	0.0	0.36110979777061	([274], [274, 272])
0	0.0	0.36170351110145293	([90], [90, 89])
0	0.0	0.3619369933870771	([103], [103, 102])
0	0.0	0.3622210267328493	([331], [331, 330])
0	0.0	0.3625879504174866	([15], [15, 14])
0	0.0	0.36291141498709373	([376], [376, 375])
0	0.0	0.3632742273752295	([316], [316, 315])
0	0.0	0.36383679076872916	([402], [402, 401])
0	0.0	0.36389861801963197	([252], [253, 251])
0	0.0	0.36402960263533096	([261], [264, 260])
1	0.35625557423419385	0.3641938884000089	([148, 147], [148, 147, 146])
0	0.0	0.3645871437364067	([387], [387, 386])
0	0.0	0.36468896959355407	([410], [410, 409])
1	0.3641172376423901	0.36471548574891377	([331, 328], [331, 330, 329])
0	0.0	0.3657221144896752	([45], [45, 44])
0	0.0	0.36602729938514444	([282], [282, 281])
0	0.0	0.36683227606832564	([275], [275, 274])
0	0.0	0.3669087623216369	([279], [279, 278])
0	0.0	0.3676532913282305	([13], [13, 12])
0	0.0	0.36805693307878107	([65], [65, 64])
0	0.0	0.36825090277935013	([99], [99, 98])
0	0.0	0.3684365298781543	([237], [237, 236])
0	0.0	0.3684962918180068	([38], [38, 37])
0	0.0	0.3690905979445959	([56], [56, 55])
0	0.0	0.36916669426525667	([87], [87, 86])
0	0.0	0.3694097277455739	([95], [95, 94])
0	0.0	0.36989233262647697	([354], [354, 353])
0	0.0	0.37141255217975605	([295], [295, 294])
0	0.0	0.3715541239956044	([58], [58, 57])
0	0.0	0.3719476156889186	([411], [411, 410])
0	0.0	0.3725778363748918	([77], [77, 76])
0	0.0	0.37270972296661997	([388], [388, 387])
0	0.0	0.3729009441292639	([190], [190, 184])
0	0.0	0.3733204316391015	([418], [418, 417])
0	0.0	0.3742031314159913	([66], [66, 65])
0	0.0	0.37435714580326057	([98], [98, 97])
0	0.0	0.37440105386769934	([240], [240, 235])
1	0.37286941244775185	0.3751941041406039	([365, 362], [365, 364, 362])
0	0.0	0.37662431690474923	([398], [398, 397])
0	0.0	0.3772549451807893	([112], [112, 111])
0	0.0	0.3778182041454286	([47], [47, 46])
0	0.0	0.37803631006514565	([242], [242, 241])
0	0.0	0.37804929639489865	([351], [351, 350])
0	0.0	0.37816843330931627	([116], [116, 115])
0	0.0	0.3784550917832793	([68], [68, 67])
0	0.0	0.3788620882918679	([59], [59, 58])
0	0.0	0.3790452972729427	([302], [302, 301])
0	0.0	0.3792013532130347	([268], [268, 267])
0	0.0	0.3793925576581773	([266], [266, 265])
0	0.0	0.37968146774054085	([117], [117, 115])
0	0.0	0.3800979202988612	([350], [350, 349])
0	0.0	0.3801167072743259	([430], [430, 429])
0	0.0	0.3806034311251851	([358], [358, 357])
0	0.0	0.3813964228296651	([362], [362, 361])
0	0.0	0.3814375733913795	([307], [307, 306])
0	0.0	0.3816053281882072	([296], [296, 295])
0	0.0	0.38167859674875987	([357], [357, 356])
0	0.0	0.38303386542893736	([139], [139, 138])
0	0.0	0.383361945992644	([375], [375, 374])
0	0.0	0.38339209551918757	([382], [383, 380])
0	0.0	0.38344702140464815	([355], [356, 354])
0	0.0	0.38347874206550703	([72], [72, 71])
0	0.0	0.3838072172594057	([297], [297, 296])
0	0.0	0.38391012273386754	([372], [372, 371])
0	0.0	0.38461497894564356	([272], [272, 269])
0	0.0	0.385772252682168	([374], [375, 373])
0	0.0	0.38586246532570534	([104], [104, 103])
0	0.0	0.3860254805039482	([301], [301, 300])
0	0.0	0.3861929596691468	([44], [44, 43])
0	0.0	0.3863375725642318	([309], [309, 307])
0	0.0	0.38648172588414353	([124], [124, 123])
0	0.0	0.3869808012744081	([380], [380, 379])
0	0.0	0.3874589504018916	([57], [57, 56])
0	0.0	0.3874751053238624	([241], [241, 240])
0	0.0	0.3875753189887377	([417], [417, 416])
0	0.0	0.38791683649169234	([300], [300, 297])
0	0.0	0.38802992060664215	([265], [272, 271])
0	0.0	0.3880372172584093	([140], [140, 139])
0	0.0	0.38821350144028177	([67], [67, 66])
0	0.0	0.3884630925139331	([41], [41, 40])
0	0.0	0.38858286896313715	([64], [64, 63])
0	0.0	0.3888351008453174	([39], [40, 38])
0	0.0	0.3891179092842568	([390], [390, 389])
0	0.0	0.3894659365903799	([102], [102, 101])
1	0.38690506486974147	0.3901137250496596	([274, 270], [274, 272, 269])
0	0.0	0.39132402580637365	([317], [317, 316])
0	0.0	0.391624902281982	([409], [409, 408])
0	0.0	0.3916812955959758	([450], [450, 448])
0	0.0	0.391829556479809	([86], [87, 82])
0	0.0	0.39184510096628267	([254], [254, 253])
0	0.0	0.3920365446608108	([235], [240, 236])
0	0.0	0.3924318248904351	([175], [175, 174])
0	0.0	0.3926747649445816	([379], [382, 381])
0	0.0	0.3927066197399276	([271], [265, 264])
0	0.0	0.39289429627694894	([49], [49, 48])
0	0.0	0.39318893454520926	([236], [235, 234])
0	0.0	0.3932390053221667	([73], [73, 72])
0	0.0	0.39397580589425835	([138], [138, 137])
0	0.0	0.3941615750018064	([145], [145, 144])
0	0.0	0.3941691020791256	([50], [50, 48])
1	0.3911306942482206	0.39485212592958013	([368, 362], [369, 368, 362])
0	0.0	0.3955503410251939	([81], [81, 80])
0	0.0	0.39582629544659914	([311], [311, 310])
0	0.0	0.3959672122408567	([319], [319, 318])
0	0.0	0.39602800949748673	([141], [141, 140])
0	0.0	0.3965393078834715	([137], [137, 136])
0	0.0	0.3968077255433706	([361], [361, 360])
0	0.0	0.39689106567927507	([308], [308, 307])
0	0.0	0.3972236169185129	([157], [157, 155])
0	0.0	0.39735939060142855	([136], [136, 135])
0	0.0	0.3973817661900424	([429], [429, 428])
0	0.0	0.3985800405643806	([277], [277, 276])
0	0.0	0.39860557220648024	([115], [115, 114])
0	0.0	0.3992874513682027	([120], [120, 119])
0	0.0	0.3997062154445171	([42], [42, 41])
0	0.0	0.3998607111908991	([238], [238, 236])
0	0.0	0.4000632277520389	([306], [307, 305])
0	0.0	0.40008619659234584	([259], [259, 258])
0	0.0	0.4001646905035494	([122], [122, 120])
0	0.0	0.4003752387560555	([62], [62, 61])
0	0.0	0.400757488163731	([63], [63, 62])
0	0.0	0.40082848793093334	([251], [251, 250])
0	0.0	0.40151767351521295	([88], [88, 87])
0	0.0	0.40208553447855333	([82], [87, 85])
0	0.0	0.4022551191603361	([247], [247, 246])
0	0.0	0.40235261837971487	([53], [53, 51])
0	0.0	0.40295497059692303	([294], [300, 299])
0	0.0	0.40342420728031575	([106], [106, 105])
0	0.0	0.40428177012420535	([101], [101, 99])
0	0.0	0.4050550245216014	([27], [27, 26])
0	0.0	0.4051439886014029	([249], [249, 248])
0	0.0	0.40523929848859613	([89], [89, 88])
0	0.0	0.40605499311255144	([111], [111, 109])
0	0.0	0.40622007245671715	([182], [182, 170])
0	0.0	0.4062370147793709	([55], [56, 54])
0	0.0	0.4066148187690083	([381], [385, 378])
0	0.0	0.4069358968442825	([60], [60, 59])
0	0.0	0.40712210496812656	([51], [51, 50])
0	0.0	0.40715567349872117	([119], [120, 118])
0	0.0	0.40735339897340844	([34], [34, 33])
0	0.0	0.40744651393719666	([155], [155, 154])
0	0.0	0.4084057572878326	([46], [46, 45])
0	0.0	0.40856565889613267	([70], [70, 69])
0	0.0	0.40900840780211795	([404], [404, 403])
0	0.0	0.4094665195034904	([54], [54, 53])
0	0.0	0.40981225304573127	([125], [125, 124])
0	0.0	0.40991334308832805	([30], [30, 29])
0	0.0	0.41068873443271087	([298], [298, 297])
0	0.0	0.41083354716314824	([37], [37, 36])
0	0.0	0.4110495728801194	([109], [109, 108])
0	0.0	0.4111738390270802	([114], [115, 108])
0	0.0	0.4115093351723863	([43], [43, 42])
0	0.0	0.41164003461835313	([69], [69, 68])
0	0.0	0.41184988283443746	([123], [123, 122])
0	0.0	0.4125187710557775	([234], [240, 239])
0	0.0	0.4133119814330456	([183], [183, 181])
0	0.0	0.41399826096984665	([405], [405, 404])
0	0.0	0.4145626119384267	([61], [61, 60])
0	0.0	0.41501700396489655	([164], [164, 162])
0	0.0	0.415228848084572	([186], [186, 180])
0	0.0	0.4156713654687661	([71], [72, 70])
0	0.0	0.41589483097543267	([144], [157, 156])
0	0.0	0.4161308415631153	([132], [132, 131])
0	0.0	0.4161994274852943	([96], [96, 95])
0	0.0	0.4169871035867041	([180], [186, 177])
0	0.0	0.41745762044655366	([52], [52, 51])
0	0.0	0.4178898496417506	([386], [386, 385])
0	0.0	0.41815758039314815	([107], [107, 105])
0	0.0	0.4181932447994167	([28], [28, 26])
0	0.0	0.4183022878654259	([126], [126, 125])
0	0.0	0.41874384608325355	([76], [77, 75])
0	0.0	0.4188285868225388	([118], [118, 117])
1	0.4115851597324563	0.4200708617911103	([379, 378], [385, 380, 378])
0	0.0	0.4208129859199992	([231], [231, 182])
0	0.0	0.4210345469663544	([181], [183, 180])
0	0.0	0.42199076049682416	([94], [95, 82])
0	0.0	0.42423627406544734	([97], [97, 95])
0	0.0	0.4243444223396174	([130], [130, 129])
0	0.0	0.42443675013247967	([133], [133, 132])
0	0.0	0.424464272583916	([36], [41, 34])
0	0.0	0.427111305207599	([304], [304, 302])
0	0.0	0.42772734826615927	([174], [174, 173])
0	0.0	0.4305218607341614	([33], [36, 35])
0	0.0	0.4305367247237712	([303], [303, 302])
0	0.0	0.4306312867639442	([135], [135, 133])
0	0.0	0.4307040925905517	([158], [158, 157])
0	0.0	0.431567012676495	([131], [133, 129])
0	0.0	0.43200329286231803	([85], [85, 84])
0	0.0	0.43201924321897206	([260], [260, 259])
0	0.0	0.4325428260907016	([177], [186, 178])
0	0.0	0.4341318306843554	([305], [305, 304])
0	0.0	0.43440653181854005	([299], [294, 293])
0	0.0	0.4344720690439782	([159], [159, 158])
0	0.0	0.43603129794645323	([121], [121, 120])
0	0.0	0.4368611624575194	([26], [26, 25])
1	0.43270412069243397	0.4371658813945719	([132, 130], [133, 132, 130])
0	0.0	0.43787676437907286	([191], [191, 181])
0	0.0	0.4383720277384953	([31], [31, 30])
0	0.0	0.43996475231184434	([129], [130, 128])
0	0.0	0.440130721772394	([35], [33, 31])
0	0.0	0.44047683449700276	([244], [246, 243])
0	0.0	0.44049193155411004	([110], [110, 109])
0	0.0	0.4411054383714413	([29], [29, 28])
0	0.0	0.4414113895391116	([84], [84, 83])
0	0.0	0.44273221019454095	([250], [250, 249])
0	0.0	0.44281637315203426	([93], [93, 87])
0	0.0	0.44314504306450203	([161], [161, 74])
0	0.0	0.4450204714943571	([233], [233, 187])
0	0.0	0.4457065098715483	([32], [32, 31])
1	0.43072678425132027	0.4458548224525084	([35, 34], [41, 38, 35])
0	0.0	0.4468157592449894	([171], [171, 169])
0	0.0	0.44730126474698023	([83], [114, 113])
0	0.0	0.4476106618626923	([142], [142, 141])
0	0.0	0.4480579997019361	([167], [167, 100])
0	0.0	0.4485374474382819	([243], [243, 242])
0	0.0	0.44946708196839796	([91], [91, 90])
1	0.4483905676568999	0.4498500983211709	([402, 390], [402, 397, 390])
0	0.0	0.4507712084384405	([170], [170, 167])
0	0.0	0.4511737224374623	([128], [128, 126])
0	0.0	0.45170859481422976	([75], [75, 74])
0	0.0	0.45334446506198406	([176], [176, 175])
1	0.4222172195541647	0.4539283993258996	([112, 107], [112, 111, 109])
0	0.0	0.45463118630384375	([92], [92, 89])
0	0.0	0.4556567904309443	([127], [127, 126])
0	0.0	0.4558705742486911	([143], [143, 142])
0	0.0	0.456604864220632	([156], [144, 141])
0	0.0	0.4572236952731312	([168], [168, 160])
0	0.0	0.45752460862219	([100], [231, 191])
1	0.43910305755602697	0.4588434587792938	([373, 350], [373, 372, 350])
0	0.0	0.45994298917403775	([113], [101, 100])
0	0.0	0.46212272691071066	([239], [234, 233])
0	0.0	0.46227763529257154	([74], [75, 73])
0	0.0	0.46242962851535374	([188], [188, 172])
0	0.0	0.4627663853640058	([178], [191, 173])
0	0.0	0.46387298285068024	([173], [173, 172])
0	0.0	0.46477113096073347	([134], [134, 133])
0	0.0	0.4657370912865716	([160], [160, 159])
1	0.46746206385105094	0.4677238312420056	([144, 143], [144, 143, 141])
1	0.46669418900019	0.4679888446340235	([46, 42], [46, 45, 42])
1	0.45512379574406636	0.4683793944034797	([91, 84], [91, 90, 84])
1	0.4610296065366816	0.4689196253642434	([387, 379], [387, 386, 379])
1	0.45589681041295815	0.46912732191016776	([94, 93], [95, 94, 82])
1	0.4678672679160745	0.4697962060345563	([111, 105], [112, 111, 105])
0	0.0	0.4698634491916886	([179], [179, 166])
0	0.0	0.47012903210317375	([232], [232, 163])
1	0.45255066353142465	0.4703011860533499	([135, 126], [135, 129, 126])
1	0.45270984947949383	0.47115059842569956	([113, 107], [114, 113, 108])
0	0.0	0.47236721201284704	([165], [165, 131])
0	0.0	0.47431341913768715	([166], [179, 163])
0	0.0	0.4767021552782711	([163], [179, 175])
0	0.0	0.47736387371501826	([187], [234, 232])
0	0.0	0.47802786212125875	([172], [187, 32])
1	0.4576951339138333	0.4826330825831246	([92, 82], [92, 89, 87])
1	0.4725164356060809	0.48342213237606946	([191, 176], [191, 176, 173])
0	0.0	0.48542904428068673	([169], [171, 162])
0	0.0	0.48663253207360146	([162], [169, 143])
1	0.43801007385496843	0.49022524525500843	([183, 178], [186, 178, 177])
0	0.0	0.5001716183810763	([185], [185, 176])
1	0.5048877886847798	0.5136768107638128	([160, 127], [160, 134, 127])
1	0.46869290920261775	0.5218773527577457	([231, 172], [231, 191, 173])
1	0.49919508002192425	0.5235852864451149	([191, 178], [191, 178, 173])
1	0.46708246722615543	0.5255862235700132	([94, 91], [95, 91, 83])
1	0.5254932879227584	0.5260137166063494	([249, 165], [249, 244, 243])
1	0.4926021460575688	0.5261394634672332	([179, 178], [188, 178, 176])
1	0.4049039770388767	0.5265871324010133	([371, 350], [371, 359, 350])
1	0.5129786401992362	0.5266846824178603	([403, 388], [403, 396, 390])
1	0.5026316454174061	0.5375331856418288	([165, 121], [165, 125, 121])
1	0.5286661027619074	0.5381008387257701	([298, 163], [305, 298, 294])
1	0.4728152094149073	0.5453378887486631	([188, 176], [188, 176, 172])
1	0.5122661863511535	0.5465046428855248	([81, 71], [81, 75, 72])
1	0.5166504700269183	0.5474359784590122	([172, 164], [179, 172, 162])
1	0.53254663155108	0.5499464558000585	([181, 179], [183, 181, 180])
1	0.5076780054977988	0.5516270078547758	([82, 79], [93, 82, 79])
1	0.5161024365809534	0.5538183275568208	([84, 81], [94, 86, 82])
1	0.5509533812001552	0.556382582295778	([180, 164], [180, 176, 173])
1	0.5497381612032394	0.5573908930002053	([163, 54], [163, 62, 54])
1	0.5347062825671228	0.557818306810226	([110, 91], [113, 110, 107])
1	0.540279895678141	0.5608050739168527	([173, 171], [173, 172, 164])
0	0.0	0.561253603292977	([184], [190, 179])
1	0.5571528183218454	0.5617387059041363	([169, 138], [169, 143, 138])
1	0.5572229767954666	0.5625476213738164	([135, 91], [135, 127, 91])
1	0.509918128398272	0.5636131877886615	([180, 179], [183, 180, 178])
1	0.4228470721502863	0.5636131877886615	([183, 177], [186, 180, 178])
1	0.5340057536166277	0.5637734909322699	([81, 61], [81, 71, 61])
1	0.537171475454618	0.5642290903399707	([93, 74], [93, 80, 76])
1	0.536784330815743	0.5656360207610669	([73, 60], [73, 70, 60])
1	0.5044570384802396	0.5671304749857313	([93, 76], [94, 82, 75])
1	0.521513025918062	0.5685029781208726	([113, 91], [113, 103, 96])
1	0.552445725663412	0.5690347338600905	([109, 82], [109, 105, 94])
1	0.5219817790896787	0.5717819791719406	([161, 118], [161, 127, 122])
1	0.5720473826934909	0.575183281081723	([64, 46], [68, 64, 46])
1	0.5493083467336688	0.5752621060845879	([178, 168], [178, 173, 168])
1	0.5647429269554505	0.575468108732863	([81, 45], [81, 44, 36])
1	0.492659469729763	0.5755766963222444	([166, 121], [166, 127, 121])
1	0.5679534308211789	0.5757572491652468	([176, 160], [176, 173, 168])
1	0.5656471694304587	0.5768503413532922	([68, 48], [65, 63, 48])
1	0.5488423575338065	0.5791106718673742	([161, 36], [161, 36, 30])
1	0.5506286802533924	0.579943935493407	([242, 160], [242, 234, 233])
1	0.5479453363945587	0.5801102595873376	([163, 62], [163, 70, 62])
1	0.5748442037137202	0.5802027556411886	([162, 26], [162, 39, 31])
1	0.5764053203351754	0.5803232336293875	([249, 91], [249, 236, 235])
1	0.5673649733593893	0.5817125727780003	([91, 60], [91, 68, 62])
1	0.5656812675257022	0.5818868237177401	([66, 47], [66, 63, 48])
1	0.5827746597278304	0.5829424062905592	([162, 123], [162, 123, 116])
1	0.5824028921667332	0.5835815562748562	([136, 81], [136, 123, 117])
1	0.5823416676679676	0.5838433435857984	([237, 168], [247, 237, 235])
1	0.5780805802151022	0.5844290452650082	([67, 29], [91, 67, 60])
1	0.5817696156400671	0.5844349654685665	([162, 51], [162, 51, 42])
1	0.5624007562716613	0.5844775058854319	([162, 113], [162, 130, 119])
1	0.5543470863150837	0.5854219764824556	([161, 49], [161, 49, 29])
1	0.5113530339492254	0.585529342488662	([81, 27], [81, 59, 45])
1	0.5688099378570777	0.5861227774552704	([160, 29], [168, 160, 27])
1	0.5635718867928419	0.5866026101375584	([91, 68], [91, 68, 46])
1	0.5738001770655409	0.5869511791391415	([76, 59], [81, 75, 59])
1	0.5750419200050096	0.5874078606118768	([162, 140], [162, 140, 135])
1	0.5365464318446337	0.587437344410692	([259, 165], [259, 249, 246])
1	0.5829635795643575	0.5908568696419331	([168, 131], [168, 160, 127])
1	0.548471182229246	0.5921249941587917	([379, 191], [379, 374, 373])
1	0.5663137189554093	0.5937718119214992	([164, 73], [164, 162, 69])
1	0.5708774696462261	0.5941714532314143	([162, 39], [162, 63, 49])
1	0.5744826065622297	0.5957006941273589	([109, 76], [140, 136, 76])
1	0.5602623405619737	0.595719994876245	([76, 65], [76, 65, 57])
1	0.5940871420946694	0.5959726437240084	([160, 68], [160, 68, 50])
1	0.5399220887946631	0.5962508864721513	([141, 76], [117, 107, 98])
1	0.596092767153903	0.5975079811568847	([115, 93], [115, 109, 76])
1	0.5135798668161276	0.5975391525779224	([106, 81], [106, 95, 91])
1	0.5560719642862706	0.597925216054239	([131, 82], [123, 115, 82])
1	0.5369374444315378	0.5991156703493188	([168, 31], [168, 83, 31])
1	0.5086886046540883	0.5992410208943448	([169, 134], [169, 138, 134])
1	0.5195400975941309	0.5993923087227776	([91, 29], [89, 76, 65])
1	0.5978189583739858	0.6002788810722655	([184, 138], [184, 138, 128])
1	0.5069724524536178	0.6020175993314373	([232, 172], [232, 179, 164])
1	0.5633799358928411	0.6032440497757435	([82, 27], [82, 66, 64])
1	0.5677310420999314	0.6034719182683251	([76, 37], [76, 65, 31])
1	0.5915484303001257	0.603576104756949	([386, 354], [386, 376, 371])
1	0.5345928182706254	0.6040714216684254	([168, 83], [160, 89, 87])
1	0.5657302184902492	0.6048603452632766	([239, 162], [237, 232, 164])
1	0.49774042101307886	0.6057046633733852	([169, 156], [169, 157, 138])
1	0.5419289106051534	0.6061973748330292	([160, 144], [160, 155, 144])
1	0.6048973039366744	0.6108731781404815	([168, 67], [168, 67, 57])
1	0.6111940999139542	0.6122150756957999	([260, 160], [260, 251, 245])
1	0.6034680578670372	0.6139021293570879	([290, 267], [290, 283, 282])
1	0.6087060415054065	0.6178878304620371	([332, 286], [333, 332, 286])
1	0.6027070353799026	0.6181906799795277	([139, 102], [139, 128, 82])
1	0.6056289472260451	0.6197788102640963	([147, 13], [147, 24, 13])
1	0.6113473983500062	0.6205100154852529	([181, 168], [181, 176, 174])
1	0.5680631057939118	0.6205100154852529	([189, 181], [189, 181, 176])
1	0.4918111316467607	0.6205100154852529	([188, 178], [191, 181, 176])
1	0.589171430242318	0.6220986401276174	([319, 160], [319, 308, 163])
1	0.5581149995506665	0.6220986401276174	([319, 163], [319, 308, 307])
1	0.6112957036047904	0.622143450113916	([158, 137], [158, 137, 136])
1	0.5877637841758435	0.6232053797491893	([450, 421], [450, 438, 437])
1	0.6178365908096066	0.6240756033499867	([155, 74], [155, 152, 74])
1	0.5195289064271403	0.6248151945742653	([165, 113], [165, 121, 113])
1	0.6155656838378845	0.6250717869211407	([292, 266], [292, 283, 282])
1	0.5906864845794106	0.6256536613320169	([333, 290], [333, 327, 293])
1	0.5808796419086134	0.6257656897560957	([168, 73], [168, 67, 31])
1	0.6248400300890986	0.6261183346697322	([124, 92], [124, 115, 92])
1	0.5558837170948003	0.6283901924439681	([92, 53], [92, 70, 55])
1	0.5618391632398808	0.6284297073124878	([162, 69], [133, 82, 67])
1	0.5236621720450172	0.6293964621239939	([164, 134], [162, 155, 140])
1	0.5263984682865922	0.630198151273572	([232, 160], [232, 178, 160])
1	0.5780646102030418	0.6302918474550107	([247, 168], [259, 247, 246])
1	0.6247979116746101	0.6307774171238093	([330, 292], [330, 317, 292])
1	0.5449741604874853	0.6316119402869655	([169, 85], [169, 129, 88])
1	0.6183240968949462	0.6323674271801512	([294, 280], [294, 293, 280])
1	0.6283506576780764	0.6326396123007915	([79, 56], [79, 69, 59])
1	0.5950126003334435	0.6331465918227379	([390, 355], [390, 378, 370])
1	0.5693176493011398	0.6334582921165692	([156, 82], [156, 139, 138])
1	0.5283323927146605	0.6336104578739638	([158, 91], [158, 155, 140])
1	0.6169326285582057	0.6336435685337345	([97, 60], [97, 82, 75])
1	0.628861886120435	0.6341520692993612	([76, 23], [152, 141, 23])
1	0.6093417889872615	0.6353198721988343	([155, 92], [157, 138, 92])
1	0.6104282602654183	0.6354939321570081	([350, 289], [349, 333, 285])
1	0.6159874819887513	0.6356127097257315	([285, 81], [285, 277, 273])
1	0.6028552188818355	0.6358684005624778	([74, 23], [76, 31, 25])
1	0.6323658701348016	0.6379307077210954	([336, 284], [336, 333, 285])
1	0.6107124225182919	0.6391887980026341	([146, 22], [146, 141, 23])
1	0.5419906780234551	0.6398465210305645	([164, 83], [164, 83, 65])
1	0.5017669587784714	0.6402200335524784	([160, 134], [160, 133, 89])
1	0.6304537621871092	0.6405884544724664	([132, 28], [132, 92, 28])
1	0.6342767672648905	0.6406479828537721	([394, 372], [394, 385, 372])
1	0.6000114589009128	0.6407428549796154	([147, 24], [147, 146, 22])
1	0.6200772812079356	0.64127640054589	([401, 162], [409, 401, 390])
1	0.6420648851082891	0.6420726422826979	([344, 282], [350, 344, 282])
1	0.6355067552601131	0.6431512156284768	([147, 59], [147, 59, 24])
1	0.5062472392557413	0.6431833437780313	([161, 29], [161, 127, 29])
1	0.5975334667066938	0.6440060545273745	([144, 82], [156, 144, 138])
1	0.6381226624982351	0.6453915208474936	([256, 82], [267, 256, 251])
1	0.5338193359608523	0.6469249726187918	([163, 70], [163, 62, 30])
1	0.623350793984933	0.6470629947789436	([153, 21], [153, 141, 23])
1	0.600392830276984	0.647122971623044	([164, 114], [164, 129, 114])
1	0.6127199052013415	0.6479032570835023	([279, 91], [279, 257, 255])
1	0.6125523620907906	0.6481108182348774	([118, 73], [123, 118, 73])
1	0.6250094333073696	0.6486748213796084	([147, 94], [156, 147, 144])
1	0.6054181965805451	0.6487397413811238	([75, 22], [75, 34, 25])
1	0.644055532759242	0.6488548164827306	([309, 168], [301, 294, 168])
1	0.621076865919382	0.6492456342968754	([283, 92], [283, 265, 255])
1	0.5798378327606147	0.6507006746823757	([123, 81], [140, 94, 81])
1	0.6388648116819763	0.6507565824963089	([146, 79], [146, 79, 74])
1	0.5539753059857259	0.6509934853209414	([154, 81], [154, 141, 140])
1	0.5998716463763496	0.6511308289891579	([152, 75], [74, 56, 23])
1	0.608809444957561	0.651958305454098	([162, 87], [162, 130, 87])
1	0.64495621920989	0.6527437529581158	([154, 25], [154, 141, 23])
1	0.647036576472868	0.6533913985592077	([295, 279], [295, 290, 281])
1	0.5052857264921663	0.6540630672791565	([171, 168], [232, 164, 158])
1	0.6023964790925842	0.6551238485527289	([382, 160], [375, 357, 350])
1	0.6483727505712539	0.6572861092266769	([386, 168], [410, 402, 168])
1	0.6491220588871955	0.6573084584599476	([117, 44], [117, 73, 72])
1	0.6264302262987298	0.6575918232895851	([151, 112], [142, 141, 112])
1	0.652997946276441	0.6601785075573753	([137, 25], [142, 137, 25])
1	0.6262133190295753	0.6609490531572805	([274, 164], [263, 247, 168])
1	0.5170247216241615	0.6609805677090901	([163, 96], [163, 130, 96])
1	0.6169298928378231	0.6611288398965096	([151, 12], [152, 144, 15])
1	0.6598034117941186	0.6613507472027	([103, 62], [103, 97, 62])
1	0.6397773267784391	0.6615704629582002	([148, 14], [151, 148, 14])
1	0.5015255498523993	0.6619134250310175	([160, 93], [160, 158, 130])
1	0.6566867768972969	0.662866069793302	([250, 147], [250, 240, 147])
1	0.6631429242958121	0.6632025089303287	([118, 34], [129, 118, 34])
1	0.6352199968867024	0.6643594903727168	([262, 76], [262, 244, 242])
1	0.5577698020674906	0.6655540604722328	([259, 168], [239, 168, 83])
1	0.5510671667249747	0.6655540604722328	([239, 91], [239, 232, 83])
1	0.5867922716653292	0.6657474743777618	([160, 111], [160, 111, 93])
1	0.6583695689361577	0.6660280243325779	([327, 168], [327, 313, 168])
1	0.6315338328962745	0.6664435375711023	([92, 14], [111, 92, 22])
1	0.6559318131722462	0.6664890107645953	([376, 147], [403, 383, 147])
1	0.6575701424234875	0.6669967641756511	([408, 353], [408, 377, 372])
1	0.6627071029149391	0.6670167710204555	([143, 55], [141, 139, 55])
1	0.5850782104397896	0.6675893872377126	([266, 162], [266, 249, 243])
1	0.6504465536135677	0.6679848103065364	([354, 277], [354, 349, 285])
1	0.6634857340590166	0.6683423635911081	([295, 264], [295, 279, 278])
1	0.5024837208049701	0.6689869984650803	([162, 159], [171, 169, 157])
1	0.6521876016433912	0.6690206652112903	([175, 159], [232, 174, 159])
1	0.6575251866385275	0.6690206652112903	([234, 159], [234, 232, 159])
1	0.6220768092952638	0.6691491930481881	([354, 329], [354, 350, 331])
1	0.6392688767312208	0.6696601052809104	([112, 36], [112, 72, 67])
1	0.6691750203947177	0.6700722141110323	([305, 147], [326, 308, 147])
1	0.5775805977734485	0.6710532605867057	([298, 160], [294, 278, 263])
1	0.5043356977797491	0.6711324468776079	([94, 81], [161, 74, 36])
1	0.600921091196223	0.672936856079639	([389, 91], [410, 389, 387])
1	0.6733008954316583	0.6738702686456276	([372, 286], [372, 347, 332])
1	0.6249483248711055	0.674270681441296	([410, 354], [410, 403, 354])
1	0.6570098132989785	0.6747722903979406	([450, 373], [416, 405, 373])
1	0.6664100022797089	0.6750805608936176	([363, 323], [363, 354, 323])
1	0.6398960940260444	0.675128407067697	([355, 309], [355, 354, 312])
1	0.5130609329359613	0.6756098546520197	([143, 91], [143, 112, 94])
1	0.6254098056380488	0.6759842032813257	([173, 82], [179, 173, 82])
1	0.6762519194453093	0.6767678469053305	([354, 251], [354, 277, 262])
1	0.6556177957086956	0.6769057589260016	([74, 4], [74, 21, 10])
1	0.5195421467373612	0.6772071846255666	([163, 30], [163, 96, 27])
1	0.618583640433481	0.6780645063969908	([175, 93], [175, 159, 157])
1	0.673484829904393	0.6784291248389915	([365, 76], [365, 350, 349])
1	0.6754024665552066	0.6788761795825534	([234, 82], [256, 241, 82])
1	0.6024750191882746	0.678902656511522	([81, 14], [81, 75, 18])
1	0.6761287261915623	0.6796438468363357	([404, 76], [404, 398, 76])
1	0.6535918922217209	0.6805424231109444	([328, 278], [328, 289, 285])
1	0.6795860531486666	0.6812396417983045	([375, 292], [375, 350, 282])
1	0.647927927366661	0.6812826322253757	([168, 15], [168, 149, 15])
1	0.6789258945812887	0.6813271698719856	([297, 260], [297, 289, 275])
1	0.5120731473475473	0.6822570939134786	([179, 162], [181, 171, 169])
1	0.6691258658739174	0.6824626283714654	([373, 283], [373, 349, 289])
1	0.6073872832693309	0.6830295223862456	([252, 81], [273, 252, 249])
1	0.6495669228650094	0.6835609069046219	([189, 96], [189, 96, 26])
1	0.5460979157749096	0.6839173582513823	([169, 28], [169, 88, 28])
1	0.6454931410126358	0.6842556224031554	([175, 132], [175, 93, 64])
1	0.6792248823711875	0.684989873849314	([448, 150], [448, 150, 10])
1	0.6847756416397895	0.6860808993097703	([418, 82], [441, 436, 82])
1	0.676388425917815	0.6862245668549303	([82, 21], [82, 26, 23])
1	0.6646532104008442	0.6869653756861317	([109, 13], [109, 75, 13])
1	0.6468193926321975	0.6875492718695154	([73, 19], [109, 107, 13])
1	0.6809533984811412	0.6882017293743286	([334, 82], [352, 351, 82])
1	0.6709125647018356	0.6886002069742349	([450, 286], [450, 347, 286])
1	0.6808527855777278	0.6886005029407307	([445, 3], [448, 445, 1])
1	0.6666911883609641	0.6892821360313388	([326, 76], [326, 290, 282])
1	0.6828932744097441	0.6897294545036782	([336, 20], [338, 336, 148])
1	0.655333916983333	0.6898144418592955	([146, 106], [146, 106, 98])
1	0.6783077927039386	0.6906886216498155	([376, 290], [376, 348, 335])
1	0.6116631645824484	0.6907561729488132	([176, 76], [172, 159, 157])
1	0.6538128919011366	0.6909466787927611	([268, 147], [279, 250, 248])
1	0.6744102656250036	0.6909748986044463	([145, 83], [145, 137, 94])
1	0.5202569608354053	0.6909974117724	([250, 161], [250, 234, 233])
1	0.608748857406347	0.6915354494588722	([440, 146], [448, 440, 145])
1	0.6719509206358151	0.6922223635838269	([448, 350], [448, 447, 338])
1	0.5154314913724671	0.6928396492947481	([165, 156], [165, 156, 132])
1	0.6448663708368028	0.6931159709924489	([355, 245], [355, 334, 285])
1	0.69301582445386	0.6935266340705344	([232, 33], [232, 83, 33])
1	0.6651324205890605	0.6936902397564727	([234, 108], [234, 157, 25])
1	0.6126671974802267	0.694349367199884	([296, 76], [290, 249, 234])
1	0.6781091858418841	0.6943774580598743	([311, 256], [311, 298, 256])
1	0.6362125844323687	0.6945577937112752	([171, 29], [171, 130, 65])
1	0.6913745853563339	0.6950869332956572	([380, 307], [380, 307, 295])
1	0.694961572185778	0.6951976905752545	([407, 337], [407, 375, 353])
1	0.5730319442290582	0.6954046018185587	([235, 169], [235, 234, 157])
1	0.6820756769461674	0.695922882075281	([175, 170], [175, 174, 170])
1	0.6299056957460074	0.6966955421883647	([267, 82], [239, 234, 82])
1	0.6365467863775689	0.6969358030112586	([232, 112], [232, 156, 126])
1	0.6558098234310712	0.697699870219889	([355, 104], [354, 104, 75])
1	0.6824688888566702	0.6977386613152988	([316, 257], [312, 304, 257])
1	0.5073956087200493	0.6985423855945296	([163, 128], [232, 163, 70])
1	0.6984084050998015	0.698933643082109	([378, 264], [378, 264, 234])
1	0.6863508143140333	0.69899000537048	([93, 15], [151, 98, 15])
1	0.613779992863273	0.6991039088534693	([354, 171], [354, 240, 173])
1	0.6878504150490006	0.6999067620964944	([380, 258], [380, 361, 295])
1	0.6630939330376043	0.7002366857805186	([450, 346], [423, 334, 285])
1	0.6964099037256235	0.7004310417944634	([295, 232], [295, 255, 244])
1	0.5283441225097887	0.7006336653045802	([165, 71], [165, 156, 71])
1	0.5953223717594891	0.7007826608393192	([296, 91], [296, 276, 257])
1	0.664998773640762	0.7007826608393192	([310, 261], [304, 296, 257])
1	0.6957734422461379	0.7008019284080969	([389, 294], [389, 355, 281])
1	0.5810254633838356	0.7010412574279417	([298, 162], [294, 254, 243])
1	0.5342768887121956	0.70106014164171	([179, 92], [174, 159, 156])
1	0.680475470439115	0.7012098653584105	([426, 372], [426, 413, 407])
1	0.6037174146895684	0.7014296399376652	([270, 81], [357, 292, 285])
1	0.7000630822208456	0.7019192079841845	([371, 296], [371, 359, 290])
1	0.6973925681812266	0.7019883153025365	([445, 340], [445, 444, 340])
1	0.6876711285255888	0.702219896194592	([421, 344], [421, 373, 357])
1	0.679158570494265	0.7024250624718457	([384, 308], [368, 354, 313])
1	0.6733884590990493	0.7026793366632639	([379, 306], [389, 379, 294])
1	0.65990401288066	0.7030299872045017	([423, 92], [450, 418, 347])
1	0.6854470236985067	0.7030826606210611	([421, 287], [421, 344, 287])
1	0.6881591546451931	0.7031684597971821	([293, 238], [293, 250, 242])
1	0.6768874434600418	0.7037479758038027	([347, 145], [347, 145, 21])
1	0.683278732770877	0.7037486290848862	([379, 257], [379, 355, 257])
1	0.6769547360870137	0.7039639323545542	([332, 112], [450, 336, 112])
1	0.6566424952362255	0.7040468663364912	([326, 147], [308, 288, 279])
1	0.6961464149634108	0.7040468663364912	([370, 279], [370, 308, 279])
1	0.6138571977787389	0.7044161776901757	([350, 74], [350, 141, 76])
1	0.6908657154418125	0.7045186598533305	([443, 15], [445, 443, 3])
1	0.6382450136376863	0.7049947126152185	([410, 168], [386, 355, 354])
1	0.7040554247478576	0.7051713852235714	([420, 292], [420, 349, 288])
1	0.6873997537718144	0.7052530496436645	([356, 325], [356, 354, 310])
1	0.5269599095163205	0.7053299614408337	([305, 163], [308, 232, 163])
1	0.6991037464031581	0.7059062139026527	([386, 82], [418, 402, 82])
1	0.6965582573199837	0.7060889790822008	([441, 335], [427, 422, 341])
1	0.6985054190066436	0.7062551452688146	([385, 302], [385, 379, 306])
1	0.6976462935457364	0.7064185020120313	([367, 319], [373, 367, 311])
1	0.7028120835673147	0.7065699503089538	([404, 248], [404, 373, 292])
1	0.693447434185488	0.7067413000661489	([450, 73], [450, 53, 15])
1	0.684781694430642	0.7068595361856328	([443, 348], [425, 422, 341])
1	0.6373565157653232	0.7069752624114597	([432, 81], [447, 432, 420])
1	0.6983219591024247	0.7069969186669395	([406, 234], [379, 378, 264])
1	0.6832723712392416	0.7073728119943071	([444, 341], [445, 440, 346])
1	0.6970890287798337	0.7074665672484204	([306, 237], [306, 265, 237])
1	0.5998174602704966	0.7083152672362817	([357, 160], [375, 372, 249])
1	0.6019653290819237	0.7083689359103618	([350, 76], [450, 347, 0])
1	0.699887378702115	0.7088734098706861	([387, 254], [408, 387, 278])
1	0.651109909410934	0.7091778998005901	([440, 76], [439, 421, 418])
1	0.6970228231792078	0.7095208284830953	([294, 82], [307, 267, 259])
1	0.6953871425218223	0.7100990939149096	([386, 244], [386, 368, 232])
1	0.5035696397367583	0.7101308452222069	([161, 127], [187, 134, 32])
1	0.6371761374867717	0.7102736051297509	([447, 81], [447, 149, 1])
1	0.6746648786105571	0.7106266475449812	([441, 82], [445, 441, 4])
1	0.48856205619558535	0.7115427599181756	([161, 159], [161, 159, 118])
1	0.6067463074192103	0.7117228411755195	([242, 76], [242, 112, 107])
1	0.6920550593935613	0.7119984517909367	([446, 151], [446, 151, 15])
1	0.463412668578115	0.7125489002068394	([167, 110], [167, 110, 100])
1	0.6984601999701556	0.7135078925650933	([439, 345], [439, 428, 345])
1	0.6909956736473162	0.714807730566067	([334, 2], [339, 334, 2])
1	0.6833327377755236	0.714807730566067	([339, 153], [447, 339, 2])
1	0.7037446866096746	0.7151220170568674	([377, 265], [377, 292, 286])
1	0.7019491019187768	0.7154816722253889	([390, 317], [390, 355, 312])
1	0.7031405683303663	0.7157795396677514	([406, 343], [406, 360, 359])
1	0.6939176248866084	0.7158031949996803	([401, 329], [401, 396, 329])
1	0.7137664340112714	0.7163063779733518	([382, 263], [384, 382, 263])
1	0.6965718185318799	0.7166753165809899	([233, 44], [233, 160, 155])
1	0.7130011755416977	0.7170446919311316	([174, 36], [174, 133, 66])
1	0.653393298774293	0.7176518797358684	([405, 147], [405, 286, 279])
1	0.7157845084005997	0.7176518797358684	([406, 279], [406, 405, 279])
1	0.7176396561137626	0.7181223104376272	([382, 305], [382, 380, 315])
1	0.68086754740866	0.7182515390390048	([341, 15], [337, 336, 15])
1	0.6771725693019757	0.7182515390390048	([338, 148], [450, 336, 15])
1	0.7124218699466387	0.7187018711490132	([450, 158], [450, 158, 73])
1	0.6535909911600747	0.7190833650406118	([351, 82], [334, 145, 144])
1	0.6164554847792851	0.7191542186802338	([414, 81], [432, 414, 410])
1	0.704431174253764	0.719298602643932	([446, 359], [446, 427, 335])
1	0.7116598586759899	0.7196881645141425	([388, 236], [389, 388, 253])
1	0.7180422688232752	0.7209162146230057	([370, 175], [370, 355, 175])
1	0.7000883571025219	0.7217506813278722	([407, 267], [407, 329, 289])
1	0.7060943204663341	0.722024878142054	([284, 74], [340, 286, 284])
1	0.704349856496698	0.7220504232333155	([388, 326], [388, 326, 280])
1	0.6357810508811834	0.7223928000618235	([189, 26], [189, 176, 26])
1	0.7176758870468928	0.7225516980020372	([391, 266], [391, 377, 265])
1	0.7151296959785627	0.7227268852701584	([370, 235], [370, 263, 256])
1	0.6903100289467087	0.7231824295076869	([355, 83], [355, 104, 83])
1	0.6100214593389817	0.7234139167912641	([302, 164], [302, 252, 232])
1	0.7237949175025429	0.7239030877580056	([414, 332], [414, 396, 332])
1	0.548860583968295	0.7240342678016952	([429, 165], [429, 404, 335])
1	0.6011827076555727	0.7247406745810013	([184, 99], [184, 128, 99])
1	0.7146574659441213	0.7253190146465984	([419, 326], [419, 389, 326])
1	0.6786050259351764	0.7253215548261218	([442, 354], [442, 425, 340])
1	0.5909440743017772	0.725410076502222	([184, 42], [184, 99, 42])
1	0.7094704238759667	0.7256544822298432	([443, 153], [448, 443, 153])
1	0.5635306523881447	0.7259792479975453	([450, 1], [350, 282, 273])
1	0.6981331981372553	0.726930982519634	([241, 74], [241, 82, 34])
1	0.7261233003272181	0.727195896906174	([398, 275], [398, 275, 263])
1	0.7222399411249437	0.7272661879304796	([274, 93], [274, 263, 93])
1	0.6757965349219143	0.7273795982389191	([247, 143], [247, 232, 133])
1	0.7231187062802474	0.7274330426998625	([418, 255], [418, 371, 279])
1	0.6400717310437577	0.7279801136205436	([189, 154], [189, 154, 96])
1	0.6970728742682096	0.7288557223820894	([287, 146], [343, 287, 281])
1	0.6919685185531367	0.7289732809049889	([290, 151], [337, 289, 151])
1	0.7260114518888389	0.7295804760918075	([416, 322], [416, 390, 373])
1	0.6269929550325862	0.730936179820637	([450, 112], [450, 151, 112])
1	0.6004555163056398	0.7310749669621412	([410, 91], [389, 245, 244])
1	0.7162908844414313	0.7315377273635977	([342, 149], [342, 339, 149])
1	0.7162931134640255	0.731778158728259	([248, 55], [248, 236, 136])
1	0.6701023559189763	0.7326767937401638	([374, 146], [374, 333, 146])
1	0.5772878537743963	0.7327107980033016	([354, 75], [354, 171, 105])
1	0.6733185662539437	0.7327358534064079	([442, 147], [442, 351, 340])
1	0.5969019706162678	0.7334390790849942	([357, 81], [432, 341, 285])
1	0.6122512035214934	0.7350057338189666	([330, 184], [330, 304, 278])
1	0.6942134545531462	0.7350067299160205	([412, 241], [412, 407, 241])
1	0.6408969623602159	0.7351294844076189	([389, 92], [401, 316, 258])
1	0.5463323672659515	0.7353610315550524	([169, 60], [169, 157, 60])
1	0.6313738538481842	0.7354629457019732	([316, 92], [423, 401, 372])
1	0.6645799882484776	0.7361788687330719	([344, 92], [423, 344, 333])
1	0.7361833291129116	0.7370179835619047	([393, 324], [393, 324, 283])
1	0.7251700635910336	0.7373115091899861	([286, 141], [286, 146, 141])
1	0.7373762815224658	0.7382252719943515	([402, 250], [402, 304, 264])
1	0.6793167502150396	0.7384140005237224	([348, 143], [348, 334, 145])
1	0.5874389020821638	0.7389049427334313	([265, 92], [243, 232, 99])
1	0.7023061068062033	0.739895652285414	([450, 238], [450, 385, 372])
1	0.4999089684500795	0.7407777359555118	([170, 169], [231, 182, 170])
1	0.7289292307838788	0.7409367110679006	([436, 20], [436, 337, 20])
1	0.6451212213779641	0.7421535673189142	([236, 147], [351, 237, 141])
1	0.7376391657438267	0.7426236171291835	([256, 114], [256, 254, 28])
1	0.73927927142356	0.7427036946235954	([130, 12], [130, 118, 12])
1	0.7382119911901636	0.7434159960400213	([372, 55], [372, 293, 55])
1	0.7051212742544306	0.7449467203571021	([280, 83], [280, 275, 83])
1	0.7418879890711476	0.7450017605359461	([252, 35], [252, 232, 83])
1	0.7385773446000519	0.7469718249313121	([332, 60], [332, 112, 60])
1	0.7119521227733765	0.7475907318859346	([397, 145], [422, 397, 145])
1	0.6559156135824064	0.7478180503836702	([406, 189], [406, 266, 234])
1	0.5558114969418314	0.747906387919328	([361, 163], [361, 298, 288])
1	0.7435332420510329	0.7481780065710142	([174, 18], [174, 56, 36])
1	0.7395380840560285	0.7485504780785387	([433, 248], [433, 404, 356])
1	0.7360105285538457	0.7486432866121727	([405, 109], [421, 405, 109])
1	0.726638405557279	0.7486969385594798	([355, 6], [444, 342, 6])
1	0.5899153173059491	0.7498662567176735	([409, 162], [410, 267, 255])
1	0.7267067194329974	0.7503026869419414	([348, 73], [348, 145, 19])
1	0.5681064923500365	0.7514040120719442	([417, 161], [417, 381, 250])
1	0.7186574744644251	0.7518703029337868	([301, 74], [301, 241, 239])
1	0.7238806531930521	0.7522762732016179	([250, 57], [252, 250, 57])
1	0.7336199582754352	0.7529438496371106	([346, 174], [357, 346, 174])
1	0.7492947286305777	0.752996265760375	([434, 260], [434, 388, 332])
1	0.6749582532571499	0.7532836618451364	([409, 174], [409, 389, 174])
1	0.7455789153366958	0.7552420415990214	([270, 12], [287, 270, 12])
1	0.7488772587301128	0.7554141190483514	([280, 111], [280, 237, 234])
1	0.7100228554301117	0.755657424061921	([409, 74], [409, 354, 350])
1	0.7112379746209796	0.7560520938069082	([364, 143], [371, 364, 143])
1	0.7164761220148845	0.7571747700185357	([258, 41], [355, 258, 41])
1	0.7440999538646841	0.7574340196012491	([359, 72], [359, 234, 78])
1	0.7241997574662457	0.7575689403975812	([412, 102], [412, 363, 112])
1	0.7531099420045034	0.7575950623407004	([264, 106], [264, 244, 106])
1	0.5379989894429381	0.7577197198481126	([191, 35], [191, 84, 35])
1	0.5006404288930323	0.757853738955497	([233, 161], [233, 161, 159])
1	0.5361425570048274	0.7581441608090027	([304, 165], [304, 259, 168])
1	0.7559130032680704	0.7585351498417605	([289, 78], [289, 250, 78])
1	0.5464455344979767	0.7593252556833696	([238, 191], [238, 231, 191])
1	0.6111988170055174	0.7598003190027224	([336, 162], [410, 336, 276])
1	0.7412633939416435	0.7620071927536305	([266, 97], [266, 233, 117])
1	0.7484223388004102	0.7638196991852954	([396, 151], [405, 396, 151])
1	0.7558159842871721	0.7649307732233609	([281, 56], [281, 249, 56])
1	0.7537514318971307	0.7652532424878132	([367, 77], [407, 367, 233])
1	0.7610688458665322	0.7653721886863357	([295, 49], [295, 278, 49])
1	0.740464791875326	0.766102935493459	([407, 77], [407, 248, 233])
1	0.6300257050350903	0.7668347766920686	([414, 164], [414, 315, 275])
1	0.7584364394301852	0.7678351093912392	([403, 46], [403, 147, 68])
1	0.7627223909075227	0.7687083277233095	([421, 175], [421, 281, 175])
1	0.7206126747744778	0.7696793651811309	([332, 17], [353, 332, 17])
1	0.7614307422922189	0.7700677842751483	([418, 135], [418, 244, 235])
1	0.7720898815543584	0.7724332704551208	([378, 138], [378, 287, 249])
1	0.4943330978680246	0.7729194752695556	([181, 169], [178, 165, 131])
1	0.5603028496293665	0.7737803120751888	([306, 169], [306, 235, 232])
1	0.7536341326938633	0.7752880381010506	([311, 38], [403, 311, 38])
1	0.5289424962137569	0.7765338968698244	([191, 84], [191, 176, 35])
1	0.7748192348852859	0.7767501519263118	([315, 64], [315, 272, 64])
1	0.6395251908596709	0.7778118691356185	([266, 189], [406, 189, 154])
1	0.5337992943159153	0.7802667252101787	([381, 166], [381, 299, 241])
1	0.7307667846144911	0.7805531077844716	([298, 109], [357, 298, 160])
1	0.6331945811157405	0.7809569399590798	([438, 160], [438, 357, 235])
1	0.7625163396321752	0.7811334349182646	([413, 106], [413, 241, 106])
1	0.5254132725513528	0.7811722802910507	([404, 165], [404, 304, 235])
1	0.4920060555973071	0.782482761963046	([166, 127], [179, 166, 127])
1	0.523036037037082	0.7832773678122864	([299, 166], [299, 243, 236])
1	0.7685368487457592	0.7833451149800943	([396, 26], [396, 312, 254])
1	0.49117968859202726	0.7879659024923251	([178, 165], [188, 176, 52])
1	0.7790251026139895	0.7901142278835775	([441, 54], [441, 285, 54])
1	0.5071326857047609	0.7908734615609254	([243, 166], [243, 179, 166])
1	0.768531407533314	0.7917762389298115	([400, 50], [400, 248, 50])
1	0.5489644680543044	0.7929089921944209	([271, 166], [299, 271, 235])
1	0.5203812378389888	0.7951566469616758	([243, 165], [249, 165, 125])
1	0.5346797766590179	0.7978898864489988	([374, 191], [374, 238, 191])
1	0.581271980841951	0.7984517796764108	([298, 190], [298, 190, 179])
1	0.5916224693405924	0.8173900187584416	([180, 81], [180, 81, 65])
1	0.6640275770453149	0.829316813773634	([164, 8], [164, 159, 8])
1	0.6013284288349424	0.8329997329657631	([190, 113], [190, 113, 58])
1	0.4905634017077861	0.8334983554252486	([188, 52], [188, 142, 52])
1	0.5904907991213397	0.8413719220381641	([184, 128], [304, 184, 138])
1	0.5992301449610336	0.857771522719235	([190, 58], [190, 181, 58])
1	0.5790990476665976	0.8608141474698008	([185, 43], [185, 176, 43])
1	0.48549823735879777	0.8797908080404466	([188, 142], [233, 187, 32])
1	0.48249163336190243	0.8919986074530468	([187, 134], [170, 167, 100])
1	0.49342678695078646	0.9069088955187209	([303, 187], [303, 234, 187])
1	0.5813328870308376	0.9335769130438317	([304, 184], [190, 184, 179])
0	0.0	0.966527773253099	([449], [449, 448])
1	0.9951082367778501	0.9967340978350179	([449, 160], [449, 440, 439])
1	0.9973750084017176	0.998723303052454	([449, 92], [449, 423, 92])
0	0.0	1.0	([192], [192, 0])
0	0.0	1.0	([193], [193, 0])
0	0.0	1.0	([194], [194, 0])
0	0.0	1.0	([195], [195, 0])
0	0.0	1.0	([196], [196, 0])
0	0.0	1.0	([197], [197, 0])
0	0.0	1.0	([198], [198, 0])
0	0.0	1.0	([199], [199, 0])
0	0.0	1.0	([200], [200, 0])
0	0.0	1.0	([201], [201, 0])
0	0.0	1.0	([202], [202, 0])
0	0.0	1.0	([203], [203, 0])
0	0.0	1.0	([204], [204, 0])
0	0.0	1.0	([205], [205, 0])
0	0.0	1.0	([206], [206, 0])
0	0.0	1.0	([207], [207, 0])
0	0.0	1.0	([208], [208, 0])
0	0.0	1.0	([209], [209, 0])
0	0.0	1.0	([210], [210, 0])
0	0.0	1.0	([211], [211, 0])
0	0.0	1.0	([212], [212, 0])
0	0.0	1.0	([213], [213, 0])
0	0.0	1.0	([214], [214, 0])
0	0.0	1.0	([215], [215, 0])
0	0.0	1.0	([216], [216, 0])
0	0.0	1.0	([217], [217, 0])
0	0.0	1.0	([218], [218, 0])
0	0.0	1.0	([219], [219, 0])
0	0.0	1.0	([220], [220, 0])
0	0.0	1.0	([221], [221, 0])
0	0.0	1.0	([222], [222, 0])
0	0.0	1.0	([223], [223, 0])
0	0.0	1.0	([224], [224, 0])
0	0.0	1.0	([225], [225, 0])
0	0.0	1.0	([226], [226, 0])
0	0.0	1.0	([227], [227, 0])
0	0.0	1.0	([228], [228, 0])
0	0.0	1.0	([229], [229, 0])
0	0.0	1.0	([230], [230, 0])
0	0.0	inf	([0], [])
