0	0.0	0.24046055148941728	([162], [162, 161])
0	0.0	0.24914606463393685	([150], [150, 149])
0	0.0	0.2547809546517479	([152], [152, 151])
0	0.0	0.25968954794137206	([143], [143, 142])
0	0.0	0.26114940755068283	([159], [159, 158])
0	0.0	0.26157925699935336	([176], [176, 175])
0	0.0	0.26210550511485403	([56], [56, 55])
0	0.0	0.26215142782810896	([69], [69, 68])
0	0.0	0.262448219279297	([126], [126, 125])
0	0.0	0.26547440097532493	([127], [127, 126])
0	0.0	0.26561436853416354	([88], [88, 87])
0	0.0	0.26589599127148594	([101], [101, 100])
0	0.0	0.2661253012373328	([146], [146, 145])
0	0.0	0.2662191925171325	([148], [148, 147])
0	0.0	0.26811484150329634	([158], [158, 157])
0	0.0	0.2681407221107735	([138], [138, 137])
0	0.0	0.2688120687063474	([161], [161, 160])
0	0.0	0.27062622926095076	([169], [169, 168])
0	0.0	0.2713254115380167	([153], [153, 152])
0	0.0	0.27214811190847915	([106], [106, 105])
0	0.0	0.2728385646023774	([168], [168, 167])
0	0.0	0.2737334301671892	([75], [75, 74])
0	0.0	0.2742360746742683	([129], [129, 128])
0	0.0	0.2742390836650163	([118], [118, 117])
0	0.0	0.2751680680770053	([89], [89, 88])
0	0.0	0.27548221145342955	([102], [102, 101])
0	0.0	0.2772760673034413	([74], [74, 73])
0	0.0	0.2773072145412798	([111], [111, 110])
0	0.0	0.27920861671620073	([82], [82, 81])
0	0.0	0.28043951919454985	([125], [125, 124])
0	0.0	0.2807539963472358	([92], [92, 91])
0	0.0	0.28077461218872246	([197], [197, 196])
0	0.0	0.2808147047437016	([198], [198, 197])
0	0.0	0.2817442771120136	([142], [142, 141])
0	0.0	0.28297681945512415	([141], [141, 140])
0	0.0	0.2833126145158829	([174], [174, 173])
0	0.0	0.2835162672263051	([115], [115, 114])
0	0.0	0.2878360871662239	([199], [199, 198])
0	0.0	0.2880101135200201	([136], [136, 135])
0	0.0	0.2884863628905188	([154], [154, 153])
0	0.0	0.2890576837048987	([128], [128, 127])
0	0.0	0.2897388336052043	([114], [114, 113])
0	0.0	0.2902983045705609	([91], [91, 90])
0	0.0	0.2904524473115331	([105], [105, 104])
0	0.0	0.292333549789575	([139], [139, 138])
0	0.0	0.294765855522897	([61], [61, 60])
0	0.0	0.294999266388799	([116], [116, 115])
0	0.0	0.29530540992626947	([149], [149, 148])
0	0.0	0.296665970801665	([144], [144, 143])
0	0.0	0.2967713764588884	([151], [151, 150])
0	0.0	0.2972059652287044	([108], [108, 107])
0	0.0	0.29808130603329014	([137], [137, 136])
0	0.0	0.2981462225426017	([62], [62, 61])
0	0.0	0.29892548607449604	([68], [68, 67])
0	0.0	0.29950577054365896	([173], [173, 172])
0	0.0	0.30065440987541275	([107], [107, 106])
0	0.0	0.3008375290751083	([100], [100, 99])
0	0.0	0.3010636593073442	([110], [110, 109])
0	0.0	0.30165048113526743	([37], [37, 36])
0	0.0	0.3018729494298943	([124], [124, 123])
0	0.0	0.30212999263726054	([93], [93, 92])
0	0.0	0.30255889676586306	([64], [64, 63])
0	0.0	0.3038879914921771	([63], [63, 62])
0	0.0	0.3039082658318158	([156], [156, 155])
0	0.0	0.30411366520217825	([103], [103, 102])
0	0.0	0.3042134072077721	([147], [147, 146])
0	0.0	0.3053124430553829	([140], [140, 139])
0	0.0	0.3058557420907696	([104], [104, 103])
0	0.0	0.3080653284904458	([200], [200, 199])
0	0.0	0.3112403321778242	([170], [170, 169])
0	0.0	0.31219548719505935	([67], [67, 66])
0	0.0	0.3131429707319591	([192], [192, 191])
0	0.0	0.31425635324623713	([84], [84, 83])
0	0.0	0.31447178789157637	([36], [36, 35])
0	0.0	0.3166179450511262	([178], [178, 177])
0	0.0	0.31662776502576956	([165], [165, 164])
0	0.0	0.31673002513203635	([66], [66, 65])
0	0.0	0.3177145347139957	([90], [90, 89])
0	0.0	0.31791175536723076	([177], [177, 176])
0	0.0	0.3179236690051029	([131], [131, 130])
0	0.0	0.31832611940032524	([85], [85, 84])
0	0.0	0.3188312369711965	([175], [175, 174])
0	0.0	0.3188817479753207	([145], [145, 144])
0	0.0	0.3197054479766788	([58], [58, 57])
0	0.0	0.32004992202852117	([155], [155, 154])
0	0.0	0.32278426456173615	([117], [117, 116])
0	0.0	0.3249523662699643	([76], [76, 75])
0	0.0	0.32587752609660936	([83], [83, 82])
0	0.0	0.3275435520094222	([46], [46, 45])
0	0.0	0.32922546271956526	([193], [193, 192])
0	0.0	0.3316100807957006	([98], [98, 97])
0	0.0	0.3323662023528416	([65], [65, 64])
0	0.0	0.33237920821332995	([50], [50, 49])
0	0.0	0.3326886362862212	([166], [166, 165])
0	0.0	0.33325497544569654	([160], [160, 159])
0	0.0	0.3333862798625993	([157], [157, 156])
0	0.0	0.33387465037838543	([70], [70, 69])
0	0.0	0.3347026771074546	([191], [191, 190])
0	0.0	0.3348914153165476	([167], [167, 166])
0	0.0	0.33564585031102395	([196], [196, 195])
0	0.0	0.3357736806434136	([130], [130, 129])
0	0.0	0.33759762534320614	([185], [185, 184])
0	0.0	0.33775849025320176	([45], [45, 43])
0	0.0	0.3382354877211179	([99], [99, 98])
0	0.0	0.338720935938819	([109], [109, 108])
0	0.0	0.33915057389942055	([182], [182, 181])
0	0.0	0.3408629043038061	([112], [112, 110])
0	0.0	0.3416191320775053	([119], [119, 118])
0	0.0	0.3419486252160956	([113], [113, 112])
0	0.0	0.3426813359313466	([122], [122, 119])
0	0.0	0.34384593597654733	([164], [164, 163])
0	0.0	0.34646486765384915	([180], [180, 178])
0	0.0	0.34664784062163906	([73], [73, 72])
0	0.0	0.3474028273647206	([79], [79, 78])
0	0.0	0.35026810600482566	([87], [87, 86])
0	0.0	0.35069202149548906	([97], [122, 121])
0	0.0	0.35290184727337137	([163], [163, 162])
0	0.0	0.3537375667742449	([184], [184, 183])
0	0.0	0.35431072402869707	([57], [57, 56])
0	0.0	0.3587684716542812	([86], [86, 85])
0	0.0	0.3598294862726165	([188], [188, 187])
0	0.0	0.36006760281961736	([121], [97, 95])
0	0.0	0.3604129399436473	([40], [40, 38])
0	0.0	0.3621596896430597	([59], [59, 58])
0	0.0	0.36239748352952694	([94], [94, 93])
0	0.0	0.36344163687788683	([48], [48, 47])
0	0.0	0.3638267895680812	([53], [53, 52])
0	0.0	0.36394621436644237	([95], [97, 94])
0	0.0	0.367036315495699	([195], [195, 193])
0	0.0	0.3688729659865195	([187], [187, 185])
0	0.0	0.369122366162352	([123], [123, 122])
0	0.0	0.3709163895165259	([72], [72, 70])
0	0.0	0.37118097625159774	([133], [133, 131])
0	0.0	0.37142965205043094	([78], [78, 76])
0	0.0	0.37158251533175685	([60], [60, 59])
0	0.0	0.37176195428855124	([183], [183, 182])
0	0.0	0.3737070372970289	([31], [31, 30])
0	0.0	0.3774161968577265	([71], [71, 70])
0	0.0	0.3816872451474275	([49], [49, 47])
0	0.0	0.38373848132977234	([44], [44, 43])
0	0.0	0.3840873779523864	([43], [45, 41])
1	0.3858960279757928	0.3866277748808789	([184, 181], [184, 183, 181])
0	0.0	0.39168755353188406	([181], [181, 180])
0	0.0	0.3920437299034539	([30], [30, 29])
0	0.0	0.39235636156270953	([186], [186, 185])
0	0.0	0.39412768940393356	([47], [47, 46])
0	0.0	0.39433979818183307	([4], [4, 1])
0	0.0	0.40213033007743426	([55], [55, 54])
0	0.0	0.4021388881879657	([80], [80, 79])
0	0.0	0.4023776689088474	([51], [51, 50])
0	0.0	0.4054831407890705	([190], [190, 188])
0	0.0	0.4082591380662338	([54], [56, 53])
0	0.0	0.4087235088352783	([134], [134, 133])
1	0.4081526940212131	0.4097245997754557	([50, 48], [50, 49, 48])
0	0.0	0.41145340677747105	([5], [5, 1])
0	0.0	0.4126019517211927	([41], [43, 42])
0	0.0	0.4128792027684022	([52], [54, 51])
1	0.4130970925686875	0.4134769899609508	([78, 73], [78, 76, 73])
0	0.0	0.4137502794605742	([172], [172, 171])
0	0.0	0.4166999343721024	([77], [77, 76])
0	0.0	0.41684677585986724	([9], [9, 8])
0	0.0	0.41982205874328754	([81], [81, 80])
0	0.0	0.42198019363608663	([135], [135, 133])
0	0.0	0.42302660415538523	([28], [28, 27])
0	0.0	0.4254862806520766	([32], [32, 31])
0	0.0	0.42921233464373554	([27], [28, 26])
0	0.0	0.4293728220252012	([29], [31, 27])
0	0.0	0.42984133241675315	([132], [132, 131])
0	0.0	0.43010328097280115	([171], [172, 170])
0	0.0	0.43073434612986633	([201], [201, 179])
0	0.0	0.43685106737522866	([35], [35, 33])
0	0.0	0.439829612002137	([189], [189, 188])
0	0.0	0.4413623502256306	([120], [120, 119])
0	0.0	0.44139040389269707	([10], [10, 9])
0	0.0	0.4435986684778912	([33], [33, 32])
0	0.0	0.4443230249599513	([8], [10, 3])
0	0.0	0.44650634232718445	([2], [2, 0])
1	0.4439856294063534	0.4467004507403577	([29, 28], [30, 29, 27])
0	0.0	0.4468315249403956	([26], [35, 34])
0	0.0	0.44688347875347756	([179], [201, 96])
0	0.0	0.45131177798883176	([3], [3, 1])
0	0.0	0.4516997698277554	([194], [194, 23])
0	0.0	0.453115050329632	([96], [96, 95])
0	0.0	0.4593047447114225	([23], [194, 6])
0	0.0	0.4624290319957402	([34], [34, 6])
0	0.0	0.4628471487067892	([42], [132, 6])
0	0.0	0.4632238466877275	([6], [134, 39])
1	0.459669900912991	0.465041331498613	([53, 48], [53, 52, 51])
1	0.4344604525092095	0.465041331498613	([52, 51], [55, 53, 51])
0	0.0	0.4728339506731328	([25], [25, 5])
0	0.0	0.4749877161270081	([1], [10, 7])
0	0.0	0.4758252288089749	([39], [27, 7])
0	0.0	0.4836663872844324	([7], [32, 22])
0	0.0	0.48607683430936394	([22], [8, 0])
1	0.4981929736181884	0.5235303061842314	([1, 0], [8, 5, 3])
1	0.49378399812461493	0.528419327595538	([189, 23], [194, 190, 189])
0	0.0	0.5340276407012039	([0], [41, 38])
0	0.0	0.5356656093639769	([38], [189, 24])
1	0.4987784422973289	0.5383064939101041	([196, 180], [196, 195, 180])
1	0.5198932995799258	0.5390055111116304	([3, 2], [3, 2, 0])
1	0.5533336324689113	0.5572593226009163	([72, 59], [72, 67, 66])
1	0.5414017474456206	0.5736880175059221	([44, 37], [45, 42, 37])
1	0.5882789824493335	0.5926624693823882	([152, 136], [152, 144, 143])
1	0.6026055593180203	0.612820489651066	([191, 171], [191, 180, 178])
1	0.6054786872118195	0.6191140082270059	([164, 145], [164, 158, 145])
1	0.6044333528993748	0.6195409522898343	([163, 146], [163, 156, 155])
1	0.6177816764347477	0.6201838744103971	([136, 104], [136, 129, 104])
1	0.6147215326724801	0.6218681159642422	([61, 43], [61, 55, 50])
1	0.6291264638596556	0.6310447269065956	([107, 76], [107, 99, 94])
1	0.6305516479322714	0.6312749946749842	([84, 26], [84, 71, 70])
1	0.5479209141546151	0.6328581892860551	([27, 4], [31, 29, 0])
1	0.6334200114352877	0.6336092844092749	([177, 154], [177, 163, 162])
1	0.624783534005511	0.6460871125323281	([193, 30], [193, 184, 29])
1	0.5940917061933906	0.6462644416722262	([42, 8], [42, 35, 8])
1	0.5432271441509277	0.6485156131162867	([27, 2], [31, 27, 2])
1	0.6208111200966056	0.6485156131162867	([32, 2], [32, 31, 2])
1	0.6502978085902823	0.6506689556701211	([66, 37], [66, 57, 37])
1	0.6475820592982775	0.6531185022697681	([102, 69], [102, 93, 69])
1	0.6537839805425087	0.6539572996813223	([166, 131], [166, 165, 131])
1	0.5966458109627854	0.6555230027070491	([186, 26], [185, 29, 27])
1	0.6448563709937488	0.6555230027070491	([183, 27], [185, 183, 27])
1	0.6293229359615312	0.6567114707987335	([86, 40], [94, 86, 72])
1	0.6513391343218803	0.6575172387855656	([133, 98], [136, 133, 98])
1	0.6491313047392109	0.6580163866875651	([188, 8], [184, 27, 8])
1	0.6385553523820112	0.6580163866875651	([184, 4], [184, 29, 27])
1	0.6255103370968783	0.6582090512643715	([187, 31], [188, 187, 31])
1	0.6510679848657024	0.6599014110892836	([165, 121], [166, 152, 146])
1	0.6542091744887066	0.659993218664278	([131, 29], [131, 119, 29])
1	0.6365205030799559	0.6608584781053135	([101, 68], [101, 91, 68])
1	0.5132763405612769	0.6617408401703597	([186, 22], [186, 171, 164])
1	0.6106795828630212	0.6619899431087976	([183, 1], [184, 183, 1])
1	0.614519082998947	0.6626612754242167	([30, 9], [30, 9, 3])
1	0.533503182253044	0.6626612754242167	([29, 3], [30, 26, 3])
1	0.6565156381389895	0.6637921984029802	([165, 102], [165, 131, 102])
1	0.6531785832405504	0.6653978343395535	([188, 10], [188, 31, 10])
1	0.5889097421228601	0.665770402133824	([195, 29], [193, 190, 30])
1	0.6044491075251274	0.6668921425418585	([71, 26], [65, 54, 51])
1	0.6328771834804207	0.6708161018032684	([108, 58], [108, 99, 93])
1	0.668216473826353	0.6713615052506716	([141, 105], [141, 133, 129])
1	0.6547108146083545	0.6726834754228167	([133, 58], [133, 108, 98])
1	0.6681153903092699	0.6741888393361987	([103, 50], [131, 102, 50])
1	0.6724883454488114	0.6748434564088913	([130, 41], [130, 113, 41])
1	0.601007117950311	0.6748698568776088	([44, 1], [44, 35, 33])
1	0.5112713318870692	0.6748698568776088	([41, 35], [53, 44, 33])
1	0.6407512671191712	0.6751195225432769	([191, 130], [191, 164, 130])
1	0.6686901703524691	0.6756063903057941	([180, 128], [180, 161, 135])
1	0.6633611186380669	0.6756063903057941	([199, 135], [199, 180, 135])
1	0.6742662838921029	0.675802994397437	([100, 54], [131, 102, 100])
1	0.6750367387578333	0.6761715879060652	([182, 37], [182, 167, 41])
1	0.6694264986592702	0.6761715879060652	([167, 41], [199, 182, 41])
1	0.654634988552738	0.6762027191017457	([129, 70], [121, 112, 70])
1	0.6635550465239967	0.6770465073835737	([199, 46], [196, 182, 37])
1	0.618441214072769	0.679293435849685	([94, 40], [94, 74, 48])
1	0.6599461841564013	0.6794575265847776	([131, 50], [133, 131, 61])
1	0.6474014582078891	0.6795645194166308	([119, 78], [122, 107, 76])
1	0.6686952051857342	0.6799406533071604	([165, 58], [165, 133, 102])
1	0.6798635462793139	0.680357090098354	([172, 57], [172, 159, 54])
1	0.6286222177618557	0.6805403176511071	([121, 60], [112, 108, 73])
1	0.676384784215408	0.6807993453981476	([121, 27], [187, 185, 121])
1	0.660910483700701	0.6820882277099112	([159, 54], [199, 177, 54])
1	0.6363700470556953	0.682244480238494	([78, 29], [185, 121, 119])
1	0.6559006310913117	0.6848311362258492	([59, 31], [60, 59, 31])
1	0.6525075873904355	0.6853269793826203	([196, 35], [191, 182, 33])
1	0.5754234843458967	0.6854831133086999	([180, 7], [63, 46, 36])
1	0.6513471456590997	0.6855794283955031	([197, 47], [198, 197, 47])
1	0.6672421004156661	0.6856645430771108	([200, 158], [200, 175, 166])
1	0.6772770273803943	0.6880476628368092	([118, 31], [118, 78, 60])
1	0.6494708565550826	0.688134318721702	([180, 36], [180, 175, 36])
1	0.685535616990295	0.6884951984897634	([167, 118], [167, 157, 129])
1	0.6758360665187286	0.6885861598125501	([188, 107], [188, 170, 107])
1	0.6765146823772912	0.6886163154767404	([198, 137], [198, 161, 155])
1	0.5504881078859545	0.6889001911720961	([95, 25], [95, 71, 66])
1	0.6811334070563018	0.6900205215337509	([196, 48], [196, 48, 35])
1	0.6827931092477241	0.690153393044566	([156, 97], [156, 135, 134])
1	0.6254888019147924	0.6901748354536437	([187, 3], [192, 187, 3])
1	0.5831793003070144	0.6910085898124974	([51, 26], [44, 33, 31])
1	0.6551100513567399	0.6911105833276274	([178, 49], [199, 178, 49])
1	0.6756911533801322	0.691286690886563	([140, 93], [140, 136, 93])
1	0.6885867485782683	0.6915383919102354	([174, 103], [174, 161, 103])
1	0.6859640202161271	0.6917760109103069	([173, 72], [173, 161, 49])
1	0.6768466311351036	0.6920734760235138	([199, 103], [199, 198, 103])
1	0.6602084588960516	0.6923187286327543	([76, 1], [76, 51, 50])
1	0.6905298426800531	0.692447505148286	([173, 126], [173, 159, 126])
1	0.675061342216381	0.6927045576163721	([150, 70], [150, 95, 70])
1	0.6881703106882523	0.692936729730011	([98, 46], [98, 73, 56])
1	0.653787145110621	0.6946225976974965	([111, 41], [130, 81, 57])
1	0.6903270529733767	0.6954072238220207	([155, 69], [161, 155, 69])
1	0.6899836045828206	0.6954954223891499	([182, 115], [182, 131, 115])
1	0.6778419126220128	0.6956570764378615	([178, 111], [178, 150, 136])
1	0.6425893498159401	0.6963470592404165	([181, 9], [181, 30, 26])
1	0.6768923094601429	0.6963945377969158	([109, 1], [116, 76, 67])
1	0.6825397502804785	0.6965547209230009	([105, 49], [105, 98, 49])
1	0.6639192276965017	0.6971574650916932	([166, 1], [183, 166, 164])
1	0.6956385603162953	0.6972795910098326	([187, 61], [187, 122, 61])
1	0.6780703864984745	0.6978108579260349	([58, 10], [58, 36, 10])
1	0.631298188684217	0.6980949871478981	([94, 8], [72, 45, 41])
1	0.601743539032558	0.6990521352444069	([59, 7], [59, 31, 28])
1	0.6918901484839302	0.6999589647717676	([136, 37], [161, 136, 37])
1	0.6998334988240669	0.7003428440804627	([113, 75], [113, 104, 75])
1	0.6967726683412864	0.7003938775177033	([200, 67], [200, 67, 57])
1	0.6984244822720451	0.7021928354887885	([160, 51], [160, 158, 48])
1	0.6908904453236202	0.7030399502814393	([76, 9], [165, 131, 9])
1	0.7012578690066787	0.7036887149947243	([196, 112], [196, 135, 131])
1	0.6514255160362006	0.7038492349203472	([163, 8], [193, 163, 130])
1	0.6946139125403972	0.705399487365408	([107, 30], [119, 107, 30])
1	0.6759871533100882	0.7059448853821386	([156, 55], [172, 156, 44])
1	0.7036167849453812	0.706197465810398	([196, 90], [196, 90, 51])
1	0.6814343269094828	0.7064323755053823	([153, 68], [149, 147, 68])
1	0.6524483923270789	0.7073256173970086	([112, 8], [163, 130, 112])
1	0.694013741648798	0.7085459955075937	([62, 30], [116, 67, 62])
1	0.7049722618369783	0.7085686335841993	([160, 2], [191, 174, 2])
1	0.7057585293406017	0.7102712523226211	([138, 2], [138, 129, 2])
1	0.7045775407204103	0.7104767520795064	([199, 4], [199, 184, 173])
1	0.6247587842956713	0.7113224802425195	([200, 40], [200, 40, 37])
1	0.7107120271189882	0.7139537373496001	([170, 64], [170, 100, 54])
1	0.71261882728817	0.7155168361289341	([124, 36], [124, 70, 69])
1	0.705766226173947	0.7162490664782829	([168, 77], [168, 118, 111])
1	0.7146704872044435	0.7163517718726408	([87, 10], [88, 57, 10])
1	0.7086103289211464	0.7165823740499995	([136, 10], [136, 103, 10])
1	0.7163581472732465	0.7190782484148411	([200, 91], [200, 91, 37])
1	0.7212316990957338	0.721936132940403	([137, 4], [145, 137, 4])
1	0.5555662613042961	0.722636481765386	([27, 8], [35, 8, 3])
1	0.7183822035852625	0.722636481765386	([48, 3], [48, 35, 3])
1	0.5190349192899196	0.7267994901385126	([26, 3], [187, 27, 10])
1	0.6262528305306718	0.7284060073667027	([156, 24], [156, 50, 44])
1	0.6031597288906276	0.7305139620179941	([120, 26], [164, 120, 57])
1	0.489277368526372	0.7429759923344703	([42, 39], [52, 42, 41])
1	0.6046105821823822	0.7464234112254117	([121, 24], [189, 121, 57])
1	0.6772491167779506	0.7464840770404587	([154, 1], [139, 47, 44])
1	0.502603592940757	0.7556328472440919	([53, 33], [171, 33, 32])
1	0.46375520967304074	0.7650504515718649	([52, 39], [134, 52, 51])
1	0.7301657771565874	0.7730307217304637	([101, 5], [101, 33, 5])
1	0.5814764087132802	0.7810121060123739	([50, 24], [121, 47, 27])
1	0.6245356800461195	0.7822944901971054	([98, 7], [98, 59, 31])
1	0.48118420090881986	0.7878847543144997	([194, 193], [189, 120, 30])
1	0.4848218417690516	0.805092548076049	([77, 23], [120, 77, 29])
1	0.5213587364813838	0.8126264840338184	([80, 22], [171, 80, 31])
1	0.5394986222386958	0.8164706084232126	([71, 25], [120, 71, 25])
1	0.510388323832291	0.8363234692346366	([120, 25], [120, 34, 29])
1	0.5064652504331538	0.8471174085796322	([34, 25], [120, 28, 26])
1	0.4863824401155672	0.8593120708423623	([171, 22], [132, 34, 29])
1	0.4754854080537597	0.8612414593598983	([120, 23], [194, 34, 29])
1	0.4636376568494475	0.8758594927809753	([180, 179], [201, 179, 96])
1	0.5807180711283855	0.8942459981819461	([48, 40], [41, 40, 38])
1	0.48746326907493537	0.9099895806239997	([28, 25], [28, 27, 25])
0	0.0	1.0	([11], [11, 0])
0	0.0	1.0	([12], [12, 0])
0	0.0	1.0	([13], [13, 0])
0	0.0	1.0	([14], [14, 0])
0	0.0	1.0	([15], [15, 0])
0	0.0	1.0	([16], [16, 0])
0	0.0	1.0	([17], [17, 0])
0	0.0	1.0	([18], [18, 0])
0	0.0	1.0	([19], [19, 0])
0	0.0	1.0	([20], [20, 0])
0	0.0	1.0	([21], [21, 0])
0	0.0	inf	([24], [])
