0	0.0	0.23248896056512808	([48], [48, 47])
0	0.0	0.23875067491245844	([480], [480, 479])
0	0.0	0.23902331970162738	([97], [97, 96])
0	0.0	0.24231966390497436	([28], [28, 27])
0	0.0	0.2426434925338778	([474], [474, 473])
0	0.0	0.24273368075894053	([42], [42, 41])
0	0.0	0.24425327878147585	([479], [479, 478])
0	0.0	0.24555948049383117	([71], [71, 70])
0	0.0	0.24908297623726228	([163], [163, 162])
0	0.0	0.2494850977250596	([475], [475, 474])
0	0.0	0.24980663695653968	([462], [462, 461])
0	0.0	0.24989314699351964	([471], [471, 470])
0	0.0	0.2498936620010255	([143], [143, 142])
0	0.0	0.24999092885285026	([481], [481, 480])
0	0.0	0.24999661359600306	([106], [106, 105])
0	0.0	0.25000063354229796	([139], [139, 138])
0	0.0	0.25067062736529144	([401], [401, 400])
0	0.0	0.25214320469395085	([477], [477, 476])
0	0.0	0.25215455959033756	([464], [464, 463])
0	0.0	0.2530406948698578	([119], [119, 118])
0	0.0	0.25423547709782224	([13], [13, 12])
0	0.0	0.2546794698032339	([168], [168, 167])
0	0.0	0.2558569628431743	([59], [59, 58])
0	0.0	0.2581438263568681	([112], [112, 111])
0	0.0	0.2582775931357071	([175], [175, 174])
0	0.0	0.2583468000118784	([6], [6, 5])
0	0.0	0.25913409584531694	([127], [127, 126])
0	0.0	0.2592798880784185	([128], [128, 127])
0	0.0	0.25963814569722543	([396], [396, 395])
0	0.0	0.2601195855064841	([159], [159, 158])
0	0.0	0.2610761463332362	([107], [107, 106])
0	0.0	0.26141191721949847	([60], [60, 59])
0	0.0	0.26204986512364764	([470], [470, 469])
0	0.0	0.2622207449739038	([74], [74, 73])
0	0.0	0.26242474335952953	([405], [405, 404])
0	0.0	0.26270799289138264	([478], [478, 477])
0	0.0	0.26278801443438965	([476], [476, 475])
0	0.0	0.2631022611158969	([9], [9, 8])
0	0.0	0.2634549459919903	([468], [468, 467])
0	0.0	0.2639838781864723	([300], [300, 299])
0	0.0	0.26415644982743197	([39], [39, 38])
0	0.0	0.26438299370557844	([75], [75, 74])
0	0.0	0.2653114309423818	([162], [162, 161])
0	0.0	0.26547095077762395	([5], [5, 4])
0	0.0	0.26569751661697866	([116], [116, 115])
0	0.0	0.26571130671155374	([393], [393, 392])
0	0.0	0.26577265753272106	([134], [134, 133])
0	0.0	0.2658678101748221	([457], [457, 456])
0	0.0	0.2659963982602022	([68], [68, 67])
0	0.0	0.26716282542030484	([62], [62, 61])
0	0.0	0.26786636459194624	([398], [398, 397])
0	0.0	0.26870482432777415	([67], [67, 66])
0	0.0	0.2693457291909781	([411], [411, 410])
0	0.0	0.2701622027127154	([49], [49, 48])
0	0.0	0.27038740145949675	([77], [77, 76])
0	0.0	0.270475281029206	([161], [161, 160])
0	0.0	0.2706753735449368	([370], [370, 369])
0	0.0	0.27100130621713875	([58], [58, 57])
0	0.0	0.27109871214550574	([126], [126, 125])
0	0.0	0.2711774867771713	([65], [65, 64])
0	0.0	0.2712184514838803	([19], [19, 18])
0	0.0	0.27125005560704135	([113], [113, 112])
0	0.0	0.27180354900396114	([447], [447, 446])
0	0.0	0.27184785506111087	([52], [52, 51])
0	0.0	0.2726992559842644	([403], [403, 402])
0	0.0	0.27278144645733726	([46], [46, 45])
0	0.0	0.2728990419389517	([392], [392, 391])
0	0.0	0.2730332788312607	([91], [91, 90])
0	0.0	0.27324745334006073	([456], [456, 455])
0	0.0	0.27456537994264796	([29], [29, 28])
0	0.0	0.275872677100459	([458], [458, 457])
0	0.0	0.27604546997102314	([406], [406, 405])
0	0.0	0.27663472127236743	([310], [310, 309])
0	0.0	0.2772933924287447	([414], [414, 413])
0	0.0	0.2776049903947691	([43], [43, 42])
0	0.0	0.27762996951783464	([125], [125, 124])
0	0.0	0.27808935166980125	([80], [80, 79])
0	0.0	0.27826430673929325	([454], [454, 453])
0	0.0	0.27836932305103274	([44], [44, 43])
0	0.0	0.2784025656834413	([136], [136, 135])
0	0.0	0.27840704320759163	([441], [441, 440])
0	0.0	0.27855988164053536	([427], [427, 426])
0	0.0	0.2787766669204993	([314], [314, 313])
0	0.0	0.2788971743049755	([146], [146, 145])
0	0.0	0.2789440555639618	([412], [412, 411])
0	0.0	0.27973603108416323	([53], [53, 52])
0	0.0	0.28008101320321693	([448], [448, 447])
0	0.0	0.2803914534816306	([463], [463, 462])
0	0.0	0.28052520406021864	([64], [64, 63])
0	0.0	0.2806477332138416	([297], [297, 296])
0	0.0	0.2806985491022236	([294], [294, 293])
0	0.0	0.2807025606535761	([428], [428, 427])
0	0.0	0.2807025986923825	([421], [421, 420])
0	0.0	0.2807343375195616	([63], [63, 62])
0	0.0	0.28083142440880954	([110], [110, 109])
0	0.0	0.2810676681239917	([302], [302, 301])
0	0.0	0.28150218177928116	([311], [311, 310])
0	0.0	0.2817376330482843	([61], [61, 60])
0	0.0	0.2818576188848864	([453], [453, 452])
0	0.0	0.2818626205766785	([466], [466, 465])
0	0.0	0.2818795984360088	([215], [215, 214])
0	0.0	0.2819455538390138	([25], [25, 24])
0	0.0	0.28194870066257244	([104], [104, 103])
0	0.0	0.2820798115603816	([87], [87, 86])
0	0.0	0.28213364361568743	([465], [465, 464])
0	0.0	0.28219528340317795	([313], [313, 312])
0	0.0	0.2822312107506443	([444], [444, 443])
0	0.0	0.28231692240057527	([96], [96, 95])
0	0.0	0.28250665855723084	([100], [100, 99])
0	0.0	0.2829203034355755	([55], [55, 54])
0	0.0	0.28294746200245385	([51], [51, 50])
0	0.0	0.2830590254218502	([76], [76, 75])
0	0.0	0.28310697691555814	([111], [111, 110])
0	0.0	0.2836625312322735	([338], [338, 337])
0	0.0	0.28370098510696423	([82], [82, 81])
0	0.0	0.2837219272494773	([145], [145, 144])
0	0.0	0.2837565758694894	([469], [469, 468])
0	0.0	0.28391550415852157	([84], [84, 83])
0	0.0	0.2840638396311689	([31], [31, 30])
0	0.0	0.28415674733523744	([276], [276, 275])
0	0.0	0.28427392785139194	([407], [407, 406])
0	0.0	0.28442016786805707	([170], [170, 169])
0	0.0	0.28461640464442023	([30], [30, 29])
0	0.0	0.2854044373458711	([452], [452, 451])
0	0.0	0.2856043618333324	([418], [418, 417])
0	0.0	0.2858954652429392	([81], [81, 80])
0	0.0	0.28596986220140735	([291], [291, 290])
0	0.0	0.28599439509795255	([275], [275, 274])
0	0.0	0.28710629294053447	([284], [284, 283])
0	0.0	0.28716262582340213	([417], [417, 416])
0	0.0	0.2880861283271319	([336], [336, 335])
0	0.0	0.2884739335331842	([83], [83, 82])
0	0.0	0.2886753961932139	([208], [208, 207])
0	0.0	0.2888051018408933	([99], [99, 98])
0	0.0	0.2888464679746226	([261], [261, 260])
0	0.0	0.28923785849118994	([337], [337, 336])
0	0.0	0.28943341791053206	([415], [415, 414])
0	0.0	0.2895203959188117	([361], [361, 360])
0	0.0	0.2897471660500002	([214], [214, 213])
0	0.0	0.28991515530845413	([85], [85, 84])
0	0.0	0.28999980753992877	([372], [372, 371])
0	0.0	0.2901314161864847	([389], [389, 388])
0	0.0	0.290190964792413	([285], [285, 284])
0	0.0	0.2903471539365338	([260], [260, 259])
0	0.0	0.2904567572398565	([282], [282, 281])
0	0.0	0.2906882942722067	([155], [155, 154])
0	0.0	0.29078353863915274	([368], [368, 367])
0	0.0	0.2910746720291719	([164], [164, 160])
0	0.0	0.291193951461732	([287], [287, 286])
0	0.0	0.29166283526318065	([242], [242, 241])
0	0.0	0.291817600927957	([352], [352, 351])
0	0.0	0.2918859758507087	([296], [296, 295])
0	0.0	0.29223564119212175	([34], [34, 33])
0	0.0	0.29233060605518396	([118], [118, 117])
0	0.0	0.29318145381672406	([174], [174, 173])
0	0.0	0.29323391219730105	([472], [472, 471])
0	0.0	0.29323605598611224	([160], [160, 159])
0	0.0	0.29341407500372463	([236], [236, 235])
0	0.0	0.29351037799740465	([272], [272, 271])
0	0.0	0.2937000607173283	([385], [385, 384])
0	0.0	0.29374656486291323	([138], [138, 137])
0	0.0	0.2939969575890628	([326], [326, 325])
0	0.0	0.2940246262910227	([345], [345, 344])
0	0.0	0.2945644376024271	([101], [101, 100])
0	0.0	0.29483012452825375	([363], [363, 362])
0	0.0	0.29489609755408186	([402], [402, 401])
0	0.0	0.29495117169581836	([245], [245, 244])
0	0.0	0.2949921399182381	([435], [435, 434])
0	0.0	0.29527660014732543	([189], [189, 188])
0	0.0	0.295548015756492	([442], [442, 441])
0	0.0	0.2955885449203554	([131], [131, 130])
0	0.0	0.2958523305162107	([117], [117, 116])
0	0.0	0.2960194887251079	([400], [400, 399])
0	0.0	0.2960338083482776	([237], [237, 236])
0	0.0	0.29610965711291143	([354], [354, 353])
0	0.0	0.2962021012245898	([120], [120, 119])
0	0.0	0.2962050992616336	([210], [210, 209])
0	0.0	0.29636775943925847	([250], [250, 249])
0	0.0	0.2964659710065173	([132], [132, 130])
0	0.0	0.2965789444018628	([183], [183, 182])
0	0.0	0.2967121551365127	([332], [332, 331])
0	0.0	0.29675861030385153	([234], [234, 233])
0	0.0	0.296925684972842	([165], [165, 164])
0	0.0	0.29701682869804885	([353], [353, 352])
0	0.0	0.29751695680860807	([211], [211, 210])
0	0.0	0.2975749661476404	([292], [292, 291])
0	0.0	0.29770830656988323	([434], [434, 433])
0	0.0	0.297761047858628	([206], [206, 205])
0	0.0	0.29783690992110295	([216], [216, 215])
0	0.0	0.297875521452484	([248], [248, 247])
0	0.0	0.2979490046031018	([473], [473, 472])
0	0.0	0.29808476215404944	([228], [228, 227])
0	0.0	0.29815522354598567	([187], [187, 186])
0	0.0	0.2981752745891006	([227], [227, 226])
0	0.0	0.29842501938115207	([33], [33, 32])
0	0.0	0.298482897574849	([381], [381, 380])
0	0.0	0.298564735328116	([450], [450, 449])
0	0.0	0.29856659290814863	([290], [290, 289])
0	0.0	0.2986892927303324	([425], [425, 424])
0	0.0	0.2987249362641688	([293], [293, 292])
0	0.0	0.2987672909685899	([397], [397, 396])
0	0.0	0.2987767532442388	([317], [317, 316])
0	0.0	0.2988048053220251	([420], [420, 419])
0	0.0	0.29890749600686267	([10], [10, 9])
0	0.0	0.29892655959316766	([432], [432, 431])
0	0.0	0.2989566730158084	([271], [271, 270])
0	0.0	0.29898870937908917	([388], [388, 387])
0	0.0	0.29901816311027835	([303], [303, 302])
0	0.0	0.2992650072722344	([56], [56, 54])
0	0.0	0.299359093785639	([445], [445, 444])
0	0.0	0.29944403719467844	([309], [309, 308])
0	0.0	0.2994442372579197	([172], [172, 171])
0	0.0	0.29984448572652794	([36], [36, 35])
0	0.0	0.29985682849738704	([404], [404, 403])
0	0.0	0.2999967153968014	([386], [386, 385])
0	0.0	0.3002041474109349	([384], [384, 383])
1	0.2980685022356708	0.30058572516145293	([164, 163], [164, 163, 160])
0	0.0	0.30062141150704935	([283], [283, 282])
0	0.0	0.30081254104668836	([289], [289, 288])
0	0.0	0.30102885776593696	([325], [325, 324])
0	0.0	0.3011474249670419	([449], [449, 448])
0	0.0	0.3015534083100226	([394], [394, 390])
0	0.0	0.3016301531163871	([7], [7, 6])
0	0.0	0.30163711830616213	([78], [78, 77])
0	0.0	0.30180892548270327	([70], [70, 69])
0	0.0	0.3019059042211004	([47], [47, 46])
0	0.0	0.3020928704822124	([90], [90, 89])
0	0.0	0.3023450141598785	([21], [21, 20])
0	0.0	0.30238705964762197	([241], [241, 240])
0	0.0	0.30251634197104865	([329], [329, 328])
0	0.0	0.3026929866709931	([364], [364, 363])
0	0.0	0.30278091674697927	([318], [318, 317])
0	0.0	0.30298877137188546	([188], [188, 187])
0	0.0	0.30301358094481734	([201], [201, 200])
0	0.0	0.3030669113528809	([154], [154, 153])
0	0.0	0.303300120909476	([254], [254, 253])
0	0.0	0.30339044034122503	([351], [351, 350])
0	0.0	0.30340708067547745	([235], [235, 234])
0	0.0	0.3034556077186528	([298], [298, 297])
0	0.0	0.3034666616917396	([122], [122, 121])
0	0.0	0.30370695189920693	([356], [356, 355])
0	0.0	0.303819545743417	([467], [467, 466])
0	0.0	0.30447981669044594	([102], [102, 101])
0	0.0	0.30450240044033017	([32], [32, 31])
0	0.0	0.3048399595487827	([209], [209, 208])
0	0.0	0.3051120385225069	([269], [269, 268])
0	0.0	0.3055700951623496	([459], [459, 458])
0	0.0	0.30618822221960057	([438], [438, 437])
0	0.0	0.3065938926032968	([14], [14, 12])
0	0.0	0.3071193841714535	([22], [22, 21])
0	0.0	0.30722114788700156	([23], [23, 21])
0	0.0	0.3076598368861893	([270], [270, 269])
0	0.0	0.3086077531583372	([350], [350, 349])
0	0.0	0.3090702450554871	([266], [266, 265])
0	0.0	0.3093225421653942	([169], [169, 168])
0	0.0	0.3094455448161082	([151], [151, 150])
0	0.0	0.3094614883803035	([359], [359, 358])
0	0.0	0.30954369032251977	([72], [72, 71])
0	0.0	0.3098936220890925	([346], [346, 345])
0	0.0	0.3101786837159327	([455], [455, 454])
0	0.0	0.31039724882147496	([45], [45, 44])
0	0.0	0.3112483156137796	([140], [140, 139])
0	0.0	0.3117378733690127	([327], [327, 326])
0	0.0	0.31220179529854786	([230], [230, 229])
0	0.0	0.3122772642133531	([54], [54, 53])
0	0.0	0.3123234875608007	([249], [249, 248])
0	0.0	0.31250981895531765	([328], [328, 327])
0	0.0	0.3125697137340752	([243], [243, 242])
0	0.0	0.31259702219029917	([35], [35, 34])
0	0.0	0.31323121085441563	([308], [308, 307])
0	0.0	0.31328309881180744	([190], [190, 189])
0	0.0	0.31364846783980777	([240], [240, 239])
0	0.0	0.31367288505732877	([109], [109, 108])
0	0.0	0.3137812888567382	([437], [437, 436])
0	0.0	0.31391140843726517	([324], [324, 323])
0	0.0	0.3140916854849589	([193], [193, 192])
0	0.0	0.31422067672975346	([171], [171, 170])
0	0.0	0.31453671826305424	([149], [149, 148])
0	0.0	0.31461777521584966	([244], [244, 243])
0	0.0	0.3147332652111954	([137], [137, 136])
0	0.0	0.3148294579436109	([343], [343, 342])
1	0.3057400088527066	0.31561820554653913	([471, 467], [471, 469, 467])
0	0.0	0.31583563163008505	([256], [256, 255])
0	0.0	0.316011848174001	([460], [460, 459])
0	0.0	0.3160480196272145	([231], [231, 230])
1	0.3038553337960901	0.31608558000942977	([113, 109], [113, 112, 110])
0	0.0	0.31609320692237813	([103], [103, 102])
0	0.0	0.31623019345250664	([280], [280, 279])
0	0.0	0.31625676794917357	([349], [349, 348])
0	0.0	0.31641469819551166	([12], [12, 11])
0	0.0	0.31669103943411214	([182], [182, 181])
0	0.0	0.3170505091946789	([108], [108, 105])
0	0.0	0.31733197152259357	([436], [436, 435])
0	0.0	0.3175415024260179	([200], [200, 199])
0	0.0	0.31758067857585054	([306], [306, 305])
0	0.0	0.31814104415726835	([426], [426, 425])
0	0.0	0.3184118364362451	([347], [347, 346])
0	0.0	0.3186174522653531	([335], [335, 334])
0	0.0	0.3188369286537109	([378], [378, 376])
0	0.0	0.3190229059462862	([199], [199, 198])
0	0.0	0.3193140779262445	([158], [158, 157])
0	0.0	0.3193473171072067	([374], [374, 373])
0	0.0	0.3193711835138921	([124], [124, 123])
0	0.0	0.319885775327534	([197], [197, 196])
0	0.0	0.3201763320280488	([11], [11, 10])
0	0.0	0.3203597015488596	([24], [24, 23])
0	0.0	0.320593282260985	([340], [340, 339])
0	0.0	0.32066753720414215	([387], [387, 386])
0	0.0	0.3206683232349133	([348], [348, 347])
0	0.0	0.3207400134535053	([362], [362, 361])
0	0.0	0.3208065067359625	([373], [373, 372])
0	0.0	0.3208355804431303	([226], [226, 225])
0	0.0	0.32093714554091773	([409], [409, 408])
0	0.0	0.32118566206396587	([268], [269, 266])
0	0.0	0.321345111450013	([367], [367, 366])
0	0.0	0.3213514696397945	([130], [130, 129])
0	0.0	0.32137798667524836	([366], [366, 365])
0	0.0	0.3218879067492337	([299], [299, 298])
0	0.0	0.3219764828699882	([239], [239, 238])
0	0.0	0.3226574455206271	([333], [333, 332])
0	0.0	0.32337906454170096	([408], [408, 407])
0	0.0	0.3234612189310402	([173], [173, 172])
0	0.0	0.32434728267379725	([360], [360, 359])
0	0.0	0.324409769606874	([196], [196, 195])
0	0.0	0.3245587425000224	([288], [288, 287])
0	0.0	0.3247537871270564	([225], [225, 224])
0	0.0	0.32500669774448826	([123], [124, 122])
0	0.0	0.32501913117989106	([88], [88, 87])
0	0.0	0.3255186951351133	([147], [147, 146])
0	0.0	0.32557770174926165	([152], [152, 151])
0	0.0	0.3255850241103385	([279], [279, 278])
0	0.0	0.325602827720117	([379], [379, 378])
0	0.0	0.3258844707023232	([376], [378, 377])
0	0.0	0.3268728550446422	([66], [66, 65])
0	0.0	0.32709595464384683	([93], [93, 92])
0	0.0	0.3274863247891914	([255], [255, 254])
0	0.0	0.32803715250394644	([207], [207, 206])
0	0.0	0.3283207723540725	([277], [277, 276])
0	0.0	0.3283314612347111	([16], [16, 15])
0	0.0	0.32884725656619235	([15], [15, 14])
0	0.0	0.3289799068594233	([57], [57, 56])
0	0.0	0.32929333816039963	([251], [251, 250])
0	0.0	0.32934202103556875	([4], [5, 3])
0	0.0	0.32961089077108635	([422], [422, 421])
0	0.0	0.3297219939645242	([383], [383, 382])
0	0.0	0.33000944197402965	([344], [344, 343])
0	0.0	0.33001425486621444	([133], [134, 132])
0	0.0	0.3302847311238116	([50], [50, 49])
0	0.0	0.3303130876811611	([419], [419, 418])
0	0.0	0.3303585014054149	([371], [371, 370])
0	0.0	0.33086666997827224	([304], [304, 303])
0	0.0	0.33111460118355196	([224], [224, 222])
0	0.0	0.3311537227642006	([166], [166, 165])
0	0.0	0.3316240115822788	([40], [40, 39])
0	0.0	0.33165692122450946	([253], [253, 252])
0	0.0	0.3320233792151455	([380], [380, 379])
0	0.0	0.3320493613787709	([307], [307, 306])
0	0.0	0.3321328201682412	([121], [121, 120])
0	0.0	0.3321986649917847	([69], [69, 68])
0	0.0	0.33237686761458735	([26], [26, 25])
0	0.0	0.3326510685838267	([390], [394, 391])
0	0.0	0.33273445494475173	([135], [135, 134])
0	0.0	0.3330096245719481	([319], [319, 318])
0	0.0	0.3340669398122552	([399], [399, 398])
0	0.0	0.3341756397856693	([184], [184, 183])
0	0.0	0.33432956115289253	([205], [205, 204])
0	0.0	0.3344948510675355	([416], [416, 415])
0	0.0	0.3345244022288046	([95], [95, 94])
0	0.0	0.3345463036317827	([202], [202, 201])
0	0.0	0.3350024350012309	([252], [253, 251])
0	0.0	0.3351202260858157	([281], [281, 279])
0	0.0	0.33576223108493525	([217], [217, 216])
0	0.0	0.33579478157149834	([424], [424, 423])
0	0.0	0.33616237959750256	([342], [342, 341])
0	0.0	0.3364426446101465	([433], [433, 432])
0	0.0	0.3364746683171948	([20], [20, 19])
0	0.0	0.3369112461998509	([153], [153, 151])
0	0.0	0.3369903323578826	([157], [157, 156])
0	0.0	0.33863314789731563	([204], [204, 203])
0	0.0	0.3387818750834592	([278], [278, 277])
0	0.0	0.33926280973874984	([430], [430, 429])
0	0.0	0.339387674436564	([365], [365, 364])
0	0.0	0.3393984412802755	([410], [410, 408])
0	0.0	0.33974023715462026	([312], [312, 311])
0	0.0	0.33998358397119255	([222], [222, 221])
0	0.0	0.3401227468060289	([375], [375, 374])
0	0.0	0.3405045012563313	([94], [94, 92])
0	0.0	0.34055488952653007	([73], [73, 72])
0	0.0	0.3407815060103176	([443], [443, 442])
0	0.0	0.3410089287203627	([358], [358, 357])
0	0.0	0.34106684033646956	([305], [305, 304])
0	0.0	0.34112546472498373	([273], [273, 272])
0	0.0	0.3415332319096602	([86], [86, 85])
0	0.0	0.3415469905079908	([341], [341, 340])
0	0.0	0.34159109524914166	([439], [439, 438])
0	0.0	0.34167091014224454	([98], [98, 97])
0	0.0	0.3417620564498161	([148], [148, 147])
1	0.3355256915858272	0.3421538231773439	([85, 79], [85, 82, 80])
0	0.0	0.3422667226265333	([141], [141, 140])
0	0.0	0.3423575491545319	([167], [167, 166])
0	0.0	0.3424790789718395	([440], [440, 439])
0	0.0	0.342656552927117	([369], [369, 368])
0	0.0	0.3426647313871721	([461], [461, 460])
0	0.0	0.34321374715617714	([79], [79, 78])
0	0.0	0.3433943980968527	([92], [92, 91])
0	0.0	0.34362641669254396	([262], [262, 261])
0	0.0	0.34384759933364895	([377], [376, 375])
0	0.0	0.3439471119774966	([286], [286, 285])
0	0.0	0.3442627466279465	([129], [129, 126])
0	0.0	0.3447707867712256	([203], [203, 202])
0	0.0	0.3449597385866727	([229], [229, 228])
0	0.0	0.344993465201836	([194], [194, 193])
0	0.0	0.34520168880858343	([223], [223, 222])
0	0.0	0.3455847146464051	([18], [18, 17])
0	0.0	0.3456361085685575	([264], [264, 263])
0	0.0	0.3457543084213713	([219], [219, 217])
0	0.0	0.34634532123576867	([142], [142, 141])
0	0.0	0.3464354915071253	([413], [413, 412])
0	0.0	0.3465145385091562	([258], [258, 257])
0	0.0	0.3468759834071114	([259], [259, 258])
0	0.0	0.3470147837938221	([382], [382, 381])
1	0.3422998282414791	0.3470968672658868	([148, 144], [148, 147, 146])
0	0.0	0.34710712201049204	([357], [357, 356])
0	0.0	0.34722721856480326	([218], [218, 217])
0	0.0	0.3473648729013418	([423], [423, 422])
0	0.0	0.3474087734565206	([27], [27, 26])
0	0.0	0.3474330955683909	([195], [195, 194])
0	0.0	0.34744795759702857	([247], [247, 246])
0	0.0	0.3476805177230548	([156], [157, 155])
0	0.0	0.3477395817181726	([429], [429, 428])
0	0.0	0.3477662110864244	([38], [40, 37])
0	0.0	0.34820876257727723	([89], [89, 88])
0	0.0	0.34871428254949216	([233], [233, 232])
0	0.0	0.34918598213765956	([322], [322, 321])
0	0.0	0.3492702432549047	([431], [431, 429])
0	0.0	0.3495380044553789	([323], [323, 322])
0	0.0	0.35015592544456964	([265], [265, 264])
0	0.0	0.3504057459373267	([177], [177, 176])
0	0.0	0.35053582667498506	([301], [301, 300])
0	0.0	0.35091605927320974	([213], [213, 212])
0	0.0	0.35135854769519637	([41], [42, 40])
0	0.0	0.3517585105099067	([185], [185, 184])
0	0.0	0.3519023306482064	([115], [115, 114])
0	0.0	0.3521008027220346	([263], [268, 267])
0	0.0	0.3521532726490154	([355], [355, 354])
0	0.0	0.35292791634789916	([316], [316, 315])
0	0.0	0.35293044253803807	([321], [321, 320])
0	0.0	0.353157056243825	([181], [181, 180])
0	0.0	0.35368705363477754	([221], [221, 220])
0	0.0	0.3561420017117064	([238], [238, 237])
0	0.0	0.3563746526135586	([246], [246, 245])
1	0.34970728707097837	0.35720407668685	([294, 288], [294, 292, 288])
0	0.0	0.3572167560751794	([180], [180, 179])
0	0.0	0.35732762175662514	([331], [331, 330])
0	0.0	0.357520395450051	([320], [320, 319])
0	0.0	0.35789193806086933	([186], [186, 185])
0	0.0	0.3585001195669203	([451], [451, 450])
0	0.0	0.35854061233911344	([17], [17, 16])
0	0.0	0.3589666838757595	([212], [212, 211])
0	0.0	0.36006388483828367	([446], [446, 445])
0	0.0	0.3602997781262747	([37], [37, 36])
0	0.0	0.36197314200066943	([191], [191, 190])
0	0.0	0.3631421005244414	([179], [179, 178])
0	0.0	0.3639983096144885	([339], [339, 334])
0	0.0	0.36412976164683153	([267], [263, 262])
0	0.0	0.3641454078761684	([192], [192, 191])
0	0.0	0.3641562244319319	([232], [232, 231])
0	0.0	0.36523810021769837	([330], [330, 329])
0	0.0	0.36566442710546854	([105], [105, 104])
0	0.0	0.36726558556872074	([178], [178, 177])
0	0.0	0.3674657260984492	([315], [315, 314])
1	0.363801085804828	0.36830051069069786	([196, 193], [196, 195, 194])
0	0.0	0.36888424630528627	([395], [395, 394])
0	0.0	0.3704314285817631	([176], [176, 175])
1	0.35237464831366355	0.37055877248777963	([262, 257], [262, 260, 259])
0	0.0	0.37087756720904236	([114], [114, 113])
0	0.0	0.3718530168262804	([391], [390, 389])
0	0.0	0.37187706087910016	([150], [150, 149])
0	0.0	0.37213995614820855	([3], [5, 2])
0	0.0	0.37295979313897804	([1], [1, 0])
0	0.0	0.37788591084025436	([144], [144, 143])
0	0.0	0.3792134686503969	([334], [334, 333])
0	0.0	0.38071367664241135	([295], [295, 294])
0	0.0	0.38404661922355154	([8], [8, 7])
0	0.0	0.3892084659550954	([257], [257, 256])
1	0.38901244768628285	0.3907556148956142	([286, 279], [286, 283, 280])
0	0.0	0.3955220900935647	([220], [220, 219])
0	0.0	0.39739469421772644	([274], [274, 273])
1	0.3930957324843403	0.3993184512379695	([219, 212], [219, 216, 213])
0	0.0	0.40806339654407475	([198], [198, 197])
1	0.4465895319269673	0.4525049220449758	([444, 431], [444, 439, 438])
1	0.461119721078215	0.4621589643645157	([233, 221], [233, 230, 221])
1	0.44888502045762324	0.46263020014076744	([150, 143], [150, 148, 144])
1	0.5476828189641558	0.550544229632629	([447, 422], [447, 445, 422])
1	0.5538766385878442	0.5559410922565245	([84, 67], [84, 73, 67])
1	0.579578232764208	0.5858423917668586	([366, 335], [366, 345, 335])
1	0.5567554524996464	0.5869801976675089	([156, 136], [156, 142, 136])
1	0.5495289196762163	0.587585069651506	([468, 449], [468, 462, 459])
1	0.5857046083963764	0.5881603612058652	([416, 398], [416, 409, 398])
0	0.0	0.5898083141568188	([2], [8, 1])
1	0.5899765718875749	0.5949111797074221	([389, 365], [389, 382, 365])
1	0.6053458799885543	0.605346557642935	([417, 392], [417, 411, 392])
1	0.5995710719119367	0.60553957949164	([34, 8], [34, 20, 15])
1	0.5764051653434588	0.6056934695529026	([61, 32], [61, 49, 46])
1	0.583432485406055	0.607345813009634	([23, 4], [23, 11, 4])
1	0.6027321258675574	0.6108474622631372	([419, 384], [419, 416, 384])
1	0.6131496456217026	0.6176520940211687	([63, 31], [63, 48, 45])
1	0.6152543352601186	0.6186814401011973	([232, 2], [257, 232, 220])
1	0.6114905370820042	0.6188638362142729	([311, 274], [311, 295, 294])
1	0.6150191065160077	0.6205838649805486	([298, 266], [298, 287, 282])
1	0.619215111657285	0.6222018418273371	([218, 2], [218, 203, 2])
1	0.6261285394790995	0.6278985843548207	([214, 172], [214, 197, 194])
1	0.6258648256867941	0.6279762405800314	([147, 0], [156, 147, 136])
1	0.6215170780820526	0.6308116593899931	([37, 0], [37, 25, 19])
1	0.6214207008894902	0.6355099755284436	([357, 2], [375, 357, 345])
1	0.6171416407918554	0.6357117951265575	([430, 2], [422, 409, 2])
1	0.6291393899438291	0.6370003877080722	([140, 104], [140, 122, 118])
1	0.6326133394394992	0.6378767563040982	([85, 55], [85, 68, 66])
1	0.6259134215889818	0.6380145302732368	([132, 2], [148, 140, 2])
1	0.6141859021749557	0.6381144442685894	([114, 69], [114, 106, 75])
1	0.586547084153636	0.6386570160572098	([191, 2], [177, 172, 149])
1	0.598865804385001	0.6394569765682694	([37, 2], [37, 26, 19])
1	0.6350859985481428	0.6394569765682694	([58, 26], [58, 37, 26])
1	0.6354711507040556	0.6425843390941359	([53, 25], [53, 42, 25])
1	0.6257863008831552	0.6430280393507531	([212, 3], [218, 212, 3])
1	0.6051437311496041	0.6443164188959213	([39, 3], [39, 37, 3])
1	0.6052641774336731	0.6447294867607513	([106, 75], [114, 92, 90])
1	0.6230249160122666	0.644744795949288	([418, 373], [418, 398, 393])
1	0.6439445166182436	0.6452214193122495	([465, 402], [465, 461, 402])
1	0.6442665283431981	0.6475504649569239	([85, 34], [76, 66, 34])
1	0.6420528746353225	0.6490573175802657	([163, 134], [163, 153, 143])
1	0.6479950312561406	0.6495879977991127	([141, 7], [145, 141, 3])
1	0.5866667525715757	0.6519090520298575	([260, 2], [232, 218, 213])
1	0.5688036380371198	0.6542439298975058	([461, 406], [461, 442, 406])
1	0.6044925366006857	0.654365098629392	([176, 147], [176, 174, 144])
1	0.6355672403751569	0.6558994286305609	([91, 36], [91, 69, 68])
1	0.643700231060671	0.656791591577504	([160, 131], [160, 150, 143])
1	0.6563919016428318	0.6582257796717956	([253, 3], [253, 218, 214])
1	0.6484513578433301	0.6598392237819917	([146, 97], [146, 140, 97])
1	0.6542964126281895	0.6610175265687396	([300, 262], [301, 300, 262])
1	0.6327836502037948	0.6618568753570735	([93, 7], [93, 90, 7])
1	0.6596253517238535	0.6633996829584824	([151, 1], [151, 114, 1])
1	0.6605074488789947	0.6639134520678719	([164, 8], [164, 152, 8])
1	0.6587610130130822	0.6641420644055122	([172, 125], [172, 143, 125])
1	0.6576354462380938	0.6646990227368695	([74, 16], [74, 57, 45])
1	0.6563596310842533	0.6654726425398102	([144, 99], [144, 139, 99])
1	0.6344612517362421	0.6658113267350318	([394, 347], [394, 382, 368])
1	0.634221426282162	0.665939645110727	([460, 2], [460, 430, 410])
1	0.6595148847396766	0.6670945361267605	([152, 95], [152, 145, 90])
1	0.6168263337302035	0.668333571345863	([375, 2], [394, 375, 368])
1	0.6567894005015602	0.6683637188683544	([145, 90], [145, 140, 90])
1	0.6655439683375737	0.6684382606372972	([116, 65], [116, 111, 65])
1	0.6248433276234883	0.6702726909487386	([88, 2], [140, 90, 88])
1	0.6549487406831459	0.6707749587418654	([119, 68], [121, 94, 92])
1	0.665844627064983	0.6730546930284014	([416, 348], [416, 370, 368])
1	0.6727078080471275	0.6739937218200495	([136, 83], [136, 111, 77])
1	0.6700423492638815	0.6741523055420302	([94, 48], [94, 71, 48])
1	0.6724055243699021	0.6745747667371538	([118, 31], [118, 103, 31])
1	0.6711739099823031	0.6747323428380846	([161, 113], [161, 149, 136])
1	0.6547159351296294	0.6747756902833051	([131, 57], [131, 76, 70])
1	0.672756287527256	0.6747756902833051	([127, 70], [131, 124, 70])
1	0.6693449761094339	0.6747897477993785	([69, 10], [69, 49, 12])
1	0.6537112890903277	0.6748589383506179	([88, 8], [92, 43, 33])
1	0.6530494475992572	0.6748928194517624	([166, 107], [166, 136, 107])
1	0.6399823207640192	0.6759848463959641	([147, 101], [147, 145, 101])
1	0.6680042514884769	0.6763076355111949	([400, 356], [400, 384, 377])
1	0.6695993705796105	0.6764345922172894	([371, 330], [371, 347, 330])
1	0.6710980978942304	0.6770528791699383	([141, 35], [141, 110, 89])
1	0.6517322177697947	0.6771580045764598	([142, 34], [142, 111, 34])
1	0.5821453936420166	0.677530475846597	([149, 2], [148, 97, 7])
1	0.658670295074956	0.6780560648672992	([103, 41], [103, 87, 41])
1	0.6710699619645752	0.6784943835926037	([136, 45], [136, 77, 64])
1	0.6449796371493121	0.6785471608666414	([416, 318], [416, 351, 348])
1	0.6696002489021438	0.6785946846316074	([55, 1], [55, 27, 24])
1	0.651986194263469	0.6786094557809654	([122, 66], [117, 98, 92])
1	0.6748778453532887	0.6786840657817652	([102, 3], [102, 78, 66])
1	0.6579639260969778	0.6794859291299041	([144, 8], [172, 143, 10])
1	0.678194816658234	0.6795710824447684	([422, 362], [422, 412, 362])
1	0.6620658840703568	0.6812009898667795	([185, 114], [185, 144, 114])
1	0.6541079095286599	0.6813677291945716	([114, 30], [114, 69, 30])
1	0.6386571934955949	0.681368795816871	([172, 9], [144, 93, 92])
1	0.6729249590540365	0.6813751696230069	([426, 379], [426, 407, 388])
1	0.6588917826086751	0.6822030637180769	([82, 17], [82, 66, 17])
1	0.6815261591576041	0.6822374906894433	([158, 74], [158, 131, 70])
1	0.6793044588030124	0.683084208456651	([387, 329], [387, 343, 329])
1	0.6830170274267863	0.6830903343511808	([473, 413], [473, 455, 446])
1	0.6579663803603207	0.6835375740628142	([374, 1], [418, 374, 367])
1	0.6718930963416793	0.68416148390763	([83, 9], [90, 83, 9])
1	0.6837392500483233	0.6844780220750886	([387, 296], [387, 373, 296])
1	0.6716108064636329	0.6847545339373813	([117, 10], [117, 66, 32])
1	0.6824006037991195	0.6848009725290569	([158, 54], [158, 74, 54])
1	0.684195923481838	0.6848527136079496	([100, 6], [102, 100, 3])
1	0.6113326091249532	0.6850726307727324	([390, 2], [357, 333, 330])
1	0.683891175402594	0.685160634810759	([84, 15], [84, 37, 35])
1	0.6647681712697247	0.6852739828736186	([171, 66], [171, 145, 87])
1	0.6798302648416297	0.685710820203097	([115, 17], [115, 82, 62])
1	0.6846723946488276	0.6857364150383911	([180, 101], [180, 143, 101])
1	0.67732389973058	0.6858808725304824	([430, 366], [430, 415, 409])
1	0.6594391353977479	0.6859840220114299	([133, 54], [133, 111, 71])
1	0.6479307885055985	0.6862806537398917	([296, 3], [296, 259, 256])
1	0.685579227330038	0.6863977714413472	([172, 76], [172, 94, 76])
1	0.5912741867389608	0.6864925018034936	([114, 0], [114, 30, 26])
1	0.6730195450886169	0.6864925018034936	([107, 26], [114, 107, 26])
1	0.66329550190077	0.686800090868771	([441, 382], [441, 408, 396])
1	0.6085857396737413	0.687103058651333	([156, 0], [156, 151, 1])
1	0.6654673460727569	0.6874325156137604	([99, 5], [100, 99, 3])
1	0.6823189447819786	0.6875868407548392	([100, 16], [100, 78, 74])
1	0.6848339004732464	0.6887266984175228	([126, 29], [140, 126, 27])
1	0.5996387831080727	0.6888429043104297	([178, 0], [194, 172, 167])
1	0.6746791421006533	0.6889692062276319	([153, 31], [153, 140, 31])
1	0.6847849203727433	0.6892418545457921	([395, 299], [395, 386, 299])
1	0.6687645840203816	0.6893577006840569	([481, 401], [481, 461, 401])
1	0.677286341928018	0.690304320013369	([125, 56], [125, 104, 68])
1	0.689826920126151	0.6903418682757739	([352, 291], [352, 319, 306])
1	0.6797258569506324	0.6907245983795011	([404, 341], [417, 404, 341])
1	0.6916439919565371	0.6918912277064649	([279, 206], [279, 247, 213])
1	0.6887616151831027	0.6920621671712939	([182, 99], [182, 172, 99])
1	0.6844495232964329	0.6921777891554257	([312, 250], [312, 284, 250])
1	0.6914033856785033	0.6927066272456684	([379, 308], [379, 351, 318])
1	0.6754818121201527	0.6927903803136702	([289, 242], [289, 262, 259])
1	0.6880633397550773	0.6930101274078944	([104, 12], [104, 82, 68])
1	0.6906603379150402	0.693036135123178	([101, 45], [101, 87, 45])
1	0.6930286258684516	0.6932838358044813	([398, 291], [398, 352, 340])
1	0.6819715823773134	0.6933967738365695	([175, 103], [175, 139, 103])
1	0.6204151666846562	0.6935337762545739	([93, 0], [93, 18, 7])
1	0.6665162509932658	0.693570015807349	([151, 32], [151, 139, 32])
1	0.6838915714042157	0.6946079154729067	([170, 36], [170, 36, 9])
1	0.6690763087112311	0.6960777255800583	([196, 4], [188, 183, 4])
1	0.6506342421104636	0.6962230729068994	([418, 1], [418, 364, 343])
1	0.6865632964132861	0.6978034790387766	([444, 347], [444, 412, 347])
1	0.6981912914681552	0.6983217742122029	([279, 1], [279, 273, 1])
1	0.6948752606053348	0.6983331630969176	([86, 20], [90, 86, 5])
1	0.6973367293644013	0.698491130645153	([468, 362], [468, 421, 362])
1	0.6926419023390843	0.6985375207678604	([164, 56], [164, 114, 71])
1	0.64816252289819	0.6990588395044108	([319, 1], [301, 273, 258])
1	0.6854613530587991	0.6999660435644827	([172, 52], [172, 55, 32])
1	0.6998735134125574	0.7000364498213413	([397, 295], [397, 387, 296])
1	0.6988657374768411	0.7005152734445949	([413, 309], [413, 360, 309])
1	0.6948294186495347	0.7005817215724337	([453, 338], [453, 421, 349])
1	0.6696891420556906	0.7012547581292925	([286, 172], [271, 222, 3])
1	0.7011782001152287	0.7013958932152226	([205, 13], [205, 173, 3])
1	0.5987195165931654	0.7016867405442273	([330, 2], [320, 257, 255])
1	0.6978708299712469	0.7017381812197737	([427, 325], [427, 413, 309])
1	0.6974808465062463	0.7025211636406375	([328, 3], [337, 328, 3])
1	0.7009024855876713	0.7025211636406375	([349, 3], [349, 337, 3])
1	0.6997390904364811	0.7025939601963476	([210, 16], [210, 172, 15])
1	0.6150146630162882	0.7026368306050536	([267, 0], [267, 223, 216])
1	0.7024722769598049	0.7028019059431283	([195, 86], [195, 148, 104])
1	0.7019470444342274	0.7031813926796916	([206, 106], [206, 143, 106])
1	0.7006782488914934	0.7033724689749148	([452, 324], [452, 367, 339])
1	0.7029810959657854	0.7043496504799096	([460, 335], [460, 403, 335])
1	0.5917964837462332	0.70481367837672	([18, 0], [18, 5, 1])
1	0.6992305066768323	0.7052237493764189	([236, 150], [236, 174, 150])
1	0.6999965360509802	0.7053487316591284	([447, 317], [447, 367, 366])
1	0.6777968525877558	0.7057387466454426	([168, 61], [168, 96, 61])
1	0.702272393411483	0.7059948186844711	([169, 16], [169, 137, 16])
1	0.6996885070665387	0.7061709305711779	([276, 208], [276, 256, 208])
1	0.6974686028575472	0.7061890600709838	([390, 265], [390, 367, 265])
1	0.6997311041949128	0.70672438914189	([366, 272], [366, 313, 272])
1	0.7013568423394533	0.7068158867006483	([270, 183], [270, 218, 210])
1	0.692560583872295	0.7071423086612999	([370, 267], [370, 306, 298])
1	0.6907298441473444	0.7071423086612999	([426, 298], [426, 370, 298])
1	0.7056222571640596	0.7074595548875229	([463, 268], [463, 406, 402])
1	0.7068976600848152	0.7075450991590376	([406, 303], [406, 388, 303])
1	0.707582968527594	0.7082355049889766	([299, 7], [299, 247, 7])
1	0.7039161536223336	0.7084398735711314	([215, 8], [215, 174, 7])
1	0.6931298710549362	0.7084398735711314	([233, 7], [233, 215, 7])
1	0.7012587190877462	0.7085091753461237	([472, 1], [472, 465, 1])
1	0.7040634422669754	0.7087801141428058	([301, 171], [301, 274, 171])
1	0.7087252774874012	0.709371859345306	([195, 24], [195, 174, 24])
1	0.6788112100947942	0.7095775510968793	([225, 6], [225, 185, 6])
1	0.6946457585866592	0.709678029083234	([324, 179], [324, 300, 179])
1	0.7014496644372034	0.7096819495074519	([461, 309], [461, 457, 309])
1	0.6911163143178529	0.7099790110783033	([245, 34], [245, 207, 34])
1	0.7039521383168456	0.710286267797092	([353, 247], [353, 334, 262])
1	0.689464585528224	0.7105463364675839	([398, 270], [394, 338, 270])
1	0.7062829916478148	0.7107952369104975	([385, 259], [385, 333, 259])
1	0.6981744667647803	0.7109956428688721	([388, 269], [388, 303, 300])
1	0.7001247662273573	0.7111444265308245	([367, 215], [367, 337, 215])
1	0.6951476331816351	0.7119222501517419	([337, 228], [367, 265, 251])
1	0.7104272060340999	0.7119603755317524	([123, 12], [123, 105, 12])
1	0.7087076650865248	0.7126489737186611	([481, 162], [481, 469, 172])
1	0.7099869010863864	0.7127860102323997	([331, 214], [331, 277, 253])
1	0.7088618740717897	0.7136732079936364	([294, 9], [294, 280, 9])
1	0.711963394000873	0.7144602010266541	([274, 157], [274, 207, 171])
1	0.7136617914814325	0.7146800744788551	([420, 261], [420, 366, 1])
1	0.6125087384708774	0.7150003690797068	([223, 0], [223, 178, 103])
1	0.6977943366486492	0.7150593464051057	([424, 329], [424, 411, 329])
1	0.6918084258509243	0.7151802187219405	([465, 287], [465, 413, 309])
1	0.7087434157700343	0.7152249199367656	([461, 285], [461, 395, 285])
1	0.7093661095481295	0.7153714670866416	([269, 175], [269, 260, 175])
1	0.7096537691818627	0.715837034606282	([372, 248], [372, 330, 248])
1	0.715405632610032	0.7162559347749783	([329, 232], [329, 317, 232])
1	0.7096976208101337	0.7165301716821902	([326, 217], [326, 296, 217])
1	0.7017324854467806	0.7168465300303581	([212, 92], [212, 173, 171])
1	0.711323233529507	0.7172906316097415	([455, 289], [455, 416, 318])
1	0.7180705227432844	0.7182948277017656	([167, 28], [167, 114, 28])
1	0.7037755172023759	0.7196270844165609	([252, 153], [233, 171, 153])
1	0.6977862928880929	0.7198296060993983	([338, 223], [338, 310, 223])
1	0.710835966832373	0.719924113871685	([266, 184], [266, 223, 203])
1	0.7152808153923408	0.7201462385502775	([317, 191], [317, 303, 174])
1	0.6893299216106166	0.7203001203656056	([280, 170], [280, 254, 170])
1	0.7035661691711926	0.7205000871406283	([202, 100], [218, 202, 100])
1	0.712383987995857	0.7208569594856221	([181, 11], [181, 167, 11])
1	0.7050468596145235	0.7209638429117656	([253, 166], [253, 211, 166])
1	0.69956441714058	0.7210425663387399	([383, 3], [383, 298, 295])
1	0.6962735285788697	0.7211031229030254	([308, 210], [308, 271, 172])
1	0.7028413495847033	0.7211067204383889	([402, 268], [402, 376, 268])
1	0.7076062597873216	0.7213408516958826	([453, 250], [453, 340, 250])
1	0.7082762845964585	0.7213457526641274	([318, 188], [318, 263, 188])
1	0.6782335631135271	0.7216047041290315	([437, 3], [452, 262, 231])
1	0.7160578676113761	0.7218067047352157	([273, 36], [273, 36, 8])
1	0.6942590937484459	0.7218067047352157	([290, 8], [290, 273, 8])
1	0.7144951463285973	0.7219069037422713	([468, 299], [468, 402, 395])
1	0.6563814670832654	0.722041249717087	([478, 9], [478, 458, 1])
1	0.7098465886856418	0.7225324037684976	([402, 10], [402, 400, 10])
1	0.6942470355245972	0.7229106781174497	([401, 286], [406, 401, 286])
1	0.7220756075725717	0.723464136541844	([227, 155], [227, 179, 175])
1	0.7217761837925726	0.7235787396022341	([256, 101], [256, 171, 92])
1	0.7248701722272124	0.7251021776524613	([425, 293], [425, 423, 293])
1	0.6953710189162078	0.7252581813739487	([229, 137], [229, 210, 137])
1	0.7198297946506427	0.7253081554477308	([336, 193], [336, 272, 193])
1	0.721222648854272	0.725933715819649	([295, 98], [295, 142, 98])
1	0.7197332896821917	0.725933715819649	([288, 142], [295, 288, 142])
1	0.7213115082886957	0.7259756740913271	([328, 199], [328, 297, 215])
1	0.7055518516372167	0.7261435750796703	([295, 14], [295, 213, 152])
1	0.7192697661423355	0.726701771851995	([293, 111], [293, 288, 142])
1	0.7039072172736852	0.7272753803658414	([258, 96], [258, 100, 96])
1	0.7047938421160422	0.7275179769293005	([193, 91], [193, 148, 91])
1	0.6707648353002049	0.7275202113273668	([209, 115], [209, 165, 154])
1	0.7216735524126117	0.7277586348510563	([226, 99], [226, 191, 99])
1	0.704280931677629	0.7279732380510762	([284, 161], [276, 213, 161])
1	0.7224627242319238	0.7279971678526336	([335, 205], [364, 335, 200])
1	0.6989220969640731	0.728015374231664	([473, 136], [473, 469, 172])
1	0.7265135201310041	0.7284364103029722	([260, 115], [260, 146, 115])
1	0.7285504868418919	0.7286472784773013	([407, 12], [407, 35, 12])
1	0.7193856767948205	0.7286481499640673	([275, 168], [275, 259, 168])
1	0.7084591476816605	0.7296766218830081	([458, 315], [458, 388, 294])
1	0.7279571393536142	0.7298028768672148	([464, 122], [478, 464, 122])
1	0.7262419563457614	0.7298868547787102	([323, 6], [323, 294, 9])
1	0.720875435825423	0.7301102536342099	([253, 80], [253, 195, 104])
1	0.7294859104978001	0.7302006970602121	([401, 168], [481, 401, 126])
1	0.727394373279881	0.7303113806836852	([481, 50], [481, 162, 30])
1	0.7011796250492095	0.730376899303614	([461, 156], [481, 461, 162])
1	0.6982865611683838	0.7305075229520145	([364, 200], [335, 300, 179])
1	0.7298421570718263	0.7306183784630157	([312, 154], [312, 176, 154])
1	0.7274053210961328	0.7310098693712466	([306, 10], [306, 256, 92])
1	0.7059657393258246	0.7311477737161617	([281, 135], [281, 206, 173])
1	0.6943652607285389	0.7312041387552447	([405, 172], [405, 360, 308])
1	0.7280408334355433	0.7312830156925719	([275, 12], [275, 139, 12])
1	0.7301399064709239	0.7314922688008215	([346, 173], [383, 346, 173])
1	0.7163172325628012	0.7317385687926954	([411, 184], [411, 259, 184])
1	0.727646393545029	0.7317850774619976	([475, 125], [475, 119, 9])
1	0.7245156565220222	0.7320294522476671	([348, 218], [348, 337, 218])
1	0.7268407577034036	0.7322738865926037	([313, 141], [318, 313, 141])
1	0.7171572318110381	0.7324286972221755	([471, 344], [471, 446, 344])
1	0.7236519855805159	0.7327122422489072	([386, 176], [386, 312, 299])
1	0.7325838286576745	0.7327430735209838	([441, 290], [441, 385, 305])
1	0.7149893159431534	0.732939855306335	([241, 144], [263, 241, 144])
1	0.7265964757517929	0.7329644077483208	([356, 203], [356, 331, 214])
1	0.7168972668961564	0.7337437121606032	([341, 189], [341, 322, 189])
1	0.615670804341651	0.7337437121606032	([322, 0], [341, 322, 259])
1	0.7161008609274527	0.7343185770284396	([473, 59], [473, 136, 59])
1	0.7318945251220935	0.7343256468938428	([435, 288], [435, 426, 288])
1	0.7130403272016872	0.7343513633053099	([322, 189], [322, 300, 189])
1	0.7171981885286902	0.7344893611113621	([431, 190], [431, 417, 190])
1	0.7304200424052197	0.7346099285511931	([388, 159], [388, 346, 173])
1	0.7261681019598615	0.7346145398332234	([332, 177], [332, 256, 217])
1	0.7029619567728681	0.7346145398332234	([369, 217], [369, 332, 217])
1	0.731348638435251	0.7347521482375321	([405, 133], [405, 172, 138])
1	0.7292374421785964	0.7347874157431473	([444, 229], [444, 385, 229])
1	0.733796428190685	0.7348891197895585	([378, 216], [378, 367, 216])
1	0.7335851011486835	0.7350849558343495	([410, 212], [410, 212, 171])
1	0.7147990576609674	0.7350849558343495	([410, 151], [410, 384, 171])
1	0.7106485465565434	0.7353302666552062	([245, 107], [245, 210, 107])
1	0.6739549325112837	0.7353442701625247	([384, 171], [398, 270, 250])
1	0.715999341095148	0.73563501709033	([305, 145], [305, 300, 181])
1	0.7305645355227944	0.735889843590731	([377, 241], [377, 356, 241])
1	0.7090110516829525	0.7362204375495677	([291, 158], [303, 291, 158])
1	0.725698449860599	0.7363085073837565	([273, 160], [286, 273, 160])
1	0.7168983104143947	0.7365265283909844	([246, 86], [246, 210, 180])
1	0.7351344920269023	0.7366942971074962	([291, 107], [291, 245, 221])
1	0.7132391118804361	0.7367690929104712	([475, 163], [404, 401, 168])
1	0.6863136083070278	0.7368828344545644	([469, 172], [469, 385, 329])
1	0.70256070669883	0.7376408551124466	([216, 12], [216, 174, 12])
1	0.7333981370760799	0.7377748193229382	([456, 256], [456, 445, 256])
1	0.7202752538057131	0.7377995931198277	([288, 65], [288, 142, 65])
1	0.737039913936957	0.7380548653913528	([479, 310], [479, 461, 310])
1	0.7330866473025641	0.7381102636481357	([301, 144], [316, 193, 148])
1	0.7356242719975367	0.7383633223624467	([391, 148], [391, 316, 299])
1	0.7259968123921089	0.7384851434590538	([257, 87], [257, 211, 87])
1	0.7272044198248474	0.73877752696266	([372, 195], [372, 195, 176])
1	0.7263066612321334	0.7389004792124775	([481, 334], [481, 315, 289])
1	0.7302252538012988	0.73892452227282	([292, 81], [292, 212, 97])
1	0.7285280356394472	0.7389270539534046	([346, 229], [394, 346, 229])
1	0.7341548016775856	0.7391567555297671	([365, 186], [365, 272, 218])
1	0.7330978782788555	0.7392942879172458	([296, 165], [296, 195, 165])
1	0.7204864896791718	0.7394254066680684	([462, 41], [468, 462, 33])
1	0.7385778418475442	0.7395093873784468	([413, 195], [413, 389, 6])
1	0.73565018060998	0.739842657914866	([464, 281], [464, 389, 304])
1	0.7049268485582066	0.7404280352958027	([479, 34], [479, 310, 34])
1	0.7300784502920087	0.74054823823697	([406, 135], [406, 286, 170])
1	0.7354078591615839	0.74054823823697	([382, 170], [406, 382, 170])
1	0.7268550377408393	0.74054823823697	([451, 170], [451, 406, 170])
1	0.7369982766335574	0.7406395681824265	([476, 70], [476, 461, 70])
1	0.7331116754712337	0.7407000060103373	([294, 167], [294, 240, 214])
1	0.7377278328741158	0.7407138172239345	([332, 5], [332, 316, 5])
1	0.7305438312802767	0.7407842817799783	([254, 55], [254, 80, 55])
1	0.7209156085412821	0.7408097420253349	([385, 7], [385, 295, 7])
1	0.7368859324047925	0.7408743706329186	([457, 224], [457, 303, 224])
1	0.6943152565723686	0.7418877464129016	([468, 32], [468, 460, 134])
1	0.7140663674902834	0.7420647651750514	([480, 36], [473, 467, 36])
1	0.7144699079123393	0.7423282980447097	([481, 276], [481, 286, 276])
1	0.7399152413187089	0.7423912924153305	([285, 103], [285, 218, 216])
1	0.7287791290157584	0.742567271443818	([400, 114], [400, 119, 114])
1	0.7401773238401875	0.7426875473495571	([239, 91], [239, 171, 4])
1	0.7077979323273738	0.7428565581642177	([287, 108], [287, 116, 61])
1	0.7418535476423114	0.7429001762438086	([294, 123], [294, 167, 123])
1	0.741447846770222	0.7431200276131646	([277, 21], [277, 21, 5])
1	0.7350697075047068	0.7433931871592476	([463, 66], [463, 401, 66])
1	0.72621617601207	0.7437626247555218	([282, 156], [287, 282, 143])
1	0.7320813074304706	0.7438339056170311	([394, 175], [394, 229, 175])
1	0.74337420917365	0.7438614348630993	([278, 24], [278, 60, 31])
1	0.7362943109158914	0.744195714427491	([404, 202], [404, 202, 170])
1	0.733841812976033	0.7442359552204689	([428, 215], [428, 345, 320])
1	0.7419943934516373	0.7442730759010342	([392, 122], [466, 392, 122])
1	0.7301076398552688	0.7442730759010342	([466, 24], [466, 464, 122])
1	0.7195815041925094	0.7443063474129065	([472, 152], [472, 152, 14])
1	0.7394301174955294	0.7443926506032421	([462, 159], [462, 401, 280])
1	0.7315847393781553	0.7444426635923177	([251, 120], [251, 174, 93])
1	0.7432229654237907	0.7446381736675484	([425, 7], [425, 388, 171])
1	0.7247439657310694	0.7446564346015616	([404, 65], [404, 401, 66])
1	0.7245336324916998	0.7447841078136435	([418, 235], [418, 335, 235])
1	0.7163148070524399	0.744888262587726	([402, 157], [473, 402, 157])
1	0.7402390585132429	0.7451470263141858	([331, 94], [331, 274, 223])
1	0.7269428624347909	0.7457465352722663	([240, 79], [240, 183, 176])
1	0.724607658237153	0.745979302309342	([407, 35], [407, 293, 272])
1	0.7458610834989515	0.7465199616657948	([328, 96], [328, 234, 96])
1	0.731194571141742	0.7467817175023431	([278, 60], [278, 173, 146])
1	0.7465644065506264	0.7470978224532652	([268, 22], [268, 228, 26])
1	0.7319992783554554	0.7473383291938941	([448, 240], [419, 332, 240])
1	0.7335707599089252	0.7473783907318285	([447, 193], [447, 319, 193])
1	0.742994670891884	0.747545983044821	([401, 206], [401, 274, 256])
1	0.7372764795083225	0.7477096464892203	([442, 260], [442, 373, 337])
1	0.7379197757317956	0.7488391594897951	([347, 99], [347, 265, 99])
1	0.723965745150474	0.7495062417299226	([327, 146], [327, 300, 146])
1	0.7065221594067882	0.7495962483346815	([310, 112], [368, 310, 105])
1	0.7475816413853645	0.7496651632011945	([322, 95], [322, 177, 148])
1	0.7263248711942382	0.7497163324254515	([274, 41], [274, 94, 32])
1	0.7154843003287259	0.7497163324254515	([336, 32], [318, 274, 32])
1	0.7418700473078776	0.7497165411098933	([266, 72], [266, 209, 154])
1	0.7310553082298541	0.7497614539750136	([444, 100], [444, 398, 100])
1	0.7430849168608411	0.7499013961446945	([467, 137], [476, 467, 173])
1	0.7119672447151879	0.7499485682558911	([463, 131], [463, 131, 55])
1	0.7440152221160455	0.7500733361067834	([415, 178], [415, 228, 210])
1	0.7333131660218339	0.750530847072106	([470, 48], [470, 467, 48])
1	0.7273579295714929	0.7506322613157864	([396, 103], [396, 292, 179])
1	0.742551582985291	0.7507173902734489	([471, 146], [471, 146, 3])
1	0.7054159827070581	0.7507173902734489	([471, 168], [471, 253, 3])
1	0.731066644255712	0.7507630318795041	([454, 107], [477, 107, 33])
1	0.7389839260859479	0.7512774488559841	([478, 69], [478, 136, 69])
1	0.7498753902594876	0.7516744137970658	([393, 162], [393, 265, 162])
1	0.7140473275170397	0.7517413667466668	([349, 16], [349, 195, 101])
1	0.7263543697372681	0.7520593046661037	([387, 145], [387, 371, 145])
1	0.7404018330355081	0.7521416820518525	([462, 121], [462, 121, 107])
1	0.7502462226872978	0.7527950262877814	([402, 203], [402, 273, 203])
1	0.7461597033957695	0.7534712819846064	([437, 150], [437, 294, 290])
1	0.750733013746761	0.7540830949994598	([393, 90], [393, 184, 102])
1	0.7499679693626553	0.7545154754233278	([346, 103], [456, 381, 103])
1	0.7453956306337199	0.7545177159369623	([360, 86], [360, 265, 256])
1	0.7543173377779947	0.7548204485795376	([445, 10], [445, 401, 10])
1	0.7529608525457188	0.7552332150607042	([221, 108], [221, 173, 92])
1	0.7442921303264448	0.7561375317213521	([317, 19], [317, 309, 20])
1	0.7402897113777037	0.7561552002017488	([478, 209], [478, 473, 209])
1	0.7453569862588739	0.7565539856185739	([465, 77], [465, 170, 156])
1	0.7406842015615981	0.7573194986369494	([477, 207], [477, 207, 169])
1	0.7565186081030028	0.7575807942605736	([354, 87], [354, 181, 178])
1	0.7431398052511107	0.7580848223491419	([239, 60], [239, 137, 91])
1	0.6328357876537498	0.758326080379341	([379, 0], [379, 322, 261])
1	0.73657454979862	0.7586404020719612	([429, 189], [429, 357, 318])
1	0.7519757155909799	0.7588961987058993	([311, 16], [311, 16, 6])
1	0.7555884317728108	0.7592504669163028	([314, 128], [314, 276, 128])
1	0.7320881307298411	0.7603401427538331	([399, 15], [469, 399, 39])
1	0.7340177463779094	0.7606569474762755	([470, 167], [480, 470, 167])
1	0.7575277081393205	0.7612689899419276	([391, 128], [401, 391, 128])
1	0.7469553322785738	0.76134289328396	([394, 84], [394, 175, 147])
1	0.6134933795945658	0.7613465844291609	([341, 0], [322, 194, 148])
1	0.7598263228117373	0.7614128662195843	([369, 132], [369, 175, 154])
1	0.7600346680757326	0.7634802441803488	([474, 61], [474, 61, 12])
1	0.7543175553189433	0.7634802441803488	([474, 130], [474, 130, 12])
1	0.7585434463447601	0.7658332586391823	([411, 95], [463, 411, 95])
1	0.7423042490921661	0.766020675404966	([466, 237], [466, 313, 263])
1	0.742753781890385	0.7663828207902564	([456, 13], [456, 402, 13])
1	0.7370314465208299	0.7667112912479537	([458, 72], [458, 72, 8])
1	0.7596289176138395	0.7668044831389116	([397, 48], [470, 397, 341])
1	0.7558055428306955	0.7677817186768028	([392, 17], [458, 392, 17])
1	0.7656426262288101	0.7679540158504841	([371, 43], [371, 180, 145])
1	0.7485793219779114	0.7680179386892807	([466, 73], [466, 73, 24])
1	0.7653132693436916	0.7680548907127751	([332, 69], [332, 177, 69])
1	0.7655341418081877	0.7709486600174441	([352, 80], [352, 319, 80])
1	0.7379466913833307	0.7764905647983642	([367, 62], [367, 123, 106])
1	0.7624567699650627	0.7790902350809589	([442, 117], [442, 203, 97])
1	0.7749659912697147	0.7865697282777004	([431, 57], [431, 147, 7])
0	0.0	inf	([0], [])
