0	0.0	0.01700558029525337	([207], [207, 125])
0	0.0	0.2462212997126479	([7], [7, 6])
0	0.0	0.24889273878524926	([381], [381, 380])
0	0.0	0.25588632375131387	([37], [37, 36])
0	0.0	0.2607521171647966	([389], [389, 388])
0	0.0	0.2608236804638466	([89], [89, 88])
0	0.0	0.2669260051735227	([306], [306, 305])
0	0.0	0.27102433729850733	([98], [98, 97])
0	0.0	0.2713577096504894	([316], [316, 315])
0	0.0	0.2715096978195222	([223], [223, 222])
0	0.0	0.2730840652162971	([253], [253, 252])
0	0.0	0.27318316860973424	([407], [407, 406])
0	0.0	0.27389772973866694	([287], [287, 286])
0	0.0	0.2762897513620326	([378], [378, 377])
0	0.0	0.2779160167987316	([10], [10, 9])
0	0.0	0.27823322730731126	([352], [352, 351])
0	0.0	0.27918022745600896	([147], [147, 146])
0	0.0	0.27949841240442375	([314], [314, 313])
0	0.0	0.2798420615879268	([383], [383, 382])
0	0.0	0.2805944604662421	([410], [410, 409])
0	0.0	0.2813126698096122	([323], [323, 322])
0	0.0	0.28132534135784365	([297], [297, 296])
0	0.0	0.2815182363160233	([385], [385, 384])
0	0.0	0.28230976994471163	([254], [254, 253])
0	0.0	0.2825668091295676	([206], [206, 205])
0	0.0	0.28273444273490994	([321], [321, 320])
0	0.0	0.2841020486326918	([218], [218, 217])
0	0.0	0.28418603618173366	([415], [415, 414])
0	0.0	0.2842141901480593	([231], [231, 230])
0	0.0	0.2849602639090569	([413], [413, 412])
0	0.0	0.2860501049919596	([3], [3, 2])
0	0.0	0.2861540853407548	([409], [409, 408])
0	0.0	0.2861787910028972	([163], [163, 162])
0	0.0	0.28654069373592134	([393], [393, 392])
0	0.0	0.2866091508132775	([377], [377, 376])
0	0.0	0.2876036001469872	([248], [248, 247])
0	0.0	0.28792774617705935	([368], [368, 367])
0	0.0	0.28969121050619695	([41], [41, 40])
0	0.0	0.29060267376492577	([414], [414, 413])
0	0.0	0.2909779955974877	([23], [23, 22])
0	0.0	0.291404077229616	([338], [338, 337])
0	0.0	0.29164728902087106	([412], [412, 411])
0	0.0	0.29167733019747805	([376], [376, 375])
0	0.0	0.29181151568805686	([251], [251, 250])
0	0.0	0.2919261602289914	([9], [9, 8])
0	0.0	0.29196373162735834	([283], [283, 282])
0	0.0	0.2922906504423967	([205], [205, 204])
0	0.0	0.293189332891124	([401], [401, 400])
0	0.0	0.2933419125622578	([8], [8, 7])
0	0.0	0.2933971288497216	([349], [349, 348])
0	0.0	0.29354663108220014	([320], [320, 319])
0	0.0	0.2936458831417379	([236], [236, 235])
0	0.0	0.2940347956234058	([144], [144, 143])
0	0.0	0.2942570646000294	([2], [2, 1])
0	0.0	0.29484796220505505	([382], [382, 381])
0	0.0	0.2954838371224095	([365], [365, 364])
0	0.0	0.29568505255195604	([212], [212, 211])
0	0.0	0.2957242427098918	([350], [350, 349])
0	0.0	0.29600169210774996	([318], [318, 317])
0	0.0	0.2978554463792888	([214], [214, 213])
0	0.0	0.2992060714941224	([213], [213, 212])
0	0.0	0.2998727422604388	([161], [161, 160])
0	0.0	0.3001174626453987	([145], [145, 144])
0	0.0	0.3026396859634158	([302], [302, 301])
0	0.0	0.3029893549819023	([294], [294, 293])
0	0.0	0.30302991110784433	([328], [328, 327])
0	0.0	0.30308190813580593	([386], [386, 385])
0	0.0	0.30315823398268216	([47], [47, 46])
0	0.0	0.30329270725113916	([329], [329, 328])
0	0.0	0.3035282494452965	([404], [404, 403])
0	0.0	0.30366749047585995	([252], [252, 251])
0	0.0	0.30408998556620936	([155], [155, 154])
0	0.0	0.30465698027391247	([222], [222, 221])
0	0.0	0.30490126929495476	([67], [67, 66])
0	0.0	0.3049258634553403	([35], [35, 34])
0	0.0	0.3052007454797941	([174], [174, 173])
0	0.0	0.30524152567446144	([152], [152, 151])
0	0.0	0.30527988853366206	([249], [249, 248])
0	0.0	0.305416364250403	([189], [189, 188])
0	0.0	0.3054219679175422	([216], [216, 215])
0	0.0	0.3060321806661247	([29], [29, 28])
0	0.0	0.30651803395916255	([11], [11, 10])
0	0.0	0.30669102408543336	([90], [90, 89])
0	0.0	0.3068115300904456	([81], [81, 80])
0	0.0	0.3068380299658911	([268], [268, 267])
0	0.0	0.30695264034687625	([63], [63, 61])
0	0.0	0.30704979721242903	([343], [343, 342])
0	0.0	0.307328730822212	([217], [217, 216])
0	0.0	0.30774223636261155	([55], [55, 54])
0	0.0	0.30807503984902496	([97], [97, 96])
0	0.0	0.3081382206101313	([22], [22, 21])
0	0.0	0.3086480280231156	([406], [406, 405])
0	0.0	0.30867837782285334	([154], [154, 153])
0	0.0	0.3086830303890079	([62], [62, 61])
0	0.0	0.3087248822976567	([264], [264, 263])
0	0.0	0.30888942879024184	([215], [215, 214])
0	0.0	0.3089226309915085	([411], [411, 410])
0	0.0	0.3091653228259123	([20], [20, 19])
0	0.0	0.3092234719977716	([153], [153, 152])
0	0.0	0.30937343775288306	([416], [416, 415])
0	0.0	0.30950810456765027	([199], [199, 198])
0	0.0	0.3099313606854763	([21], [21, 20])
0	0.0	0.31000477354763806	([88], [88, 87])
0	0.0	0.3102129315381549	([180], [180, 179])
0	0.0	0.3102310539506202	([403], [404, 402])
0	0.0	0.310358096106967	([24], [24, 23])
0	0.0	0.31080376474022914	([197], [197, 196])
0	0.0	0.311630395510593	([234], [234, 233])
0	0.0	0.31192371248754236	([315], [315, 314])
0	0.0	0.31219794875780643	([184], [184, 183])
0	0.0	0.31236406202038275	([269], [269, 268])
0	0.0	0.31292830890128653	([399], [399, 398])
0	0.0	0.3130577585842663	([327], [327, 326])
0	0.0	0.31321242867810134	([374], [374, 373])
0	0.0	0.313267147021142	([73], [73, 72])
0	0.0	0.3134414164033766	([38], [38, 37])
0	0.0	0.31350859279324883	([394], [394, 393])
0	0.0	0.31382214883277404	([364], [364, 363])
0	0.0	0.31428104860076594	([369], [369, 368])
0	0.0	0.31490225150039347	([360], [360, 359])
0	0.0	0.3150509447764925	([334], [334, 333])
0	0.0	0.31566709898636197	([375], [375, 374])
0	0.0	0.3158407637594032	([12], [12, 11])
0	0.0	0.3159237790326148	([1], [1, 0])
0	0.0	0.31633191146713663	([64], [64, 63])
0	0.0	0.31656566159243427	([397], [397, 396])
0	0.0	0.3172193929141209	([82], [82, 81])
0	0.0	0.3173243662920193	([398], [398, 397])
0	0.0	0.31735658282615736	([408], [408, 407])
0	0.0	0.3174186618021619	([241], [241, 240])
0	0.0	0.31824737328800295	([260], [260, 259])
0	0.0	0.3185031082413645	([173], [173, 172])
0	0.0	0.31862484556024073	([240], [240, 239])
0	0.0	0.31879808054328107	([107], [107, 106])
0	0.0	0.31879841991478786	([5], [5, 4])
0	0.0	0.31887516081401596	([246], [246, 245])
0	0.0	0.3191777903959978	([46], [46, 45])
0	0.0	0.31934362089834506	([104], [104, 103])
0	0.0	0.3193812865607057	([70], [70, 69])
0	0.0	0.31947923354083907	([202], [202, 201])
0	0.0	0.3201843155605289	([4], [4, 3])
0	0.0	0.3202467941632971	([247], [247, 246])
0	0.0	0.32126819849242993	([25], [25, 24])
0	0.0	0.3214170953528959	([380], [380, 379])
0	0.0	0.3214294188875823	([304], [304, 303])
0	0.0	0.32163691110685944	([159], [159, 157])
0	0.0	0.3216817396432161	([75], [75, 74])
0	0.0	0.32168838688802154	([339], [339, 338])
0	0.0	0.3218116983034536	([27], [27, 26])
0	0.0	0.321822291115178	([224], [224, 223])
0	0.0	0.3220957045119527	([156], [156, 155])
0	0.0	0.32211362983191594	([292], [292, 291])
0	0.0	0.3223335834267942	([13], [13, 12])
0	0.0	0.32249353731271385	([50], [50, 49])
0	0.0	0.32264702096918146	([74], [74, 73])
0	0.0	0.32328011372141846	([263], [263, 262])
0	0.0	0.3233892122222686	([305], [305, 304])
0	0.0	0.32382552631389844	([358], [358, 357])
0	0.0	0.3239318784895528	([322], [322, 321])
0	0.0	0.3240234770706697	([80], [80, 79])
0	0.0	0.32403171483000154	([198], [198, 197])
0	0.0	0.3241249816317832	([335], [335, 334])
0	0.0	0.32458997505989173	([229], [229, 228])
0	0.0	0.3248893561871231	([52], [52, 51])
0	0.0	0.32498063159848106	([359], [359, 358])
0	0.0	0.3254643347948043	([276], [276, 275])
0	0.0	0.3261721031515906	([337], [338, 336])
0	0.0	0.32629255800443036	([286], [286, 285])
0	0.0	0.32737713226383297	([146], [146, 145])
0	0.0	0.32774131803178924	([221], [221, 220])
0	0.0	0.3279754085547762	([151], [151, 150])
0	0.0	0.32801423951443953	([342], [342, 341])
0	0.0	0.3285624059721312	([31], [31, 28])
0	0.0	0.32864160580805307	([141], [141, 140])
0	0.0	0.3287300313254752	([333], [333, 331])
0	0.0	0.3297285341206374	([379], [379, 378])
0	0.0	0.33051103543390825	([308], [308, 307])
0	0.0	0.3307100569338989	([49], [49, 48])
0	0.0	0.33075972506765633	([91], [91, 90])
0	0.0	0.3311978990130413	([319], [319, 318])
0	0.0	0.3322501426414362	([400], [400, 399])
0	0.0	0.33238969790590694	([36], [36, 35])
0	0.0	0.33257769172403245	([311], [311, 310])
0	0.0	0.33286567204313794	([99], [99, 98])
0	0.0	0.3332200783818893	([39], [39, 38])
0	0.0	0.33338282655009105	([61], [61, 60])
0	0.0	0.33402165749286633	([293], [293, 292])
0	0.0	0.334560049937309	([15], [15, 14])
0	0.0	0.33476792755416823	([143], [143, 142])
0	0.0	0.3347835492357893	([303], [303, 302])
0	0.0	0.3349731798693962	([301], [301, 300])
0	0.0	0.3351362704332849	([209], [209, 208])
0	0.0	0.33538279223725137	([51], [51, 50])
0	0.0	0.33560790323601974	([192], [192, 191])
0	0.0	0.3359035268919298	([226], [226, 225])
0	0.0	0.33594792663450246	([40], [40, 39])
1	0.33269676644684404	0.3366426242842692	([3, 0], [3, 2, 1])
0	0.0	0.33673162153473385	([164], [164, 163])
0	0.0	0.336898934510746	([238], [238, 237])
0	0.0	0.33727656267648254	([6], [6, 5])
0	0.0	0.3380341790580413	([204], [204, 203])
0	0.0	0.33810614329127475	([257], [257, 256])
0	0.0	0.33818717649166413	([262], [262, 261])
0	0.0	0.33844626710558745	([390], [390, 389])
0	0.0	0.33855121471783106	([14], [14, 13])
0	0.0	0.3386520684926259	([261], [261, 260])
0	0.0	0.3390158403138402	([325], [325, 324])
0	0.0	0.339797374784255	([243], [243, 241])
0	0.0	0.33996976392187933	([71], [71, 70])
0	0.0	0.34026559336936346	([346], [346, 345])
0	0.0	0.34027271049018915	([357], [357, 356])
0	0.0	0.34029855264697045	([405], [405, 404])
0	0.0	0.34040009350829337	([384], [384, 383])
0	0.0	0.34074971561908635	([175], [175, 174])
0	0.0	0.3407802762003128	([160], [160, 159])
0	0.0	0.3409729158757194	([45], [45, 44])
0	0.0	0.3415767453753173	([285], [285, 284])
0	0.0	0.3417727054281369	([265], [265, 264])
0	0.0	0.34218131782563205	([17], [17, 15])
0	0.0	0.34245962263696883	([129], [129, 126])
0	0.0	0.3433331451640262	([299], [299, 298])
0	0.0	0.3436011272573726	([103], [104, 102])
0	0.0	0.343792111068978	([336], [336, 335])
0	0.0	0.3438633884865917	([284], [284, 283])
0	0.0	0.3441196958716639	([72], [72, 71])
0	0.0	0.3446204845677708	([288], [288, 287])
0	0.0	0.3446950587338475	([351], [351, 350])
0	0.0	0.34477939870053403	([317], [317, 316])
0	0.0	0.3451069633786557	([300], [300, 299])
0	0.0	0.34552922221321775	([44], [44, 43])
0	0.0	0.34605018091699596	([402], [402, 401])
0	0.0	0.3461720973432385	([203], [203, 202])
0	0.0	0.3463750881538219	([83], [83, 82])
0	0.0	0.3465479276124995	([396], [396, 395])
0	0.0	0.34701614798959807	([242], [242, 241])
0	0.0	0.34764324158540744	([250], [250, 249])
0	0.0	0.34890760203483767	([195], [195, 194])
0	0.0	0.3490976221753186	([291], [291, 290])
0	0.0	0.34959878114637116	([178], [178, 177])
0	0.0	0.34969181721242004	([295], [295, 293])
0	0.0	0.3498801013323568	([142], [142, 141])
0	0.0	0.3500578152535669	([332], [332, 331])
0	0.0	0.35059890947789807	([367], [367, 366])
0	0.0	0.3520669861561674	([307], [307, 306])
0	0.0	0.3524033445120797	([26], [26, 25])
0	0.0	0.35246200445836656	([157], [157, 156])
0	0.0	0.35377262120878544	([181], [181, 180])
0	0.0	0.35384431477910744	([330], [330, 329])
0	0.0	0.3538771257381937	([148], [148, 147])
0	0.0	0.35423510231057187	([179], [179, 178])
0	0.0	0.35494806519205657	([69], [69, 68])
0	0.0	0.35523242750970824	([225], [225, 224])
0	0.0	0.35663866845472075	([0], [17, 16])
0	0.0	0.35691869207504107	([244], [244, 243])
0	0.0	0.35770440085509614	([87], [87, 86])
0	0.0	0.35804700234941284	([48], [48, 47])
0	0.0	0.36041965087907973	([324], [324, 323])
0	0.0	0.3611919892425401	([94], [94, 93])
0	0.0	0.3617507942573761	([150], [150, 148])
0	0.0	0.3624522174514507	([345], [346, 343])
0	0.0	0.36365739584861706	([392], [392, 391])
0	0.0	0.3638608151083487	([95], [95, 94])
0	0.0	0.36432051570293017	([279], [279, 278])
0	0.0	0.3646738341562117	([387], [387, 386])
0	0.0	0.36591461075043374	([220], [220, 219])
0	0.0	0.3659845553278775	([79], [79, 78])
0	0.0	0.3660500729718124	([312], [312, 311])
0	0.0	0.36734463985731586	([43], [43, 42])
0	0.0	0.3675012649690619	([162], [162, 161])
0	0.0	0.36816432713165825	([106], [106, 105])
0	0.0	0.3686592006407144	([228], [228, 227])
0	0.0	0.36896592489015206	([235], [235, 234])
0	0.0	0.36931904519136644	([282], [282, 279])
0	0.0	0.36936984178585347	([84], [84, 83])
0	0.0	0.3695208333755916	([362], [362, 360])
0	0.0	0.37018123277056864	([388], [388, 387])
0	0.0	0.37028735177017785	([298], [298, 297])
0	0.0	0.3711373034994396	([278], [278, 277])
0	0.0	0.37122098340206483	([177], [177, 176])
0	0.0	0.37145038086813387	([370], [370, 369])
0	0.0	0.3719711881049694	([280], [280, 279])
0	0.0	0.3720671904291558	([219], [219, 218])
0	0.0	0.3721916312448894	([313], [313, 312])
0	0.0	0.3724949716470973	([201], [201, 200])
0	0.0	0.37254402300529016	([245], [245, 244])
0	0.0	0.37294667594733616	([140], [150, 149])
0	0.0	0.3731046010130687	([391], [391, 390])
0	0.0	0.3731479402643226	([341], [345, 344])
0	0.0	0.3736930853875316	([19], [19, 18])
0	0.0	0.37388414925439156	([28], [28, 27])
0	0.0	0.3745831219568417	([122], [122, 110])
0	0.0	0.3747461715655983	([296], [296, 295])
0	0.0	0.3751550722331088	([196], [196, 194])
0	0.0	0.3770277886626138	([331], [331, 330])
0	0.0	0.3770823794656282	([68], [69, 67])
0	0.0	0.37716496463091825	([356], [356, 354])
0	0.0	0.3782893875746527	([237], [237, 236])
0	0.0	0.37883897522270615	([18], [18, 17])
0	0.0	0.3792152676048893	([165], [165, 164])
0	0.0	0.38100307144180395	([267], [267, 265])
0	0.0	0.381278934901978	([395], [395, 394])
0	0.0	0.3814178053818806	([366], [366, 365])
0	0.0	0.3818207748852364	([86], [86, 84])
0	0.0	0.3819493763688569	([105], [105, 104])
0	0.0	0.3821514486532076	([78], [78, 77])
0	0.0	0.3831491529616047	([54], [54, 53])
0	0.0	0.3845455317937242	([186], [186, 185])
0	0.0	0.3846084094198856	([208], [208, 204])
0	0.0	0.38486042211206023	([42], [43, 41])
0	0.0	0.3850601442573647	([34], [34, 33])
0	0.0	0.3850687397510223	([373], [373, 371])
0	0.0	0.3855084219525743	([363], [363, 362])
0	0.0	0.3858447642423945	([355], [355, 354])
0	0.0	0.38603412984043084	([354], [362, 361])
1	0.3857686445492414	0.3863344597277559	([68, 66], [71, 69, 68])
0	0.0	0.38773284665453256	([193], [193, 192])
1	0.38494433470514183	0.3879446005191292	([71, 66], [71, 69, 67])
0	0.0	0.3881488847332426	([185], [185, 183])
0	0.0	0.38854111963958693	([211], [211, 209])
0	0.0	0.38894246613640243	([77], [86, 85])
0	0.0	0.39181140623601524	([170], [170, 169])
0	0.0	0.3927914293422185	([277], [277, 276])
0	0.0	0.39298678053757696	([176], [177, 175])
0	0.0	0.3931389684890503	([326], [326, 325])
0	0.0	0.39347563877574687	([188], [188, 187])
0	0.0	0.39426048737360536	([210], [210, 209])
0	0.0	0.3946608628884767	([272], [272, 271])
0	0.0	0.39486389119131465	([59], [59, 54])
0	0.0	0.3958921201747418	([230], [231, 229])
0	0.0	0.3965624171303299	([60], [60, 59])
0	0.0	0.3971799565327325	([16], [31, 30])
0	0.0	0.39996602150931093	([259], [259, 257])
0	0.0	0.4010525699784594	([200], [200, 199])
0	0.0	0.4012906679746584	([56], [56, 55])
0	0.0	0.4013829691650929	([102], [102, 101])
0	0.0	0.401411759022046	([66], [66, 65])
0	0.0	0.40145498251188577	([310], [310, 308])
0	0.0	0.4014929347155119	([233], [234, 232])
0	0.0	0.40211989699815703	([135], [135, 124])
0	0.0	0.40229811456509024	([290], [310, 309])
0	0.0	0.40234039170990804	([92], [92, 91])
0	0.0	0.4028969474340061	([227], [229, 226])
0	0.0	0.40328860264825517	([371], [371, 370])
0	0.0	0.4042617346225299	([85], [77, 75])
0	0.0	0.40546333168959187	([53], [53, 51])
0	0.0	0.40567636523904865	([194], [194, 193])
0	0.0	0.40602858879215264	([309], [290, 288])
0	0.0	0.40662002834713545	([239], [239, 238])
0	0.0	0.4072760349049695	([187], [187, 186])
0	0.0	0.40754582144318763	([258], [258, 257])
0	0.0	0.4082126406032169	([347], [347, 346])
0	0.0	0.41065390863876045	([172], [172, 171])
0	0.0	0.4113376327072577	([101], [101, 99])
0	0.0	0.4115452940526683	([127], [127, 115])
0	0.0	0.4118767725931037	([344], [341, 339])
0	0.0	0.4129985293361994	([273], [273, 272])
0	0.0	0.41339648440196397	([171], [171, 169])
0	0.0	0.41475623358578334	([166], [166, 165])
0	0.0	0.41571392089307063	([275], [282, 281])
1	0.4151323095778877	0.41687367408832954	([107, 102], [107, 105, 102])
0	0.0	0.4169936591323271	([65], [65, 64])
0	0.0	0.4178630028850351	([361], [354, 353])
0	0.0	0.41863511459495084	([169], [169, 168])
0	0.0	0.4220189741616987	([168], [168, 167])
0	0.0	0.4221012162929479	([271], [272, 269])
0	0.0	0.42488386003586237	([183], [183, 182])
0	0.0	0.4254032889122878	([117], [117, 76])
0	0.0	0.425970634616502	([137], [137, 124])
0	0.0	0.42672686100760915	([33], [59, 58])
0	0.0	0.42703402397023804	([167], [167, 165])
0	0.0	0.42798540471045915	([93], [94, 91])
0	0.0	0.4292447699118685	([124], [137, 136])
0	0.0	0.4299289012760411	([372], [372, 121])
1	0.41161542572281845	0.4301263780279367	([237, 233], [237, 235, 233])
0	0.0	0.43040931215802614	([119], [119, 100])
0	0.0	0.43056077664723075	([57], [57, 56])
0	0.0	0.43122934168597676	([115], [115, 114])
0	0.0	0.4315129747946376	([281], [276, 274])
0	0.0	0.4317295904053026	([348], [350, 347])
0	0.0	0.4322218303890342	([255], [255, 254])
0	0.0	0.4335683227012105	([58], [33, 31])
0	0.0	0.4342249210627954	([96], [96, 94])
0	0.0	0.4365722182992546	([138], [138, 124])
0	0.0	0.4370017406535019	([108], [108, 107])
0	0.0	0.43707127565554516	([182], [182, 179])
0	0.0	0.4373774882834161	([353], [353, 348])
0	0.0	0.4378393899220258	([256], [267, 266])
0	0.0	0.4380554987766915	([110], [122, 109])
0	0.0	0.44067697344403145	([134], [134, 122])
0	0.0	0.44131825603198777	([191], [191, 189])
0	0.0	0.44206530495497737	([274], [290, 289])
0	0.0	0.44234998936911474	([100], [119, 113])
0	0.0	0.4437258619184582	([133], [133, 117])
1	0.4367333386576757	0.44501087993331323	([332, 327], [333, 332, 327])
0	0.0	0.4453344515177825	([114], [114, 112])
0	0.0	0.44708698118834383	([132], [132, 108])
0	0.0	0.4470872146641434	([266], [256, 254])
0	0.0	0.44849374149186944	([76], [133, 123])
0	0.0	0.4502704784733398	([289], [274, 272])
0	0.0	0.45107982741696034	([109], [134, 123])
0	0.0	0.4514687052911944	([149], [140, 139])
0	0.0	0.4523895804657042	([121], [121, 109])
0	0.0	0.45330251547786027	([123], [134, 116])
0	0.0	0.45496541453524514	([232], [233, 231])
0	0.0	0.4562254842897631	([340], [340, 190])
0	0.0	0.4574167958056262	([158], [158, 123])
0	0.0	0.45834079703621944	([30], [77, 76])
1	0.44594851480884	0.4587533777152998	([93, 90], [94, 93, 91])
1	0.4552859767980722	0.45924683386993465	([234, 229], [234, 233, 229])
0	0.0	0.46223449024900143	([270], [270, 269])
0	0.0	0.46253576973652927	([139], [255, 116])
0	0.0	0.46454380791882277	([190], [340, 339])
0	0.0	0.46553870505314143	([136], [124, 113])
0	0.0	0.4659189332875147	([120], [120, 112])
0	0.0	0.4659707449391693	([116], [101, 100])
0	0.0	0.46733981276502473	([112], [114, 111])
0	0.0	0.4709772578109086	([113], [132, 111])
0	0.0	0.47213212742947036	([111], [33, 32])
0	0.0	0.4729357375212279	([32], [138, 128])
1	0.44249943300487943	0.4778339303857951	([138, 136], [138, 137, 136])
1	0.4926307545307241	0.4931667675731921	([137, 132], [137, 135, 132])
1	0.45314747056447063	0.4931667675731921	([136, 135], [137, 136, 135])
1	0.46247277848130897	0.4932729825005467	([232, 228], [234, 232, 228])
0	0.0	0.49565254466629527	([128], [139, 130])
1	0.48849327821989275	0.5000043819482082	([139, 132], [139, 137, 136])
1	0.49841161961355157	0.5112550232493998	([273, 120], [273, 270, 264])
0	0.0	0.5159153076457157	([126], [126, 58])
1	0.500566872964505	0.5329514252680242	([97, 92], [97, 93, 91])
1	0.51816819992344	0.5414154056731867	([132, 113], [132, 113, 111])
1	0.5402377415418911	0.5639629517329531	([78, 62], [78, 75, 62])
1	0.5445867988745391	0.56642046002952	([93, 79], [93, 86, 81])
1	0.561321599047876	0.5763656615273028	([132, 53], [132, 65, 53])
1	0.5573833818624889	0.5767290344071946	([324, 310], [324, 318, 310])
1	0.5772028576819612	0.5787572793004226	([44, 34], [44, 39, 38])
1	0.5323837252638048	0.5801405788421644	([281, 130], [281, 275, 274])
1	0.5733732432964215	0.5817725983180266	([244, 232], [244, 242, 232])
1	0.5810510717453949	0.5837241937582888	([232, 219], [232, 225, 219])
1	0.586407848771383	0.5871834465598448	([136, 108], [136, 135, 108])
1	0.5486868925650187	0.5888448456618781	([114, 109], [114, 111, 109])
1	0.5011572726589447	0.5942840854140533	([133, 132], [134, 133, 132])
1	0.5925681063077218	0.5946129277872129	([366, 342], [366, 353, 351])
1	0.568827922824843	0.6060100508768581	([99, 80], [99, 93, 80])
1	0.5888281882460914	0.607966426902533	([29, 15], [29, 25, 15])
1	0.544089811915591	0.6168815701950879	([232, 200], [232, 195, 187])
1	0.5832942283250955	0.6188657469239236	([205, 189], [204, 199, 189])
1	0.5986890095351136	0.6195638924684062	([186, 160], [186, 178, 177])
1	0.5792285594817096	0.6197284030324447	([31, 16], [31, 28, 16])
1	0.6063682406256312	0.6242821793345188	([397, 373], [396, 384, 373])
1	0.6082670063864758	0.625837212748443	([15, 2], [15, 9, 2])
1	0.6274668597149506	0.6279924969841661	([49, 29], [49, 43, 29])
1	0.6160087517826339	0.6287356901088399	([51, 31], [51, 48, 31])
1	0.6145855112840108	0.6289768293856602	([206, 184], [206, 199, 189])
1	0.6089172897865429	0.6292362078151553	([206, 169], [206, 184, 173])
1	0.6290130295170994	0.6314248620559678	([231, 162], [231, 175, 162])
1	0.6010364994397487	0.6316776290574239	([252, 231], [252, 246, 239])
1	0.6287016065682101	0.6333904313020976	([284, 255], [284, 274, 256])
1	0.6251173993992731	0.6340346428456842	([181, 99], [181, 99, 83])
1	0.629354377748766	0.6349833040092221	([52, 30], [52, 44, 34])
1	0.6169706327059495	0.6377526069813836	([231, 196], [231, 196, 191])
1	0.5925543221012055	0.637813152659794	([107, 53], [102, 75, 54])
1	0.6200872388866782	0.6378259931557602	([227, 181], [228, 227, 181])
1	0.6219097515828277	0.6384868952863739	([137, 106], [137, 136, 106])
1	0.6325273595721929	0.640520315575963	([414, 1], [415, 414, 1])
1	0.6347513623939376	0.6411141455931552	([181, 150], [181, 163, 157])
1	0.625958363171483	0.642741159139605	([58, 28], [58, 49, 28])
1	0.582730957663088	0.6428547091458354	([102, 67], [101, 94, 78])
1	0.6307066774195298	0.6431330763242865	([205, 167], [205, 184, 172])
1	0.5577214216929738	0.6432823892453922	([281, 232], [281, 270, 256])
1	0.6364795764190414	0.6441396538248731	([103, 84], [103, 97, 83])
1	0.6390671731497306	0.6459168206127857	([202, 181], [202, 191, 182])
1	0.6184493428708232	0.6462465845179542	([78, 44], [78, 59, 51])
1	0.6487304023968841	0.6488590847021384	([306, 284], [306, 296, 292])
1	0.6214157628632913	0.6502933084336251	([104, 77], [104, 101, 77])
1	0.6166799795068334	0.6517074607629583	([409, 377], [409, 407, 377])
1	0.6489342100367235	0.65245291063941	([369, 334], [369, 346, 344])
1	0.5259349229845568	0.6526692012278824	([232, 182], [232, 219, 195])
1	0.6375343545941516	0.6529100162166878	([108, 33], [108, 55, 33])
1	0.6465092858252671	0.6529886428491981	([93, 49], [93, 82, 50])
1	0.651633229382991	0.6532893222022446	([95, 77], [97, 95, 77])
1	0.6495431978080841	0.6537799460873874	([236, 213], [236, 231, 213])
1	0.653655070442148	0.6555454023294705	([342, 181], [371, 362, 181])
1	0.595012965740276	0.6569243581579801	([92, 59], [92, 79, 70])
1	0.6074975678403525	0.6574716454335908	([108, 55], [108, 102, 67])
1	0.640923813295303	0.6578327532281906	([92, 32], [92, 42, 34])
1	0.6421757901399306	0.6579994524096398	([411, 378], [411, 401, 378])
1	0.6423998958206979	0.659078668458009	([416, 390], [416, 408, 403])
1	0.6004616648245028	0.6594861624307508	([92, 42], [79, 71, 46])
1	0.6503889641048414	0.6604137854211173	([135, 92], [135, 110, 107])
1	0.6229279897576372	0.6610362053370914	([416, 39], [416, 39, 24])
1	0.6491972928925036	0.6610805570686922	([164, 140], [164, 163, 140])
1	0.5021137798202906	0.66111377348299	([111, 110], [122, 110, 109])
1	0.639177812357888	0.6635194323830941	([416, 325], [416, 325, 309])
1	0.6563805301346128	0.6642561295686484	([295, 254], [295, 276, 254])
1	0.6477472352891323	0.6649955467682831	([191, 102], [191, 188, 102])
1	0.6488768856715844	0.6650722547600423	([249, 217], [249, 239, 217])
1	0.6548942491891174	0.665080229768763	([329, 307], [329, 320, 319])
1	0.619940866282643	0.6651275136113209	([219, 181], [219, 198, 195])
1	0.6614043712694855	0.6661297292725258	([200, 92], [200, 191, 188])
1	0.566798145700903	0.6662857370428379	([114, 105], [114, 111, 105])
1	0.6249260273428349	0.6666841068227471	([92, 12], [92, 35, 19])
1	0.6535162480012763	0.6671890300721969	([251, 213], [251, 239, 216])
1	0.6656923693265696	0.6678809300010595	([312, 278], [312, 296, 284])
1	0.6399220962896255	0.668248584581961	([141, 93], [142, 104, 102])
1	0.6563343515558694	0.6685562532814693	([260, 108], [260, 259, 108])
1	0.6449191627914644	0.66865168887005	([374, 325], [374, 368, 337])
1	0.5943776599874004	0.6692301923711633	([171, 92], [187, 175, 160])
1	0.6637417856212072	0.6696228949194101	([371, 336], [371, 345, 336])
1	0.6062118076785296	0.6703042881830282	([231, 182], [231, 213, 196])
1	0.656155752866025	0.6708367504889557	([83, 45], [83, 65, 53])
1	0.6707469566596335	0.6716647491375377	([82, 41], [82, 80, 41])
1	0.6631561583305547	0.6721451735977306	([291, 252], [288, 285, 252])
1	0.6523251616923845	0.6732643052267181	([95, 41], [102, 96, 39])
1	0.5825690944200737	0.6735378211803644	([144, 92], [164, 156, 92])
1	0.6379822601969012	0.674115118446667	([280, 102], [260, 257, 111])
1	0.6583331655225788	0.6752681831619887	([93, 40], [93, 49, 40])
1	0.6733155495138488	0.6753678878742037	([196, 156], [196, 187, 92])
1	0.556723634620041	0.6764832244889105	([232, 171], [232, 182, 171])
1	0.613262601688617	0.6772101162731128	([140, 102], [140, 136, 102])
1	0.6532774337717182	0.6782638189088707	([300, 92], [300, 294, 92])
1	0.6640046033433885	0.678989077424683	([371, 92], [379, 373, 92])
1	0.6782022550047772	0.6790995338060106	([29, 1], [29, 13, 12])
1	0.6475781389439298	0.6798047055096296	([416, 224], [416, 224, 209])
1	0.659053707559455	0.6799274574152878	([181, 52], [181, 104, 52])
1	0.6651660231291769	0.6806354223457776	([78, 1], [93, 78, 14])
1	0.6473249235650433	0.6808511869602668	([287, 253], [288, 287, 253])
1	0.6696352742133678	0.6808547784650463	([182, 148], [182, 161, 157])
1	0.6636210833160073	0.6808598764811333	([220, 92], [220, 201, 198])
1	0.6774953832653056	0.6810320527926653	([412, 3], [414, 412, 3])
1	0.6678465267667301	0.6813900251221559	([208, 177], [208, 204, 177])
1	0.6811791221071807	0.6814222147799197	([334, 92], [369, 358, 92])
1	0.6679373167439426	0.682458186498232	([311, 271], [311, 284, 257])
1	0.6208423284997263	0.6826499020654618	([129, 95], [129, 106, 95])
1	0.61119831981759	0.6832900988362758	([245, 92], [251, 213, 92])
1	0.6640215537647615	0.6838906090204722	([238, 203], [238, 222, 203])
1	0.6498599675362781	0.6841371742390578	([228, 204], [228, 205, 184])
1	0.6437986651713341	0.6863017921967473	([110, 92], [164, 140, 135])
1	0.6745918391172593	0.6863918694019391	([370, 311], [370, 345, 311])
1	0.6810941876008251	0.6879315867833028	([99, 51], [107, 99, 51])
1	0.6734962722551755	0.6884934893490855	([192, 155], [194, 192, 155])
1	0.6862743563512007	0.6890121984867055	([88, 40], [88, 87, 40])
1	0.6754677401273831	0.6890121984867055	([87, 38], [93, 87, 40])
1	0.688443584426623	0.6890234027361659	([304, 277], [304, 292, 286])
1	0.5348488194080218	0.6892568471512966	([130, 56], [130, 56, 42])
1	0.665614333632248	0.6896360757925389	([198, 144], [198, 175, 160])
1	0.539016504276729	0.6896890986181516	([186, 132], [185, 167, 161])
1	0.5471713738660066	0.6901730040418023	([114, 33], [114, 58, 33])
1	0.6873809165906755	0.6904092083525872	([129, 62], [129, 108, 73])
1	0.6524259800526214	0.6908329231789484	([93, 14], [93, 40, 38])
1	0.5673860186350803	0.6919561568136381	([189, 92], [143, 104, 99])
1	0.6695976776026641	0.6922857485245532	([205, 16], [205, 169, 29])
1	0.6414428064573701	0.692442670186801	([290, 251], [290, 274, 256])
1	0.54888077302611	0.6930114664098583	([132, 65], [132, 108, 65])
1	0.6740889088861541	0.69306177955625	([240, 201], [240, 238, 201])
1	0.6258211027789394	0.6935022114390123	([102, 15], [102, 39, 26])
1	0.6403015738955002	0.6938870513352816	([276, 181], [256, 244, 240])
1	0.6769176056252838	0.693891507649714	([152, 78], [152, 140, 102])
1	0.536665468905226	0.6940377746325097	([114, 58], [114, 112, 58])
1	0.6748253797472016	0.694049335573369	([164, 83], [164, 135, 107])
1	0.6805165046500092	0.694149226047493	([142, 48], [142, 99, 48])
1	0.6907160275995391	0.6941696818735035	([254, 93], [254, 245, 93])
1	0.6730126860990691	0.6941937750681095	([220, 146], [220, 198, 146])
1	0.6926779363119071	0.6948829876973015	([81, 23], [81, 48, 27])
1	0.6607111043878261	0.6949803392624965	([416, 243], [416, 243, 229])
1	0.6431635608501954	0.6950664532886712	([237, 102], [229, 208, 206])
1	0.6465270749529588	0.695330050173858	([379, 92], [334, 310, 294])
1	0.6898418413898587	0.6957604453016216	([324, 289], [324, 304, 290])
1	0.6753821493515537	0.6960190007532382	([81, 0], [81, 46, 0])
1	0.6402815970507856	0.696618699155091	([244, 181], [244, 228, 224])
1	0.6684924602142769	0.6972377190216309	([217, 153], [237, 217, 153])
1	0.6943285613450215	0.6975672829862164	([221, 93], [221, 212, 93])
1	0.6825579864618031	0.6976808468634559	([359, 259], [362, 359, 259])
1	0.6785645735671206	0.6978285679899375	([199, 95], [199, 184, 159])
1	0.6969455460987616	0.6979256914375749	([378, 323], [378, 367, 339])
1	0.6789944513965106	0.6982463541390637	([253, 212], [253, 248, 212])
1	0.47222447837832343	0.6986140581592964	([120, 113], [135, 124, 113])
1	0.6939214005755846	0.6988204974577337	([283, 107], [283, 258, 107])
1	0.692485970603252	0.6990847717377948	([249, 191], [249, 216, 214])
1	0.634736623549851	0.7001063941658948	([191, 150], [191, 180, 143])
1	0.6899981297518748	0.7005921740048995	([85, 21], [99, 92, 21])
1	0.6926550072962468	0.700708642694265	([301, 163], [301, 298, 96])
1	0.6992696821447396	0.7007654571852605	([414, 92], [414, 407, 92])
1	0.6777581262313784	0.7010388164755139	([155, 94], [155, 152, 78])
1	0.6986290609940768	0.7016141666321907	([218, 157], [218, 208, 157])
1	0.6566514394279952	0.702093790728809	([237, 159], [237, 206, 179])
1	0.6447408687115356	0.7022074362178369	([148, 95], [148, 102, 98])
1	0.6095544825285819	0.7022653102164474	([416, 0], [407, 92, 4])
1	0.6900955255765396	0.702669263574061	([103, 25], [140, 103, 102])
1	0.6801623613300904	0.7032837910816964	([143, 25], [143, 102, 99])
1	0.6097705384210765	0.7032837910816964	([172, 102], [191, 143, 102])
1	0.6989272258491515	0.7033107803239299	([95, 17], [95, 45, 17])
1	0.5072942377001454	0.7034215329351098	([133, 114], [135, 133, 112])
1	0.6829780851247561	0.7036356151912749	([246, 146], [254, 246, 142])
1	0.7020319648690434	0.7036671098693534	([285, 93], [296, 285, 93])
1	0.5312282628504598	0.7036725246465362	([168, 127], [168, 139, 135])
1	0.5711746202151365	0.703948804217652	([114, 18], [114, 33, 18])
1	0.7024439348511409	0.7040564490438871	([373, 93], [393, 390, 93])
1	0.6928651054818298	0.7042034185918644	([216, 148], [252, 240, 143])
1	0.6610683358594313	0.7045193842154912	([226, 95], [226, 224, 95])
1	0.6718767740162298	0.7047200398726191	([299, 102], [337, 302, 102])
1	0.6928574108862189	0.7064703842843747	([200, 93], [245, 223, 221])
1	0.6979592425227509	0.7070955128808154	([374, 250], [406, 375, 374])
1	0.6517120543733409	0.7073302941117329	([245, 93], [246, 220, 146])
1	0.7065840800675948	0.7073302941117329	([319, 246], [319, 246, 220])
1	0.6725341567886349	0.7074127720978536	([251, 153], [251, 216, 147])
1	0.651251693779675	0.7074267745144616	([256, 140], [261, 256, 141])
1	0.6839446018166988	0.7079141881746489	([375, 254], [415, 410, 231])
1	0.707716260883477	0.708070433352981	([376, 191], [390, 376, 102])
1	0.6913493359920382	0.7082756196266631	([369, 316], [369, 333, 316])
1	0.6958239205982836	0.7082868852332688	([231, 44], [231, 107, 44])
1	0.6840321736722209	0.7083402300826955	([298, 96], [299, 298, 102])
1	0.6310348929886975	0.7093613416850207	([257, 129], [266, 258, 108])
1	0.68800104813801	0.7099708513859465	([375, 144], [375, 253, 144])
1	0.7053377706249986	0.7103437784017755	([290, 142], [290, 276, 142])
1	0.6860672419551526	0.7103991849378817	([319, 220], [375, 374, 319])
1	0.6607978116984278	0.7108325260871837	([409, 8], [413, 409, 0])
1	0.6706789152601361	0.7110325472344904	([231, 4], [415, 409, 191])
1	0.5026215070577326	0.7116082407343635	([139, 127], [139, 127, 112])
1	0.7105948157177528	0.7117957420249582	([252, 192], [252, 192, 143])
1	0.6488763435952277	0.7119404182097849	([416, 156], [416, 156, 141])
1	0.6878685490035545	0.712030339246232	([384, 227], [402, 384, 227])
1	0.6895985251555153	0.7120598049204065	([376, 322], [376, 322, 102])
1	0.7094983679517904	0.7124554637185467	([354, 102], [354, 343, 102])
1	0.6544122708986626	0.7125141150827085	([402, 102], [376, 370, 322])
1	0.7124480559454373	0.7125888025360037	([384, 0], [415, 384, 383])
1	0.7086927166978874	0.7131611073375487	([308, 205], [308, 279, 263])
1	0.636325822695556	0.7140151371129825	([324, 102], [324, 319, 246])
1	0.52907113637143	0.7143241575821291	([266, 132], [276, 274, 136])
1	0.6381828082944144	0.7144612414682058	([181, 17], [181, 52, 43])
1	0.7018693014630359	0.714489879303204	([211, 154], [211, 194, 142])
1	0.6699274267859098	0.714572746441202	([402, 181], [402, 376, 181])
1	0.7093000165293961	0.7148335694331082	([269, 173], [269, 173, 108])
1	0.7011483126117278	0.71519254955449	([271, 165], [271, 257, 205])
1	0.7060119991102661	0.7152827676481556	([408, 40], [416, 408, 24])
1	0.7135644979634955	0.7152970512440769	([250, 177], [250, 177, 144])
1	0.7114377987951892	0.7154584584010591	([241, 167], [257, 241, 167])
1	0.6431380123104508	0.7155141171133391	([416, 141], [416, 168, 141])
1	0.6749961623872748	0.715515344373419	([181, 3], [181, 27, 3])
1	0.6236332993536454	0.7155226840527317	([324, 231], [319, 298, 253])
1	0.7147133781152086	0.7161501068730636	([139, 52], [139, 135, 52])
1	0.6496142876657763	0.7161962874610546	([263, 205], [271, 165, 135])
1	0.7033124835913837	0.716294774507015	([222, 90], [252, 222, 91])
1	0.7015141297803401	0.7167099466747322	([311, 216], [311, 209, 181])
1	0.6990060659768956	0.7168880378913486	([390, 93], [373, 171, 142])
1	0.7024135486032168	0.7170247129297623	([393, 312], [393, 371, 341])
1	0.6100328609254481	0.7175948263384161	([181, 83], [181, 145, 142])
1	0.7101465455959635	0.7177537709713431	([96, 2], [107, 104, 2])
1	0.6415850364336921	0.7182906756483638	([371, 181], [361, 345, 268])
1	0.7178148217704512	0.7183704791269785	([214, 150], [214, 188, 150])
1	0.7163830789759879	0.7185990559175764	([337, 160], [337, 316, 160])
1	0.6669868276611767	0.7186324762142118	([298, 160], [296, 254, 148])
1	0.7065452478315982	0.7186898951066907	([184, 31], [205, 166, 31])
1	0.7048209302254961	0.7187869358973573	([391, 216], [408, 407, 214])
1	0.7001211044818223	0.7190635905795331	([373, 248], [373, 254, 248])
1	0.7025631239807254	0.7191376049883416	([107, 2], [108, 48, 2])
1	0.7048249677713366	0.7193165277628444	([394, 95], [404, 394, 95])
1	0.5977498308587248	0.7196666998534995	([312, 181], [338, 325, 181])
1	0.7155051802732988	0.7197462290744895	([343, 288], [343, 339, 288])
1	0.7155421574500701	0.7198293581448589	([145, 40], [144, 94, 89])
1	0.6948126326550181	0.7200768175113044	([231, 107], [231, 148, 140])
1	0.6956770341085284	0.7201667949025676	([407, 214], [407, 375, 224])
1	0.7144371046399999	0.7202373543333306	([406, 36], [410, 377, 39])
1	0.7103349823088035	0.7203472033843065	([218, 12], [231, 218, 12])
1	0.7205123750870852	0.7209005525370671	([88, 5], [88, 37, 26])
1	0.7128688105715666	0.7209081310037084	([349, 309], [349, 327, 310])
1	0.7068289764756652	0.7209446707501719	([339, 237], [312, 252, 235])
1	0.5229546396696159	0.7211310262627424	([167, 132], [167, 136, 135])
1	0.7177229097633986	0.7217065008347141	([212, 41], [224, 212, 41])
1	0.7037540936642904	0.7217788469122728	([293, 245], [293, 273, 256])
1	0.6812195355491955	0.7222007712055641	([347, 108], [362, 257, 256])
1	0.6854694555019467	0.7223204367879951	([256, 206], [256, 247, 206])
1	0.7221633829740389	0.7223944743923737	([356, 308], [356, 335, 330])
1	0.7131609294101121	0.7224753973480341	([199, 27], [199, 181, 159])
1	0.6889523546116221	0.7225377163678999	([369, 276], [366, 365, 254])
1	0.7070834886869146	0.7225859403677926	([366, 136], [373, 366, 136])
1	0.5420655763925261	0.722595648443272	([355, 130], [372, 355, 341])
1	0.7135837514981949	0.7226647123200366	([401, 252], [401, 379, 252])
1	0.7065122271692247	0.7228148965621574	([297, 217], [297, 254, 209])
1	0.6570569072400745	0.7228576979822757	([299, 231], [301, 282, 254])
1	0.6411138638905614	0.7228996354910148	([416, 209], [416, 202, 156])
1	0.7121250928034789	0.7232351638066494	([298, 215], [298, 253, 215])
1	0.6979956466904831	0.7232867850394167	([259, 169], [259, 208, 169])
1	0.693964248103864	0.723408734879292	([299, 248], [299, 248, 237])
1	0.6951593792316044	0.723408734879292	([295, 237], [299, 295, 237])
1	0.7126042971554276	0.7234643213976817	([405, 248], [405, 248, 221])
1	0.7093264193817514	0.7234643213976817	([412, 225], [412, 405, 221])
1	0.7108089707251813	0.7241431256020325	([264, 180], [264, 256, 181])
1	0.7021902270832316	0.7244681425702002	([399, 237], [377, 373, 248])
1	0.6922720665898532	0.7244745952281542	([192, 36], [193, 192, 36])
1	0.7229287773409334	0.7247212607192208	([404, 7], [408, 404, 7])
1	0.7146171737585226	0.7247247247773045	([157, 41], [157, 143, 39])
1	0.7118844437961859	0.7247991532599181	([366, 283], [366, 312, 311])
1	0.711455500010622	0.7252576148307661	([380, 147], [380, 376, 147])
1	0.5796944646059676	0.7257873442961472	([391, 232], [391, 233, 232])
1	0.7218061737238457	0.7257873442961472	([401, 233], [401, 391, 233])
1	0.7068168541612426	0.7258814745709714	([374, 225], [374, 250, 225])
1	0.7123376787486809	0.726117515428632	([292, 101], [294, 292, 99])
1	0.6841491311599833	0.726127228731533	([192, 0], [252, 192, 0])
1	0.71397667302364	0.7265185526891369	([324, 22], [324, 84, 22])
1	0.7229043120180094	0.7266148681136604	([215, 141], [215, 181, 159])
1	0.7200583359936992	0.7267080030886649	([321, 201], [321, 253, 247])
1	0.5475004421174625	0.726957284010617	([149, 127], [168, 149, 140])
1	0.7250461509298594	0.7272923151470763	([211, 6], [221, 211, 6])
1	0.5643811537492678	0.7274193724339659	([132, 16], [132, 111, 16])
1	0.7200414705549398	0.7276633315052621	([319, 176], [319, 248, 220])
1	0.7088588949892868	0.7277312140273163	([341, 78], [341, 293, 291])
1	0.716032863943328	0.7282857490116661	([370, 285], [370, 311, 291])
1	0.7279506192002134	0.7283107049033719	([293, 203], [293, 203, 83])
1	0.7176853131910348	0.7287539163804414	([395, 327], [395, 369, 349])
1	0.7112835031293121	0.7292345999074666	([214, 37], [214, 193, 37])
1	0.7192985821784572	0.729260214168986	([352, 279], [352, 329, 293])
1	0.589499174764305	0.7294457562462565	([298, 232], [330, 298, 290])
1	0.6409464631342258	0.7296505792986494	([416, 168], [413, 209, 3])
1	0.7216250690977163	0.7298010697635551	([161, 12], [161, 102, 16])
1	0.720564217191643	0.7298201740940604	([380, 230], [380, 377, 237])
1	0.7286904720752823	0.7298557935068943	([144, 6], [144, 40, 6])
1	0.7211541552663348	0.7298579419811064	([413, 246], [413, 252, 246])
1	0.7120514025318837	0.730061835601729	([283, 204], [283, 204, 160])
1	0.7058497399473042	0.7301047386371579	([216, 103], [216, 144, 40])
1	0.6867342293066511	0.7306961623908202	([406, 250], [406, 250, 237])
1	0.6733444739890835	0.7308029081544988	([354, 263], [354, 263, 260])
1	0.7262861972187497	0.731118350832404	([196, 22], [196, 194, 25])
1	0.7181273276640946	0.7312622465389994	([397, 166], [397, 166, 102])
1	0.6995903752160261	0.7314499317711061	([250, 37], [252, 250, 37])
1	0.728158885821293	0.7315592917329672	([378, 236], [378, 236, 144])
1	0.7265183968324475	0.7316342202925186	([292, 188], [311, 292, 188])
1	0.7191531356324548	0.7316711501297657	([360, 286], [360, 337, 286])
1	0.7104034334631283	0.7321832169893868	([409, 223], [409, 379, 219])
1	0.7273450006725101	0.732350295772831	([338, 143], [338, 181, 162])
1	0.7310136250109807	0.73240657648464	([267, 171], [267, 257, 171])
1	0.6950651426393192	0.7325878704573159	([213, 25], [194, 144, 25])
1	0.7284332913919039	0.7327059755249208	([403, 78], [408, 403, 1])
1	0.7235704703941316	0.7328328033546293	([412, 318], [412, 375, 295])
1	0.5119721435220108	0.7328675258838593	([134, 130], [139, 134, 130])
1	0.7312784112683136	0.7328730079403232	([187, 41], [212, 191, 187])
1	0.49798385433995557	0.733145391454555	([166, 128], [166, 138, 135])
1	0.7258227384762795	0.7333481057605342	([379, 301], [379, 301, 296])
1	0.7172061848555048	0.7335321346349031	([295, 208], [301, 295, 208])
1	0.7290520611811829	0.733842918325377	([414, 37], [380, 379, 37])
1	0.5206687127723206	0.7338654268039783	([120, 30], [120, 112, 30])
1	0.7138748487224053	0.7340207743055123	([383, 235], [383, 378, 236])
1	0.7180615799726054	0.734164191510545	([153, 18], [153, 141, 18])
1	0.7190421065020519	0.7344621751294593	([396, 205], [396, 311, 181])
1	0.7170683588431163	0.7346973482878545	([382, 215], [413, 381, 375])
1	0.7276902551435301	0.7347890787798725	([225, 96], [225, 219, 96])
1	0.7105431878892279	0.7348855908293455	([216, 5], [216, 40, 37])
1	0.7209010478010991	0.7351088824800681	([387, 194], [390, 387, 194])
1	0.700300327531217	0.7352584140434393	([227, 47], [227, 106, 47])
1	0.6982443881367998	0.7353761158440035	([310, 189], [292, 291, 189])
1	0.7208807706545368	0.7354999147834047	([385, 222], [381, 374, 222])
1	0.7347969737099094	0.7360646644886187	([218, 38], [221, 218, 89])
1	0.7354869369471887	0.7361176979558327	([305, 241], [305, 256, 244])
1	0.713621700763889	0.736213181073978	([398, 229], [398, 373, 189])
1	0.7345606759828274	0.7362143022960729	([294, 184], [310, 294, 184])
1	0.6976346769997088	0.736495026286321	([291, 78], [324, 291, 78])
1	0.7299855467855018	0.7366640010764397	([379, 161], [379, 161, 143])
1	0.7236117810820573	0.7369376342065294	([403, 196], [403, 221, 196])
1	0.7273511163468356	0.7371314381251178	([374, 89], [374, 250, 89])
1	0.7207089121867242	0.7373977643097778	([323, 153], [323, 319, 153])
1	0.7347938889509218	0.7376655442142852	([284, 53], [284, 108, 48])
1	0.7195893922530479	0.7378676299955862	([227, 2], [227, 108, 106])
1	0.734503228242003	0.7379328968361982	([321, 91], [321, 253, 144])
1	0.720898022412503	0.7381225815955236	([409, 153], [409, 220, 153])
1	0.7197479450536323	0.7382762466419259	([318, 194], [318, 250, 187])
1	0.7365319892059253	0.7383999013333137	([212, 9], [251, 212, 143])
1	0.7339755078628744	0.7384008332603299	([233, 101], [256, 233, 101])
1	0.7323356865251165	0.7384887982513253	([294, 155], [318, 294, 155])
1	0.7222412382134158	0.7389936486147055	([302, 179], [302, 290, 179])
1	0.7073564795403188	0.7393224605601577	([148, 38], [148, 97, 84])
1	0.7090418859187693	0.7396329875363145	([158, 93], [158, 143, 142])
1	0.7143661344719947	0.7397009068054202	([160, 11], [160, 49, 40])
1	0.7266260708654356	0.739802362370298	([312, 161], [312, 254, 161])
1	0.7312979377146641	0.7399424975723093	([294, 63], [294, 99, 63])
1	0.7262874811793664	0.7402011886083667	([315, 164], [315, 295, 285])
1	0.7234516648692667	0.7402764518090552	([388, 197], [388, 235, 215])
1	0.7288080457408462	0.7404649340963827	([311, 2], [311, 181, 74])
1	0.7356260295343647	0.7405850217894481	([355, 264], [355, 346, 272])
1	0.7376052721923871	0.7407110167131823	([348, 111], [362, 348, 257])
1	0.7151419579242754	0.7408444818069431	([211, 78], [211, 156, 92])
1	0.7196158911309769	0.7409010676385922	([251, 36], [251, 211, 36])
1	0.7389898150932906	0.7409604601354904	([242, 84], [242, 221, 22])
1	0.7280560691128521	0.7417458174118782	([320, 230], [324, 320, 230])
1	0.5571096612856712	0.7423659840918251	([277, 114], [280, 135, 111])
1	0.5595539514022876	0.7424378268227415	([361, 132], [361, 340, 330])
1	0.554453555265035	0.7426035939542155	([176, 114], [176, 135, 105])
1	0.5292704533133916	0.7426106653814849	([309, 130], [309, 281, 256])
1	0.726098225511807	0.7427051467560887	([336, 178], [336, 321, 201])
1	0.7371288892309674	0.7430574554497656	([272, 166], [272, 181, 166])
1	0.7399924372827925	0.7431289879782541	([387, 300], [387, 371, 300])
1	0.709750751248711	0.7439246722676631	([217, 21], [217, 94, 90])
1	0.720602802346648	0.7443845241646285	([368, 246], [368, 320, 246])
1	0.7354008386518296	0.7449580402484023	([250, 11], [250, 37, 11])
1	0.7406136606348181	0.7457512219606676	([339, 40], [339, 292, 99])
1	0.7342906865973823	0.7457925626803631	([391, 23], [391, 231, 4])
1	0.7420882943319204	0.7458827815577723	([273, 237], [311, 273, 237])
1	0.7415566556989783	0.7460162935992718	([195, 8], [218, 195, 8])
1	0.7362042242375166	0.746064328929003	([255, 99], [255, 251, 136])
1	0.7392189564314454	0.746842092933546	([351, 266], [351, 350, 280])
1	0.7342159640116884	0.7470538311703222	([155, 20], [159, 155, 20])
1	0.7375212573908262	0.7470538311703222	([197, 20], [197, 159, 20])
1	0.7278946296468716	0.7472967945134842	([175, 53], [175, 105, 82])
1	0.7364656950840135	0.7476661772206885	([336, 149], [336, 178, 144])
1	0.7330287267443549	0.7477567792070449	([297, 89], [297, 254, 89])
1	0.5785999615021338	0.748119823006572	([332, 232], [298, 238, 232])
1	0.7430182236357863	0.7487926323262479	([388, 331], [388, 369, 316])
1	0.5106464864424929	0.7490160209524203	([128, 57], [166, 128, 57])
1	0.7433964076211491	0.749124042064389	([187, 7], [187, 142, 7])
1	0.7468059059639809	0.7493814412194933	([129, 8], [129, 89, 81])
1	0.7258330831031361	0.7496089801966112	([366, 159], [366, 159, 140])
1	0.6223392684274645	0.7512468465344998	([416, 309], [416, 309, 202])
1	0.7319221771943171	0.7513905025821944	([293, 146], [293, 163, 146])
1	0.7391304400998703	0.7515697716084168	([206, 18], [206, 201, 18])
1	0.7367364982430726	0.7527074378170628	([392, 180], [392, 371, 183])
1	0.7428193383445957	0.7530355641110655	([381, 87], [381, 251, 89])
1	0.7369849029567321	0.7533208012537003	([265, 66], [265, 112, 66])
1	0.7220461957679757	0.7535163233537092	([189, 2], [189, 178, 14])
1	0.7232593490979836	0.755455544272644	([369, 165], [369, 328, 162])
1	0.5338996723873559	0.7563437676193385	([130, 42], [130, 42, 32])
1	0.7435954526750879	0.7567587936920068	([313, 214], [313, 256, 250])
1	0.6756394773318277	0.7571674615505206	([357, 95], [357, 301, 282])
1	0.7340760334804648	0.757332726269958	([307, 50], [324, 307, 84])
1	0.7510381827081062	0.7576578902322605	([385, 21], [385, 380, 21])
1	0.7505116021405637	0.7583112122469226	([330, 175], [339, 330, 175])
1	0.7490410074583267	0.7588369004245508	([320, 26], [320, 230, 26])
1	0.7411691857356977	0.7592501870533471	([395, 88], [395, 383, 88])
1	0.7447723134246077	0.7595685329367953	([297, 10], [297, 211, 10])
1	0.7432537854532768	0.7611541395615136	([280, 51], [280, 135, 51])
1	0.591952207043362	0.7612497881166888	([288, 132], [288, 271, 254])
1	0.4982918839747823	0.7616816775141717	([134, 132], [138, 133, 128])
1	0.5271681319880154	0.7628476047293714	([130, 85], [130, 85, 42])
1	0.7568638333459728	0.7628882920975522	([315, 9], [315, 141, 9])
1	0.7495256586264363	0.7632456640875858	([320, 80], [320, 251, 90])
1	0.569386206514196	0.7637977664023442	([370, 114], [370, 181, 176])
1	0.758320837793558	0.7641366127922973	([359, 64], [359, 309, 83])
1	0.762941931290286	0.7650865408344462	([314, 19], [314, 252, 19])
1	0.4541245716528862	0.7660615998543157	([127, 112], [127, 115, 112])
1	0.7494540240503805	0.7664964275256869	([351, 70], [351, 140, 71])
1	0.7501270419747585	0.7683011037413064	([310, 35], [310, 81, 35])
1	0.7502836108322456	0.769874355312964	([399, 84], [399, 84, 34])
1	0.5922232883145852	0.7706607633091531	([232, 86], [391, 232, 86])
1	0.7642211343815227	0.7711529313972726	([337, 63], [337, 253, 63])
1	0.5067377809221885	0.7715899891386815	([258, 128], [258, 166, 128])
1	0.50100969502691	0.7728522056523239	([132, 109], [134, 116, 109])
1	0.4547237330807392	0.7728522056523239	([116, 109], [134, 122, 109])
1	0.6093407443608418	0.7729759028073714	([135, 129], [129, 126, 58])
1	0.7680887350563237	0.7738439167371528	([362, 211], [373, 362, 211])
1	0.7280044047596204	0.7745213732090118	([315, 115], [315, 136, 115])
1	0.7370625025074409	0.7751733680575982	([330, 0], [330, 322, 0])
1	0.5224921767358401	0.7765068981762157	([170, 130], [170, 139, 130])
1	0.5356511505126945	0.7777354754518069	([270, 232], [281, 235, 232])
1	0.7788427587149156	0.7804157284416947	([375, 111], [375, 284, 141])
1	0.5242168784152567	0.7819207224309271	([347, 128], [347, 258, 128])
1	0.49797866686180126	0.7849329754682717	([130, 32], [139, 130, 56])
1	0.5191215725984443	0.7864788718341225	([340, 132], [361, 271, 132])
1	0.7003675594213818	0.7910540851537763	([153, 115], [315, 153, 115])
1	0.5168047147519538	0.7935672754549089	([274, 130], [274, 139, 130])
1	0.4799406370409694	0.8010425674494969	([270, 116], [270, 255, 136])
1	0.5027018853976314	0.8031569036134116	([266, 124], [266, 135, 124])
1	0.5358441968640852	0.8034864571625936	([353, 120], [353, 270, 256])
1	0.48771036831755166	0.8037422593173117	([270, 120], [273, 120, 112])
1	0.5630415222363097	0.8090114745840009	([387, 130], [387, 372, 324])
1	0.4979005313345947	0.8233728429758111	([372, 130], [355, 274, 130])
1	0.520176455079182	0.8262483347885611	([210, 120], [210, 120, 30])
1	0.5173795116063474	0.8501653133442637	([193, 128], [193, 166, 128])
1	0.48351838883190223	0.8555559926520464	([158, 120], [210, 158, 120])
1	0.4850590763849216	0.8673911947279083	([133, 128], [133, 117, 76])
1	0.4687789736144809	0.8708403200088164	([135, 132], [119, 113, 100])
1	0.4781697119402232	0.8802918633195904	([372, 371], [372, 121, 109])
1	0.4689463388298245	0.8876417874402517	([289, 190], [340, 289, 190])
1	0.47636672588013146	0.8921206227505696	([190, 32], [289, 190, 32])
1	0.47246508427246325	0.900206214773731	([139, 136], [270, 134, 116])
1	0.5626568000420374	0.9051164226790063	([344, 126], [344, 129, 126])
1	0.46812589545678235	0.9057594158700268	([158, 157], [158, 133, 123])
0	0.0	0.9783113332941008	([125], [207, 206])
0	0.0	1.0	([118], [118, 0])
0	0.0	1.0	([131], [131, 0])
0	0.0	inf	([130], [])
