0	0.0	0.19459926139869643	([319], [319, 318])
0	0.0	0.1960219145023302	([313], [313, 312])
0	0.0	0.20072250150396057	([318], [318, 317])
0	0.0	0.2024210598494924	([316], [316, 315])
0	0.0	0.20286842898799903	([317], [317, 316])
0	0.0	0.20338357940187154	([32], [32, 31])
0	0.0	0.2041516466501434	([315], [315, 314])
0	0.0	0.2060175367526623	([286], [286, 285])
0	0.0	0.20619052038204208	([170], [170, 169])
0	0.0	0.20685695459499082	([49], [49, 48])
0	0.0	0.2073087451842294	([59], [59, 58])
0	0.0	0.20768464265181616	([45], [45, 44])
0	0.0	0.2084495441426166	([41], [41, 40])
0	0.0	0.20857855467704497	([94], [94, 93])
0	0.0	0.21001917670905215	([309], [309, 308])
0	0.0	0.21024566297624214	([24], [24, 23])
0	0.0	0.21151335142552044	([194], [194, 193])
0	0.0	0.21188941518866447	([240], [240, 239])
0	0.0	0.21208642465699437	([20], [20, 19])
0	0.0	0.21219602899264467	([247], [247, 246])
0	0.0	0.21249870368018162	([244], [244, 243])
0	0.0	0.21334622735075137	([173], [173, 172])
0	0.0	0.21481987255720147	([89], [89, 88])
0	0.0	0.2149174056732281	([165], [165, 164])
0	0.0	0.21553589707082638	([179], [179, 178])
0	0.0	0.21557324058040822	([14], [14, 13])
0	0.0	0.21664429875762545	([293], [293, 292])
0	0.0	0.21697959294346914	([227], [227, 226])
0	0.0	0.21725487133478946	([307], [307, 306])
0	0.0	0.2173817211994787	([305], [305, 304])
0	0.0	0.21828762815007408	([231], [231, 230])
0	0.0	0.2184604814800816	([226], [226, 225])
0	0.0	0.2189827779925348	([3], [3, 2])
0	0.0	0.21926062235813962	([2], [2, 1])
0	0.0	0.21928496667991593	([180], [180, 179])
0	0.0	0.2193322643849331	([289], [289, 288])
0	0.0	0.21963023754464275	([189], [189, 188])
0	0.0	0.21964023896272833	([16], [16, 15])
0	0.0	0.21970560642016496	([168], [168, 167])
0	0.0	0.219989064788955	([241], [241, 240])
0	0.0	0.22061604308911598	([72], [72, 71])
0	0.0	0.22130248315127996	([34], [34, 33])
0	0.0	0.22146666305844792	([107], [107, 106])
0	0.0	0.22242139051467621	([17], [17, 16])
0	0.0	0.2228430556328295	([290], [290, 289])
0	0.0	0.2246393582274168	([38], [38, 37])
0	0.0	0.22485911954164525	([172], [172, 171])
0	0.0	0.22515820143344042	([252], [252, 251])
0	0.0	0.22572867000882887	([54], [54, 53])
0	0.0	0.22576664404191107	([233], [233, 232])
0	0.0	0.22669657136583088	([19], [19, 18])
0	0.0	0.22681211754760447	([321], [321, 320])
0	0.0	0.22682901856443602	([314], [314, 313])
0	0.0	0.22703969354021078	([85], [85, 84])
0	0.0	0.22736164306249493	([5], [5, 4])
0	0.0	0.22790750416429853	([198], [198, 197])
0	0.0	0.22792677792013544	([222], [222, 221])
0	0.0	0.22810786568278976	([224], [224, 223])
0	0.0	0.22822142144649168	([15], [15, 14])
0	0.0	0.2285413146448242	([66], [66, 65])
0	0.0	0.2301078638013332	([260], [260, 258])
0	0.0	0.23023328240576657	([256], [256, 255])
0	0.0	0.2304575684462031	([39], [39, 38])
0	0.0	0.23061342085793698	([278], [278, 277])
0	0.0	0.23064545769500927	([12], [12, 11])
0	0.0	0.23072451863400803	([284], [284, 283])
0	0.0	0.23090745129444437	([108], [108, 107])
0	0.0	0.23171027668949454	([18], [18, 17])
0	0.0	0.2317844630689968	([258], [260, 259])
0	0.0	0.23182493104224508	([22], [22, 21])
0	0.0	0.23183136986169503	([68], [68, 67])
0	0.0	0.23287526818825408	([61], [61, 60])
0	0.0	0.23288884510028812	([242], [242, 241])
0	0.0	0.23292586671499457	([91], [91, 90])
0	0.0	0.23302449871261047	([8], [8, 7])
0	0.0	0.2334339320423685	([13], [13, 12])
0	0.0	0.23358557385673787	([191], [191, 190])
0	0.0	0.233766353230521	([238], [238, 237])
0	0.0	0.23405107844840342	([296], [296, 295])
0	0.0	0.23431618561443268	([239], [239, 238])
0	0.0	0.23474910483453504	([73], [73, 72])
0	0.0	0.23529615611883403	([234], [234, 233])
0	0.0	0.23531586860391443	([175], [175, 174])
0	0.0	0.23535798195883867	([7], [7, 6])
0	0.0	0.23554536972204085	([251], [251, 250])
0	0.0	0.23563574743692478	([250], [250, 249])
0	0.0	0.23584162369222625	([210], [210, 209])
0	0.0	0.23597928342314684	([223], [223, 222])
0	0.0	0.236034424673278	([225], [225, 224])
0	0.0	0.23628393413251225	([110], [110, 109])
0	0.0	0.23630592417838445	([209], [209, 208])
0	0.0	0.23649879974200957	([56], [56, 55])
0	0.0	0.23713401325212602	([246], [246, 245])
0	0.0	0.2379697398465941	([228], [228, 227])
0	0.0	0.2386202727295756	([57], [57, 56])
0	0.0	0.2393126418645141	([301], [301, 300])
0	0.0	0.24016540401224806	([92], [92, 91])
0	0.0	0.24052371717948154	([192], [192, 191])
0	0.0	0.24076702541536513	([6], [6, 5])
0	0.0	0.24100672754459382	([79], [79, 78])
0	0.0	0.24136547131696243	([294], [294, 293])
0	0.0	0.24171737335808136	([292], [292, 291])
0	0.0	0.2418015723621803	([182], [182, 181])
0	0.0	0.2420634190039779	([287], [287, 286])
0	0.0	0.24262277676829075	([120], [120, 119])
0	0.0	0.24266625274830952	([245], [245, 244])
0	0.0	0.24267005541010586	([51], [51, 50])
0	0.0	0.24274497563925793	([119], [119, 118])
0	0.0	0.2428728467748095	([299], [299, 298])
0	0.0	0.24303980322566507	([312], [312, 311])
0	0.0	0.24315645287326684	([55], [55, 54])
0	0.0	0.24347884617477147	([215], [215, 214])
0	0.0	0.24378996997854746	([169], [169, 168])
0	0.0	0.24419186472290683	([213], [213, 212])
0	0.0	0.24438556179531712	([208], [208, 207])
0	0.0	0.24439970750880813	([4], [4, 3])
0	0.0	0.24448901928977337	([253], [253, 252])
0	0.0	0.24495530195830956	([65], [65, 64])
0	0.0	0.24497181621983763	([237], [237, 236])
0	0.0	0.24557034506412082	([185], [185, 184])
0	0.0	0.2461234971184047	([230], [230, 229])
0	0.0	0.24657453862092218	([214], [214, 213])
0	0.0	0.24699557263097416	([159], [159, 158])
0	0.0	0.2470285549818289	([50], [50, 49])
0	0.0	0.24722279118615986	([320], [320, 319])
0	0.0	0.2472381249136721	([235], [235, 234])
0	0.0	0.24742414021040063	([53], [53, 52])
0	0.0	0.247879983824052	([60], [60, 59])
0	0.0	0.2479207147115366	([187], [187, 186])
0	0.0	0.24799338627621623	([285], [285, 284])
0	0.0	0.2485303040476049	([118], [118, 117])
0	0.0	0.24953873475187274	([265], [265, 264])
0	0.0	0.24979304957910003	([295], [295, 294])
0	0.0	0.2499383911802454	([9], [9, 8])
0	0.0	0.2501648399424625	([186], [186, 185])
0	0.0	0.2504250848048312	([176], [176, 175])
0	0.0	0.2504813803022507	([308], [308, 307])
0	0.0	0.2513522662619463	([183], [183, 182])
0	0.0	0.25140030645122113	([67], [67, 66])
0	0.0	0.25150257011369864	([311], [311, 310])
0	0.0	0.2518151778342722	([64], [64, 63])
0	0.0	0.2518694249585293	([249], [249, 247])
0	0.0	0.2523520402432913	([104], [104, 103])
0	0.0	0.2523581105830395	([243], [249, 248])
0	0.0	0.25272844410716994	([279], [279, 278])
0	0.0	0.25289524753845266	([297], [297, 296])
0	0.0	0.25359589850911834	([257], [257, 256])
0	0.0	0.2541344621877646	([306], [306, 305])
0	0.0	0.2543071451212669	([221], [221, 220])
0	0.0	0.2544754953234945	([195], [195, 194])
0	0.0	0.254797147998947	([205], [205, 204])
0	0.0	0.2550781034441188	([74], [74, 73])
0	0.0	0.25693091384474004	([269], [269, 268])
0	0.0	0.25719546946107236	([167], [167, 166])
0	0.0	0.25772410296509735	([218], [218, 217])
0	0.0	0.2577560598882149	([35], [35, 34])
0	0.0	0.25851876803417617	([300], [300, 299])
0	0.0	0.2586164171443281	([190], [190, 189])
0	0.0	0.25972662528064266	([163], [163, 162])
0	0.0	0.2599953122254668	([298], [298, 297])
0	0.0	0.2600351936446133	([310], [310, 309])
0	0.0	0.26041047411259166	([98], [98, 97])
0	0.0	0.2605329178223005	([62], [62, 61])
0	0.0	0.260630359476101	([193], [193, 192])
0	0.0	0.2607016530963849	([266], [266, 265])
0	0.0	0.2607248177309887	([36], [36, 35])
0	0.0	0.26098683513111426	([37], [37, 36])
0	0.0	0.2610618588333081	([86], [86, 84])
0	0.0	0.26148063327483645	([216], [216, 215])
0	0.0	0.26157304525730013	([220], [220, 219])
0	0.0	0.2616197799087306	([184], [184, 183])
0	0.0	0.26170665813551447	([254], [254, 253])
0	0.0	0.26189150259602856	([28], [28, 27])
0	0.0	0.26266378673465113	([181], [181, 180])
0	0.0	0.26291659860000954	([270], [270, 269])
0	0.0	0.2632608462232801	([100], [100, 99])
0	0.0	0.26332857261862674	([274], [274, 273])
0	0.0	0.263345315797164	([196], [196, 195])
0	0.0	0.263583896083757	([197], [197, 196])
0	0.0	0.26440927498602634	([109], [110, 108])
0	0.0	0.26463305266226816	([232], [232, 231])
0	0.0	0.2647034814227514	([229], [229, 228])
0	0.0	0.264862693026283	([52], [52, 51])
0	0.0	0.26504835836104046	([21], [21, 20])
0	0.0	0.2652721147787622	([248], [243, 242])
0	0.0	0.2659431529013743	([264], [264, 263])
0	0.0	0.2662240009772073	([83], [83, 82])
0	0.0	0.26688909511437603	([70], [70, 69])
0	0.0	0.2670140111256696	([46], [46, 45])
0	0.0	0.26728870263538523	([204], [204, 203])
0	0.0	0.2676294958170798	([101], [101, 100])
0	0.0	0.26801536420612354	([33], [33, 32])
0	0.0	0.2692299668911969	([261], [261, 260])
0	0.0	0.26950796480093564	([75], [75, 74])
0	0.0	0.27055691465356374	([164], [164, 163])
0	0.0	0.2708391835736482	([102], [102, 101])
0	0.0	0.2711680154303873	([276], [276, 275])
0	0.0	0.27124025921209194	([219], [219, 218])
0	0.0	0.2715403271435778	([63], [63, 62])
0	0.0	0.2719700627977632	([166], [166, 165])
0	0.0	0.27234978538636745	([262], [262, 261])
0	0.0	0.2725438712158589	([255], [255, 254])
0	0.0	0.27275435155753197	([80], [80, 79])
0	0.0	0.2739200090914536	([263], [263, 262])
0	0.0	0.27461310245113896	([99], [99, 98])
0	0.0	0.2747753169013781	([90], [90, 89])
0	0.0	0.27681778493259473	([42], [42, 41])
0	0.0	0.2774852424222521	([188], [188, 187])
0	0.0	0.277607754034059	([288], [288, 287])
0	0.0	0.2777516242667931	([171], [171, 170])
0	0.0	0.2778983379302807	([283], [283, 282])
0	0.0	0.27834290316431953	([103], [103, 102])
0	0.0	0.2788019523956676	([160], [160, 159])
0	0.0	0.27923623528819813	([291], [291, 290])
0	0.0	0.27937588996679186	([69], [69, 68])
0	0.0	0.27996395763246573	([88], [88, 87])
0	0.0	0.2805824639556811	([23], [23, 22])
0	0.0	0.2806406201678715	([259], [258, 257])
0	0.0	0.2859091783156194	([203], [203, 202])
0	0.0	0.2859638047061323	([174], [174, 173])
0	0.0	0.2864547875439373	([71], [71, 70])
0	0.0	0.2867679890486313	([87], [87, 86])
0	0.0	0.2871420510933412	([106], [106, 104])
0	0.0	0.28714377320587636	([148], [148, 147])
0	0.0	0.28891171517977576	([97], [97, 96])
0	0.0	0.29025003332550775	([149], [149, 146])
0	0.0	0.2921530505337511	([40], [40, 39])
0	0.0	0.2931101364427606	([281], [281, 280])
0	0.0	0.29364237790948194	([58], [58, 57])
0	0.0	0.2942078069415884	([302], [302, 301])
0	0.0	0.2945630959819458	([236], [236, 235])
0	0.0	0.2964279626000956	([151], [151, 146])
0	0.0	0.2981934712782229	([212], [212, 210])
0	0.0	0.29879695109847054	([93], [93, 92])
0	0.0	0.30025846462703065	([280], [280, 278])
0	0.0	0.3005885021907864	([147], [147, 146])
0	0.0	0.30156091915528954	([153], [153, 152])
0	0.0	0.3016278218055993	([217], [217, 216])
0	0.0	0.30285334440970685	([161], [161, 160])
0	0.0	0.3052023163895738	([304], [304, 302])
0	0.0	0.3062803255978268	([202], [202, 200])
0	0.0	0.30730357455062457	([82], [82, 80])
0	0.0	0.3090271156264269	([146], [148, 145])
0	0.0	0.3100711348171246	([162], [162, 161])
1	0.3089185172064724	0.31118501684721683	([281, 279], [281, 280, 279])
0	0.0	0.3120003069013926	([277], [277, 274])
0	0.0	0.3129275564223794	([145], [145, 144])
0	0.0	0.31575412565825584	([207], [212, 211])
0	0.0	0.320242948857474	([11], [11, 9])
0	0.0	0.32064879823720077	([178], [178, 177])
0	0.0	0.3220624328837494	([177], [177, 176])
0	0.0	0.3220923316745824	([144], [147, 143])
0	0.0	0.3222387842278261	([78], [78, 77])
0	0.0	0.3232217768628798	([211], [207, 205])
0	0.0	0.3235758158207527	([272], [272, 270])
0	0.0	0.32455243159802627	([48], [48, 47])
0	0.0	0.32807391913693756	([273], [273, 272])
0	0.0	0.3293358733200558	([96], [96, 94])
0	0.0	0.3328136062076033	([275], [276, 274])
0	0.0	0.33460066894358975	([43], [43, 42])
0	0.0	0.3352636576223443	([84], [84, 83])
0	0.0	0.335825428084446	([31], [31, 30])
0	0.0	0.33612195008367896	([267], [267, 266])
0	0.0	0.33672138294903375	([95], [95, 94])
1	0.31771790006491185	0.33710005472704024	([149, 145], [149, 148, 146])
0	0.0	0.33885826373019917	([155], [155, 147])
0	0.0	0.33968236801462515	([81], [81, 80])
0	0.0	0.34071883497313854	([116], [116, 115])
0	0.0	0.3411917235182665	([152], [152, 151])
0	0.0	0.34257731008609144	([200], [200, 199])
0	0.0	0.3427189571428863	([122], [122, 120])
0	0.0	0.344289292709996	([123], [123, 122])
0	0.0	0.3443356560946294	([282], [282, 281])
0	0.0	0.34552681730114077	([10], [10, 9])
0	0.0	0.345528897611581	([268], [272, 271])
0	0.0	0.3467479766458565	([157], [157, 155])
0	0.0	0.3470286298473191	([25], [25, 24])
0	0.0	0.34819477935615895	([1], [1, 0])
0	0.0	0.34977481670559424	([199], [199, 198])
0	0.0	0.3527899544478723	([47], [47, 46])
0	0.0	0.35291882865092133	([271], [269, 267])
0	0.0	0.3536040510749348	([126], [126, 125])
0	0.0	0.35631288571110425	([158], [158, 157])
0	0.0	0.3570557808813243	([27], [27, 26])
1	0.3392703372519945	0.3592443494856552	([281, 273], [281, 280, 273])
0	0.0	0.3598025796779908	([124], [124, 123])
0	0.0	0.35988680266603706	([77], [106, 105])
0	0.0	0.36022393732346825	([143], [202, 201])
0	0.0	0.36105579342432204	([30], [30, 27])
0	0.0	0.3634938401211713	([132], [132, 130])
0	0.0	0.36402014745963723	([113], [113, 112])
0	0.0	0.36667437784910556	([117], [117, 116])
0	0.0	0.3671443386460774	([125], [125, 124])
0	0.0	0.3711630527068043	([115], [115, 113])
0	0.0	0.37203831822617106	([130], [132, 129])
0	0.0	0.3723097041439214	([44], [44, 43])
0	0.0	0.37292665106432343	([114], [114, 113])
1	0.347511010878914	0.3759226935266084	([155, 144], [155, 147, 143])
0	0.0	0.3779150103368343	([105], [77, 75])
0	0.0	0.3781050518858287	([156], [156, 155])
0	0.0	0.3786176457587331	([201], [152, 142])
0	0.0	0.3842155638950379	([112], [112, 108])
0	0.0	0.3933564705694016	([129], [132, 128])
0	0.0	0.39410494271210533	([206], [206, 205])
0	0.0	0.3952412436530168	([303], [303, 302])
0	0.0	0.395334971586075	([29], [29, 28])
0	0.0	0.39557624464324465	([26], [26, 25])
0	0.0	0.39595712279060874	([150], [150, 146])
0	0.0	0.39718797073332585	([128], [132, 131])
0	0.0	0.3976180008163351	([0], [122, 121])
0	0.0	0.40414652727290945	([131], [132, 127])
1	0.3806859118230435	0.4111837660742463	([152, 143], [152, 146, 143])
0	0.0	0.41633235219693077	([154], [154, 142])
0	0.0	0.4210955395162714	([111], [111, 110])
0	0.0	0.4216631622507499	([127], [132, 125])
0	0.0	0.4274492821476516	([142], [154, 137])
1	0.43536793524315415	0.43737756352300006	([204, 195], [204, 199, 195])
0	0.0	0.4387322185783541	([133], [133, 127])
0	0.0	0.46071274292938474	([76], [76, 75])
0	0.0	0.4620563301488908	([138], [138, 131])
0	0.0	0.46269273742925054	([136], [136, 131])
0	0.0	0.46668287419071525	([137], [206, 135])
0	0.0	0.4764335337292482	([139], [139, 76])
0	0.0	0.48132648703361697	([135], [137, 76])
0	0.0	0.4922900681620796	([134], [134, 0])
0	0.0	0.499948267770349	([141], [141, 127])
0	0.0	0.5129924719948188	([121], [271, 140])
1	0.4710156196888562	0.5139386471208669	([136, 129], [136, 131, 129])
1	0.5200979644395866	0.5304196524402213	([205, 194], [205, 204, 194])
1	0.5256651486151683	0.5390503541537656	([283, 268], [283, 281, 272])
1	0.44582505111802134	0.5692576801200533	([133, 131], [133, 131, 128])
1	0.5767679542824975	0.5820179345914209	([321, 305], [321, 311, 310])
1	0.5625362007452367	0.5831509415261056	([278, 149], [278, 277, 149])
1	0.5453929106233395	0.6014659026971942	([274, 151], [278, 274, 156])
1	0.5592853042769946	0.6055343722310752	([134, 116], [134, 126, 116])
1	0.613090953600098	0.615862717431105	([21, 9], [21, 18, 9])
1	0.613102893848437	0.6171561629256669	([310, 293], [310, 302, 299])
1	0.6109562530890443	0.6206603812788535	([220, 197], [220, 208, 197])
1	0.6236761667483851	0.6288869449957035	([223, 193], [223, 217, 207])
1	0.6237371987293014	0.6306237349721799	([281, 157], [281, 276, 146])
1	0.6208718819042178	0.6392918389986509	([59, 37], [59, 50, 37])
1	0.5306164429440007	0.6408001127344437	([156, 134], [156, 150, 142])
1	0.6420786507589734	0.6537068834949087	([251, 240], [251, 246, 245])
1	0.6346732298309445	0.660484714603636	([299, 263], [299, 282, 271])
1	0.613808928859855	0.6633213515005404	([132, 30], [132, 47, 30])
1	0.6639424272344387	0.6645672180083595	([320, 1], [321, 320, 1])
1	0.6228726769781848	0.6669077382179954	([224, 187], [224, 205, 194])
1	0.610943551253863	0.6673872257741124	([130, 94], [130, 94, 85])
1	0.6087999988350962	0.668705995988581	([130, 78], [130, 113, 103])
1	0.6618184972064706	0.6717115776838907	([250, 226], [250, 244, 226])
1	0.6483189019987469	0.6726865374461372	([126, 90], [126, 117, 90])
1	0.6611659929127162	0.6749938938274899	([72, 31], [72, 54, 45])
1	0.6684303926134121	0.675630106721058	([69, 26], [69, 38, 26])
1	0.6494267787331869	0.6766021039081791	([145, 130], [146, 145, 130])
1	0.6681651625358475	0.6805655214081254	([92, 25], [92, 69, 28])
1	0.6721940284426118	0.6846464127828564	([124, 96], [124, 122, 96])
1	0.67075759999009	0.686079453328227	([176, 142], [176, 174, 142])
1	0.6851007722324273	0.6862314556797783	([96, 55], [96, 89, 63])
1	0.6768940412961671	0.6864658581391803	([128, 91], [128, 122, 91])
1	0.6777830695199892	0.6888114809227349	([189, 161], [189, 179, 162])
1	0.636149964121017	0.688979651985482	([153, 123], [158, 142, 122])
1	0.6870519316428227	0.689048586545427	([73, 35], [73, 55, 46])
1	0.6504865977586591	0.6896389247777838	([163, 117], [163, 155, 117])
1	0.667792421407527	0.6901224419554668	([84, 32], [84, 69, 32])
1	0.6357256101278029	0.6914020024155922	([272, 153], [275, 271, 153])
1	0.6927146176573334	0.6928441167705307	([286, 224], [286, 253, 224])
1	0.6396969346899108	0.6941008377838852	([153, 129], [153, 129, 123])
1	0.6739786234430128	0.695870054381825	([192, 158], [192, 183, 158])
1	0.6318981774833613	0.6960993625624065	([142, 97], [142, 116, 101])
1	0.6899920277265548	0.6971411136132138	([287, 158], [287, 281, 158])
1	0.6712246598213061	0.6989298145434413	([159, 118], [159, 142, 130])
1	0.6713716494543529	0.698963073175485	([283, 229], [283, 248, 229])
1	0.6921213785637478	0.6997439153918971	([102, 62], [102, 90, 82])
1	0.696032453440027	0.7003541039265757	([129, 87], [129, 126, 87])
1	0.6771636288699736	0.7010176498026519	([268, 142], [281, 268, 158])
1	0.6683226607165625	0.7012734079830033	([101, 30], [101, 92, 30])
1	0.6799243751471933	0.7019068000175753	([130, 48], [130, 85, 48])
1	0.6982503154459048	0.7042056359581281	([92, 7], [92, 25, 5])
1	0.683647120030321	0.7048837705904616	([113, 63], [113, 96, 92])
1	0.6795662507328978	0.705030901872526	([109, 56], [109, 86, 85])
1	0.6915057983254128	0.7053469238730754	([259, 221], [288, 259, 221])
1	0.6924251541810721	0.706168250166028	([301, 261], [301, 289, 287])
1	0.7047162090565051	0.7062239911684292	([143, 91], [143, 126, 123])
1	0.6653347375049704	0.7070417184015938	([248, 142], [268, 251, 248])
1	0.7075947711416415	0.7090884458779996	([313, 252], [313, 293, 291])
1	0.7043497326634635	0.7093067266477328	([235, 142], [248, 235, 225])
1	0.6902454176722019	0.7093079649975893	([90, 2], [117, 89, 20])
1	0.6932112552920292	0.7109964859569611	([103, 24], [93, 85, 46])
1	0.7103245914211926	0.7113552465158983	([99, 23], [99, 49, 47])
1	0.6819323789364277	0.7117870709347909	([254, 222], [254, 237, 236])
1	0.709306574579243	0.7120632260166606	([172, 151], [172, 171, 151])
1	0.690194007732445	0.7120743502185449	([234, 188], [234, 223, 219])
1	0.7035111275207082	0.7121632023561235	([293, 225], [293, 248, 247])
1	0.7066527580065035	0.7122273384659785	([118, 66], [118, 91, 82])
1	0.7105959545919924	0.7122669696885375	([263, 196], [263, 196, 145])
1	0.7031486984945055	0.7122669696885375	([263, 130], [273, 263, 145])
1	0.7053110124589632	0.7122789354864423	([237, 185], [237, 230, 176])
1	0.7012902931498023	0.713550059684263	([224, 169], [224, 190, 187])
1	0.6625204977729934	0.7136305286499367	([89, 20], [89, 63, 28])
1	0.7058340684293611	0.7136413317221687	([160, 90], [160, 151, 126])
1	0.7132306532527352	0.7136487435198484	([250, 188], [250, 234, 226])
1	0.6971785781149218	0.7138365172121107	([153, 71], [153, 119, 71])
1	0.7074822205302377	0.7144137315616298	([218, 160], [218, 192, 160])
1	0.705906988453101	0.7162502045614083	([186, 92], [186, 158, 92])
1	0.6961274859341157	0.7163379419821979	([158, 3], [158, 157, 1])
1	0.7069272160283349	0.7167732152674622	([228, 182], [228, 200, 192])
1	0.6907806957724996	0.7169278860091661	([200, 152], [200, 198, 153])
1	0.712062315533767	0.7176868714719108	([117, 64], [117, 90, 65])
1	0.7083241494213871	0.7177403173119143	([102, 22], [102, 69, 52])
1	0.7002539498108502	0.7182974100414299	([245, 178], [245, 225, 175])
1	0.6908756075568575	0.7185581664776234	([112, 45], [112, 85, 45])
1	0.679859632282078	0.7192197105021587	([203, 153], [272, 255, 254])
1	0.7178544582720076	0.7198260993255505	([97, 21], [97, 89, 67])
1	0.7171313336585066	0.7200005730727131	([115, 11], [115, 109, 6])
1	0.6989019237253259	0.7203339334434795	([153, 27], [153, 119, 27])
1	0.7013114401074757	0.7216517184956449	([152, 85], [152, 115, 110])
1	0.7029389777341981	0.7220821904009885	([160, 19], [160, 157, 1])
1	0.7086576849949907	0.7227200238232998	([229, 162], [229, 193, 168])
1	0.46644604248627913	0.7232739830102236	([133, 114], [133, 128, 113])
1	0.5687761997271642	0.7233182585530188	([133, 95], [133, 114, 95])
1	0.7040082514669587	0.7238413563903965	([246, 191], [250, 246, 191])
1	0.7224780877295551	0.7247718301230699	([321, 244], [321, 307, 249])
1	0.696447021521575	0.7248711793855505	([262, 200], [272, 262, 200])
1	0.7063723295125903	0.7249429857160639	([301, 240], [301, 289, 241])
1	0.7222506032007748	0.7254838971243733	([199, 130], [219, 199, 188])
1	0.715954098130588	0.7256027539090838	([183, 145], [183, 181, 145])
1	0.7145329459052713	0.7256422697344964	([268, 195], [268, 205, 195])
1	0.6567324655914809	0.7259550222970085	([211, 142], [235, 219, 218])
1	0.7224115579989605	0.7261535336190551	([295, 226], [295, 253, 226])
1	0.7148833797556656	0.7262302628435304	([109, 6], [109, 42, 21])
1	0.7085221312674148	0.7262424045281077	([232, 164], [232, 229, 164])
1	0.685595620169978	0.7266306835226239	([296, 216], [296, 259, 221])
1	0.702763212804289	0.7268648785637248	([317, 283], [317, 308, 283])
1	0.6941780908358386	0.7269661177090937	([321, 260], [321, 288, 260])
1	0.7226848104906374	0.727517240144071	([197, 118], [197, 190, 118])
1	0.7133683541697107	0.7280846760758273	([298, 212], [298, 271, 262])
1	0.7275981315964859	0.7282942042863116	([192, 68], [192, 158, 130])
1	0.7212785127126554	0.7282942042863116	([219, 130], [199, 192, 130])
1	0.7210885633876964	0.7285694155237129	([91, 0], [91, 25, 0])
1	0.5554336945226033	0.7285694155237129	([134, 25], [134, 25, 0])
1	0.7277497959149052	0.7289915988377754	([193, 157], [193, 166, 164])
1	0.6658929436655818	0.7292453877895594	([232, 177], [232, 224, 177])
1	0.5382909195205836	0.7294265400987945	([280, 148], [282, 268, 205])
1	0.7257904503104311	0.7295087236688744	([299, 228], [306, 299, 228])
1	0.7132808651989087	0.7299381170120179	([119, 4], [119, 27, 9])
1	0.7296333686758907	0.7307874904225301	([112, 19], [112, 90, 19])
1	0.5705518222089557	0.7307874904225301	([142, 130], [160, 90, 19])
1	0.7265433033669103	0.7315992745414364	([315, 166], [315, 230, 229])
1	0.722907299613436	0.7315992745414364	([315, 230], [315, 310, 229])
1	0.6939610148749873	0.732833664679579	([314, 226], [314, 286, 253])
1	0.7304808171484876	0.7330182862170478	([216, 158], [219, 216, 147])
1	0.7153104912799924	0.7330613856277088	([255, 176], [255, 191, 176])
1	0.6808346569707219	0.7333384538304009	([150, 125], [153, 150, 125])
1	0.7016655577637357	0.7333384538304009	([200, 125], [200, 153, 125])
1	0.7251774711346612	0.733617499610594	([144, 95], [153, 144, 113])
1	0.7177055441796348	0.7338017316033146	([297, 220], [297, 286, 220])
1	0.71121428333042	0.7340664084334737	([245, 163], [242, 190, 181])
1	0.636282239429425	0.7350924420698531	([311, 229], [311, 284, 251])
1	0.7177098469448225	0.7354804673094105	([306, 239], [299, 228, 210])
1	0.7149370293312238	0.7355209688954187	([307, 190], [296, 224, 216])
1	0.7328162264828796	0.7357131036357623	([289, 219], [289, 248, 219])
1	0.7355659435405665	0.7359636404244045	([175, 118], [175, 161, 159])
1	0.7193132372747416	0.736554070120456	([309, 242], [309, 289, 241])
1	0.7352819219645063	0.7373383930729981	([302, 234], [302, 299, 237])
1	0.7173246143230817	0.7376858066948373	([265, 214], [268, 265, 214])
1	0.6067834487384209	0.7378287768059887	([132, 47], [132, 77, 47])
1	0.6989272326114195	0.7387241318657796	([199, 149], [199, 198, 153])
1	0.7306816056151142	0.7389021704378874	([161, 103], [161, 132, 126])
1	0.6193366025769598	0.7389021704378874	([161, 132], [161, 157, 126])
1	0.70992949506891	0.7418368527532179	([261, 202], [268, 261, 197])
1	0.7184899925723173	0.7424704156657572	([190, 126], [191, 190, 118])
1	0.7085722773622568	0.7432019202392042	([94, 1], [94, 28, 27])
1	0.7432626890300871	0.743321935739623	([172, 16], [172, 158, 1])
1	0.7329079957113201	0.7437714639472377	([249, 187], [249, 231, 225])
1	0.7053079254695822	0.7441849324125229	([196, 145], [265, 263, 196])
1	0.7232467742066128	0.7445020329745692	([271, 194], [271, 259, 194])
1	0.5914921297471842	0.7448480370687831	([132, 77], [132, 125, 77])
1	0.7380790226290891	0.7453296028075579	([301, 208], [301, 261, 197])
1	0.7394790812973043	0.746351998870358	([175, 14], [191, 175, 14])
1	0.7455889212886517	0.7466171627050178	([107, 38], [107, 88, 86])
1	0.7367497646165845	0.7470263312407546	([170, 63], [191, 170, 63])
1	0.6905899800208372	0.7471965165855795	([195, 148], [199, 195, 149])
1	0.7264176928961733	0.7475238271725065	([256, 217], [256, 241, 217])
1	0.7199980511856031	0.7490950738012149	([314, 160], [314, 186, 160])
1	0.7440260280731604	0.7493631736865126	([179, 17], [228, 179, 17])
1	0.742126793501742	0.7495343038084185	([181, 90], [181, 160, 158])
1	0.7487667839483219	0.7503152831320544	([223, 93], [223, 192, 130])
1	0.7180020729882302	0.7510846755667632	([191, 22], [191, 159, 3])
1	0.7490501252439847	0.7511115090986739	([305, 196], [305, 283, 196])
1	0.7144742036277275	0.7512082614550305	([224, 12], [166, 159, 19])
1	0.7400871470816214	0.7512082614550305	([176, 19], [176, 166, 19])
1	0.734163266869294	0.7516565727679563	([201, 117], [194, 166, 106])
1	0.7451632420028212	0.752620588034773	([321, 150], [321, 157, 150])
1	0.6209177478391088	0.752620588034773	([321, 0], [321, 273, 157])
1	0.6511090805849927	0.7527989006177492	([302, 142], [302, 211, 207])
1	0.7428299231071083	0.7529219981062075	([238, 213], [242, 238, 215])
1	0.7282652602545229	0.7529736791665619	([319, 183], [321, 319, 183])
1	0.7374210271684726	0.7533763030622975	([307, 172], [307, 231, 172])
1	0.7277029596069104	0.7535061779928762	([236, 151], [236, 185, 179])
1	0.7438766498311697	0.7535224455709372	([195, 110], [195, 188, 125])
1	0.7275417897020873	0.754004478249691	([166, 106], [230, 194, 117])
1	0.7330263592383847	0.7541396222846628	([185, 6], [184, 174, 15])
1	0.7516872280208877	0.7548540432417428	([252, 126], [252, 227, 126])
1	0.7509537538757212	0.755091720326202	([321, 120], [321, 295, 120])
1	0.72934582934111	0.7564105488296154	([187, 18], [187, 175, 18])
1	0.7522687117348643	0.7566434386494998	([256, 117], [268, 256, 117])
1	0.7332756850783054	0.7570748333354682	([151, 78], [151, 122, 57])
1	0.7220979390638891	0.7574878747631453	([182, 15], [169, 168, 15])
1	0.7526009615062956	0.7584918204211311	([145, 62], [145, 120, 63])
1	0.7471402308321115	0.758570660886616	([321, 202], [202, 192, 120])
1	0.7527949888176808	0.7591282109922042	([293, 2], [320, 316, 2])
1	0.7550803218691086	0.7591460619110014	([148, 75], [148, 117, 115])
1	0.7361954159665219	0.7593368082801508	([245, 145], [245, 163, 145])
1	0.7364084750241245	0.7596557252159749	([228, 0], [179, 168, 17])
1	0.7459420906018104	0.7598456292720196	([231, 4], [231, 224, 4])
1	0.7569078834802465	0.760090125132112	([236, 14], [252, 236, 14])
1	0.7576941624614547	0.7602033156009727	([279, 210], [289, 279, 261])
1	0.7478742504316728	0.7602827099467834	([162, 20], [162, 119, 4])
1	0.7498483834952181	0.7602827099467834	([170, 4], [170, 162, 4])
1	0.7320141500563807	0.7605003324125584	([281, 218], [282, 278, 218])
1	0.7524768727696667	0.7609739396838747	([213, 155], [213, 212, 143])
1	0.7418581294677097	0.7612007975394829	([185, 66], [185, 160, 90])
1	0.7415299614225395	0.7613890963146993	([229, 9], [229, 168, 17])
1	0.6949108027296019	0.7621194033014977	([212, 143], [277, 214, 143])
1	0.7384269057430173	0.7626345562184036	([247, 125], [247, 187, 159])
1	0.7538680314638758	0.7633170813297628	([237, 115], [251, 237, 115])
1	0.529489162155022	0.7636094243744925	([134, 126], [156, 134, 126])
1	0.741583719586909	0.7637226594900826	([233, 6], [233, 184, 162])
1	0.7496334401265066	0.7642153127908682	([294, 161], [294, 233, 223])
1	0.7636367727790627	0.7645268945620688	([145, 4], [145, 126, 4])
1	0.7634603201067769	0.7645822023362682	([256, 166], [256, 205, 166])
1	0.5326891788384635	0.765014595031594	([141, 105], [141, 127, 105])
1	0.7278756993573249	0.7651488016877248	([317, 171], [317, 229, 164])
1	0.7640857464380474	0.7652489689940453	([265, 120], [295, 265, 252])
1	0.7628046870106826	0.7669843573658514	([289, 112], [289, 224, 112])
1	0.7339722171151732	0.7671207397213232	([228, 103], [228, 193, 103])
1	0.7603218454517117	0.7682861117406043	([173, 27], [200, 173, 27])
1	0.7682238182036553	0.7687536327082706	([264, 161], [286, 264, 161])
1	0.7682240494435073	0.7695061935844911	([196, 124], [196, 145, 124])
1	0.7395800536427489	0.7698342420701708	([226, 24], [226, 217, 88])
1	0.7486647535153249	0.7706930861526893	([165, 7], [167, 165, 9])
1	0.7568419079858142	0.7712086463467911	([195, 45], [195, 194, 45])
1	0.755914127720637	0.7713889496985512	([197, 86], [197, 118, 93])
1	0.7622023032634511	0.7713889496985512	([196, 93], [197, 196, 93])
1	0.7595213093464526	0.771788592935818	([208, 104], [208, 159, 120])
1	0.7298701845620057	0.7719002551689796	([235, 19], [235, 186, 173])
1	0.7400760024701731	0.7721632319395826	([149, 35], [149, 143, 35])
1	0.7705381221117635	0.7728396968063519	([209, 74], [208, 104, 97])
1	0.7724161738074286	0.7728914764688133	([319, 13], [319, 293, 13])
1	0.7214664756566018	0.7729433658267612	([143, 47], [143, 91, 70])
1	0.7622034178365419	0.7738347530423653	([259, 5], [254, 165, 5])
1	0.7714213884960895	0.7745347629288106	([225, 89], [225, 89, 17])
1	0.7640795496038596	0.7746114645727795	([129, 17], [129, 115, 17])
1	0.7691413663215569	0.7746712067112071	([232, 7], [232, 158, 1])
1	0.7546444177485425	0.7755718959946238	([298, 7], [310, 298, 7])
1	0.7571312186727487	0.778775468220505	([196, 56], [196, 98, 93])
1	0.7740988056818048	0.781337189459842	([213, 55], [213, 37, 33])
1	0.7727501646698179	0.7827231590467398	([210, 99], [210, 194, 99])
1	0.7521703116576938	0.7841463893398175	([199, 28], [199, 98, 28])
1	0.750670411374584	0.7854987326542291	([235, 113], [235, 187, 113])
1	0.7860707654590025	0.7865627655292994	([286, 63], [286, 193, 63])
1	0.7874864763294283	0.7887290371362414	([263, 9], [263, 202, 195])
1	0.7825716586144795	0.7891550322859405	([292, 53], [292, 160, 2])
1	0.7744632056907982	0.7898320464492415	([301, 8], [320, 301, 227])
1	0.7736574730558127	0.7906487314778493	([209, 114], [209, 187, 113])
1	0.7828375080128792	0.7907382802060363	([258, 74], [258, 158, 91])
1	0.7829482905222389	0.790796246988355	([269, 96], [269, 157, 130])
1	0.7921893088282213	0.7931162150611676	([264, 28], [264, 198, 28])
1	0.7767774079384538	0.7932341422825043	([212, 41], [212, 153, 143])
1	0.7629482859949434	0.7936295485294517	([263, 26], [263, 26, 9])
1	0.7805905128013392	0.7944239470024513	([273, 33], [273, 197, 33])
1	0.7745065970031131	0.7981466343171283	([251, 72], [286, 251, 72])
1	0.5765222003345798	0.7987736246310155	([177, 134], [177, 134, 116])
1	0.7901720949185208	0.8046948590252969	([289, 51], [289, 153, 112])
1	0.7961321447276911	0.8050333911217195	([278, 32], [278, 153, 32])
1	0.7911829290033161	0.8064987086494341	([290, 45], [290, 269, 45])
1	0.8029252820432162	0.8070057933199704	([252, 77], [252, 90, 77])
1	0.7909199837385271	0.8092946889177985	([238, 85], [238, 216, 172])
1	0.7563961337503468	0.8098664297475663	([267, 71], [267, 264, 71])
1	0.5754483971803531	0.8172092156021813	([140, 43], [140, 81, 43])
1	0.786875640825921	0.817374728188379	([302, 60], [302, 97, 96])
1	0.48862934065583313	0.8343539414993947	([139, 121], [139, 121, 29])
1	0.5631411224569319	0.8455599836815503	([140, 81], [271, 140, 81])
1	0.6193782302350824	0.8474093855517032	([211, 132], [211, 132, 129])
1	0.5112137680801829	0.8491015278165999	([136, 114], [136, 131, 114])
1	0.5662608836070717	0.8536531250058654	([199, 136], [199, 136, 129])
1	0.53088587772364	0.8593696737158975	([136, 26], [136, 114, 26])
1	0.4819513217219253	0.8624715716012468	([138, 111], [138, 131, 111])
1	0.47052207965640136	0.8649679552600958	([303, 135], [303, 302, 135])
1	0.5396674417339287	0.8678905191594747	([141, 10], [141, 105, 10])
1	0.48833457871184804	0.8687407784742268	([139, 29], [139, 76, 29])
1	0.5422045181168634	0.8741541209892019	([140, 124], [276, 140, 124])
1	0.5303592817983426	0.8902746384742698	([201, 141], [202, 201, 141])
1	0.5100169477011611	0.9069334036930494	([150, 134], [154, 137, 76])
0	0.0	inf	([140], [])
