0	0.0	0.019855118275191656	([255], [255, 196])
0	0.0	0.028082021535985466	([477], [477, 267])
0	0.0	0.031269252815616294	([258], [258, 224])
0	0.0	0.06536825050788007	([274], [274, 268])
0	0.0	0.08481882444954401	([270], [270, 11])
0	0.0	0.2130251390673392	([650], [650, 649])
0	0.0	0.21324039912524745	([353], [353, 352])
0	0.0	0.21478301437913683	([3], [3, 2])
0	0.0	0.21565726328056994	([336], [336, 335])
0	0.0	0.21590164984283902	([585], [585, 584])
0	0.0	0.22191790582949758	([356], [356, 355])
0	0.0	0.22260202638424298	([24], [24, 23])
0	0.0	0.2240267700242037	([325], [325, 324])
0	0.0	0.22665576736232876	([13], [13, 12])
0	0.0	0.2268903497388317	([9], [9, 8])
0	0.0	0.2269905765597227	([347], [347, 346])
0	0.0	0.22735537032392558	([675], [675, 674])
0	0.0	0.22854146441437392	([365], [365, 364])
0	0.0	0.22885531109289856	([31], [31, 30])
0	0.0	0.22907705867236072	([20], [20, 19])
0	0.0	0.2304584328091296	([110], [110, 109])
0	0.0	0.23127810350978323	([350], [350, 349])
0	0.0	0.2319617469423683	([387], [387, 386])
0	0.0	0.23212371153194464	([333], [333, 332])
0	0.0	0.233482202975558	([630], [630, 629])
0	0.0	0.23434307897546558	([372], [372, 371])
0	0.0	0.23576829466375154	([592], [592, 591])
0	0.0	0.23614018427594013	([634], [634, 633])
0	0.0	0.23651386515578354	([331], [331, 330])
0	0.0	0.23697705892867618	([626], [626, 625])
0	0.0	0.23715072758079028	([327], [327, 326])
0	0.0	0.23799887606429598	([594], [594, 593])
0	0.0	0.2383193691276498	([420], [420, 419])
0	0.0	0.23840227309947032	([85], [85, 84])
0	0.0	0.23876961596841179	([323], [323, 322])
0	0.0	0.23894734380379057	([5], [5, 4])
0	0.0	0.2393542087130735	([112], [112, 111])
0	0.0	0.2395796888554205	([362], [362, 361])
0	0.0	0.23982550092427368	([648], [648, 647])
0	0.0	0.23989086293466874	([329], [329, 328])
0	0.0	0.2402064163369663	([53], [53, 52])
0	0.0	0.24022291866501727	([26], [26, 25])
0	0.0	0.24024193326939391	([568], [568, 567])
0	0.0	0.24027333592258768	([660], [660, 659])
0	0.0	0.24029676700844457	([599], [599, 598])
0	0.0	0.2415127112622742	([87], [87, 86])
0	0.0	0.24156339510694239	([346], [346, 345])
0	0.0	0.2416185579721697	([670], [670, 669])
0	0.0	0.24186111183091755	([326], [326, 325])
0	0.0	0.24238033785100865	([639], [639, 638])
0	0.0	0.24256879499822534	([363], [363, 362])
0	0.0	0.24272024762035507	([344], [344, 343])
0	0.0	0.24277434425826677	([51], [51, 50])
0	0.0	0.24295405290912714	([653], [653, 652])
0	0.0	0.24310384969147075	([517], [517, 516])
0	0.0	0.24374575756713313	([621], [621, 620])
0	0.0	0.24379550479711762	([646], [646, 645])
0	0.0	0.2439286644933489	([555], [555, 554])
0	0.0	0.2441345382938112	([349], [349, 348])
0	0.0	0.2441627560373945	([308], [308, 307])
0	0.0	0.24439613785506473	([674], [674, 673])
0	0.0	0.24508327420859582	([376], [376, 375])
0	0.0	0.2451393357625085	([345], [345, 344])
0	0.0	0.24546595962328216	([240], [240, 239])
0	0.0	0.24548735728016582	([61], [61, 60])
0	0.0	0.24561622964747898	([481], [481, 480])
0	0.0	0.2460176482471258	([70], [70, 69])
0	0.0	0.24616168431504898	([629], [629, 628])
0	0.0	0.24616570034683954	([2], [2, 1])
0	0.0	0.2463469948298749	([609], [609, 608])
0	0.0	0.24647217681440187	([616], [616, 615])
0	0.0	0.2466017584322116	([47], [47, 46])
0	0.0	0.24696157214163653	([64], [64, 63])
0	0.0	0.24733996171563172	([656], [656, 655])
0	0.0	0.24756499477153568	([16], [16, 15])
0	0.0	0.24788875620906461	([614], [614, 613])
0	0.0	0.24794510138940928	([600], [600, 599])
0	0.0	0.24858966022739182	([320], [320, 319])
0	0.0	0.24875244383883846	([226], [226, 225])
0	0.0	0.24887022479292015	([642], [642, 641])
0	0.0	0.2490666436831267	([91], [91, 90])
0	0.0	0.24921608927907268	([474], [474, 473])
0	0.0	0.24931060306648328	([222], [222, 221])
0	0.0	0.24947149586908665	([310], [310, 309])
0	0.0	0.24974329319245303	([596], [596, 595])
0	0.0	0.24976618187006902	([46], [46, 45])
0	0.0	0.24986537565074046	([400], [400, 399])
0	0.0	0.24998601248776173	([315], [315, 314])
0	0.0	0.2501177535454861	([318], [318, 317])
0	0.0	0.25063000803644164	([113], [113, 112])
0	0.0	0.25065722401612633	([588], [588, 587])
0	0.0	0.25123169028539116	([389], [389, 388])
0	0.0	0.2514015922493949	([607], [607, 606])
0	0.0	0.2515414655464231	([519], [519, 518])
0	0.0	0.2515448386396945	([154], [154, 153])
0	0.0	0.25209049694147706	([562], [562, 561])
0	0.0	0.2522286067913362	([33], [33, 32])
0	0.0	0.25243601103273516	([107], [107, 106])
0	0.0	0.2527528196943252	([97], [97, 96])
0	0.0	0.25306092467039915	([384], [384, 383])
0	0.0	0.2531374478286053	([180], [180, 179])
0	0.0	0.25340630760145816	([538], [538, 537])
0	0.0	0.25371088633712224	([15], [15, 14])
0	0.0	0.2537337199605357	([446], [446, 445])
0	0.0	0.25384067716451386	([10], [10, 9])
0	0.0	0.25406755815211796	([663], [663, 662])
0	0.0	0.2540725324151024	([438], [438, 437])
0	0.0	0.25428970240753124	([673], [673, 672])
0	0.0	0.25439494671470353	([368], [368, 367])
0	0.0	0.2544644362724314	([312], [312, 311])
0	0.0	0.2545202658532593	([322], [322, 321])
0	0.0	0.25453734284971175	([132], [132, 131])
0	0.0	0.25454734394781287	([319], [319, 318])
0	0.0	0.25477281742635743	([590], [590, 589])
0	0.0	0.2548263987637122	([624], [624, 623])
0	0.0	0.25494393455443387	([311], [311, 310])
0	0.0	0.2549785374551049	([497], [497, 496])
0	0.0	0.25499379951264994	([55], [55, 54])
0	0.0	0.25531079397596607	([664], [664, 663])
0	0.0	0.2555437050270071	([7], [7, 6])
0	0.0	0.2555540700196589	([610], [610, 609])
0	0.0	0.25560390638778974	([235], [235, 234])
0	0.0	0.2557060523492704	([93], [93, 92])
0	0.0	0.25584698374270726	([502], [502, 501])
0	0.0	0.2558904973974428	([105], [105, 104])
0	0.0	0.25616176923535394	([454], [454, 453])
0	0.0	0.25619549938376845	([277], [277, 276])
0	0.0	0.25640297335815093	([506], [506, 505])
0	0.0	0.2564579611017022	([553], [553, 552])
0	0.0	0.25654329810511567	([597], [597, 596])
0	0.0	0.2566387391786675	([612], [612, 611])
0	0.0	0.2567807790605073	([374], [374, 373])
0	0.0	0.25681113559292995	([421], [421, 420])
0	0.0	0.2571755549996367	([348], [348, 347])
0	0.0	0.25720740364242395	([81], [81, 80])
0	0.0	0.2573300910802557	([377], [377, 376])
0	0.0	0.25738223850011166	([330], [330, 329])
0	0.0	0.25751243368626286	([92], [92, 91])
0	0.0	0.2576510478435879	([375], [375, 374])
0	0.0	0.25767354558387157	([615], [615, 614])
0	0.0	0.2576887149480563	([654], [654, 653])
0	0.0	0.2578961776061861	([512], [512, 511])
0	0.0	0.2585500614849695	([156], [156, 155])
0	0.0	0.25869832019990974	([564], [564, 563])
0	0.0	0.25880659997762745	([548], [548, 547])
0	0.0	0.2590347347339821	([395], [395, 394])
0	0.0	0.2593759075604372	([591], [591, 590])
0	0.0	0.25941293164018003	([370], [370, 369])
0	0.0	0.25947064799866804	([40], [40, 39])
0	0.0	0.259471184358018	([36], [36, 35])
0	0.0	0.25988686239349695	([324], [324, 323])
0	0.0	0.26027813530548527	([620], [620, 619])
0	0.0	0.2603974403397463	([220], [220, 219])
0	0.0	0.26040827584613674	([601], [601, 600])
0	0.0	0.26044669297070955	([371], [371, 370])
0	0.0	0.2604617808613866	([165], [165, 164])
0	0.0	0.26046540645489946	([565], [565, 564])
0	0.0	0.2606936002252609	([418], [418, 417])
0	0.0	0.2607397056867111	([176], [176, 175])
0	0.0	0.26087690561578586	([511], [511, 510])
0	0.0	0.2611079158987178	([60], [60, 59])
0	0.0	0.2613293704883187	([116], [116, 115])
0	0.0	0.2613775428811608	([239], [239, 238])
0	0.0	0.26146285515494666	([137], [137, 136])
0	0.0	0.2614982583104969	([106], [106, 105])
0	0.0	0.2615484963241478	([573], [573, 572])
0	0.0	0.26163746239277114	([378], [378, 377])
0	0.0	0.2616936135834226	([472], [472, 471])
0	0.0	0.26230638185569893	([442], [442, 441])
0	0.0	0.262428325064943	([541], [541, 540])
0	0.0	0.26251769233275274	([153], [153, 152])
0	0.0	0.26270200404565697	([96], [96, 95])
0	0.0	0.262762763115907	([77], [77, 76])
0	0.0	0.26292973348438886	([104], [104, 103])
0	0.0	0.2629467919236068	([50], [50, 49])
0	0.0	0.263010533168831	([392], [392, 391])
0	0.0	0.2630630520161999	([100], [100, 99])
0	0.0	0.2631877276120041	([35], [35, 34])
0	0.0	0.26318781044837586	([108], [108, 107])
0	0.0	0.26352333622396007	([404], [404, 403])
0	0.0	0.26365780548829765	([223], [223, 222])
0	0.0	0.26378153648158237	([641], [641, 640])
0	0.0	0.2642456538359053	([657], [657, 655])
0	0.0	0.2642547052452967	([520], [520, 519])
0	0.0	0.264265225090128	([534], [534, 533])
0	0.0	0.26427072090087483	([638], [638, 637])
0	0.0	0.26428598184542484	([128], [128, 127])
0	0.0	0.26430989725345116	([211], [211, 210])
0	0.0	0.26431499519049023	([575], [575, 574])
0	0.0	0.2643183594377595	([524], [524, 523])
0	0.0	0.26435949863006175	([342], [342, 341])
0	0.0	0.2645276862456766	([109], [109, 108])
0	0.0	0.26457195772397263	([633], [633, 632])
0	0.0	0.264782084948836	([332], [332, 331])
0	0.0	0.26488015198505394	([29], [29, 28])
0	0.0	0.26494681245207236	([101], [101, 100])
0	0.0	0.2651983214801252	([28], [28, 27])
0	0.0	0.26521713910284933	([361], [361, 360])
0	0.0	0.26521759374129944	([522], [522, 521])
0	0.0	0.2652181126316994	([99], [99, 98])
0	0.0	0.26522558999853657	([547], [547, 546])
0	0.0	0.2653858445240338	([493], [493, 492])
0	0.0	0.2657667251873632	([244], [244, 243])
0	0.0	0.2658223806033001	([383], [383, 382])
0	0.0	0.2658572809389319	([546], [546, 545])
0	0.0	0.2659379033845181	([166], [166, 165])
0	0.0	0.2660042412739075	([628], [628, 627])
0	0.0	0.2663673371613386	([574], [574, 573])
0	0.0	0.26647664533041904	([149], [149, 148])
0	0.0	0.2665033863827864	([504], [504, 503])
0	0.0	0.26661994053457805	([619], [619, 618])
0	0.0	0.26675356415456936	([407], [407, 406])
0	0.0	0.266795634604175	([298], [298, 297])
0	0.0	0.26684812541211544	([281], [281, 280])
0	0.0	0.26697363219709525	([167], [167, 166])
0	0.0	0.2670594755944571	([436], [436, 435])
0	0.0	0.26711294064121144	([485], [485, 484])
0	0.0	0.26716087436467917	([148], [148, 147])
0	0.0	0.2671763291185697	([579], [579, 578])
0	0.0	0.26721550133305666	([234], [234, 233])
0	0.0	0.26734437344996353	([321], [321, 320])
0	0.0	0.26740874918836194	([453], [453, 452])
0	0.0	0.2675168369684507	([82], [82, 81])
0	0.0	0.2675944582028597	([557], [557, 556])
0	0.0	0.26762349492844695	([78], [78, 77])
0	0.0	0.2676547459781172	([580], [580, 579])
0	0.0	0.2677927671164394	([307], [307, 306])
0	0.0	0.26780500721024614	([554], [554, 553])
0	0.0	0.2680451423716756	([6], [6, 5])
0	0.0	0.26829676029754657	([625], [625, 624])
0	0.0	0.26830705257509263	([300], [300, 299])
0	0.0	0.26833060619496574	([205], [205, 204])
0	0.0	0.26854680203655695	([382], [382, 381])
0	0.0	0.2686284632324496	([174], [174, 173])
0	0.0	0.268725857560858	([457], [457, 456])
0	0.0	0.26876865625177326	([659], [659, 658])
0	0.0	0.26885516928322833	([215], [215, 214])
0	0.0	0.2688752468433475	([221], [221, 220])
0	0.0	0.26892631163229846	([536], [536, 535])
0	0.0	0.2690085363355925	([334], [334, 333])
0	0.0	0.2690542021374272	([598], [598, 597])
0	0.0	0.26922663958950827	([412], [412, 411])
0	0.0	0.2697185210240115	([17], [17, 16])
0	0.0	0.2697681729867106	([622], [622, 621])
0	0.0	0.269950194532482	([71], [71, 70])
0	0.0	0.2700209523890524	([455], [455, 454])
0	0.0	0.27007177784613556	([652], [652, 651])
0	0.0	0.2701643272646782	([360], [360, 359])
0	0.0	0.270187105787775	([413], [413, 412])
0	0.0	0.27027253424177233	([121], [121, 120])
0	0.0	0.2703130099443461	([357], [357, 356])
0	0.0	0.27037068499074496	([423], [423, 422])
0	0.0	0.27044244048618427	([550], [550, 549])
0	0.0	0.2708987425565442	([150], [150, 149])
0	0.0	0.2711277365157512	([355], [355, 354])
0	0.0	0.2711607724706611	([171], [171, 170])
0	0.0	0.27129727561705275	([501], [501, 500])
0	0.0	0.271417808650123	([98], [98, 97])
0	0.0	0.2715899104959991	([305], [305, 304])
0	0.0	0.2716058897420515	([632], [632, 631])
0	0.0	0.2716390552918889	([216], [216, 215])
0	0.0	0.2716521687273264	([380], [380, 379])
0	0.0	0.2717787778915221	([32], [32, 31])
0	0.0	0.27194561148562135	([637], [637, 636])
0	0.0	0.27203211281182477	([560], [560, 559])
0	0.0	0.272533721517435	([72], [72, 71])
0	0.0	0.2726205111212903	([527], [527, 526])
0	0.0	0.2727121127638398	([403], [403, 402])
0	0.0	0.2728673344619769	([385], [385, 384])
0	0.0	0.2729889532578214	([133], [133, 132])
0	0.0	0.27324825669191866	([230], [230, 229])
0	0.0	0.27330557041586373	([162], [162, 161])
0	0.0	0.2736009785934365	([295], [295, 294])
0	0.0	0.2736421180291402	([238], [238, 237])
0	0.0	0.27388147805703356	([65], [65, 64])
0	0.0	0.2740165600207544	([381], [381, 380])
0	0.0	0.2741034211872148	([603], [603, 602])
0	0.0	0.274268314133666	([447], [447, 446])
0	0.0	0.2742715349333961	([236], [236, 235])
0	0.0	0.274312980785739	([175], [176, 174])
0	0.0	0.2744605040290577	([537], [537, 536])
0	0.0	0.27466320712373643	([494], [494, 493])
0	0.0	0.2746984808571519	([203], [203, 202])
0	0.0	0.2748861108729772	([37], [37, 36])
0	0.0	0.27497350330197734	([354], [354, 353])
0	0.0	0.2750236477440792	([391], [391, 390])
0	0.0	0.27512492724055465	([586], [586, 585])
0	0.0	0.2758546241849775	([73], [73, 72])
0	0.0	0.27587953408317295	([539], [539, 538])
0	0.0	0.275999192537635	([283], [283, 282])
0	0.0	0.2763756120494317	([602], [602, 601])
0	0.0	0.2764040108680664	([611], [611, 610])
0	0.0	0.27670606400842546	([425], [425, 424])
0	0.0	0.2768116997841716	([328], [328, 327])
0	0.0	0.27690391461914937	([158], [158, 157])
0	0.0	0.2770448761625618	([139], [139, 138])
0	0.0	0.2771227781168077	([604], [604, 603])
0	0.0	0.27713350120733427	([38], [38, 37])
0	0.0	0.27747677297918394	([141], [141, 140])
0	0.0	0.2774867454831431	([364], [364, 363])
0	0.0	0.27751444045649637	([405], [405, 404])
0	0.0	0.2775834480010329	([587], [587, 586])
0	0.0	0.2776658376349563	([130], [130, 129])
0	0.0	0.2777088163689344	([314], [314, 313])
0	0.0	0.27778956472419647	([578], [578, 577])
0	0.0	0.2778279884179426	([146], [146, 145])
0	0.0	0.27789537789484137	([513], [513, 512])
0	0.0	0.2779375030282636	([63], [63, 62])
0	0.0	0.27799782922851374	([282], [282, 281])
0	0.0	0.2782625482680834	([545], [545, 544])
0	0.0	0.2784173581001096	([45], [45, 44])
0	0.0	0.27845539101627753	([424], [424, 423])
0	0.0	0.278529926770939	([373], [373, 372])
0	0.0	0.2785961727806185	([294], [294, 293])
0	0.0	0.27864254942949834	([366], [366, 365])
0	0.0	0.27864871935947316	([120], [120, 119])
0	0.0	0.2786489081488321	([462], [462, 461])
0	0.0	0.27873588668282756	([237], [237, 236])
0	0.0	0.2790133227258655	([217], [217, 216])
0	0.0	0.2792061371567016	([125], [125, 124])
0	0.0	0.2793349893606005	([41], [41, 40])
0	0.0	0.27934980498971596	([508], [508, 507])
0	0.0	0.2793578853929992	([127], [127, 126])
0	0.0	0.2793668571483822	([465], [465, 464])
0	0.0	0.2794226307699213	([542], [542, 541])
0	0.0	0.2794656445469486	([672], [672, 671])
0	0.0	0.27947459086860266	([422], [422, 421])
0	0.0	0.2798046382495365	([593], [593, 592])
0	0.0	0.280112832214143	([299], [299, 298])
0	0.0	0.28014486138663813	([456], [456, 455])
0	0.0	0.2802405585558468	([658], [658, 657])
0	0.0	0.2805754516376458	([89], [89, 88])
0	0.0	0.2805820561186457	([302], [302, 301])
0	0.0	0.2807068434526622	([464], [464, 463])
0	0.0	0.28071454218290043	([390], [390, 389])
0	0.0	0.28115033191757205	([526], [526, 525])
0	0.0	0.2812417115230268	([14], [14, 13])
0	0.0	0.28137476053516564	([313], [313, 312])
0	0.0	0.28150624137150065	([142], [142, 141])
0	0.0	0.28153153901007505	([582], [582, 581])
0	0.0	0.2816607823863249	([605], [605, 604])
0	0.0	0.28168943703147825	([210], [210, 209])
0	0.0	0.28171170224200565	([668], [668, 667])
0	0.0	0.2818551950229158	([80], [80, 79])
0	0.0	0.28210526910315015	([27], [27, 26])
0	0.0	0.28218705204704886	([535], [535, 534])
0	0.0	0.28230337300402814	([647], [647, 646])
0	0.0	0.28245395910896187	([617], [617, 616])
0	0.0	0.28246369532502463	([441], [441, 440])
0	0.0	0.282479714562275	([581], [581, 580])
0	0.0	0.28269702023401205	([429], [429, 428])
0	0.0	0.28270798002951436	([577], [577, 576])
0	0.0	0.2828732396950514	([209], [209, 208])
0	0.0	0.2829064243799622	([119], [119, 118])
0	0.0	0.28293251849254525	([433], [433, 432])
0	0.0	0.28297703330295637	([168], [168, 167])
0	0.0	0.28298349780404725	([173], [173, 172])
0	0.0	0.2830703990166961	([498], [498, 497])
0	0.0	0.28310478155125973	([399], [399, 398])
0	0.0	0.2833722068814485	([131], [131, 130])
0	0.0	0.283432545134746	([117], [117, 116])
0	0.0	0.2835473681973855	([549], [549, 548])
0	0.0	0.28358795419281224	([170], [170, 169])
0	0.0	0.28360641881687726	([172], [172, 171])
0	0.0	0.28364056116788566	([178], [178, 177])
0	0.0	0.28382218288118394	([489], [489, 488])
0	0.0	0.28389797533143446	([227], [227, 226])
0	0.0	0.2839823857293804	([86], [86, 85])
0	0.0	0.28421989791284297	([430], [430, 429])
0	0.0	0.2843570807213682	([514], [514, 513])
0	0.0	0.2843576152059699	([335], [335, 334])
0	0.0	0.2844335763881765	([212], [212, 211])
0	0.0	0.28449621599502495	([179], [179, 178])
0	0.0	0.2846029356490586	([304], [304, 303])
0	0.0	0.2848131784169393	([228], [228, 227])
0	0.0	0.28494383777468796	([43], [43, 42])
0	0.0	0.28496894517917587	([134], [134, 133])
0	0.0	0.285097135681461	([57], [57, 56])
0	0.0	0.28514900593966924	([532], [532, 531])
0	0.0	0.28518456006780907	([515], [515, 514])
0	0.0	0.28525939327989797	([394], [394, 393])
0	0.0	0.2853640884203713	([480], [480, 479])
0	0.0	0.2854378358373525	([623], [623, 622])
0	0.0	0.28570169891345815	([214], [214, 213])
0	0.0	0.28570431052292805	([309], [309, 308])
0	0.0	0.28574049930137224	([576], [576, 575])
0	0.0	0.2858267511064851	([219], [219, 218])
0	0.0	0.2858569654000802	([126], [126, 125])
0	0.0	0.28598568726845297	([69], [69, 68])
0	0.0	0.28606530241954237	([233], [233, 232])
0	0.0	0.28609993991047267	([62], [62, 61])
0	0.0	0.28614006329256075	([491], [491, 490])
0	0.0	0.2863611937285891	([509], [509, 507])
0	0.0	0.28658930475638084	([369], [369, 368])
0	0.0	0.2865951896090935	([448], [448, 447])
0	0.0	0.2866556968868257	([470], [470, 469])
0	0.0	0.2867156829622644	([95], [95, 94])
0	0.0	0.2867397052439572	([595], [595, 594])
0	0.0	0.28682336878279313	([303], [303, 302])
0	0.0	0.28682720160691955	([218], [218, 217])
0	0.0	0.28690267466767405	([386], [386, 385])
0	0.0	0.28708339895150004	([213], [213, 212])
0	0.0	0.28756708278786797	([337], [337, 336])
0	0.0	0.28758018763665294	([288], [288, 287])
0	0.0	0.28763288829272327	([451], [451, 450])
0	0.0	0.28782196117828346	([340], [340, 339])
0	0.0	0.28789483219506806	([289], [289, 288])
0	0.0	0.2879695574940254	([567], [567, 566])
0	0.0	0.2880349663690145	([551], [551, 550])
0	0.0	0.28804699705893133	([410], [410, 408])
0	0.0	0.2880987768701945	([157], [157, 156])
0	0.0	0.2883730862594617	([123], [123, 122])
0	0.0	0.2883979404091912	([583], [583, 582])
0	0.0	0.28848426075417966	([439], [439, 438])
0	0.0	0.2889416259061522	([103], [103, 102])
0	0.0	0.28896663767521613	([247], [247, 246])
0	0.0	0.28914770007619345	([636], [636, 635])
0	0.0	0.2893367682137842	([525], [525, 524])
0	0.0	0.28945218964380987	([207], [207, 206])
0	0.0	0.28949241869256587	([25], [25, 24])
0	0.0	0.28957770484699685	([58], [58, 57])
0	0.0	0.289602783477847	([34], [34, 33])
0	0.0	0.28967808624829566	([631], [631, 630])
0	0.0	0.289728197134402	([208], [208, 207])
0	0.0	0.28980873224991544	([563], [563, 562])
0	0.0	0.2899818201233304	([118], [118, 117])
0	0.0	0.29004999921847135	([644], [644, 643])
0	0.0	0.2903486202587903	([435], [435, 434])
0	0.0	0.2903930864585124	([589], [589, 588])
0	0.0	0.2906417244652586	([667], [667, 666])
0	0.0	0.29069908748845513	([66], [66, 65])
0	0.0	0.2907524778590517	([496], [496, 495])
0	0.0	0.2910004157310865	([468], [468, 467])
0	0.0	0.2912085249844944	([669], [669, 668])
0	0.0	0.29141945899697475	([559], [559, 558])
0	0.0	0.29144456676267355	([30], [30, 29])
0	0.0	0.29148149733164713	([459], [459, 458])
0	0.0	0.2915512698971492	([358], [358, 357])
0	0.0	0.29189352613264147	([379], [379, 378])
0	0.0	0.2918991683452881	([94], [94, 93])
0	0.0	0.2919684303744076	([528], [528, 527])
0	0.0	0.2920616254190542	([531], [531, 530])
0	0.0	0.29211589393189935	([463], [463, 462])
0	0.0	0.2929364997741676	([487], [487, 486])
0	0.0	0.29301663535923783	([516], [516, 515])
0	0.0	0.2931969042422725	([643], [643, 642])
0	0.0	0.29343523451723247	([627], [627, 626])
0	0.0	0.2936468270460415	([606], [606, 605])
0	0.0	0.29365567800251685	([540], [540, 539])
0	0.0	0.29365689465112293	([352], [352, 351])
0	0.0	0.2936813350053585	([530], [530, 529])
0	0.0	0.29380744259505914	([411], [411, 410])
0	0.0	0.29382231089463084	([204], [204, 203])
0	0.0	0.2940081407546187	([79], [79, 78])
0	0.0	0.29404825230631165	([552], [552, 551])
0	0.0	0.2941726397686122	([129], [129, 128])
0	0.0	0.2942033090104373	([161], [161, 160])
0	0.0	0.29424170061906113	([44], [44, 43])
0	0.0	0.29448720583705146	([396], [396, 395])
0	0.0	0.29450952156042187	([490], [490, 489])
0	0.0	0.2945953597977935	([84], [84, 83])
0	0.0	0.2946802280434296	([486], [486, 485])
0	0.0	0.2948115732690751	([533], [533, 532])
0	0.0	0.2948168125528073	([74], [74, 73])
0	0.0	0.29490604704104234	([292], [292, 291])
0	0.0	0.29511833545265853	([195], [195, 194])
0	0.0	0.29543731782026433	([111], [111, 110])
0	0.0	0.2956825914756688	([54], [54, 53])
0	0.0	0.295889625899119	([666], [666, 665])
0	0.0	0.29617630451947363	([558], [558, 557])
0	0.0	0.2965029761562031	([543], [543, 542])
0	0.0	0.29655200765935325	([144], [144, 143])
0	0.0	0.2966247213509757	([291], [291, 290])
0	0.0	0.29664311139367733	([102], [102, 101])
0	0.0	0.29681782183940486	([417], [417, 416])
0	0.0	0.29692507556058934	([290], [290, 289])
0	0.0	0.2969538633910174	([406], [406, 405])
0	0.0	0.29716577820017476	([640], [640, 639])
0	0.0	0.29745256651710905	([143], [143, 142])
0	0.0	0.2977208564731597	([67], [67, 66])
0	0.0	0.2979698187881567	([49], [49, 48])
0	0.0	0.2979951017359688	([518], [518, 517])
0	0.0	0.29801639719887996	([475], [475, 474])
0	0.0	0.29829042349015883	([671], [671, 670])
0	0.0	0.29845166038414994	([52], [52, 51])
0	0.0	0.2985085837752266	([431], [431, 430])
0	0.0	0.2989173572743187	([665], [665, 664])
0	0.0	0.29893468949156626	([488], [488, 487])
0	0.0	0.29896619796887786	([90], [90, 89])
0	0.0	0.2990719929188875	([561], [561, 560])
0	0.0	0.2990809970509355	([471], [471, 470])
0	0.0	0.2992592198440602	([359], [359, 358])
0	0.0	0.2993203697016449	([351], [351, 350])
0	0.0	0.29947791733864226	([434], [434, 433])
0	0.0	0.2996740401499856	([584], [584, 583])
0	0.0	0.29969626736445615	([124], [124, 123])
0	0.0	0.29978516209733097	([556], [556, 555])
0	0.0	0.2998827135980974	([140], [140, 139])
0	0.0	0.30011106293909556	([500], [500, 499])
0	0.0	0.30031610777467194	([202], [202, 201])
0	0.0	0.30033674537337657	([48], [48, 47])
0	0.0	0.300348820705048	([115], [115, 114])
0	0.0	0.3007243394009037	([68], [68, 67])
0	0.0	0.30095260493579407	([22], [22, 21])
0	0.0	0.30114622833396304	([476], [476, 475])
0	0.0	0.3014177798996682	([570], [570, 569])
0	0.0	0.30166618289003816	([145], [145, 144])
0	0.0	0.3016923206435205	([544], [544, 543])
0	0.0	0.30208721330557137	([169], [169, 168])
0	0.0	0.3021850435186933	([56], [56, 55])
0	0.0	0.3024806686549293	([88], [88, 87])
0	0.0	0.30284643032429315	([152], [152, 151])
0	0.0	0.3029539279497367	([409], [409, 408])
0	0.0	0.30303036422482377	([339], [339, 338])
0	0.0	0.3030526763835881	([523], [523, 522])
0	0.0	0.30313733220202566	([151], [151, 150])
0	0.0	0.3033897809865756	([415], [415, 414])
0	0.0	0.30354958838257595	([155], [155, 154])
0	0.0	0.30361154185701067	([229], [229, 228])
0	0.0	0.3036314245077509	([566], [566, 565])
0	0.0	0.3037121672763243	([426], [426, 425])
0	0.0	0.3038646169618876	([83], [83, 82])
0	0.0	0.30447672686358107	([427], [427, 426])
0	0.0	0.3048790460705869	([662], [662, 661])
0	0.0	0.3050519456052546	([231], [231, 230])
0	0.0	0.3051040573959176	([245], [245, 244])
0	0.0	0.3052078840924817	([492], [492, 491])
0	0.0	0.30547465538747237	([661], [661, 660])
0	0.0	0.3055296050801139	([483], [483, 482])
0	0.0	0.3058838012446294	([618], [618, 617])
0	0.0	0.30615077165691323	([338], [338, 337])
0	0.0	0.30642479533520617	([39], [39, 38])
0	0.0	0.30683464367283064	([8], [8, 7])
0	0.0	0.30696785792373654	([452], [452, 451])
0	0.0	0.30706216173551776	([188], [188, 187])
0	0.0	0.3071326751223135	([402], [402, 401])
0	0.0	0.3079205239831583	([75], [75, 74])
0	0.0	0.3080588631123299	([18], [18, 17])
0	0.0	0.3085348801504028	([414], [414, 413])
0	0.0	0.30882792867229897	([635], [635, 634])
0	0.0	0.3090120307638334	([21], [21, 20])
0	0.0	0.3093381682143235	([301], [301, 300])
0	0.0	0.30934356116662837	([401], [401, 400])
0	0.0	0.3099218927540251	([444], [444, 443])
0	0.0	0.31010955896862263	([193], [193, 192])
0	0.0	0.31025324524218567	([484], [484, 483])
0	0.0	0.3103006833735538	([651], [651, 650])
0	0.0	0.3108536685929495	([190], [190, 189])
0	0.0	0.31094221280040074	([467], [468, 466])
0	0.0	0.3111186610589996	([306], [306, 305])
0	0.0	0.3111572440363031	([122], [122, 121])
0	0.0	0.3113103962654516	([503], [504, 502])
0	0.0	0.31158396134878796	([432], [432, 431])
0	0.0	0.31262358016638364	([1], [1, 0])
0	0.0	0.31281923007547296	([461], [461, 460])
0	0.0	0.31390145931826396	([242], [242, 241])
0	0.0	0.31400398913339655	([367], [367, 366])
0	0.0	0.31403984801556356	([529], [529, 528])
0	0.0	0.3141091508150946	([649], [649, 648])
0	0.0	0.3144009290942958	([613], [613, 612])
0	0.0	0.31480848604223366	([466], [466, 465])
0	0.0	0.3148919854819757	([521], [521, 520])
0	0.0	0.3155417360550324	([608], [608, 607])
0	0.0	0.3157650544978657	([645], [645, 644])
0	0.0	0.31618554088850176	([397], [397, 396])
0	0.0	0.31627012367487145	([76], [76, 75])
0	0.0	0.3170527485298373	([200], [200, 199])
0	0.0	0.317401707662554	([293], [293, 292])
0	0.0	0.31864819666574595	([473], [474, 472])
0	0.0	0.3193017857299814	([19], [19, 18])
0	0.0	0.31985830336276966	([505], [505, 504])
0	0.0	0.3199398571906532	([42], [42, 41])
0	0.0	0.3205866500873029	([232], [232, 231])
0	0.0	0.3207841470750378	([194], [194, 193])
0	0.0	0.3211064968251624	([317], [317, 315])
0	0.0	0.3220060759731083	([273], [273, 272])
0	0.0	0.32250901191522285	([201], [201, 200])
0	0.0	0.32274653695743877	([569], [569, 568])
0	0.0	0.3227750973495677	([440], [440, 439])
0	0.0	0.3237120653554539	([443], [443, 442])
0	0.0	0.32378233694991093	([469], [469, 468])
0	0.0	0.3244570606812733	([398], [398, 397])
0	0.0	0.3245004225582446	([499], [499, 498])
0	0.0	0.32487429211670543	([478], [478, 475])
0	0.0	0.3249624360310325	([437], [437, 436])
0	0.0	0.32550471811038667	([206], [206, 205])
0	0.0	0.3256355667248393	([246], [246, 245])
0	0.0	0.32630769176238117	([495], [495, 494])
0	0.0	0.3268714736916496	([388], [388, 387])
0	0.0	0.3269851659134497	([655], [655, 654])
0	0.0	0.32734231355830856	([225], [225, 223])
0	0.0	0.3285458308237628	([138], [138, 137])
0	0.0	0.3289470911057094	([419], [419, 418])
0	0.0	0.32898641721208116	([59], [59, 58])
0	0.0	0.3293985115487353	([460], [460, 458])
0	0.0	0.32957660179037834	([428], [428, 427])
0	0.0	0.32974505429689416	([416], [416, 415])
0	0.0	0.3300108713883088	([114], [114, 113])
0	0.0	0.33170502559050147	([243], [244, 241])
0	0.0	0.3319062188185083	([510], [510, 509])
0	0.0	0.332899745810169	([408], [408, 407])
0	0.0	0.3348245641043896	([23], [23, 22])
0	0.0	0.3358951124865243	([507], [507, 506])
0	0.0	0.3373253391696168	([250], [250, 249])
0	0.0	0.33749402961710245	([177], [177, 176])
0	0.0	0.33806895570718765	([135], [135, 134])
0	0.0	0.3383613790632193	([189], [189, 188])
0	0.0	0.3386516165525574	([185], [185, 184])
0	0.0	0.3387604262452392	([450], [450, 448])
0	0.0	0.3411723337749422	([276], [277, 273])
0	0.0	0.34118596417355374	([199], [199, 197])
0	0.0	0.3415767462056983	([458], [459, 457])
0	0.0	0.3421350783040994	([12], [12, 10])
0	0.0	0.34224505848508974	([147], [147, 146])
0	0.0	0.34355057220512053	([393], [393, 392])
0	0.0	0.3450914336260818	([341], [341, 340])
0	0.0	0.3462558152268759	([160], [160, 158])
0	0.0	0.3482163112689636	([297], [297, 296])
0	0.0	0.34829707359275924	([285], [285, 283])
0	0.0	0.35019051253902694	([479], [479, 478])
0	0.0	0.3521478448472938	([136], [136, 135])
0	0.0	0.3552013311447721	([192], [192, 190])
0	0.0	0.35796026285936383	([482], [482, 479])
1	0.3392444032250812	0.35991598463013114	([243, 242], [244, 243, 242])
0	0.0	0.3632356371658559	([343], [343, 342])
0	0.0	0.36533916098407987	([4], [4, 3])
0	0.0	0.36649308845503725	([197], [197, 195])
0	0.0	0.36715616411057306	([296], [296, 295])
0	0.0	0.36874178499142146	([186], [186, 185])
0	0.0	0.3692681176227161	([254], [254, 253])
0	0.0	0.36945782755497714	([187], [192, 191])
0	0.0	0.3712974917863873	([191], [187, 185])
0	0.0	0.3762283388451709	([445], [445, 444])
0	0.0	0.3784988618887863	([253], [253, 250])
0	0.0	0.37888266351448946	([571], [571, 570])
0	0.0	0.3831443300188719	([287], [450, 449])
0	0.0	0.38333406142504045	([316], [316, 315])
0	0.0	0.38668493907440177	([249], [249, 248])
0	0.0	0.38766806785578584	([572], [572, 571])
0	0.0	0.3949510837967208	([248], [250, 246])
0	0.0	0.39550051587008045	([198], [198, 197])
0	0.0	0.395773146025882	([241], [241, 240])
0	0.0	0.39761943220443363	([164], [164, 162])
0	0.0	0.4003078590607166	([159], [159, 158])
0	0.0	0.4078470754346056	([449], [287, 285])
1	0.40581039769363875	0.40974360275312494	([190, 186], [190, 188, 186])
1	0.40193373006099714	0.4121198627341557	([249, 247], [249, 247, 246])
1	0.3970940083638775	0.4121198627341557	([249, 242], [250, 249, 246])
0	0.0	0.41383452206318666	([163], [163, 162])
0	0.0	0.43188541468356373	([275], [275, 266])
0	0.0	0.4323896554480476	([184], [184, 182])
0	0.0	0.4348292503035799	([284], [284, 266])
0	0.0	0.43761123315376643	([286], [286, 285])
0	0.0	0.4436126089959467	([182], [182, 180])
0	0.0	0.4444701727021338	([263], [263, 183])
1	0.42467548993966864	0.4450108295359008	([449, 447], [450, 449, 447])
0	0.0	0.44589240693053706	([272], [272, 253])
0	0.0	0.44728689609150724	([280], [286, 260])
0	0.0	0.44823661291354394	([0], [182, 181])
0	0.0	0.4489134128229485	([266], [284, 256])
0	0.0	0.4507109834493839	([183], [263, 181])
0	0.0	0.4527473373361165	([181], [253, 252])
0	0.0	0.45475783367110406	([279], [279, 260])
0	0.0	0.45772471289759564	([278], [278, 256])
0	0.0	0.45823605201815554	([260], [280, 277])
0	0.0	0.45895801340302383	([256], [278, 265])
0	0.0	0.4636298735520428	([251], [251, 250])
0	0.0	0.46397399779090637	([271], [271, 251])
0	0.0	0.4689463231337743	([265], [265, 251])
0	0.0	0.4740225111580988	([269], [269, 252])
1	0.48689290434822824	0.49132117647665846	([271, 252], [271, 252, 251])
1	0.5122045778148644	0.5162027319801932	([420, 412], [420, 418, 412])
1	0.5339720654674949	0.5411614917338097	([643, 632], [643, 639, 634])
1	0.5211755894106394	0.5457505460428016	([271, 198], [271, 198, 182])
1	0.48561433181140634	0.5471192395726872	([278, 277], [278, 275, 272])
1	0.46113747980905834	0.5573102443275624	([273, 246], [273, 254, 253])
1	0.5586669273047247	0.5640284015959788	([449, 434], [449, 443, 434])
1	0.5625136851403897	0.56629363183139	([244, 185], [244, 242, 193])
1	0.55923290073734	0.5662968399949337	([241, 184], [244, 241, 185])
1	0.5571816140419918	0.5689988426704594	([272, 197], [272, 242, 197])
1	0.553435531419753	0.5699400687438884	([276, 186], [276, 242, 241])
1	0.5690400718923414	0.5744469423021235	([248, 187], [271, 248, 186])
1	0.5429454140838631	0.578744514702953	([626, 616], [626, 624, 616])
1	0.5499664016572375	0.5794591651242922	([242, 190], [248, 242, 186])
1	0.5593556129912584	0.5836004733855381	([246, 188], [246, 244, 188])
1	0.5880578185475758	0.5894606435019881	([253, 199], [276, 253, 199])
1	0.5731291806093256	0.595478208896262	([643, 623], [643, 631, 624])
1	0.5713612602499979	0.5959716623612517	([296, 281], [296, 290, 281])
1	0.5966001620451604	0.5971760102479642	([293, 273], [294, 293, 277])
1	0.5775446672363275	0.6010343204369759	([294, 277], [294, 287, 285])
1	0.6051472217480848	0.6076563765112991	([254, 190], [254, 241, 184])
1	0.5975158571125104	0.6111862907026032	([415, 397], [415, 408, 407])
1	0.5048623739433479	0.6118668199959382	([269, 159], [269, 163, 159])
1	0.6119944519733472	0.6128109967336269	([372, 358], [372, 365, 358])
1	0.6147886180736202	0.6155192985688959	([247, 182], [253, 247, 199])
1	0.5904978953564938	0.6156383447515426	([636, 622], [636, 635, 622])
1	0.45580191972976125	0.6163196438480034	([183, 182], [263, 183, 181])
1	0.6135984898229445	0.6205590035219826	([134, 112], [134, 125, 112])
1	0.5947827564809205	0.6207768183556981	([649, 628], [649, 642, 633])
1	0.6045509412560433	0.6234765104268868	([560, 541], [560, 559, 541])
1	0.6225916696784383	0.6293966672386052	([88, 71], [88, 83, 71])
1	0.6289840040312277	0.6343649993699018	([59, 41], [59, 50, 41])
1	0.6300819215194431	0.6354223146275383	([218, 171], [218, 217, 177])
1	0.6332005416156474	0.6375669967775853	([478, 449], [478, 468, 449])
1	0.6091566053072285	0.6377501460122605	([446, 428], [446, 436, 428])
1	0.6370575189446299	0.6414612594732002	([280, 240], [280, 273, 246])
1	0.6233727399024884	0.6418847023270999	([44, 17], [44, 33, 32])
1	0.6400984055750957	0.6460838330763655	([12, 0], [12, 5, 0])
1	0.6299082230198564	0.6464633981595594	([217, 177], [217, 202, 178])
1	0.6210114972837277	0.6464633981595594	([220, 178], [220, 217, 178])
1	0.6413656959614487	0.6475802016128048	([449, 409], [449, 414, 409])
1	0.6265188202388915	0.6519291638198029	([221, 179], [221, 220, 179])
1	0.6358424863118808	0.6525484528795051	([219, 176], [219, 205, 177])
1	0.6557830468696394	0.6562305458966434	([671, 631], [671, 656, 631])
1	0.6553754166958978	0.6573369438453576	([466, 444], [466, 449, 448])
1	0.6448594005608884	0.6581293193405918	([389, 370], [389, 380, 370])
1	0.6546426096854996	0.6593645448289922	([22, 0], [22, 18, 0])
1	0.6542021859412481	0.6625607650283446	([225, 175], [225, 218, 175])
1	0.654030675000638	0.6630864670020735	([58, 0], [56, 46, 42])
1	0.6594786580004356	0.6637115352210441	([288, 236], [288, 287, 238])
1	0.6587390564111055	0.6637250744890832	([553, 532], [553, 544, 542])
1	0.6574983551919868	0.6646589555465742	([222, 161], [222, 221, 161])
1	0.6516689630415872	0.6661681333964744	([509, 449], [499, 483, 449])
1	0.6650965950065281	0.6663284982110449	([603, 579], [603, 589, 588])
1	0.6440335790731612	0.6664571976771445	([304, 240], [304, 299, 240])
1	0.6400165835549465	0.6665703484480192	([298, 238], [298, 280, 240])
1	0.6661484032422331	0.666623656263887	([653, 616], [653, 643, 630])
1	0.5981887612756555	0.66908947399294	([361, 339], [361, 351, 343])
1	0.6364099796227954	0.66957716722103	([449, 397], [449, 426, 416])
1	0.6260103784336277	0.6705999725623387	([239, 175], [239, 219, 180])
1	0.6580479043598246	0.6710270692888548	([441, 420], [441, 431, 423])
1	0.6510333164968714	0.6711604175045399	([240, 216], [240, 219, 216])
1	0.518043084481153	0.6711604175045399	([271, 182], [240, 229, 219])
1	0.6324277135281625	0.67155901459729	([221, 162], [221, 179, 171])
1	0.6687154279995198	0.6724289434846706	([282, 218], [282, 218, 214])
1	0.6303324377881789	0.6733325749866371	([55, 38], [55, 51, 37])
1	0.6718397500711859	0.6747873472716425	([661, 641], [661, 651, 648])
1	0.4792047820713837	0.676030980138761	([276, 275], [275, 271, 191])
1	0.6699844337625606	0.6769483201867189	([168, 137], [168, 162, 137])
1	0.6736487978899157	0.6772005952887552	([84, 19], [84, 63, 19])
1	0.6690787260356397	0.6774837908330698	([88, 56], [88, 75, 0])
1	0.6666016530944796	0.6777206073462405	([670, 628], [670, 650, 631])
1	0.6586837253511675	0.6784383557332765	([75, 0], [88, 68, 56])
1	0.666423544563877	0.6789765367337551	([300, 214], [300, 282, 280])
1	0.6789052551471128	0.6794912831501776	([343, 325], [343, 333, 329])
1	0.6731160769453072	0.6797915613792076	([93, 61], [93, 80, 68])
1	0.679888959820727	0.6825675126534272	([566, 449], [566, 558, 449])
1	0.6553921896302125	0.6828813760514362	([663, 639], [663, 659, 638])
1	0.6831271783022564	0.6835371214628945	([417, 387], [417, 396, 387])
1	0.6241726782206805	0.6836887423416647	([530, 449], [531, 512, 507])
1	0.6774873088705795	0.6847244449351555	([280, 217], [280, 240, 217])
1	0.656892668243474	0.6848141984642133	([386, 359], [386, 372, 370])
1	0.6367749423840047	0.6849813966730406	([47, 18], [47, 46, 18])
1	0.6307964865552714	0.685697255598336	([238, 170], [237, 223, 171])
1	0.6841138301947486	0.6857587711057561	([516, 484], [516, 512, 484])
1	0.634496947395573	0.6862237783916989	([282, 204], [282, 246, 218])
1	0.668981351712912	0.6875256491096228	([281, 207], [281, 273, 200])
1	0.6700661041527466	0.6875387058100532	([136, 88], [136, 100, 94])
1	0.6871109790330608	0.6879138422823307	([305, 229], [306, 305, 229])
1	0.6680242773282925	0.6885200464295338	([461, 417], [461, 446, 417])
1	0.6903618842945045	0.6904762521353441	([93, 41], [93, 61, 59])
1	0.6578509204986769	0.6913688933669137	([108, 73], [108, 95, 73])
1	0.6787960547770028	0.6920860162902968	([120, 73], [120, 110, 73])
1	0.6852387239129188	0.6923988400682375	([91, 18], [91, 84, 19])
1	0.6909510953512481	0.6926499445932465	([668, 613], [668, 630, 626])
1	0.6861065709957338	0.6927065654935363	([223, 152], [223, 171, 152])
1	0.6820822222483087	0.6932402832485424	([104, 82], [104, 96, 78])
1	0.6927363916794129	0.6935303329947077	([362, 317], [362, 340, 337])
1	0.6931254471252094	0.6935766347534991	([55, 17], [55, 54, 17])
1	0.6889489493728697	0.6937294982346476	([658, 617], [658, 656, 617])
1	0.6906722772053879	0.694292678367492	([454, 420], [454, 434, 426])
1	0.6736057711150589	0.6966418498745562	([455, 421], [460, 455, 421])
1	0.689669118790732	0.6968944959376462	([156, 102], [162, 156, 102])
1	0.6660282242751213	0.6972515880143112	([496, 469], [496, 481, 469])
1	0.457678985367629	0.6980807551860407	([280, 279], [286, 280, 279])
1	0.6786311214887287	0.6983247441650491	([158, 101], [161, 158, 101])
1	0.6781244843097216	0.699057437155013	([313, 0], [313, 308, 231])
1	0.6961640498905772	0.6993632175540865	([179, 100], [179, 164, 100])
1	0.6944460666498475	0.7000290419505972	([111, 67], [111, 99, 67])
1	0.6826097532912317	0.700094369092159	([157, 104], [157, 127, 113])
1	0.6856271932362161	0.7002787766130663	([582, 449], [604, 585, 582])
1	0.6868011058369426	0.700846919076845	([476, 445], [476, 465, 435])
1	0.7004339826477897	0.700846919076845	([503, 435], [503, 476, 435])
1	0.6969341061001691	0.7010737531803402	([675, 605], [675, 605, 593])
1	0.6864765271607627	0.7015902597545639	([363, 336], [363, 348, 347])
1	0.6868484918679818	0.7016521314403453	([86, 20], [77, 70, 21])
1	0.658405421860697	0.7021548718207532	([111, 81], [113, 103, 81])
1	0.688425573895977	0.7022584407005958	([87, 17], [87, 73, 19])
1	0.6927421122130709	0.7023754785463361	([254, 228], [254, 228, 218])
1	0.7015238509770894	0.7025677150519384	([463, 429], [463, 447, 420])
1	0.7002610940949591	0.702651489488869	([138, 86], [138, 110, 100])
1	0.6986185325570409	0.704350992044086	([152, 99], [164, 152, 99])
1	0.6821848135480122	0.7043848537773295	([70, 21], [92, 86, 20])
1	0.6846789522221101	0.7044503228925909	([660, 602], [675, 660, 602])
1	0.6809988535692778	0.7047863131499393	([166, 85], [166, 164, 85])
1	0.6892259563373104	0.7049002752646077	([363, 308], [363, 336, 321])
1	0.6965987515718147	0.7049468284535625	([444, 406], [444, 426, 406])
1	0.6972229000596979	0.705523721236256	([339, 248], [339, 301, 248])
1	0.6861930371468856	0.705678540174598	([468, 415], [468, 463, 429])
1	0.6933645023378641	0.7057275782536263	([116, 83], [116, 103, 102])
1	0.6887036605545628	0.705737936334879	([545, 446], [535, 515, 448])
1	0.702696229092231	0.705853803814133	([156, 122], [156, 134, 122])
1	0.6734679688514419	0.7060281683023171	([675, 593], [671, 660, 602])
1	0.7024018241570346	0.7068930470479026	([488, 445], [488, 476, 471])
1	0.6960450186511007	0.7069743323379216	([285, 210], [285, 273, 180])
1	0.6672537446124487	0.7071755411242593	([337, 0], [337, 317, 313])
1	0.7023486800847623	0.7073780512041091	([296, 202], [296, 282, 202])
1	0.702143504353224	0.707835532377919	([627, 560], [628, 627, 540])
1	0.7060251456850928	0.7080067935009153	([362, 306], [362, 317, 310])
1	0.6719731444152782	0.7081120532843812	([457, 408], [457, 426, 420])
1	0.7071927728068969	0.7081798158677125	([452, 412], [452, 442, 412])
1	0.699096788734344	0.7084724425185667	([297, 206], [297, 238, 217])
1	0.691019669443837	0.7086021586489736	([542, 471], [542, 510, 471])
1	0.698508083324256	0.7087351098121556	([157, 77], [157, 127, 77])
1	0.686612532591522	0.7090386167984998	([97, 55], [97, 85, 66])
1	0.7024291169821554	0.7092052634507813	([674, 616], [674, 670, 616])
1	0.6797989666511034	0.709346885039235	([202, 158], [202, 180, 169])
1	0.7078762546502797	0.7094160298256252	([254, 157], [254, 177, 157])
1	0.6997483992958922	0.7095036970994487	([613, 564], [613, 608, 580])
1	0.698673948989971	0.709546016753471	([152, 73], [153, 152, 73])
1	0.6934486922318835	0.7095816173101734	([318, 289], [318, 310, 289])
1	0.7072464463251803	0.7099614091915618	([82, 35], [82, 74, 34])
1	0.6804797984456801	0.7099745332576362	([617, 449], [643, 617, 614])
1	0.6089901037969356	0.7100838554050581	([42, 0], [58, 40, 13])
1	0.695921235255981	0.710201056951383	([302, 209], [302, 273, 209])
1	0.6935848183398152	0.7105856709641097	([151, 80], [153, 151, 80])
1	0.6891596253471043	0.7106343719852667	([608, 572], [608, 602, 580])
1	0.7057982919029847	0.7106538386647747	([630, 539], [628, 618, 539])
1	0.7100239260794408	0.7111428879382409	([119, 71], [136, 119, 71])
1	0.7006914668529065	0.7116944821714404	([630, 588], [630, 606, 593])
1	0.7086369538290269	0.7127880319664023	([569, 480], [569, 539, 523])
1	0.7045559146471272	0.7127880319664023	([569, 523], [569, 558, 539])
1	0.6998150719105113	0.7127913548644391	([622, 534], [622, 619, 517])
1	0.6831686290223472	0.7133325389350726	([670, 595], [670, 631, 599])
1	0.6869797601508963	0.7138730713209073	([339, 231], [339, 310, 231])
1	0.707784033986159	0.7139988895066477	([653, 589], [653, 626, 589])
1	0.7128449252330907	0.7143777332408678	([512, 470], [512, 484, 476])
1	0.6688768389943531	0.7146840065010777	([136, 17], [136, 71, 20])
1	0.70222778937322	0.7147332782759435	([539, 465], [539, 510, 509])
1	0.6953332041227276	0.7147765151602505	([76, 22], [83, 76, 22])
1	0.7132704421925204	0.7149351813697679	([516, 467], [516, 514, 467])
1	0.6959534929587524	0.7153948085501682	([165, 93], [170, 165, 93])
1	0.7084983772924272	0.7154869585513939	([556, 502], [556, 532, 514])
1	0.7152241032193213	0.7156030473183443	([481, 436], [481, 465, 461])
1	0.7021435419428325	0.7156313422055806	([650, 559], [650, 627, 540])
1	0.7052072184142473	0.7156764502225416	([550, 500], [550, 516, 508])
1	0.7049324746764685	0.7159518455116827	([656, 579], [656, 607, 603])
1	0.7039922050138128	0.716338581826625	([254, 94], [254, 169, 89])
1	0.7146405172016154	0.7167774978943103	([155, 82], [155, 137, 82])
1	0.6922038788583621	0.7169605540839984	([107, 34], [82, 77, 24])
1	0.5644782082006522	0.7170473043380546	([296, 271], [296, 271, 248])
1	0.7079575778782135	0.7170629972084777	([341, 308], [363, 341, 336])
1	0.713401215791783	0.7172902316910574	([652, 583], [652, 632, 583])
1	0.7139552499822287	0.7174323543924097	([655, 604], [658, 655, 604])
1	0.7004200476418775	0.717579605264544	([487, 448], [488, 487, 444])
1	0.6997867054831463	0.717579605264544	([514, 444], [514, 488, 444])
1	0.6508131445932982	0.7177778486793687	([358, 315], [361, 358, 315])
1	0.7167800542964289	0.7178216496597786	([671, 592], [671, 602, 592])
1	0.7170430671692343	0.7178410789341616	([673, 586], [673, 672, 591])
1	0.7119839186865775	0.718141055168834	([645, 584], [675, 645, 584])
1	0.6748681618275718	0.7181988591146786	([635, 449], [661, 636, 635])
1	0.6955262430776199	0.7188873868433326	([618, 587], [618, 606, 599])
1	0.7152942543263945	0.7189645921993555	([658, 576], [658, 645, 576])
1	0.6804952779185592	0.7189976088325541	([114, 21], [133, 111, 34])
1	0.7191208835629969	0.7191256939614492	([55, 7], [55, 17, 13])
1	0.6734815620959448	0.7191298392233362	([339, 301], [339, 309, 301])
1	0.709477360414993	0.7191849769140998	([641, 548], [641, 622, 535])
1	0.7155711260052078	0.7192525558869992	([672, 591], [672, 655, 604])
1	0.6700200003152298	0.719321260894737	([628, 592], [628, 606, 601])
1	0.7071656514087576	0.7195261637670162	([435, 386], [435, 414, 390])
1	0.7045970735097771	0.7201003116345386	([519, 455], [519, 507, 455])
1	0.7116575113477764	0.7204212773001379	([79, 23], [79, 68, 23])
1	0.700518077120802	0.7206438252176979	([615, 559], [631, 615, 559])
1	0.7174882851085556	0.7206938784393102	([499, 460], [499, 476, 475])
1	0.7134759600768931	0.7211368549075715	([493, 409], [493, 451, 448])
1	0.7103933719893293	0.7211368549075715	([493, 451], [493, 487, 448])
1	0.7170742495668698	0.7213295276136396	([214, 108], [214, 208, 147])
1	0.7115777351935934	0.7217915657277898	([577, 473], [577, 569, 473])
1	0.6814139898524244	0.7219222751113666	([515, 450], [511, 472, 470])
1	0.7173174616681341	0.721985432019182	([102, 26], [102, 93, 32])
1	0.6887318369612252	0.7225316018964558	([218, 89], [218, 161, 90])
1	0.722062901344754	0.7225678029814583	([81, 26], [81, 77, 24])
1	0.7093983291643895	0.7226093989328417	([617, 523], [619, 615, 523])
1	0.6982495209689683	0.722828818644863	([471, 430], [471, 469, 430])
1	0.72211508586647	0.723114216709752	([105, 39], [106, 105, 39])
1	0.7158983838916178	0.7232883023968663	([518, 447], [518, 514, 447])
1	0.722243722502275	0.7233455022437589	([137, 50], [137, 85, 82])
1	0.688108422760928	0.7233455022437589	([129, 85], [137, 129, 85])
1	0.6692756045220077	0.7233886493352529	([661, 449], [582, 566, 557])
1	0.7190883146980832	0.7234039270850937	([242, 168], [242, 182, 168])
1	0.7178117515607619	0.723409264986767	([555, 505], [555, 533, 514])
1	0.7187545553746776	0.7236732290304755	([90, 16], [90, 71, 20])
1	0.6864350310136291	0.7236919022678883	([533, 454], [533, 508, 448])
1	0.6932928143242396	0.7237143323340954	([467, 391], [467, 465, 391])
1	0.7068164484388778	0.7237324971960374	([643, 551], [619, 551, 529])
1	0.6723232953573768	0.723837528603518	([540, 468], [559, 540, 468])
1	0.7179914216143437	0.7240477150214489	([666, 588], [666, 656, 588])
1	0.7143222704088915	0.7242584907849322	([458, 404], [458, 443, 404])
1	0.7119948652026907	0.7243454062716222	([56, 9], [87, 69, 9])
1	0.707357243049056	0.724373451782852	([470, 399], [470, 433, 427])
1	0.7134415569398482	0.7244444160853916	([562, 510], [569, 562, 510])
1	0.7096843438048763	0.724512564765007	([638, 507], [638, 545, 544])
1	0.7211587699718793	0.7246545907914885	([448, 381], [448, 435, 386])
1	0.6844745279278882	0.7249172780515258	([170, 91], [165, 152, 99])
1	0.7224863085594289	0.7249243192042801	([626, 558], [631, 626, 558])
1	0.7054652723814021	0.7252750061115829	([223, 97], [223, 166, 97])
1	0.7185662002901343	0.7252896074044202	([572, 503], [572, 562, 510])
1	0.7257557339118743	0.7260539533820944	([167, 92], [167, 166, 92])
1	0.6855985535632895	0.7260812852149758	([628, 540], [670, 627, 585])
1	0.6828706760571435	0.7265027256227805	([123, 30], [123, 105, 39])
1	0.6836454152914793	0.7268891408733305	([449, 379], [449, 393, 379])
1	0.7071430509584279	0.7269330604282053	([203, 149], [203, 182, 148])
1	0.6923407401180308	0.7270914384259224	([484, 458], [484, 483, 457])
1	0.7201542230002247	0.7275850591979907	([203, 103], [203, 148, 103])
1	0.7094560161665975	0.7277313502806073	([560, 469], [538, 469, 465])
1	0.7073733732665389	0.7277313502806073	([538, 431], [539, 538, 465])
1	0.7212328865136282	0.7278198669255168	([496, 453], [496, 469, 465])
1	0.718594315937449	0.7278645141456639	([144, 36], [152, 144, 36])
1	0.7226410052468115	0.727958106590804	([621, 550], [621, 550, 547])
1	0.7280909455436743	0.7283985508223785	([330, 2], [330, 328, 2])
1	0.70462550048167	0.728735288615531	([661, 565], [661, 579, 565])
1	0.7242890727951067	0.7288841524856574	([609, 575], [609, 601, 575])
1	0.72112002626911	0.7291418232419254	([167, 54], [167, 137, 54])
1	0.7110400183130324	0.7292953976063359	([150, 74], [161, 150, 74])
1	0.7210480684441717	0.729356407924559	([636, 519], [636, 622, 519])
1	0.7151095416939165	0.7296165392232863	([609, 474], [609, 503, 481])
1	0.6944007234474973	0.7296790531250257	([324, 236], [324, 309, 236])
1	0.6938517260448352	0.7298368713410143	([622, 556], [662, 661, 565])
1	0.7047114102853348	0.7299564818457744	([108, 35], [113, 108, 36])
1	0.6876838541078147	0.7299564818457744	([152, 24], [144, 113, 36])
1	0.7302607599572916	0.7305246737692505	([163, 98], [163, 136, 98])
1	0.7232909454904071	0.7305423760997557	([659, 566], [659, 611, 589])
1	0.7192553813424826	0.7306050651231674	([122, 50], [137, 122, 113])
1	0.7211953578170198	0.7307361147022662	([285, 157], [285, 180, 177])
1	0.7041344604396657	0.7308826842323591	([638, 545], [622, 620, 535])
1	0.6807553697217719	0.7309553938972418	([254, 38], [254, 100, 89])
1	0.719364623637939	0.7311045137486138	([483, 406], [483, 428, 406])
1	0.6772106547079355	0.7311308602134825	([168, 0], [229, 168, 167])
1	0.7229394058165897	0.731232276863601	([130, 79], [130, 107, 82])
1	0.7041878192455445	0.7313971214035899	([513, 459], [513, 488, 470])
1	0.7236612175992416	0.7314155226114996	([625, 561], [628, 625, 561])
1	0.482164653408095	0.7315478422241027	([285, 284], [284, 278, 272])
1	0.7209923123439987	0.731742743000193	([539, 430], [539, 465, 430])
1	0.7125023163421975	0.7318732664935098	([170, 17], [237, 230, 17])
1	0.6864284593462356	0.7320758310559204	([619, 515], [622, 565, 534])
1	0.7262468041495731	0.7322777949334384	([554, 458], [554, 514, 506])
1	0.7298530533031538	0.7322895030463045	([475, 383], [475, 470, 383])
1	0.6844242608236469	0.7324575784891186	([567, 471], [567, 542, 539])
1	0.7234120633109157	0.7325906916327679	([517, 400], [517, 447, 425])
1	0.7161551972071487	0.7326453753174241	([510, 416], [475, 468, 416])
1	0.728308664940348	0.7326694024410623	([637, 525], [637, 621, 550])
1	0.7201202790475418	0.7328832237975274	([385, 254], [385, 368, 357])
1	0.6909683024097761	0.7330810508641371	([640, 528], [640, 639, 546])
1	0.5228769563788818	0.7332840982699402	([286, 271], [296, 286, 271])
1	0.7177873118700002	0.7333010491809702	([619, 492], [619, 515, 504])
1	0.7051907898518053	0.7333010491809702	([624, 504], [624, 619, 504])
1	0.7192286208494858	0.733328562088203	([131, 64], [131, 113, 64])
1	0.7259705443288162	0.7335110390639723	([361, 294], [361, 329, 307])
1	0.7011769541511572	0.7339447798279675	([306, 17], [312, 306, 17])
1	0.7257983874054613	0.7339447798279675	([328, 17], [328, 312, 17])
1	0.727384981274468	0.7340229095869445	([122, 28], [122, 110, 29])
1	0.671237040867127	0.7340568873079946	([639, 554], [639, 622, 554])
1	0.7268757424141322	0.7340715427841533	([564, 460], [564, 554, 460])
1	0.7284185961357148	0.7340782361393973	([377, 312], [377, 361, 307])
1	0.7147320345535761	0.7341415278833829	([505, 443], [505, 487, 444])
1	0.7324584005062365	0.7341423148058298	([522, 462], [533, 522, 454])
1	0.7149451667316887	0.7342094871681318	([208, 147], [214, 167, 147])
1	0.721394420315375	0.7344226864671219	([633, 567], [633, 618, 539])
1	0.7339015582121455	0.7344690430193817	([365, 309], [365, 336, 309])
1	0.7070913096119493	0.7349645621729367	([643, 510], [645, 643, 510])
1	0.7266959924428666	0.7349816730106692	([131, 35], [131, 107, 35])
1	0.6812623571311662	0.7350389115735775	([230, 17], [170, 87, 86])
1	0.6907284650383829	0.7350389115735775	([220, 87], [220, 170, 87])
1	0.7321725364147597	0.7350709701668098	([313, 6], [313, 6, 3])
1	0.727196811665192	0.7354209650848925	([250, 17], [250, 235, 17])
1	0.7239229787120898	0.7354808677243874	([134, 42], [134, 77, 73])
1	0.7168885010312084	0.7354964152353844	([469, 254], [503, 469, 461])
1	0.7342540049093791	0.735617159160212	([47, 3], [47, 16, 12])
1	0.7225569712585764	0.7357968521217483	([407, 358], [407, 387, 383])
1	0.716522968150832	0.7359051196458314	([472, 372], [481, 471, 387])
1	0.7110991508488634	0.7363640678770466	([609, 503], [605, 572, 559])
1	0.7343930126367019	0.7364052038439727	([60, 5], [60, 31, 13])
1	0.7353483397473572	0.7372661565751221	([238, 18], [238, 237, 18])
1	0.6996098407338494	0.7374715565979173	([272, 82], [272, 148, 129])
1	0.70180424248135	0.737525115201306	([636, 555], [636, 555, 553])
1	0.7372686667958834	0.737525115201306	([618, 553], [636, 618, 553])
1	0.7184254980397724	0.7379962768142502	([391, 355], [391, 368, 355])
1	0.7061242188928841	0.7381347092036199	([601, 469], [628, 601, 469])
1	0.7376084694351571	0.738231183255472	([611, 480], [666, 656, 480])
1	0.6818655135422219	0.7383807667447533	([465, 339], [465, 390, 339])
1	0.7332242841020685	0.738460741888312	([103, 31], [103, 80, 35])
1	0.7338027233812059	0.7385414491214273	([665, 580], [670, 665, 580])
1	0.7307292290273651	0.7388024065052785	([353, 305], [353, 338, 309])
1	0.6690026393319343	0.7388416554425372	([144, 0], [144, 75, 17])
1	0.7103909213590853	0.7390212445843544	([496, 402], [496, 476, 427])
1	0.7209718797201821	0.7398025467102686	([623, 552], [623, 552, 545])
1	0.7124630679650709	0.7398519339657031	([624, 542], [624, 622, 542])
1	0.7249634577190369	0.7401746137179288	([656, 480], [656, 565, 559])
1	0.715445431246241	0.7404707069403351	([483, 428], [496, 483, 428])
1	0.732526814776237	0.7407029604401774	([664, 562], [664, 635, 562])
1	0.7358923730346717	0.7409204185990794	([570, 467], [570, 560, 473])
1	0.7352398479546706	0.7413006229113758	([206, 94], [206, 168, 164])
1	0.7417220498515671	0.7417652212076807	([653, 556], [653, 623, 556])
1	0.7350835952130244	0.7417685998658304	([154, 55], [162, 154, 55])
1	0.7416470276393191	0.741934384247256	([164, 46], [164, 68, 64])
1	0.7235319096454523	0.741934384247256	([228, 64], [228, 164, 64])
1	0.7190283439349207	0.7419803569533201	([668, 577], [668, 659, 577])
1	0.6948603544370585	0.7420067877907233	([602, 358], [569, 468, 358])
1	0.7400992882558958	0.7421042238349254	([112, 40], [112, 99, 40])
1	0.7288033946217866	0.7422342631452833	([211, 110], [211, 180, 110])
1	0.7411836963179212	0.7429274587355884	([484, 424], [484, 450, 443])
1	0.7303722427328357	0.7435922708203618	([344, 304], [344, 324, 306])
1	0.7116011235420941	0.7438668775001809	([609, 537], [630, 609, 537])
1	0.7298036222596979	0.7439768194540352	([573, 505], [573, 553, 505])
1	0.735855391797172	0.7440506075383292	([176, 52], [176, 86, 65])
1	0.7391164863147184	0.7440958768068949	([304, 168], [304, 232, 227])
1	0.7058484903100765	0.7444668995407302	([667, 564], [667, 654, 567])
1	0.7296871233586789	0.7447448983812018	([206, 144], [206, 164, 160])
1	0.7173524776371861	0.7447957286532566	([541, 339], [577, 558, 339])
1	0.7191557392149974	0.7450224958389177	([358, 22], [358, 59, 32])
1	0.7452364600293501	0.7455139304163999	([519, 424], [519, 465, 455])
1	0.7367185591910004	0.7456038183019184	([541, 447], [541, 468, 447])
1	0.7304295349659392	0.7456038183019184	([546, 358], [541, 471, 468])
1	0.7313107869165297	0.745695731753158	([215, 129], [215, 157, 156])
1	0.7421829492480024	0.7457335871970897	([614, 461], [627, 614, 461])
1	0.7405352667367998	0.7458137487508739	([585, 341], [585, 361, 358])
1	0.7458977045155851	0.7460014702131408	([223, 46], [223, 164, 92])
1	0.7310235588955784	0.746118861069687	([638, 474], [638, 617, 609])
1	0.7182368366313872	0.7461354853490857	([675, 462], [675, 551, 462])
1	0.7434842644365703	0.7463993111625604	([235, 47], [235, 47, 17])
1	0.7424045473912017	0.7464926823829513	([627, 475], [627, 609, 475])
1	0.7376406859061259	0.7467594893587549	([246, 91], [246, 138, 137])
1	0.725559965129455	0.7471927932881928	([614, 511], [614, 511, 473])
1	0.7107115625414322	0.7472185876004509	([168, 45], [168, 137, 54])
1	0.7220741577686676	0.747385394428112	([508, 401], [508, 448, 421])
1	0.7395576065951366	0.7474020200253595	([160, 28], [160, 71, 60])
1	0.7247200748571014	0.7476541392636671	([365, 302], [365, 309, 306])
1	0.7434744392235134	0.747910505348787	([525, 434], [525, 508, 450])
1	0.7278012432422972	0.7484123902948927	([581, 483], [585, 559, 480])
1	0.7409897614310316	0.7487041638611172	([389, 310], [389, 367, 310])
1	0.7434830951043762	0.7487535911666492	([572, 446], [572, 446, 387])
1	0.741140551467522	0.7490450313341748	([536, 441], [536, 514, 446])
1	0.7439571209009065	0.7491580407727112	([592, 472], [609, 592, 586])
1	0.7450919422273047	0.7496747449755229	([584, 372], [589, 584, 368])
1	0.7375900540400439	0.7497485864437908	([568, 389], [568, 540, 470])
1	0.619421563406976	0.7497845281708488	([231, 0], [330, 231, 2])
1	0.7444919630096634	0.750156415483379	([317, 179], [317, 231, 223])
1	0.7494320650448075	0.7504678025332387	([595, 313], [595, 338, 325])
1	0.724296531902467	0.7505406578372428	([606, 471], [606, 590, 476])
1	0.7409221062872907	0.7512721978090984	([165, 12], [165, 93, 12])
1	0.7323354329156079	0.7515130936144879	([354, 272], [354, 320, 272])
1	0.7273153280021857	0.7515961403519379	([403, 17], [395, 385, 17])
1	0.7338038429925611	0.751620697261887	([141, 22], [141, 89, 81])
1	0.7414512484389049	0.7516756059204479	([311, 4], [312, 311, 4])
1	0.7445421857705375	0.7520245599312633	([546, 409], [546, 497, 409])
1	0.7464785807530072	0.75223671655544	([527, 403], [529, 527, 403])
1	0.7312165461931307	0.7522571704852365	([322, 232], [322, 308, 232])
1	0.7471332015579669	0.7523711888205522	([169, 39], [173, 167, 61])
1	0.7330846320005283	0.7524398461267452	([622, 456], [622, 527, 456])
1	0.7426692746206672	0.7527594640296441	([339, 52], [339, 52, 16])
1	0.7357891349717236	0.7528579470661694	([214, 80], [214, 132, 111])
1	0.747922596784724	0.753527688393211	([541, 397], [541, 468, 397])
1	0.7371795795412163	0.753568986167771	([575, 392], [575, 476, 461])
1	0.7516738431565215	0.753897753920987	([442, 375], [442, 428, 375])
1	0.7524724013193221	0.7539543335811275	([509, 403], [534, 509, 403])
1	0.7349503094337788	0.7539543335811275	([534, 410], [534, 527, 403])
1	0.714024117701661	0.7542214242375	([358, 232], [358, 307, 232])
1	0.73753117238641	0.7544014516370858	([453, 17], [453, 403, 401])
1	0.75185187740185	0.7545741355682397	([511, 17], [559, 511, 469])
1	0.7341536258095217	0.7546282896477162	([250, 104], [250, 203, 104])
1	0.7545118489992865	0.7546576313041006	([195, 130], [213, 195, 130])
1	0.7255840893819272	0.7550028588356571	([612, 339], [612, 590, 574])
1	0.7394821909929757	0.755931186242817	([273, 81], [273, 180, 81])
1	0.7519129707446974	0.7565891244244373	([231, 44], [231, 164, 46])
1	0.7525700523070865	0.7572065759571046	([593, 366], [593, 582, 361])
1	0.7240846633415283	0.7572092444970553	([559, 17], [668, 582, 577])
1	0.7549255130401248	0.7572588272518173	([668, 472], [668, 577, 480])
1	0.7481427953258551	0.7578751274341756	([588, 512], [588, 579, 512])
1	0.7514811722779662	0.7579105636376001	([646, 493], [646, 530, 512])
1	0.7427178378453477	0.758097857820943	([383, 317], [383, 356, 339])
1	0.7574674687486671	0.7583851717872976	([599, 353], [599, 594, 373])
1	0.7327768711930958	0.7584785460282895	([611, 525], [612, 611, 525])
1	0.7451008953636501	0.7585587232598925	([533, 272], [533, 510, 272])
1	0.7266508530689852	0.7588737411205834	([595, 338], [595, 585, 343])
1	0.7501584972990224	0.7594346299918471	([189, 120], [202, 189, 120])
1	0.7570448442860439	0.7594395232518926	([384, 305], [384, 374, 305])
1	0.7411837453107476	0.7598822007326013	([309, 1], [313, 309, 3])
1	0.7380929337076035	0.7601873414700846	([607, 384], [614, 607, 384])
1	0.753586265209007	0.7607356816200103	([448, 28], [448, 80, 35])
1	0.749949987437844	0.7607859422256671	([599, 470], [599, 588, 470])
1	0.7461090618813423	0.7607924552020814	([458, 272], [458, 398, 272])
1	0.7474484804346155	0.7608215506867995	([594, 373], [599, 589, 353])
1	0.7115757324428826	0.760856199874907	([209, 124], [209, 171, 124])
1	0.7508433379043514	0.7611811780197281	([230, 121], [230, 218, 121])
1	0.7506336808814127	0.7615265251443964	([543, 417], [543, 503, 417])
1	0.6657868974284439	0.7615380328285108	([368, 254], [385, 354, 272])
1	0.7376050261484085	0.7615380328285108	([389, 272], [385, 382, 272])
1	0.7581222287688424	0.7615699574902908	([219, 67], [219, 215, 67])
1	0.7525816424231483	0.7619056271386736	([600, 374], [600, 585, 367])
1	0.7087155041477962	0.7622412812749504	([577, 339], [590, 374, 368])
1	0.7336857174440736	0.762305651651001	([670, 471], [670, 601, 471])
1	0.7515191187180434	0.7626766742038261	([272, 59], [272, 95, 45])
1	0.731263080126847	0.7628128532151249	([471, 360], [471, 391, 360])
1	0.7213884015174761	0.7638150270805394	([339, 16], [310, 229, 225])
1	0.7544125096531334	0.7638234455457664	([583, 359], [594, 583, 359])
1	0.7609416910675305	0.763970478212895	([448, 319], [448, 360, 319])
1	0.7585558546802085	0.7640579779304429	([663, 454], [663, 609, 472])
1	0.7546312213411042	0.7646338740123125	([592, 431], [592, 431, 370])
1	0.7499055752579841	0.7646338740123125	([592, 376], [596, 592, 370])
1	0.7621690160388641	0.7647780087918479	([213, 71], [213, 116, 110])
1	0.7561112334512528	0.7655132338384681	([233, 8], [233, 229, 8])
1	0.7591562138572664	0.7656390155791708	([226, 6], [223, 46, 15])
1	0.7483102297091607	0.7657246329850926	([581, 369], [596, 581, 379])
1	0.756736006831091	0.7659145828533437	([652, 503], [652, 617, 570])
1	0.6964270724194153	0.7659309971245973	([358, 248], [358, 307, 301])
1	0.7407017402063952	0.7660377043799521	([617, 382], [617, 585, 382])
1	0.7552415288832571	0.7663047956818354	([249, 150], [249, 201, 150])
1	0.7281598741076595	0.7672270689288986	([537, 413], [537, 476, 457])
1	0.7531031703212173	0.7672463086752832	([317, 243], [317, 296, 292])
1	0.7661503189704327	0.7680526157727923	([601, 364], [601, 594, 373])
1	0.7382185950441602	0.7681060965457878	([596, 370], [594, 592, 376])
1	0.7644903933784943	0.7687385729460526	([550, 404], [550, 450, 443])
1	0.7615292902617431	0.769053601165932	([392, 288], [392, 385, 288])
1	0.74298959546701	0.7690652918768006	([247, 22], [247, 22, 16])
1	0.6681416790853422	0.7691931832449195	([449, 67], [449, 74, 22])
1	0.7678215056783027	0.7697735570228474	([675, 302], [675, 318, 315])
1	0.7531916393382837	0.7697735570228474	([675, 318], [675, 358, 315])
1	0.7553519738751834	0.7698453468948073	([448, 360], [448, 386, 360])
1	0.7673525223798701	0.7699636121979286	([334, 276], [334, 313, 276])
1	0.75532124770782	0.7699859390221949	([573, 384], [573, 472, 450])
1	0.7582317129316943	0.7700052977911229	([347, 236], [347, 311, 309])
1	0.7534558335561383	0.7702202473611275	([306, 46], [306, 229, 46])
1	0.7600057832818534	0.7702340360209599	([579, 394], [579, 476, 440])
1	0.7689416540852353	0.7703700915491526	([292, 112], [292, 202, 175])
1	0.7579624396096452	0.7712464147713818	([662, 466], [662, 645, 466])
1	0.7505396509315206	0.771405679192102	([227, 43], [227, 168, 59])
1	0.7127523745519827	0.7714225940027442	([213, 21], [213, 179, 21])
1	0.7270130047122414	0.7714371657480745	([305, 12], [305, 230, 164])
1	0.7471199976267305	0.7715079210578687	([245, 87], [245, 237, 87])
1	0.7494997434662911	0.772038708909667	([322, 273], [322, 314, 283])
1	0.7489592434600026	0.7721470674134616	([617, 21], [622, 617, 21])
1	0.68428672591863	0.7722196189463714	([476, 272], [533, 458, 448])
1	0.7718574234037295	0.7724026825854295	([639, 486], [639, 622, 486])
1	0.756150587457864	0.7734534997269321	([233, 48], [233, 48, 18])
1	0.7465193476822323	0.7735584740568575	([276, 19], [288, 276, 21])
1	0.7555490242623808	0.7742823215821524	([382, 298], [385, 382, 288])
1	0.7644641183230053	0.7749313340073457	([415, 302], [415, 387, 302])
1	0.7721211806213172	0.7749461310610174	([159, 16], [225, 159, 136])
1	0.7737978900515761	0.7754513274492605	([641, 452], [641, 572, 508])
1	0.7300602203341141	0.7757258716653285	([339, 166], [339, 166, 150])
1	0.7668780598539058	0.7758528153985461	([282, 123], [282, 201, 143])
1	0.7524428096956621	0.7762707114089771	([448, 80], [446, 247, 80])
1	0.7731569843992786	0.7764525558543679	([598, 391], [598, 586, 355])
1	0.7445565520063842	0.7766686790312916	([594, 326], [594, 359, 329])
1	0.7489012834012285	0.7769722798635033	([375, 237], [377, 375, 237])
1	0.7276843175466191	0.7770750413055669	([339, 150], [339, 166, 52])
1	0.775766429552512	0.777329375873239	([626, 374], [626, 600, 558])
1	0.749319370789226	0.7775747277367112	([417, 304], [417, 350, 348])
1	0.7595359092730335	0.7776905879241106	([411, 285], [410, 390, 339])
1	0.7675726495747375	0.7778194348004039	([320, 15], [320, 314, 5])
1	0.7755345506949443	0.7778440642223449	([594, 494], [594, 515, 494])
1	0.7723694263695646	0.7781103982923497	([247, 125], [247, 129, 125])
1	0.7347173282920767	0.7786777774681174	([669, 446], [669, 645, 446])
1	0.7782223849340374	0.7788937459757318	([562, 370], [562, 540, 370])
1	0.7781980171533562	0.7790398857456458	([405, 298], [453, 444, 298])
1	0.7691049824721885	0.77906375663231	([351, 9], [357, 351, 9])
1	0.7770386535676831	0.7793437012064186	([373, 15], [373, 320, 310])
1	0.77964600941331	0.7798026041371183	([664, 410], [664, 544, 517])
1	0.777344872305418	0.7798033111158454	([593, 517], [593, 558, 551])
1	0.7635710290731489	0.77996489052446	([194, 107], [201, 194, 124])
1	0.7444581069684253	0.7803256894309554	([367, 282], [367, 288, 282])
1	0.6635673224926855	0.7804776416921009	([449, 291], [449, 379, 305])
1	0.7767287226733428	0.7807981974759632	([386, 166], [386, 307, 238])
1	0.7695660830038605	0.7807981974759632	([386, 238], [386, 322, 307])
1	0.7736705629577963	0.7810926939237723	([338, 218], [338, 307, 305])
1	0.7726508964591494	0.7814221059714844	([581, 347], [584, 581, 347])
1	0.7052886419694043	0.7826551591417933	([668, 17], [511, 453, 402])
1	0.6919388686810034	0.7831808757050662	([358, 59], [358, 202, 180])
1	0.7798770742531885	0.7831810894730125	([452, 309], [452, 422, 398])
1	0.781097249240375	0.7834350687865954	([294, 113], [358, 294, 113])
1	0.7729401770785054	0.7836493776320369	([673, 374], [673, 590, 567])
1	0.7503414056688552	0.7837466381166542	([249, 90], [249, 180, 150])
1	0.7704964537101306	0.7837969295276764	([613, 352], [613, 599, 352])
1	0.7800781573158807	0.7839317945744099	([304, 33], [304, 295, 33])
1	0.7766008805875031	0.7840993685566924	([467, 171], [467, 367, 171])
1	0.7637456031706015	0.7847212220090645	([371, 280], [371, 309, 306])
1	0.7091313364530362	0.784977988478343	([675, 1], [675, 595, 2])
1	0.6595512270124446	0.7852262007794658	([449, 22], [449, 301, 74])
1	0.7794170217427565	0.7855558128760224	([647, 495], [647, 515, 495])
1	0.7313005666248217	0.7855721797483254	([296, 144], [296, 208, 144])
1	0.7784145217007373	0.7856205787788585	([373, 170], [373, 351, 232])
1	0.7832316210690827	0.7856586509421247	([303, 62], [303, 247, 39])
1	0.781029386510304	0.7857827291563747	([593, 4], [593, 44, 18])
1	0.7523873354747601	0.78579237174479	([397, 179], [397, 387, 302])
1	0.7787531320515776	0.7860618514775268	([372, 3], [372, 328, 314])
1	0.7533320243042431	0.7868547843289402	([446, 20], [446, 80, 20])
1	0.7817214942273029	0.7871248207120564	([653, 393], [653, 578, 393])
1	0.7597649425253268	0.7874390323563578	([671, 272], [671, 584, 373])
1	0.716925400965243	0.7874541050279882	([461, 246], [435, 393, 246])
1	0.7319817342164703	0.7875106338158236	([448, 273], [448, 342, 273])
1	0.7875604015338191	0.7887611240897565	([672, 380], [672, 579, 380])
1	0.7379420492733211	0.7889200438216047	([586, 355], [598, 570, 385])
1	0.7341434424000712	0.7893321402934107	([533, 21], [541, 533, 21])
1	0.779560922163313	0.7894822666220886	([446, 165], [446, 165, 118])
1	0.7738283300325011	0.7895713013275673	([377, 99], [377, 351, 99])
1	0.7891812730210156	0.789778537037972	([507, 147], [507, 410, 147])
1	0.7667675047810716	0.7899157191170624	([593, 44], [593, 314, 307])
1	0.7502914358958022	0.7902059336742815	([388, 240], [388, 309, 305])
1	0.4748500670123807	0.7908011325475206	([278, 271], [278, 265, 251])
1	0.7221113645207936	0.7909464210612587	([446, 247], [446, 382, 247])
1	0.7143102960524631	0.7913688639535753	([491, 339], [491, 425, 339])
1	0.776303465610357	0.791396206514169	([468, 46], [468, 358, 46])
1	0.7496370794117383	0.7916037460070363	([357, 6], [357, 229, 6])
1	0.777148800547661	0.7916425051831255	([248, 58], [248, 160, 43])
1	0.6759645098177753	0.7919826771022512	([671, 0], [671, 595, 2])
1	0.7680907382597417	0.7926333894628683	([305, 76], [305, 98, 76])
1	0.7446582741230757	0.7931911558402626	([432, 21], [446, 445, 21])
1	0.7886114556523557	0.7931991051776915	([403, 67], [403, 67, 17])
1	0.7616743401502722	0.7932342078337978	([456, 245], [444, 298, 290])
1	0.7831592941519009	0.7932342078337978	([432, 290], [444, 408, 290])
1	0.7705434036474956	0.7933037353169148	([407, 281], [407, 339, 302])
1	0.7814606631685178	0.793442627710899	([366, 93], [366, 93, 55])
1	0.7911820138284983	0.793462033181415	([605, 273], [605, 378, 322])
1	0.7525325020664755	0.7935999722123804	([366, 55], [366, 358, 55])
1	0.7792479307717648	0.7936122561966443	([324, 32], [358, 324, 277])
1	0.7902354739545006	0.7936399470748555	([273, 12], [273, 179, 12])
1	0.7885398491008001	0.7937455869915365	([391, 63], [391, 347, 63])
1	0.7316477305011181	0.7937704793653733	([594, 254], [594, 469, 376])
1	0.777635474725855	0.7944735247644138	([380, 177], [359, 303, 177])
1	0.7762995695508133	0.7949823511589117	([406, 344], [406, 394, 344])
1	0.7142410725834748	0.7950127198247278	([444, 298], [430, 405, 298])
1	0.7820337649908051	0.7956081869655977	([451, 349], [473, 451, 349])
1	0.7909832887844446	0.7961953530396654	([435, 219], [435, 392, 219])
1	0.7854665465686548	0.796277238232172	([586, 306], [586, 360, 355])
1	0.7951302724238937	0.7967375761645309	([402, 244], [402, 368, 302])
1	0.7926957560288233	0.7968362823150962	([381, 88], [381, 223, 175])
1	0.7942523131850588	0.7971411819079585	([368, 92], [368, 338, 92])
1	0.7878411141749981	0.7973966744695432	([600, 63], [600, 350, 63])
1	0.7670518792945527	0.7974328342579764	([428, 303], [428, 371, 304])
1	0.7720618914960267	0.7975020509436744	([446, 118], [446, 389, 165])
1	0.7976352660838163	0.7976695191303839	([470, 295], [470, 382, 295])
1	0.7630005986708134	0.7976899012659135	([380, 43], [380, 377, 99])
1	0.7502350787225516	0.7978050199827611	([425, 283], [425, 402, 283])
1	0.7949397990186933	0.7980584215126965	([313, 59], [339, 313, 59])
1	0.7708427023960035	0.7981461717383501	([424, 282], [448, 424, 280])
1	0.7959954611306782	0.7986849835921186	([621, 81], [537, 497, 389])
1	0.6868671141614738	0.7987928083925657	([449, 334], [449, 334, 305])
1	0.789853217731204	0.798972890142217	([423, 291], [423, 409, 291])
1	0.7843947465191866	0.7993423179275848	([380, 12], [364, 235, 17])
1	0.784251588313168	0.799536966012226	([371, 91], [371, 358, 13])
1	0.7842714728783398	0.7998485935396857	([466, 166], [466, 388, 166])
1	0.47558561155387696	0.8005497327687752	([275, 271], [284, 275, 266])
1	0.7993828057030176	0.8006054707656303	([442, 111], [442, 420, 202])
1	0.8005076137278281	0.8012613403833881	([583, 304], [583, 362, 355])
1	0.7885933753075107	0.8014640101906624	([434, 10], [380, 379, 10])
1	0.7771820137057437	0.8017964457900513	([421, 300], [421, 405, 300])
1	0.8015445396061935	0.8023204921646752	([639, 17], [639, 572, 506])
1	0.788885772190404	0.8024548010693192	([511, 282], [511, 465, 282])
1	0.7904157290196819	0.8026244653932965	([479, 323], [584, 479, 323])
1	0.7879414182357447	0.8026402922985646	([394, 101], [425, 394, 101])
1	0.7973597245829573	0.8026549895320307	([672, 5], [672, 358, 6])
1	0.7992498302394817	0.8031239139199078	([430, 90], [430, 339, 307])
1	0.7849244738251354	0.8032297543306463	([420, 202], [423, 296, 291])
1	0.7889712747618336	0.8032297543306463	([423, 317], [423, 317, 296])
1	0.7646019112915989	0.8032618342514835	([405, 74], [405, 74, 17])
1	0.7738565721888153	0.8033287093517643	([464, 83], [417, 301, 17])
1	0.7927376642588289	0.8033704498492023	([439, 116], [444, 410, 147])
1	0.8004628789959953	0.8036121928746714	([384, 89], [384, 94, 89])
1	0.7969720259505655	0.8036121928746714	([384, 18], [384, 358, 94])
1	0.7393263784025905	0.8041513692648822	([418, 299], [418, 381, 299])
1	0.7912702942810164	0.804234476247502	([431, 24], [412, 155, 141])
1	0.767454321187014	0.8043453381379537	([412, 141], [431, 373, 294])
1	0.7946298895147482	0.8047513071088696	([435, 87], [435, 219, 98])
1	0.7817340109997661	0.805113232770786	([450, 143], [450, 143, 34])
1	0.7499140979013116	0.8051613731078743	([404, 215], [404, 392, 219])
1	0.7937249080639862	0.8052591121645397	([631, 309], [631, 448, 355])
1	0.7966674843911776	0.8055836908220276	([451, 217], [451, 424, 282])
1	0.7984005610845651	0.805598167408249	([503, 141], [503, 410, 141])
1	0.7065275581418131	0.8057484719669322	([489, 254], [469, 385, 360])
1	0.7992643973659254	0.8060613948332487	([468, 300], [468, 406, 300])
1	0.7974864041061419	0.8068906743518411	([609, 64], [609, 460, 444])
1	0.8001802505644457	0.8070106191957835	([369, 47], [369, 232, 222])
1	0.7695813019107551	0.8070134537540649	([450, 34], [450, 412, 24])
1	0.7902248550291179	0.8071530589144728	([395, 248], [395, 357, 339])
1	0.7856232211415991	0.8071781084571471	([512, 90], [512, 386, 339])
1	0.7912867762229235	0.8077807669052629	([386, 36], [386, 302, 113])
1	0.7883464092035734	0.8080829544617494	([402, 154], [442, 424, 111])
1	0.7785274201873549	0.8080830193517644	([421, 82], [421, 405, 74])
1	0.7910007894796027	0.8082534035661718	([493, 63], [493, 439, 63])
1	0.8005089495557816	0.8085721656880906	([397, 29], [404, 397, 104])
1	0.8032181775771661	0.8088166528212118	([589, 10], [589, 582, 10])
1	0.7765771353181807	0.8088378524826478	([497, 81], [537, 446, 81])
1	0.808533443097821	0.8088859886788586	([403, 212], [403, 212, 67])
1	0.8008654003889728	0.8089084892180765	([345, 91], [345, 305, 231])
1	0.7922916466895956	0.8091799749625272	([362, 57], [362, 57, 54])
1	0.7939961548159593	0.8093063311635151	([539, 19], [551, 425, 101])
1	0.8085896051471582	0.8093063311635151	([643, 101], [643, 551, 101])
1	0.7926926545405909	0.8096296304928859	([642, 310], [642, 476, 358])
1	0.8086205098824056	0.8096480874550583	([469, 102], [469, 421, 102])
1	0.8032105653659716	0.8097029526589495	([427, 31], [525, 427, 406])
1	0.7691024414834643	0.8102431384875298	([440, 109], [446, 440, 109])
1	0.7801642281300794	0.8102523347940964	([596, 246], [651, 596, 379])
1	0.8103007782411287	0.8103084389777511	([636, 22], [637, 636, 22])
1	0.7976201085374406	0.8103958006591554	([650, 92], [650, 358, 351])
1	0.7806292689054525	0.8106546301747927	([447, 124], [447, 446, 80])
1	0.7947171682865607	0.8109705179865013	([451, 42], [451, 384, 380])
1	0.7795527746599333	0.8110797724619994	([351, 72], [351, 168, 72])
1	0.7910821846719851	0.8120945272326571	([600, 12], [674, 600, 12])
1	0.8111865255700427	0.8121438696981537	([415, 86], [415, 205, 173])
1	0.790747865161203	0.8126103390800712	([653, 235], [653, 385, 17])
1	0.7831411024429727	0.8130368375151996	([583, 8], [595, 583, 8])
1	0.7843892071902477	0.8131222727023313	([513, 26], [425, 101, 26])
1	0.8042217990998032	0.8132358070240754	([438, 137], [438, 285, 250])
1	0.7706973778871696	0.8132358070240754	([416, 250], [438, 301, 285])
1	0.659426147358588	0.8137200358628079	([569, 0], [671, 569, 354])
1	0.7832226804389288	0.8137633231990308	([395, 158], [419, 395, 158])
1	0.8083105527358737	0.813919952147637	([645, 27], [645, 466, 379])
1	0.7831746353972304	0.8140275474012199	([409, 163], [409, 301, 173])
1	0.8015734160712719	0.8141104350292183	([525, 31], [437, 427, 31])
1	0.8037267980677827	0.8142294588755317	([401, 81], [446, 401, 377])
1	0.7860427655442143	0.814426597626378	([552, 70], [552, 537, 81])
1	0.7945416910098857	0.8146958182834078	([365, 67], [365, 167, 61])
1	0.792889080556098	0.814705549330367	([492, 75], [461, 394, 98])
1	0.8035249865988698	0.8149532887420323	([406, 97], [403, 97, 67])
1	0.7977599577655176	0.814968246401706	([441, 77], [446, 441, 77])
1	0.8068528500170428	0.8150049629297341	([672, 56], [672, 227, 56])
1	0.795600616208271	0.8150049629297341	([672, 247], [672, 247, 227])
1	0.8086765484621585	0.8153017751010923	([523, 237], [523, 387, 355])
1	0.8122718020417685	0.8155834237763646	([602, 48], [602, 542, 468])
1	0.7991862286759748	0.8159285412217154	([587, 242], [587, 372, 334])
1	0.8151153510751311	0.8163090657714475	([410, 15], [410, 108, 30])
1	0.769675182839783	0.8164784750911352	([447, 164], [447, 299, 179])
1	0.8028064056789662	0.8167418350124279	([429, 112], [450, 429, 112])
1	0.8081249411035158	0.8169734634960228	([354, 212], [354, 225, 212])
1	0.8116867724538952	0.8182509483145901	([393, 76], [418, 393, 82])
1	0.8094469949362061	0.8183071178875184	([383, 204], [492, 383, 204])
1	0.8142588327528145	0.8183448468759712	([665, 80], [665, 629, 80])
1	0.8172212861617277	0.8183929403281823	([611, 66], [611, 486, 435])
1	0.8102223822570644	0.8187906082697278	([656, 36], [645, 140, 75])
1	0.8120285737012454	0.8192743489618411	([613, 16], [613, 383, 311])
1	0.7937549106009246	0.8201578666246795	([510, 39], [559, 510, 39])
1	0.8115541833051021	0.8204093589809975	([515, 117], [515, 446, 368])
1	0.8182703389795121	0.8204289334077944	([666, 54], [666, 586, 9])
1	0.592585286802054	0.8205785775485395	([271, 135], [271, 191, 135])
1	0.8199419791251347	0.821088781536895	([630, 31], [630, 370, 17])
1	0.8004339347493296	0.8212474895126537	([405, 107], [405, 107, 26])
1	0.813189928340763	0.8215042201282872	([619, 71], [619, 510, 39])
1	0.8189605185233394	0.8215042201282872	([598, 39], [619, 598, 39])
1	0.8046004953044009	0.8215960088006902	([588, 14], [675, 588, 14])
1	0.8158527483500813	0.8218123481718921	([373, 154], [462, 373, 301])
1	0.8105040245871352	0.8219669214035588	([563, 73], [563, 439, 73])
1	0.8206608543576459	0.822190402228161	([415, 118], [415, 173, 118])
1	0.8161074560866383	0.8229820456173288	([547, 37], [547, 497, 128])
1	0.8218978955605832	0.8233343086862867	([606, 58], [606, 389, 58])
1	0.797194420557819	0.8233671181994846	([455, 106], [475, 106, 25])
1	0.812679214884365	0.8239595906731346	([548, 123], [619, 548, 123])
1	0.7947591371501938	0.8244076585998741	([473, 125], [473, 125, 50])
1	0.814485885769654	0.8244532493003396	([562, 117], [562, 515, 448])
1	0.8160484944305381	0.8244631876437397	([625, 47], [625, 591, 47])
1	0.8156671335134001	0.8244836288287034	([605, 94], [616, 454, 94])
1	0.7839778758941245	0.8250426457545597	([658, 245], [658, 358, 317])
1	0.8177457447336537	0.8251296071151191	([498, 78], [498, 419, 78])
1	0.8226518799706051	0.8251885032540864	([416, 220], [416, 410, 220])
1	0.823380551824907	0.8252059839688983	([580, 93], [580, 339, 63])
1	0.814808891651263	0.8255245802017326	([411, 103], [411, 410, 147])
1	0.8092869323667622	0.825843476927749	([404, 321], [431, 404, 321])
1	0.8101823075214513	0.8263886401448608	([478, 69], [478, 456, 69])
1	0.779094012731653	0.8264203431745218	([454, 277], [454, 424, 277])
1	0.8133732043004639	0.8265811860606428	([553, 281], [553, 462, 379])
1	0.8251469529886934	0.8266833142534533	([454, 149], [454, 448, 149])
1	0.807357581730897	0.826837593843733	([500, 23], [500, 439, 23])
1	0.7964820409636996	0.8268411776694723	([594, 205], [595, 594, 205])
1	0.8109141071938044	0.8268662719110761	([655, 173], [636, 173, 26])
1	0.785501692413141	0.8270557204449621	([508, 140], [508, 448, 107])
1	0.8126720787454936	0.8270557204449621	([518, 107], [518, 508, 107])
1	0.7920305537104155	0.8273029046726195	([637, 153], [637, 153, 24])
1	0.8181661960008626	0.827776084110844	([614, 234], [614, 234, 47])
1	0.814501224781749	0.828122793392016	([646, 330], [646, 374, 330])
1	0.8165719724958679	0.8281804127105552	([622, 7], [672, 622, 7])
1	0.8263568870393613	0.8282096383746005	([604, 77], [604, 93, 77])
1	0.7950774710686539	0.8283302680377794	([629, 108], [665, 358, 59])
1	0.8236502850133646	0.8285500221137139	([497, 230], [497, 476, 230])
1	0.824543133312726	0.8286616928014499	([673, 290], [673, 381, 363])
1	0.8216863386285087	0.8287250341924547	([483, 212], [483, 403, 391])
1	0.7813584905937311	0.8289948615301269	([372, 242], [372, 288, 242])
1	0.8158937815035757	0.8290089367828573	([486, 66], [611, 434, 380])
1	0.8234064445861897	0.8291525768959132	([506, 108], [506, 446, 117])
1	0.8283899362586791	0.8292929380268166	([399, 135], [399, 293, 108])
1	0.8100156506207992	0.8294075427157295	([367, 75], [367, 75, 43])
1	0.7947877250730367	0.8296731449440994	([546, 95], [546, 95, 26])
1	0.7839180624011001	0.8299905227233859	([561, 49], [561, 415, 20])
1	0.8237834114889414	0.8303811490532885	([536, 40], [536, 142, 73])
1	0.8219857404813505	0.8303811490532885	([536, 142], [536, 412, 73])
1	0.7980496791824689	0.8306614304213229	([628, 84], [628, 364, 18])
1	0.8304888032837209	0.8318719865928156	([502, 121], [502, 435, 115])
1	0.8214764520894317	0.8319041156747949	([488, 40], [488, 432, 40])
1	0.8167028308960548	0.8335684856857033	([533, 76], [533, 473, 76])
1	0.8134933354816947	0.833569980160491	([542, 126], [542, 126, 19])
1	0.8316126813819713	0.8336519639072413	([531, 130], [641, 531, 130])
1	0.8102193813360056	0.8338100081294801	([653, 98], [653, 206, 98])
1	0.8327364176712222	0.8345174805406529	([549, 132], [549, 245, 82])
1	0.8134910903520541	0.8346960049539771	([469, 206], [469, 461, 206])
1	0.7836726074788543	0.8351783539559217	([538, 23], [538, 532, 23])
1	0.8330717568267356	0.835576870695095	([673, 180], [673, 554, 180])
1	0.8087219725771423	0.8356052639312587	([563, 250], [563, 301, 293])
1	0.8295629971847903	0.835754505766348	([520, 148], [517, 221, 216])
1	0.783607009534786	0.8361827804089995	([636, 273], [636, 273, 173])
1	0.8302268409139127	0.8366361024948832	([638, 287], [638, 401, 386])
1	0.7901466658350349	0.8371412370792631	([458, 49], [458, 427, 49])
1	0.8293877020479364	0.8390512919241235	([579, 86], [579, 558, 86])
1	0.8166603879209708	0.8405117304643621	([620, 143], [620, 516, 102])
1	0.8383123564523596	0.8419366174232601	([578, 97], [578, 559, 97])
1	0.828676424349253	0.8426431274523281	([624, 221], [662, 624, 221])
1	0.8419742239134604	0.8428283807341123	([524, 231], [524, 231, 66])
1	0.8369304731769284	0.8437330877312266	([363, 124], [363, 124, 68])
1	0.5414808592923395	0.8439770135017367	([341, 271], [342, 271, 248])
1	0.8326380142372668	0.8456989350290347	([624, 83], [656, 624, 83])
1	0.8267251613604103	0.8472083590258397	([660, 70], [660, 518, 70])
1	0.8396401762419252	0.8475303011168562	([530, 45], [633, 530, 45])
1	0.8469232966886135	0.8488672587116082	([625, 129], [625, 386, 117])
1	0.8457037799401644	0.8503985335055018	([541, 253], [541, 253, 226])
1	0.8260133559840301	0.8524317129986553	([501, 197], [619, 501, 197])
1	0.8445826524686207	0.8526586185024431	([660, 174], [660, 174, 52])
1	0.8240098683633047	0.8531810725954337	([483, 243], [483, 285, 243])
1	0.8500868659811951	0.8539799652360709	([525, 242], [525, 435, 242])
1	0.8211882022509529	0.8589316277004448	([618, 119], [618, 540, 52])
1	0.8435237715708181	0.8643155178488484	([564, 198], [572, 564, 198])
0	0.0	0.870628062943422	([268], [274, 270])
1	0.4895925263860546	0.8720666510283539	([316, 256], [316, 315, 256])
0	0.0	0.9005854033201737	([252], [12, 11])
1	0.48910493808308625	0.9161658218665051	([269, 163], [269, 252, 163])
1	0.5218552339798189	0.9459438680918888	([571, 265], [569, 265, 253])
0	0.0	0.9553664244255834	([224], [224, 223])
0	0.0	0.9621020575929018	([11], [478, 477])
0	0.0	0.9745837797914686	([196], [196, 195])
1	0.9998082268362757	0.9999244477110094	([274, 271], [277, 274, 271])
0	0.0	1.0	([257], [257, 0])
0	0.0	1.0	([259], [259, 0])
0	0.0	1.0	([261], [261, 0])
0	0.0	1.0	([262], [262, 0])
0	0.0	1.0	([264], [264, 0])
0	0.0	inf	([267], [])
