0	0.0	0.02809183961318809	([132], [132, 130])
0	0.0	0.028275918778944212	([121], [121, 87])
0	0.0	0.03823720195710802	([127], [127, 113])
0	0.0	0.2104162433133622	([393], [393, 392])
0	0.0	0.2172408864806413	([11], [11, 10])
0	0.0	0.21991814247755223	([410], [410, 409])
0	0.0	0.22065376415368873	([7], [7, 6])
0	0.0	0.2209832651252082	([381], [381, 380])
0	0.0	0.22313035627718383	([306], [306, 305])
0	0.0	0.22330478107368554	([415], [415, 414])
0	0.0	0.2233711822624407	([332], [332, 331])
0	0.0	0.22482313111593658	([398], [398, 397])
0	0.0	0.22590410387609558	([297], [297, 296])
0	0.0	0.22666957276620733	([310], [310, 309])
0	0.0	0.22808566607707065	([414], [414, 413])
0	0.0	0.22850076272496653	([77], [77, 76])
0	0.0	0.22872640348079568	([404], [404, 403])
0	0.0	0.2305787413375244	([412], [412, 411])
0	0.0	0.23138818949321208	([377], [377, 376])
0	0.0	0.23342491843782806	([372], [372, 371])
0	0.0	0.23402021288203853	([276], [276, 275])
0	0.0	0.23492513571379098	([316], [316, 315])
0	0.0	0.2353138089973256	([409], [409, 408])
0	0.0	0.2373690910280889	([345], [345, 344])
0	0.0	0.23864299725405408	([281], [281, 280])
0	0.0	0.23883735701199585	([388], [388, 387])
0	0.0	0.2401801335528796	([352], [352, 351])
0	0.0	0.24038307320352587	([369], [369, 368])
0	0.0	0.2404309886741093	([13], [13, 12])
0	0.0	0.24069098433605915	([20], [20, 19])
0	0.0	0.24136694741821804	([309], [309, 308])
0	0.0	0.24219660969791124	([278], [278, 277])
0	0.0	0.24254074540607365	([280], [280, 279])
0	0.0	0.24295519754478978	([392], [392, 391])
0	0.0	0.2430113764293741	([318], [318, 317])
0	0.0	0.24322988378755825	([37], [37, 36])
0	0.0	0.24350406611639017	([323], [323, 322])
0	0.0	0.24359028502037866	([334], [334, 333])
0	0.0	0.2438807017208779	([241], [241, 240])
0	0.0	0.24457548875379784	([23], [23, 22])
0	0.0	0.24476555424788754	([227], [227, 226])
0	0.0	0.24510117976896853	([299], [299, 298])
0	0.0	0.2456621397060588	([81], [81, 80])
0	0.0	0.24590856913667994	([39], [39, 38])
0	0.0	0.2461776452998699	([368], [368, 367])
0	0.0	0.24621115616369038	([255], [255, 254])
0	0.0	0.24714879354314084	([294], [294, 293])
0	0.0	0.24731904776402042	([380], [380, 379])
0	0.0	0.24739386934718316	([214], [214, 213])
0	0.0	0.24884465498400077	([31], [31, 30])
0	0.0	0.24888276979933519	([253], [253, 252])
0	0.0	0.2490582690701128	([385], [385, 384])
0	0.0	0.24919214051551336	([174], [174, 173])
0	0.0	0.24961659624304156	([350], [350, 349])
0	0.0	0.24971484639344568	([314], [314, 313])
0	0.0	0.24976559170753293	([370], [370, 369])
0	0.0	0.24995186249906565	([383], [383, 382])
0	0.0	0.24998621755426145	([27], [27, 26])
0	0.0	0.25043377986370674	([17], [17, 16])
0	0.0	0.25064993543670344	([24], [24, 23])
0	0.0	0.25093882746062657	([343], [343, 342])
0	0.0	0.2513475037033771	([177], [177, 176])
0	0.0	0.25144743553890636	([19], [19, 18])
0	0.0	0.2514697237801831	([202], [202, 201])
0	0.0	0.2515925018046483	([338], [338, 337])
0	0.0	0.25228771499282554	([327], [327, 326])
0	0.0	0.25293460755105	([16], [16, 15])
0	0.0	0.25387899580442985	([6], [6, 5])
0	0.0	0.2539074580849755	([195], [195, 194])
0	0.0	0.25408757984741903	([376], [376, 375])
0	0.0	0.25409693538932127	([396], [396, 395])
0	0.0	0.2541050517865782	([290], [290, 289])
0	0.0	0.25430490046768084	([147], [147, 146])
0	0.0	0.2545189141792533	([173], [173, 172])
0	0.0	0.2545334666295322	([386], [386, 385])
0	0.0	0.25496208424026867	([399], [399, 398])
0	0.0	0.2551979582720611	([194], [194, 193])
0	0.0	0.2552580510531591	([355], [355, 354])
0	0.0	0.2555400646396297	([411], [411, 410])
0	0.0	0.255545637070188	([364], [364, 363])
0	0.0	0.255710165609765	([358], [358, 357])
0	0.0	0.2559451180318038	([248], [248, 247])
0	0.0	0.2560734665021763	([8], [8, 7])
0	0.0	0.2563020794064951	([4], [4, 3])
0	0.0	0.2563243594966194	([375], [375, 374])
0	0.0	0.25635458568465175	([321], [321, 320])
0	0.0	0.2565703915609519	([322], [322, 321])
0	0.0	0.25675801551671446	([242], [242, 241])
0	0.0	0.2582869281179138	([40], [40, 39])
0	0.0	0.25831649322126876	([336], [336, 335])
0	0.0	0.259308415022238	([361], [361, 360])
0	0.0	0.2595281220155706	([206], [206, 205])
0	0.0	0.2596149559260926	([349], [349, 348])
0	0.0	0.25966911596970865	([10], [10, 9])
0	0.0	0.2607532266094571	([205], [206, 204])
0	0.0	0.26131616375578176	([30], [30, 29])
0	0.0	0.26176362755290544	([85], [85, 84])
0	0.0	0.2620051340462008	([218], [218, 217])
0	0.0	0.26204242964688007	([413], [413, 412])
0	0.0	0.2624907027599509	([185], [185, 184])
0	0.0	0.2626723540946964	([346], [346, 345])
0	0.0	0.26305324742396513	([9], [9, 8])
0	0.0	0.2631425608204014	([243], [243, 242])
0	0.0	0.2631539774089993	([201], [201, 200])
0	0.0	0.2633231435956486	([1], [1, 0])
0	0.0	0.2638244643648607	([313], [313, 312])
0	0.0	0.26389231485274245	([335], [335, 334])
0	0.0	0.2640224346721302	([151], [151, 150])
0	0.0	0.2640621704614029	([184], [184, 183])
0	0.0	0.26418208489031747	([46], [46, 45])
0	0.0	0.2644644890917855	([304], [304, 303])
0	0.0	0.2649505680574411	([362], [362, 361])
0	0.0	0.2656478269215787	([34], [34, 33])
0	0.0	0.26592369072802735	([384], [384, 383])
0	0.0	0.2660508048391557	([67], [67, 66])
0	0.0	0.2661332033301173	([292], [292, 291])
0	0.0	0.26616651953464526	([339], [339, 338])
0	0.0	0.2663768099423395	([328], [328, 327])
0	0.0	0.26653953207611014	([337], [337, 336])
0	0.0	0.26664997654655026	([5], [5, 4])
0	0.0	0.26676565726975904	([359], [359, 358])
0	0.0	0.26702205731189643	([168], [168, 167])
0	0.0	0.2671625331581728	([260], [260, 259])
0	0.0	0.267315805427263	([69], [69, 68])
0	0.0	0.2673598015844329	([210], [210, 209])
0	0.0	0.26762438711665776	([344], [344, 343])
0	0.0	0.2684271236857816	([320], [320, 319])
0	0.0	0.26850732663618304	([97], [97, 96])
0	0.0	0.2685283305277038	([302], [302, 301])
0	0.0	0.26859533441707745	([35], [35, 34])
0	0.0	0.26880460779447596	([247], [247, 246])
0	0.0	0.2689272606932166	([91], [91, 90])
0	0.0	0.2690099861765518	([303], [303, 302])
0	0.0	0.2690746324076647	([329], [329, 328])
0	0.0	0.2694137995279034	([73], [73, 72])
0	0.0	0.2696117696082664	([394], [394, 393])
0	0.0	0.2698970449994286	([378], [378, 377])
0	0.0	0.2700338125805924	([319], [319, 318])
0	0.0	0.2700691350793466	([254], [254, 253])
0	0.0	0.27038197556910354	([389], [389, 388])
0	0.0	0.2707392348769869	([72], [72, 71])
0	0.0	0.27118961445376133	([251], [251, 250])
0	0.0	0.27144369646704597	([3], [3, 2])
0	0.0	0.2719466518312702	([365], [365, 364])
0	0.0	0.2721587720562452	([43], [43, 42])
0	0.0	0.2724196453667055	([287], [287, 286])
0	0.0	0.2724995639776731	([342], [342, 341])
0	0.0	0.27282873694281967	([390], [390, 389])
0	0.0	0.2728981110628097	([200], [200, 199])
0	0.0	0.2729026656732521	([180], [180, 179])
0	0.0	0.27296170433239675	([379], [379, 378])
0	0.0	0.27303558671612677	([59], [59, 58])
0	0.0	0.273062068946976	([18], [18, 17])
0	0.0	0.2734350800752514	([154], [154, 153])
0	0.0	0.2734718949681727	([15], [15, 14])
0	0.0	0.2734804299456712	([387], [387, 386])
0	0.0	0.2736723673934752	([357], [357, 356])
0	0.0	0.27401106723776164	([249], [249, 248])
0	0.0	0.27418659363932674	([101], [101, 100])
0	0.0	0.27422177880620174	([29], [29, 28])
0	0.0	0.27441429624353025	([14], [14, 13])
0	0.0	0.27445232276405357	([333], [333, 331])
0	0.0	0.2746363340196884	([26], [26, 25])
0	0.0	0.2747122747124894	([47], [47, 46])
0	0.0	0.2747345201548281	([391], [391, 390])
0	0.0	0.27482043111344706	([212], [212, 211])
0	0.0	0.27511355202806875	([295], [295, 294])
0	0.0	0.2752654586331683	([175], [175, 174])
0	0.0	0.2753537489495023	([347], [347, 346])
0	0.0	0.27542928225423463	([264], [264, 263])
0	0.0	0.27551338816495896	([282], [282, 281])
0	0.0	0.27581144300968985	([293], [293, 292])
0	0.0	0.276219924971925	([25], [25, 24])
0	0.0	0.27629827825372716	([226], [226, 225])
0	0.0	0.2764022773711173	([167], [167, 166])
0	0.0	0.2774461600593741	([66], [66, 65])
0	0.0	0.27769354959119685	([403], [403, 402])
0	0.0	0.2777888172801606	([269], [269, 268])
0	0.0	0.2780929824911293	([267], [267, 266])
0	0.0	0.2781807538467579	([245], [245, 244])
0	0.0	0.27820173733835657	([33], [33, 32])
0	0.0	0.2786868377515611	([164], [164, 163])
0	0.0	0.27888537911054834	([176], [176, 175])
0	0.0	0.27919565273428987	([220], [220, 219])
0	0.0	0.279709728378084	([106], [106, 105])
0	0.0	0.2797688943597388	([48], [48, 47])
0	0.0	0.27977734567778884	([283], [283, 282])
0	0.0	0.27983847274297663	([246], [246, 245])
0	0.0	0.2799876582093309	([161], [161, 160])
0	0.0	0.28049589079300863	([149], [149, 148])
0	0.0	0.2805160435283583	([63], [63, 62])
0	0.0	0.28069976140299535	([263], [263, 262])
0	0.0	0.2808967476728581	([382], [382, 381])
0	0.0	0.2809805732559222	([341], [341, 340])
0	0.0	0.28106641231213597	([82], [82, 81])
0	0.0	0.2810814868888913	([94], [94, 93])
0	0.0	0.28131079878036885	([21], [21, 20])
0	0.0	0.2820986389408129	([356], [356, 355])
0	0.0	0.2821648257692226	([22], [22, 21])
0	0.0	0.28220207469886616	([315], [315, 314])
0	0.0	0.28223338931622466	([28], [28, 27])
0	0.0	0.282290463030266	([351], [351, 350])
0	0.0	0.2824811223287602	([373], [373, 372])
0	0.0	0.2825860128181281	([311], [311, 310])
0	0.0	0.2826452163826312	([45], [45, 44])
0	0.0	0.2827847272845391	([277], [277, 276])
0	0.0	0.2831662935525751	([250], [250, 249])
0	0.0	0.28340907528795567	([305], [305, 304])
0	0.0	0.28342435880375144	([330], [330, 329])
0	0.0	0.28385943005517744	([244], [244, 243])
0	0.0	0.2839194239129261	([262], [262, 261])
0	0.0	0.28401101536488094	([41], [41, 40])
0	0.0	0.2841178066644989	([139], [139, 138])
0	0.0	0.2844353763425623	([340], [340, 339])
0	0.0	0.28447694722751704	([169], [169, 168])
0	0.0	0.2845849024810984	([32], [32, 31])
0	0.0	0.28500027177259607	([217], [217, 216])
0	0.0	0.2852618534873198	([223], [223, 222])
0	0.0	0.28538131107642106	([186], [186, 185])
0	0.0	0.2855996000720284	([256], [256, 255])
0	0.0	0.2856401712757681	([83], [83, 82])
0	0.0	0.28565816157064605	([162], [162, 161])
0	0.0	0.2860174021745259	([301], [301, 300])
0	0.0	0.2861631511066231	([204], [204, 203])
0	0.0	0.28618888116400887	([261], [261, 260])
0	0.0	0.28626108623425	([374], [374, 373])
0	0.0	0.28764446721346165	([189], [189, 188])
0	0.0	0.2876659466483837	([2], [2, 0])
0	0.0	0.28775602994763766	([153], [153, 152])
0	0.0	0.2877866212006976	([360], [360, 359])
0	0.0	0.28863160873861915	([354], [354, 353])
0	0.0	0.2888184922517709	([416], [416, 415])
0	0.0	0.2889983262219984	([395], [395, 394])
0	0.0	0.289109479573567	([259], [259, 258])
0	0.0	0.2896939295189499	([62], [62, 61])
0	0.0	0.2898202985443395	([146], [146, 145])
0	0.0	0.29044053979046763	([405], [405, 404])
0	0.0	0.29144102784828024	([213], [213, 212])
0	0.0	0.2915762230312672	([397], [397, 396])
0	0.0	0.2915959488193007	([163], [163, 162])
0	0.0	0.29171031423156196	([38], [38, 37])
0	0.0	0.2921509405593836	([279], [279, 278])
0	0.0	0.2921771562273153	([238], [238, 237])
0	0.0	0.29240142946427566	([141], [141, 140])
0	0.0	0.293887635604742	([312], [312, 311])
0	0.0	0.2939176703743976	([75], [75, 74])
0	0.0	0.2941215004506498	([44], [44, 43])
0	0.0	0.2953548364504473	([70], [70, 69])
0	0.0	0.29535905858144834	([367], [367, 366])
1	0.2847768571673344	0.29544173166399734	([329, 326], [329, 328, 327])
0	0.0	0.29562198139379836	([300], [300, 299])
0	0.0	0.29586028119627805	([219], [219, 218])
0	0.0	0.29595830462470013	([74], [74, 73])
0	0.0	0.29705945525295735	([298], [298, 297])
0	0.0	0.2971030156617183	([363], [363, 362])
0	0.0	0.29769339179119536	([296], [296, 295])
0	0.0	0.29884759646249925	([268], [268, 267])
0	0.0	0.2990135780339505	([291], [291, 290])
0	0.0	0.2994700323679367	([57], [57, 56])
0	0.0	0.3008267619989378	([252], [252, 251])
0	0.0	0.30103926906740563	([36], [36, 35])
0	0.0	0.301140726870918	([170], [170, 169])
0	0.0	0.3013422445481558	([197], [197, 196])
0	0.0	0.3024967292093001	([156], [156, 154])
0	0.0	0.3025493776634877	([171], [171, 170])
0	0.0	0.30343661477733813	([207], [207, 206])
0	0.0	0.3034486077550578	([258], [258, 257])
0	0.0	0.30350869811606124	([99], [99, 98])
0	0.0	0.3035997288682675	([284], [284, 283])
0	0.0	0.30370934833097235	([179], [179, 178])
0	0.0	0.3037768117741622	([228], [228, 227])
0	0.0	0.30465859241258325	([407], [407, 406])
0	0.0	0.30466550797630787	([64], [64, 63])
0	0.0	0.30468235986763376	([61], [61, 60])
0	0.0	0.3053360015071885	([274], [274, 273])
0	0.0	0.3054582916172922	([402], [402, 401])
0	0.0	0.30576036222569114	([203], [203, 202])
0	0.0	0.30628348294366864	([211], [211, 210])
0	0.0	0.306363435083308	([12], [12, 11])
0	0.0	0.30659061422855394	([257], [257, 256])
0	0.0	0.30796291928627006	([371], [371, 370])
0	0.0	0.30829164235567835	([366], [366, 365])
0	0.0	0.3085627611806911	([172], [172, 171])
0	0.0	0.30908905273248477	([192], [192, 191])
0	0.0	0.30980440902674083	([78], [78, 77])
0	0.0	0.3111099592328292	([42], [42, 41])
0	0.0	0.3116765817311564	([240], [240, 239])
0	0.0	0.31205812741521827	([288], [288, 285])
0	0.0	0.31320369373325685	([236], [236, 235])
0	0.0	0.3141004244160357	([51], [51, 49])
0	0.0	0.3141704634456306	([196], [196, 195])
0	0.0	0.31466303704496335	([225], [225, 224])
0	0.0	0.3146896942288939	([408], [408, 407])
0	0.0	0.3151041383615315	([230], [230, 229])
0	0.0	0.3153391650160769	([56], [57, 54])
0	0.0	0.3154765242111266	([348], [348, 347])
0	0.0	0.3159967581251942	([86], [86, 85])
0	0.0	0.31785752433128905	([65], [65, 64])
0	0.0	0.3178614004514394	([317], [317, 316])
0	0.0	0.3180395864302626	([71], [71, 70])
0	0.0	0.3186895159564454	([145], [145, 144])
0	0.0	0.3190908513425682	([181], [181, 180])
0	0.0	0.3191539170122901	([148], [148, 147])
0	0.0	0.31980660083154444	([76], [76, 75])
0	0.0	0.3222744073978247	([178], [178, 177])
0	0.0	0.3223883304637021	([150], [150, 149])
0	0.0	0.32284434816501295	([58], [58, 56])
0	0.0	0.32368203827669056	([326], [326, 325])
0	0.0	0.32588807732774666	([68], [68, 66])
0	0.0	0.326544792753622	([406], [406, 405])
0	0.0	0.3271668464286592	([60], [60, 59])
0	0.0	0.32725814247299695	([285], [288, 287])
0	0.0	0.3272825205705837	([401], [401, 400])
0	0.0	0.3274728383517874	([199], [199, 198])
0	0.0	0.3292739493109079	([275], [275, 274])
0	0.0	0.3294818183289358	([353], [353, 352])
0	0.0	0.3302506079797049	([53], [53, 51])
0	0.0	0.3305156128816755	([209], [209, 208])
0	0.0	0.3307946452062367	([52], [52, 51])
0	0.0	0.33130548027299583	([224], [224, 223])
0	0.0	0.331373740780502	([308], [308, 307])
0	0.0	0.33185009623749756	([191], [191, 190])
0	0.0	0.3322816189188386	([331], [331, 330])
0	0.0	0.33248865747408457	([152], [152, 151])
0	0.0	0.3330140002097736	([272], [272, 270])
0	0.0	0.3341386108802462	([229], [229, 228])
0	0.0	0.3342983483807643	([198], [198, 197])
0	0.0	0.3349309556874042	([183], [183, 182])
0	0.0	0.3352282637452776	([140], [140, 139])
0	0.0	0.3361743136629924	([273], [273, 271])
0	0.0	0.33665057321124453	([235], [235, 234])
0	0.0	0.3370056264572879	([90], [90, 88])
0	0.0	0.3380119860751855	([95], [95, 94])
0	0.0	0.33827440562559724	([79], [79, 78])
0	0.0	0.33888515427521776	([231], [231, 229])
0	0.0	0.33901710836935034	([270], [272, 271])
0	0.0	0.33919990628954333	([159], [159, 158])
0	0.0	0.33971269212137933	([307], [307, 306])
0	0.0	0.3412496366086832	([221], [221, 220])
0	0.0	0.34128890857643723	([49], [49, 48])
0	0.0	0.3415379833069814	([208], [208, 207])
0	0.0	0.341563373888926	([158], [158, 156])
0	0.0	0.3429610169111207	([80], [80, 79])
0	0.0	0.3458103344936639	([103], [103, 102])
0	0.0	0.3462764627006074	([160], [160, 159])
0	0.0	0.3474085606698524	([216], [216, 215])
0	0.0	0.34774313990305006	([215], [215, 214])
0	0.0	0.3479138647249815	([98], [98, 97])
0	0.0	0.3479918370632244	([325], [325, 324])
0	0.0	0.34820216900887063	([234], [234, 233])
0	0.0	0.34962422912316593	([100], [100, 99])
0	0.0	0.35059165185394253	([142], [142, 141])
0	0.0	0.3517778112130389	([266], [266, 265])
0	0.0	0.35224407444105355	([222], [222, 221])
0	0.0	0.3528562417891496	([88], [88, 86])
0	0.0	0.3531838741400105	([54], [54, 53])
0	0.0	0.35381900498783425	([237], [238, 236])
0	0.0	0.3539057717193075	([400], [400, 399])
0	0.0	0.35531241692465426	([286], [285, 284])
0	0.0	0.35799462750111505	([138], [138, 137])
0	0.0	0.3587315776286638	([92], [92, 91])
0	0.0	0.3596402335011124	([102], [103, 101])
0	0.0	0.3596777334516708	([105], [106, 104])
0	0.0	0.36184797028300525	([271], [270, 269])
0	0.0	0.3626432948150516	([289], [289, 288])
0	0.0	0.3631848340873473	([108], [108, 107])
0	0.0	0.36404047656982524	([239], [239, 238])
0	0.0	0.3654481738200018	([144], [156, 155])
0	0.0	0.3681858463241149	([107], [107, 106])
0	0.0	0.36832376964746905	([182], [182, 180])
0	0.0	0.36897319418400776	([111], [111, 108])
0	0.0	0.3695037118703833	([265], [265, 264])
0	0.0	0.36980986758679524	([166], [166, 164])
0	0.0	0.3754276842867954	([188], [188, 187])
0	0.0	0.3787213039694957	([104], [104, 103])
0	0.0	0.3806536656862475	([187], [188, 186])
0	0.0	0.38067328893951197	([155], [166, 165])
1	0.3689583855272596	0.3833180805731936	([237, 235], [238, 237, 236])
0	0.0	0.383957475645072	([93], [93, 91])
0	0.0	0.3848308298871138	([193], [193, 192])
0	0.0	0.3913812291156286	([165], [144, 143])
0	0.0	0.391493843149641	([96], [111, 110])
0	0.0	0.39187184588085366	([143], [158, 157])
1	0.38825179746262456	0.39345929894956577	([59, 53], [59, 56, 54])
0	0.0	0.39866635402196027	([324], [325, 323])
0	0.0	0.40299124890673355	([84], [84, 83])
0	0.0	0.40351964742900825	([134], [134, 115])
1	0.37915282327859	0.40402567021365804	([231, 227], [231, 229, 227])
0	0.0	0.4048348658756598	([133], [133, 115])
0	0.0	0.40689013510530253	([0], [51, 50])
0	0.0	0.41107594705730277	([233], [237, 232])
0	0.0	0.41216633855622253	([157], [143, 142])
0	0.0	0.4134435436293719	([135], [135, 115])
1	0.42049908354084214	0.4245611130698629	([316, 311], [316, 313, 311])
0	0.0	0.42510508250523416	([128], [128, 109])
0	0.0	0.4287961245595239	([89], [89, 88])
1	0.420690634615582	0.430456695038347	([110, 106], [110, 108, 107])
0	0.0	0.4337012487705239	([115], [115, 109])
0	0.0	0.4386861223158735	([136], [136, 125])
0	0.0	0.4439259993201821	([126], [126, 89])
0	0.0	0.4474356404538151	([109], [135, 129])
0	0.0	0.4482086119017097	([232], [233, 230])
0	0.0	0.451149054593354	([129], [129, 112])
0	0.0	0.4512924253074677	([114], [114, 112])
0	0.0	0.4566009224756983	([110], [96, 95])
1	0.45151737747560206	0.457479138740961	([133, 129], [135, 133, 129])
0	0.0	0.4614008729006662	([137], [137, 136])
0	0.0	0.46554833714226673	([50], [126, 55])
0	0.0	0.465862449347493	([112], [114, 55])
0	0.0	0.4664327390455592	([125], [136, 115])
0	0.0	0.4664797584912873	([55], [133, 123])
1	0.46989411908266554	0.4815671847719735	([233, 232], [237, 235, 232])
0	0.0	0.4914662604702533	([190], [190, 187])
1	0.5123195331858748	0.5250502769971392	([35, 25], [35, 32, 27])
1	0.5352987267890285	0.5434785880820153	([191, 188], [192, 191, 189])
1	0.5433696719669142	0.5498860924825553	([249, 242], [249, 246, 243])
1	0.5384791431366162	0.5520316485045123	([181, 173], [181, 179, 173])
1	0.5644807503295286	0.5759005882629357	([137, 105], [137, 135, 107])
1	0.5448563600603656	0.5794564819442262	([129, 98], [129, 104, 99])
1	0.48837463309771784	0.5800853718248019	([109, 108], [135, 115, 109])
1	0.4518592539947412	0.5801683367579737	([115, 112], [115, 112, 109])
1	0.560120480214175	0.5806666064689127	([135, 57], [135, 108, 107])
1	0.547463986941921	0.5829921898292164	([108, 57], [135, 129, 57])
1	0.5541029644766835	0.5872404569867744	([36, 24], [36, 32, 25])
1	0.5785285579106617	0.5986233463890293	([93, 79], [93, 88, 83])
1	0.45673246519546873	0.6057118077072919	([134, 128], [134, 128, 109])
1	0.5944445992391932	0.6070687736915509	([232, 224], [232, 229, 224])
1	0.6076513176630981	0.6076875366620972	([175, 160], [175, 170, 160])
1	0.5081461855177165	0.6094210134266556	([192, 189], [191, 190, 187])
1	0.5570752003451187	0.6137866228209519	([110, 92], [110, 103, 101])
1	0.6136578610011794	0.6164316736650333	([181, 164], [181, 173, 164])
1	0.5229007658271613	0.620936266205981	([102, 92], [103, 96, 93])
1	0.608209102109696	0.6228535997180793	([339, 323], [339, 335, 323])
1	0.5929809579181656	0.6256890843142106	([144, 129], [144, 140, 139])
1	0.6157953917432066	0.6320780369961395	([192, 181], [192, 186, 181])
1	0.6156918418281768	0.6368336906620193	([367, 340], [367, 365, 339])
1	0.6286687510349533	0.6370985400120387	([163, 149], [163, 158, 149])
1	0.5862875061677579	0.6394058103648295	([151, 129], [150, 145, 144])
1	0.6221195145606402	0.6402012279295729	([197, 187], [197, 192, 186])
1	0.5876306753166761	0.6405432677304197	([232, 208], [232, 215, 208])
1	0.5977598502372853	0.6414702981020998	([102, 79], [102, 92, 79])
1	0.6267602667110008	0.6438589733771934	([362, 337], [367, 362, 337])
1	0.6071305023617617	0.6449706656418005	([78, 45], [79, 69, 59])
1	0.5834483679144655	0.6472065585537007	([102, 46], [102, 78, 47])
1	0.6367184137314682	0.6480176048592134	([106, 53], [110, 106, 53])
1	0.644779594833204	0.6494299101739337	([77, 49], [78, 77, 47])
1	0.592299366226278	0.6501773711209786	([232, 198], [232, 208, 198])
1	0.6077030139248993	0.6513358688254356	([129, 86], [129, 99, 86])
1	0.6418820109877101	0.6522300500450814	([14, 0], [14, 10, 0])
1	0.6499950609481923	0.6529629173455637	([213, 196], [213, 209, 196])
1	0.642230595412737	0.6546256550092693	([238, 225], [238, 235, 225])
1	0.6568662699151238	0.6574891595148947	([369, 336], [369, 367, 337])
1	0.4870876083410138	0.658269883253418	([112, 111], [110, 92, 53])
1	0.6550229623183126	0.6588244229769953	([147, 102], [147, 141, 139])
1	0.6285317255785944	0.6621688978630345	([110, 44], [110, 53, 51])
1	0.6394150790065496	0.6621688978630345	([110, 67], [110, 67, 51])
1	0.6516013395597012	0.6621688978630345	([105, 51], [110, 105, 51])
1	0.6504806149548182	0.6630151066677975	([216, 206], [216, 211, 206])
1	0.6611766681746419	0.6633397298056225	([83, 58], [83, 69, 63])
1	0.6389684724603722	0.6633497179118089	([290, 254], [290, 284, 255])
1	0.6609638224076804	0.6634088692209494	([95, 78], [95, 93, 78])
1	0.6610033612689531	0.6642973175230398	([107, 59], [108, 107, 58])
1	0.663513624955812	0.6667619413659557	([318, 295], [318, 311, 295])
1	0.5739605645287635	0.6702341409533972	([232, 215], [232, 224, 215])
1	0.662856466532039	0.671143846099164	([329, 316], [329, 323, 316])
1	0.6716635289478933	0.6734446749749156	([397, 371], [397, 388, 385])
1	0.662308280806995	0.6757588515879752	([155, 142], [155, 149, 146])
1	0.6520088480660056	0.6779208971919423	([285, 252], [286, 285, 252])
1	0.6769625854577326	0.6786915558712926	([142, 99], [142, 137, 104])
1	0.6576519626911431	0.6793405527833969	([186, 159], [186, 180, 159])
1	0.6778613178463657	0.6800530543479433	([321, 298], [321, 318, 298])
1	0.6732446335908326	0.681650953309413	([405, 379], [405, 400, 379])
1	0.659508405484836	0.6820325355804463	([90, 42], [143, 137, 93])
1	0.6229433413789434	0.6834112242292295	([137, 50], [137, 106, 53])
1	0.6599088610929736	0.6850125297422103	([140, 47], [140, 101, 47])
1	0.6674599698814221	0.6854657748564761	([100, 43], [100, 78, 45])
1	0.6579540842050207	0.6860545546757948	([416, 380], [416, 412, 379])
1	0.6453646091073119	0.6861736214175131	([181, 145], [181, 162, 153])
1	0.6798533171621087	0.6863661248501338	([251, 92], [251, 239, 238])
1	0.6741418707211972	0.687190739180125	([217, 93], [217, 216, 94])
1	0.6795796644609822	0.6873113580927438	([80, 42], [93, 80, 42])
1	0.6580209955652099	0.6873113580927438	([142, 88], [93, 90, 42])
1	0.6826575920649842	0.6878922656736577	([203, 177], [203, 195, 181])
1	0.6511063751087158	0.6878922656736577	([207, 181], [207, 203, 181])
1	0.6617241066398981	0.6905892709063507	([141, 83], [141, 105, 83])
1	0.6791607587593808	0.6913760429031189	([88, 43], [100, 88, 78])
1	0.6908519919195314	0.6918995978001469	([224, 200], [224, 215, 200])
1	0.6506895270946321	0.6938418339469541	([92, 13], [92, 34, 21])
1	0.6887151404147382	0.694132728648103	([218, 91], [218, 217, 93])
1	0.6907855305878182	0.6947028295272657	([240, 220], [240, 239, 220])
1	0.6523254562004772	0.6953711255565018	([388, 371], [393, 388, 371])
1	0.6710609514394346	0.695553792620637	([166, 92], [178, 161, 92])
1	0.6956846486355106	0.6959318610340288	([364, 329], [364, 338, 337])
1	0.6807803461888583	0.6966525274468052	([257, 92], [257, 253, 251])
1	0.6932317886841173	0.6968839156536879	([215, 97], [216, 215, 97])
1	0.659780104295104	0.6995083017682358	([209, 95], [217, 209, 95])
1	0.6486157619363763	0.6999855982860289	([215, 92], [213, 212, 93])
1	0.6859460153173624	0.7004906645403491	([140, 70], [140, 70, 53])
1	0.6903487122078397	0.7005058716090726	([52, 30], [52, 45, 30])
1	0.6520077048528183	0.7008102276813342	([93, 41], [91, 88, 41])
1	0.6853688499684585	0.7013133619357829	([145, 92], [145, 137, 94])
1	0.7008798800888432	0.7019672488600391	([416, 341], [416, 373, 365])
1	0.6456487827520199	0.7022741440047819	([178, 93], [197, 186, 93])
1	0.6759535561584872	0.7024269143279983	([349, 329], [364, 349, 341])
1	0.6889068862740962	0.7042639252218466	([82, 44], [102, 94, 46])
1	0.6992597453484352	0.7043594632655531	([173, 141], [173, 160, 141])
1	0.6917105077409829	0.7045916344275923	([156, 93], [149, 143, 139])
1	0.7009492147400523	0.7049336906647938	([153, 79], [153, 146, 100])
1	0.6848987186772605	0.7054112139583459	([84, 33], [86, 84, 33])
1	0.6988683127992111	0.7058099677916676	([323, 289], [323, 303, 296])
1	0.6041055239193874	0.7060455892893942	([216, 95], [178, 162, 93])
1	0.7002034567519901	0.7060619398352618	([305, 282], [305, 295, 282])
1	0.6718417966239518	0.7066524500357938	([310, 256], [310, 296, 256])
1	0.6217145127920228	0.7075441911939754	([181, 95], [181, 147, 95])
1	0.5758460911460557	0.7076901611565828	([285, 232], [288, 276, 270])
1	0.6789665998999995	0.7077077197648598	([171, 95], [178, 171, 95])
1	0.7059326091304852	0.7078909873080006	([339, 253], [339, 318, 298])
1	0.7030919635942023	0.7088063145199854	([164, 139], [164, 156, 145])
1	0.7079896232172297	0.7089568064504373	([219, 96], [219, 96, 94])
1	0.7075156756659827	0.7090009951116946	([159, 78], [159, 152, 78])
1	0.6896478639163716	0.7092795565407444	([180, 140], [174, 161, 140])
1	0.7076581063452209	0.7095461873090021	([95, 35], [95, 44, 32])
1	0.6838222657114672	0.709729626450034	([163, 102], [166, 163, 102])
1	0.6624996216915972	0.710076262285768	([344, 315], [349, 344, 315])
1	0.7086764140473735	0.710260703433426	([79, 29], [79, 43, 29])
1	0.7040087611667042	0.7107890095001812	([181, 107], [181, 107, 62])
1	0.7073550185288222	0.7110793417057536	([47, 4], [47, 41, 4])
1	0.7092103070128797	0.7124515389191645	([316, 281], [316, 306, 275])
1	0.7031716060385483	0.7125670868401653	([314, 276], [316, 314, 281])
1	0.6898684865779677	0.7130932074163951	([141, 43], [141, 83, 79])
1	0.7065725802367168	0.7131364483506055	([380, 319], [375, 366, 339])
1	0.698667768708458	0.7139536911140769	([311, 277], [311, 293, 277])
1	0.698249002862475	0.714235579847461	([323, 255], [323, 295, 289])
1	0.711503560589823	0.7145597490201457	([108, 42], [108, 91, 82])
1	0.5683454077733827	0.7146985300478116	([92, 39], [92, 79, 40])
1	0.7020458774631623	0.7146985300478116	([153, 40], [153, 79, 40])
1	0.7050950214207549	0.7148958975373667	([208, 178], [208, 197, 194])
1	0.6923270435412406	0.7152414494610835	([227, 199], [227, 220, 199])
1	0.7132362742857709	0.715368380789812	([160, 44], [160, 141, 44])
1	0.7092213071067563	0.716374226906106	([337, 252], [337, 323, 252])
1	0.7149286969731118	0.7165889468446421	([78, 25], [95, 78, 32])
1	0.6905282457002685	0.7170201197149949	([306, 275], [315, 306, 275])
1	0.7158306999709981	0.7178107142866635	([243, 197], [243, 233, 230])
1	0.7130709083916781	0.7182412321160911	([175, 78], [179, 175, 78])
1	0.7012519292207032	0.7182788836899352	([343, 271], [351, 343, 275])
1	0.7121626306885002	0.719055605438056	([169, 138], [169, 164, 138])
1	0.7139219135099891	0.7190969565919436	([167, 137], [167, 161, 140])
1	0.7053980385189252	0.7193596837689138	([233, 197], [242, 233, 197])
1	0.7086469922744613	0.7194267954731446	([183, 149], [183, 161, 156])
1	0.7065712677365783	0.7194367337601718	([369, 287], [371, 369, 287])
1	0.6874839660421612	0.719455145312038	([373, 320], [373, 364, 335])
1	0.6848065510713335	0.7197156165428322	([324, 284], [324, 314, 284])
1	0.6371633921119946	0.7199889608469724	([239, 92], [251, 230, 93])
1	0.7188786573949989	0.7199889608469724	([249, 93], [251, 249, 93])
1	0.7060638767078597	0.7202641310790976	([188, 152], [188, 180, 152])
1	0.7196775096670343	0.7204582835073698	([91, 8], [91, 41, 24])
1	0.7178442752059533	0.7213212256652588	([88, 20], [88, 41, 39])
1	0.7121818539083452	0.7215127122430464	([31, 1], [31, 21, 6])
1	0.7163544469246083	0.7218320369069371	([206, 179], [206, 197, 188])
1	0.71610050728567	0.7220009220673097	([204, 175], [204, 199, 188])
1	0.7134314131521144	0.722274739073455	([244, 200], [244, 200, 102])
1	0.6859130102503005	0.7223730583102609	([291, 250], [291, 287, 247])
1	0.640196834726526	0.7224074772845246	([242, 184], [249, 242, 93])
1	0.6931584099157928	0.7227944441208984	([244, 102], [246, 244, 102])
1	0.7049080550942288	0.7228441312339559	([95, 54], [135, 95, 93])
1	0.7215181352705726	0.7233394107206	([177, 148], [189, 177, 148])
1	0.7133497825329481	0.7235975480151412	([43, 2], [43, 34, 2])
1	0.7210135971867168	0.7236647920847106	([201, 161], [201, 186, 160])
1	0.7176718701696816	0.7236647920847106	([214, 160], [214, 201, 160])
1	0.7065072001047985	0.7240011754485458	([312, 259], [312, 283, 263])
1	0.6686877688657286	0.7243881733313815	([170, 108], [170, 164, 137])
1	0.7206101696463201	0.7246684841088529	([340, 278], [340, 291, 284])
1	0.7146934275113204	0.7246684841088529	([361, 284], [361, 340, 284])
1	0.7020344167817278	0.7256015351170528	([303, 266], [305, 303, 280])
1	0.6991461640874276	0.725701978085952	([181, 62], [181, 107, 84])
1	0.7195317069271079	0.725830427507819	([213, 142], [213, 199, 144])
1	0.6531604596099094	0.7258391450547275	([234, 102], [244, 222, 200])
1	0.7250194659981819	0.7262858255698281	([193, 145], [199, 193, 144])
1	0.700788430209004	0.7265688475094079	([214, 144], [214, 160, 144])
1	0.692915852144227	0.7277579308380001	([344, 281], [344, 340, 278])
1	0.712973475105124	0.7277803018549176	([72, 0], [110, 72, 0])
1	0.7083205132390314	0.7283489166367269	([231, 206], [231, 219, 206])
1	0.716407429988852	0.7296003369205462	([356, 316], [348, 344, 315])
1	0.7172000132080639	0.7298950754756999	([159, 99], [159, 148, 99])
1	0.7224243449331665	0.7301164357504335	([354, 266], [354, 345, 266])
1	0.681991809718912	0.7302094561130753	([416, 208], [416, 208, 196])
1	0.6923077471987912	0.7302588756455506	([216, 174], [216, 205, 174])
1	0.7148811536217967	0.7307630011206754	([375, 252], [375, 337, 319])
1	0.7282721064916774	0.730763462720409	([154, 82], [154, 145, 141])
1	0.7219715332110486	0.7313613264689414	([300, 237], [300, 291, 237])
1	0.7306496840729448	0.7313613264689414	([323, 237], [323, 291, 237])
1	0.725929075165204	0.7315439742517952	([253, 228], [253, 239, 237])
1	0.7180737981661501	0.7315962129862545	([82, 26], [82, 44, 42])
1	0.7227438125075352	0.7316663672249973	([231, 159], [231, 159, 143])
1	0.7149748330330774	0.7319331395465961	([351, 314], [351, 314, 268])
1	0.7232381798589013	0.7320089300631267	([102, 11], [102, 91, 8])
1	0.7289509178658583	0.7322805732983647	([374, 253], [374, 339, 333])
1	0.7310460146056694	0.7323080260563216	([374, 317], [374, 333, 323])
1	0.7248198345320095	0.7328944198908638	([78, 13], [78, 25, 16])
1	0.703614655743393	0.7330090007878927	([237, 209], [237, 219, 195])
1	0.7265312841858912	0.7330584596170695	([345, 308], [345, 314, 308])
1	0.7007988932836798	0.7330584596170695	([351, 268], [351, 345, 314])
1	0.7266494185855141	0.7331498130802659	([415, 372], [415, 393, 374])
1	0.7172499509995506	0.7335513380402008	([358, 280], [352, 345, 280])
1	0.7167391213011713	0.7354625720783164	([383, 239], [376, 374, 239])
1	0.7008878198768224	0.7361882055679713	([416, 286], [416, 286, 257])
1	0.7158939540265307	0.7367242326431457	([325, 251], [371, 291, 251])
1	0.6898124358829395	0.7367421037133498	([202, 137], [202, 189, 175])
1	0.7065756426796115	0.7370897754569832	([194, 153], [194, 179, 178])
1	0.7335987730394674	0.7371980789974022	([324, 246], [324, 246, 231])
1	0.7346521369941523	0.7375198597005237	([242, 205], [242, 221, 205])
1	0.7206887643326761	0.7379506091983795	([311, 181], [311, 277, 259])
1	0.6871794877569525	0.7379667590074611	([328, 286], [328, 312, 286])
1	0.7272877405780547	0.7381852752946466	([46, 0], [46, 42, 0])
1	0.7160344242413427	0.7382784958697727	([295, 235], [323, 295, 235])
1	0.7296326712275952	0.7385379957501347	([379, 290], [379, 373, 320])
1	0.7367721519348229	0.7390177081294885	([235, 186], [235, 233, 186])
1	0.5751085539934457	0.7393149648433675	([324, 231], [324, 295, 231])
1	0.7284027003555698	0.7393414056659875	([342, 306], [343, 342, 306])
1	0.7239146404440757	0.7396066576640822	([233, 176], [233, 216, 176])
1	0.6823799179321983	0.740132446615276	([216, 149], [216, 149, 96])
1	0.7260070283450534	0.7408322181642225	([193, 83], [193, 187, 83])
1	0.719329636329886	0.741137356570736	([353, 304], [356, 353, 304])
1	0.7312613607570847	0.7411744382750415	([195, 143], [195, 163, 143])
1	0.5843172512737641	0.7423460587911564	([232, 159], [232, 159, 142])
1	0.7238116641134897	0.7423911188953369	([182, 97], [182, 141, 97])
1	0.7338955978294743	0.742734771297679	([391, 322], [391, 371, 324])
1	0.703315730173224	0.742734771297679	([392, 324], [392, 391, 324])
1	0.5462066759067478	0.742867932966015	([324, 232], [324, 232, 229])
1	0.742828935583147	0.7430537163696214	([149, 4], [149, 104, 79])
1	0.7367927282356026	0.7430927781204731	([298, 241], [298, 253, 246])
1	0.5713436655100254	0.7431113510687567	([270, 232], [285, 252, 233])
1	0.7370505411583632	0.7431592750370904	([348, 272], [348, 344, 277])
1	0.7354558028838429	0.7434753165128734	([206, 110], [206, 179, 171])
1	0.7373460733819032	0.7435868528486964	([181, 16], [181, 95, 16])
1	0.7426616309806549	0.7441617149340741	([219, 139], [219, 139, 94])
1	0.7438863361132649	0.7443360852371166	([383, 219], [383, 239, 231])
1	0.7198145895908147	0.7443360852371166	([366, 231], [383, 366, 231])
1	0.7128258028521145	0.7443360852371166	([395, 231], [395, 383, 231])
1	0.6578008545575792	0.7452791665863996	([269, 231], [257, 251, 246])
1	0.7428930241343965	0.745582142857669	([182, 8], [182, 97, 8])
1	0.7236818900846098	0.7457360684249005	([327, 227], [319, 254, 238])
1	0.7291256952306733	0.7459398778346716	([160, 69], [160, 83, 69])
1	0.7123041692394543	0.7461746632713219	([205, 108], [205, 181, 138])
1	0.7204512231531821	0.7467825270858497	([193, 41], [193, 145, 41])
1	0.7444592120579047	0.7470996934925767	([379, 198], [379, 220, 213])
1	0.7202135096236972	0.7473570700335281	([231, 143], [231, 213, 143])
1	0.7441391984790465	0.7480198218894217	([227, 147], [227, 166, 160])
1	0.7358700685193157	0.7481571513492917	([240, 183], [240, 211, 197])
1	0.7373652511920558	0.7484042763031484	([215, 146], [215, 213, 146])
1	0.7469549468063488	0.7484659930055401	([412, 318], [412, 379, 318])
1	0.7311500396951409	0.7493762761847668	([227, 166], [227, 219, 147])
1	0.7439289717378067	0.749438678085972	([234, 153], [234, 225, 153])
1	0.7381435272696666	0.7494703027914827	([289, 153], [289, 235, 225])
1	0.7425668558835953	0.7496093347437235	([382, 225], [394, 382, 234])
1	0.5571106823174854	0.7500478475226154	([232, 142], [232, 215, 159])
1	0.7496807034210325	0.7501011968346526	([356, 258], [356, 316, 275])
1	0.7198134790118296	0.7501055379719145	([293, 216], [293, 251, 246])
1	0.6907572240472583	0.7502019947472487	([283, 102], [287, 253, 242])
1	0.7459968107933768	0.7502673269546165	([54, 25], [108, 54, 2])
1	0.7477612884347029	0.75103375538817	([400, 221], [400, 379, 221])
1	0.7019370697087607	0.7511616929503382	([186, 108], [186, 158, 108])
1	0.7464162363731052	0.7513635779129156	([83, 1], [83, 17, 3])
1	0.7450388084572134	0.7532632600907305	([246, 193], [246, 227, 196])
1	0.7460604319222787	0.7537502887052683	([216, 33], [216, 94, 86])
1	0.7370622346634175	0.755021538336366	([104, 4], [104, 48, 42])
1	0.7477861307302314	0.7560774050672374	([368, 276], [362, 341, 276])
1	0.7236018617146635	0.7572050455014192	([394, 235], [382, 380, 224])
1	0.7247740453296871	0.7572050455014192	([408, 224], [408, 380, 224])
1	0.7459545420803491	0.7573584945303199	([307, 227], [314, 307, 227])
1	0.7175316867420083	0.7574518038764727	([217, 37], [217, 98, 93])
1	0.6928522795913674	0.7577380392079082	([307, 243], [307, 243, 241])
1	0.7419075589803307	0.758449073259982	([196, 99], [196, 179, 144])
1	0.7249636351443622	0.7599499705626273	([181, 36], [181, 86, 72])
1	0.48348446462233147	0.7605898086684583	([129, 55], [114, 112, 55])
1	0.732423998302957	0.7606533789562426	([379, 220], [379, 290, 245])
1	0.7260308073430766	0.7607989475718522	([355, 282], [355, 351, 282])
1	0.7223410622035057	0.7612548842726194	([403, 227], [412, 374, 239])
1	0.759623119608776	0.762168108127467	([221, 22], [221, 83, 41])
1	0.7608434364376906	0.7623637362931186	([251, 164], [251, 178, 164])
1	0.720142642955006	0.7628421776467599	([399, 242], [399, 384, 250])
1	0.7060852141825404	0.7636927967932498	([99, 14], [99, 42, 25])
1	0.7338700127114435	0.7638756009268454	([189, 1], [189, 83, 78])
1	0.7394201225664203	0.7640670137933439	([177, 82], [177, 144, 82])
1	0.7515919427161926	0.7641195148201412	([228, 181], [228, 212, 181])
1	0.7468987171431192	0.7646763810418947	([386, 216], [386, 382, 216])
1	0.7618370629163643	0.7652618803197829	([226, 38], [226, 213, 204])
1	0.7590577781745224	0.765294290516455	([390, 240], [390, 388, 240])
1	0.7413604771081119	0.7653366784377911	([322, 189], [322, 254, 227])
1	0.7459563856197613	0.765767873260118	([386, 299], [386, 374, 299])
1	0.7437889539681121	0.7661965848574602	([239, 180], [239, 183, 180])
1	0.7525695559614114	0.7663843354495853	([388, 233], [388, 373, 339])
1	0.7342207851087894	0.7667790101809241	([256, 78], [256, 181, 106])
1	0.765068960458884	0.7676120848534186	([245, 181], [297, 245, 243])
1	0.7327108517046306	0.768519255979292	([248, 95], [248, 221, 197])
1	0.6899883124299907	0.7685380264887907	([273, 181], [248, 245, 181])
1	0.7618168224986351	0.7687700467671315	([223, 152], [223, 222, 152])
1	0.7494375952814487	0.7689454087006373	([200, 37], [200, 194, 37])
1	0.7431772973151499	0.7693018234288688	([412, 214], [374, 250, 214])
1	0.7644023340357922	0.7700784414322207	([153, 112], [153, 112, 106])
1	0.7072110873366335	0.7704883759932588	([300, 95], [300, 255, 251])
1	0.7487192253105778	0.7706647638423301	([287, 158], [253, 244, 170])
1	0.7606795831309571	0.7708658901147901	([391, 211], [391, 245, 223])
1	0.7617692641705075	0.7709963822986102	([231, 16], [233, 231, 16])
1	0.7405640204109598	0.7710935186804112	([230, 151], [230, 219, 198])
1	0.7713788293844168	0.771996824237018	([151, 29], [151, 93, 71])
1	0.7639711631843527	0.7722278536659384	([275, 108], [275, 261, 108])
1	0.6890812204956931	0.7723457124857229	([324, 108], [324, 246, 108])
1	0.7604183923185912	0.772456140476757	([246, 156], [246, 185, 151])
1	0.772418494741525	0.7727880613309337	([215, 11], [215, 146, 33])
1	0.7643009799284138	0.773109505603908	([152, 0], [152, 20, 6])
1	0.7628703206627248	0.773109505603908	([152, 20], [152, 84, 6])
1	0.7507035417113831	0.7733325440425896	([330, 233], [330, 279, 233])
1	0.751698357394389	0.7737328715922256	([298, 182], [298, 254, 182])
1	0.740019787684218	0.7748968976705122	([236, 43], [236, 216, 43])
1	0.7750701488386066	0.7752969934594505	([201, 23], [201, 86, 41])
1	0.7268804321037743	0.7754251734597136	([302, 233], [305, 302, 233])
1	0.7254445894117778	0.7759804804896928	([169, 73], [169, 95, 73])
1	0.7439428444136409	0.7761081416923511	([169, 28], [169, 138, 28])
1	0.7416349206976605	0.7773979966311552	([373, 233], [390, 240, 213])
1	0.767351080326904	0.7775578292106741	([245, 206], [245, 206, 193])
1	0.7643478585190407	0.7776575653449183	([159, 30], [159, 63, 52])
1	0.7497137211620511	0.7778457980049615	([242, 148], [242, 184, 148])
1	0.759821196582751	0.7779807298205258	([259, 109], [259, 246, 108])
1	0.7054215155584431	0.7779807298205258	([261, 111], [261, 259, 108])
1	0.7637598962726428	0.7782643862123586	([289, 137], [255, 234, 108])
1	0.7713019290040714	0.7783475435443514	([235, 47], [235, 210, 47])
1	0.7653831793153072	0.7786414155695851	([413, 244], [413, 373, 371])
1	0.7331290972082881	0.7786650485191535	([271, 189], [305, 297, 189])
1	0.730114922711042	0.7786665457038607	([231, 88], [231, 218, 88])
1	0.7475757905011865	0.7796377035211007	([182, 46], [182, 46, 38])
1	0.6779114927225568	0.7811767406034389	([400, 92], [400, 221, 212])
1	0.711688106657348	0.7813888194822161	([406, 181], [406, 395, 181])
1	0.7661211559766379	0.7818062237312374	([253, 144], [253, 170, 160])
1	0.7798328992053243	0.7820067686565413	([403, 97], [403, 223, 97])
1	0.7798893395904817	0.7824708444583793	([388, 311], [388, 370, 300])
1	0.7593000321119353	0.7826089563087557	([401, 215], [401, 379, 220])
1	0.7427821827808337	0.7834314118703927	([266, 135], [303, 300, 93])
1	0.5854167867904893	0.7835202423188428	([221, 129], [221, 144, 129])
1	0.7760166535836255	0.783688526920783	([413, 3], [414, 413, 3])
1	0.7762359445020102	0.7850608999322729	([330, 93], [330, 325, 93])
1	0.7572769219984394	0.7855086998618267	([276, 171], [300, 276, 203])
1	0.7727169046271571	0.7863887766350295	([230, 4], [230, 153, 151])
1	0.7625831141564305	0.7874697884561745	([254, 81], [254, 181, 140])
1	0.7753885965777226	0.7886807134180209	([397, 236], [397, 385, 242])
1	0.7695961734618619	0.7887737728916717	([316, 78], [316, 256, 181])
1	0.7876925606719333	0.7893490666214679	([284, 201], [284, 252, 201])
1	0.7660684199909891	0.7894373537336941	([408, 187], [408, 391, 83])
1	0.7744879366079688	0.7896309478362344	([414, 342], [414, 370, 342])
1	0.6599489653393016	0.790134007702481	([416, 272], [416, 365, 286])
1	0.6064839804286661	0.7901504330319093	([406, 232], [406, 242, 238])
1	0.7883307413694147	0.7903463214213563	([372, 210], [372, 254, 210])
1	0.7639358771534257	0.7905781160188148	([391, 83], [391, 211, 189])
1	0.7721573094125056	0.790620874009841	([227, 29], [227, 29, 14])
1	0.7674714668631283	0.790893456728412	([178, 18], [178, 92, 34])
1	0.7868557475602951	0.7911031077522251	([375, 26], [375, 212, 146])
1	0.772972769969011	0.7912448725281152	([286, 97], [286, 250, 145])
1	0.7787552377298452	0.7912547734795415	([301, 178], [301, 239, 178])
1	0.7395075207756553	0.7918299654084453	([385, 102], [385, 238, 230])
1	0.7847813047221293	0.7923922535878076	([244, 80], [244, 176, 163])
1	0.7929863867811726	0.7939636567820919	([409, 6], [409, 221, 6])
1	0.7362130815795964	0.7941137771191094	([314, 102], [314, 283, 267])
1	0.7659314868219231	0.7942141292423583	([260, 61], [261, 260, 57])
1	0.7760739154631834	0.7945445769916212	([227, 68], [227, 195, 68])
1	0.7781096453920702	0.7947410747469895	([281, 219], [312, 281, 219])
1	0.7895334222922571	0.7949531573189119	([381, 145], [381, 219, 215])
1	0.7893477231917645	0.7955327196377157	([397, 146], [397, 236, 95])
1	0.7936920570540904	0.7955327196377157	([389, 95], [397, 389, 95])
1	0.7492980979916867	0.795781831042508	([412, 153], [412, 382, 153])
1	0.7761629301863358	0.7957994720607526	([377, 148], [377, 223, 213])
1	0.7934488051359231	0.796122989755136	([315, 177], [318, 315, 177])
1	0.7950716122165676	0.7963969475752694	([278, 83], [278, 261, 83])
1	0.7803279656755258	0.7965681214802497	([312, 148], [312, 219, 184])
1	0.7776999228405324	0.7967822180918306	([271, 105], [292, 271, 105])
1	0.7849310472128728	0.7971761212272067	([392, 199], [392, 247, 199])
1	0.7749615057059439	0.7973310326571353	([264, 59], [264, 261, 59])
1	0.7918267604045574	0.7981823374429587	([381, 7], [381, 216, 145])
1	0.7846054754698378	0.7995535865727801	([298, 79], [298, 196, 182])
1	0.7819690517084344	0.7996707465300112	([294, 150], [294, 283, 148])
1	0.7888824360547909	0.7997122912765832	([251, 77], [251, 95, 93])
1	0.7911941116181435	0.8000171056200079	([340, 95], [340, 284, 95])
1	0.7889973895617888	0.8008752537407866	([298, 19], [298, 86, 79])
1	0.7380234220602244	0.8014026272573187	([290, 110], [290, 195, 186])
1	0.7833735347644568	0.8017419676968539	([328, 204], [328, 294, 204])
1	0.7706290449353864	0.8017813954429367	([228, 28], [228, 220, 28])
1	0.7810437607630354	0.8033315079579918	([411, 78], [411, 224, 95])
1	0.7976256142678241	0.8040394557614797	([274, 84], [282, 274, 84])
1	0.8049434655047492	0.8051978174026698	([245, 1], [245, 240, 1])
1	0.8023982045265726	0.8055210625937244	([378, 35], [378, 201, 95])
1	0.7960340354052237	0.8059135806193053	([278, 167], [278, 167, 103])
1	0.8041531316815262	0.8061639996187708	([405, 192], [405, 376, 192])
1	0.6909950326990683	0.8074844095205216	([416, 1], [414, 245, 224])
1	0.8034121941647997	0.8075995927381818	([258, 64], [258, 181, 54])
1	0.7672437355537411	0.807732715153092	([399, 38], [399, 195, 38])
1	0.7671052871667109	0.8088356656147982	([204, 0], [204, 41, 10])
1	0.8089943000412024	0.8091008065184656	([274, 155], [274, 203, 202])
1	0.7783752785480244	0.8092110022492984	([296, 18], [296, 231, 18])
1	0.8061428544303154	0.8093339127426091	([306, 51], [306, 286, 51])
1	0.8095376049026316	0.8099238267199635	([394, 139], [394, 209, 139])
1	0.8085000114323876	0.8099315094798905	([245, 71], [245, 233, 71])
1	0.7694222505325389	0.8101469986026623	([168, 0], [168, 135, 49])
1	0.8027597186424882	0.8102482156129953	([389, 167], [389, 324, 237])
1	0.8088176538020642	0.8108140336927581	([309, 83], [322, 309, 83])
1	0.8113277600743144	0.8159922686160757	([299, 11], [299, 231, 11])
1	0.8030264385161153	0.8164658716808203	([402, 358], [402, 358, 318])
1	0.7817904640275823	0.8165793607516062	([310, 69], [284, 95, 80])
1	0.801762907281469	0.8165793607516062	([317, 80], [317, 284, 80])
1	0.8159029328130315	0.8168307324756042	([272, 134], [272, 259, 134])
1	0.811308483984486	0.8170363427285302	([222, 56], [222, 56, 14])
1	0.8104378042973028	0.8173312098848782	([341, 99], [341, 254, 99])
1	0.794347268009935	0.8174861137573746	([398, 15], [398, 223, 32])
1	0.7556647708119691	0.8176236524988811	([273, 110], [273, 255, 135])
1	0.8051709074054997	0.8183096672201661	([311, 40], [311, 225, 40])
1	0.8048350726924172	0.820152505734408	([282, 66], [282, 175, 66])
1	0.7898943725638063	0.8202229535121903	([412, 138], [412, 153, 145])
1	0.7377128737661539	0.8204422025557099	([364, 102], [364, 254, 250])
1	0.8072249194800472	0.8207814131617267	([281, 62], [324, 281, 72])
1	0.8138285662134864	0.8210134518407495	([328, 191], [328, 231, 225])
1	0.818985160752582	0.8211802661987134	([393, 18], [393, 225, 215])
1	0.7638183661343195	0.8262171928411677	([264, 138], [287, 264, 138])
1	0.8234842099959827	0.8268843025182202	([312, 1], [415, 338, 289])
1	0.7973942325992073	0.826900688683987	([262, 63], [270, 262, 63])
1	0.828395650707469	0.8298336346154292	([307, 41], [307, 184, 181])
1	0.7830974427744665	0.8298900653631299	([405, 110], [405, 200, 110])
1	0.675742128534286	0.8302531147397764	([416, 196], [416, 408, 196])
1	0.8185736732409917	0.8304832495647323	([360, 111], [360, 205, 111])
1	0.8211769876705497	0.8307192450279608	([269, 67], [269, 255, 67])
1	0.8235387934898046	0.8320055711245921	([345, 64], [345, 328, 64])
1	0.832347823073176	0.8336609440071736	([395, 13], [395, 225, 145])
1	0.8238776515840139	0.8357818744635753	([389, 20], [389, 44, 20])
1	0.8076695046410932	0.8376731495602855	([413, 111], [413, 111, 2])
1	0.8362237950725822	0.8381185725311281	([364, 29], [364, 164, 29])
1	0.8182488447185843	0.8409648147572192	([344, 48], [344, 295, 236])
1	0.8288521357729118	0.8420802405238331	([332, 50], [332, 271, 50])
1	0.8344718536696304	0.8436170824591234	([366, 134], [366, 268, 134])
1	0.8472179132405604	0.8478535772149761	([349, 9], [349, 282, 9])
1	0.8425028487437259	0.8573129029390689	([273, 20], [318, 273, 214])
1	0.8326316390392487	0.8582854582892568	([349, 73], [349, 266, 73])
1	0.4817425631363867	0.8627770591018702	([143, 123], [143, 133, 123])
1	0.8361296324309827	0.8651493877321139	([398, 66], [398, 245, 66])
1	0.8494410181659409	0.8673820198252737	([398, 133], [398, 133, 83])
1	0.6190764869996133	0.8772310473990906	([307, 129], [307, 129, 111])
1	0.4949363865836289	0.8842073355621456	([123, 50], [144, 123, 50])
1	0.5187235205245168	0.895779903683784	([155, 128], [154, 135, 128])
1	0.5165920403194405	0.8967719470831784	([165, 114], [166, 165, 114])
1	0.49156662069685364	0.8995950302440627	([157, 125], [156, 137, 125])
1	0.47991039765121113	0.9074129092272278	([56, 55], [126, 89, 55])
1	0.5766024270993353	0.9298026438245892	([400, 115], [400, 399, 115])
0	0.0	0.9448795321335024	([123], [114, 113])
1	0.9555145657666088	0.9578868987828837	([128, 113], [128, 115, 113])
0	0.0	0.9609981744186454	([87], [87, 86])
0	0.0	0.969170072490991	([113], [134, 132])
0	0.0	1.0	([116], [116, 0])
0	0.0	1.0	([117], [117, 0])
0	0.0	1.0	([118], [118, 0])
0	0.0	1.0	([119], [119, 0])
0	0.0	1.0	([120], [120, 0])
0	0.0	1.0	([122], [122, 0])
0	0.0	1.0	([124], [124, 0])
0	0.0	1.0	([131], [131, 0])
0	0.0	inf	([130], [])
