0	0.0	0.03342024236882135	([13], [13, 0])
0	0.0	0.21344064805811616	([479], [479, 478])
0	0.0	0.21575279627302474	([477], [477, 476])
0	0.0	0.2190607283604139	([409], [409, 408])
0	0.0	0.21998891291174244	([480], [480, 479])
0	0.0	0.22021915512618914	([474], [474, 473])
0	0.0	0.22263633691270415	([481], [481, 480])
0	0.0	0.22270568332634869	([471], [471, 470])
0	0.0	0.22519082550288505	([401], [401, 400])
0	0.0	0.2281642411306736	([157], [157, 156])
0	0.0	0.23037089371312874	([464], [464, 463])
0	0.0	0.23254633118145046	([396], [396, 395])
0	0.0	0.2328924003104589	([10], [10, 9])
0	0.0	0.23427651800995497	([48], [48, 47])
0	0.0	0.23560643665238837	([476], [476, 475])
0	0.0	0.23611742322941479	([462], [462, 461])
0	0.0	0.2362089123493698	([64], [64, 63])
0	0.0	0.23733777402443246	([475], [475, 474])
0	0.0	0.2380837798352279	([170], [170, 169])
0	0.0	0.23850190106379973	([49], [49, 48])
0	0.0	0.2385200201804529	([168], [168, 167])
0	0.0	0.23903983207844373	([452], [452, 451])
0	0.0	0.23929006131646652	([107], [107, 106])
0	0.0	0.23954921888686054	([51], [51, 50])
0	0.0	0.24196506565975012	([97], [97, 96])
0	0.0	0.24203265425293397	([403], [403, 402])
0	0.0	0.24230376457617545	([138], [138, 137])
0	0.0	0.2433046019213644	([56], [56, 55])
0	0.0	0.2439741767461001	([120], [120, 119])
0	0.0	0.2439857043313878	([302], [302, 301])
0	0.0	0.24513545864931924	([62], [62, 61])
0	0.0	0.24527430400265454	([384], [384, 383])
0	0.0	0.2458412130675507	([174], [174, 173])
0	0.0	0.24609648410279905	([55], [56, 54])
0	0.0	0.24627869156987361	([264], [264, 263])
0	0.0	0.24638458757933693	([19], [19, 18])
0	0.0	0.24665320432859017	([368], [368, 367])
0	0.0	0.2476244318741094	([425], [425, 424])
0	0.0	0.24766235008491463	([93], [93, 92])
0	0.0	0.2478718906004926	([17], [17, 16])
0	0.0	0.2478737143354667	([175], [175, 174])
0	0.0	0.2478932759406358	([405], [405, 404])
0	0.0	0.2480414496645241	([465], [465, 464])
0	0.0	0.2480474085983101	([96], [96, 95])
0	0.0	0.24824933342158392	([12], [12, 11])
0	0.0	0.24831089365580472	([294], [294, 293])
0	0.0	0.24881538500802716	([398], [398, 397])
0	0.0	0.24883435008598973	([338], [338, 337])
0	0.0	0.24887207466321376	([133], [133, 132])
0	0.0	0.24904262766616025	([406], [406, 405])
0	0.0	0.2493921074723727	([46], [46, 45])
0	0.0	0.2500384243908267	([414], [414, 413])
0	0.0	0.2504087544907856	([125], [125, 124])
0	0.0	0.25046447942512506	([427], [427, 426])
0	0.0	0.2505709195786797	([166], [166, 165])
0	0.0	0.25088785954072057	([468], [468, 467])
0	0.0	0.2509842808905474	([28], [28, 27])
0	0.0	0.2514965152212577	([140], [140, 139])
0	0.0	0.2519568115720659	([449], [449, 448])
0	0.0	0.2525998432429726	([420], [420, 419])
0	0.0	0.2526252184901658	([58], [58, 57])
0	0.0	0.253437963087056	([29], [29, 28])
0	0.0	0.25358436628832554	([106], [106, 105])
0	0.0	0.25362164195567205	([311], [311, 310])
0	0.0	0.253661896940533	([262], [262, 261])
0	0.0	0.25373513044552526	([177], [177, 176])
0	0.0	0.253904351967585	([78], [78, 77])
0	0.0	0.25402031326873264	([211], [211, 210])
0	0.0	0.2540819492123096	([143], [143, 142])
0	0.0	0.25409386663346417	([221], [221, 220])
0	0.0	0.2543974346492881	([112], [112, 111])
0	0.0	0.25439809158797067	([34], [34, 33])
0	0.0	0.2546678794810836	([127], [127, 126])
0	0.0	0.25468472203554554	([136], [136, 135])
0	0.0	0.2547294791483294	([259], [259, 258])
0	0.0	0.25527328113741127	([155], [155, 154])
0	0.0	0.25532109520805685	([478], [478, 477])
0	0.0	0.25550038324313157	([116], [116, 115])
0	0.0	0.25562519755658397	([134], [134, 133])
0	0.0	0.25621405659533675	([52], [52, 51])
0	0.0	0.2565982470442068	([454], [454, 453])
0	0.0	0.2566340303894911	([453], [453, 452])
0	0.0	0.25667559958825215	([292], [292, 291])
0	0.0	0.2567556895586972	([128], [128, 127])
0	0.0	0.2568090058692269	([261], [261, 260])
0	0.0	0.2569339177947817	([291], [291, 290])
0	0.0	0.2570091289506342	([32], [32, 31])
0	0.0	0.25709868215601445	([256], [256, 255])
0	0.0	0.2572476663246262	([60], [60, 59])
0	0.0	0.25779281918375646	([456], [456, 455])
0	0.0	0.2579598573645944	([104], [104, 103])
0	0.0	0.25813053744570236	([130], [130, 129])
0	0.0	0.25819331677977725	([85], [85, 84])
0	0.0	0.2582608800834939	([172], [172, 171])
0	0.0	0.2587219264217853	([389], [389, 388])
0	0.0	0.2588226305755096	([74], [74, 73])
0	0.0	0.25884151695599694	([21], [21, 20])
0	0.0	0.2588515887756704	([122], [122, 121])
0	0.0	0.2588832602297625	([431], [431, 430])
0	0.0	0.25896333903075686	([422], [422, 421])
0	0.0	0.2589836633129234	([450], [450, 449])
0	0.0	0.2590682541186262	([342], [342, 341])
0	0.0	0.25911128059658267	([146], [146, 145])
0	0.0	0.2591380580115562	([11], [11, 10])
0	0.0	0.2591611517783907	([139], [139, 138])
0	0.0	0.2592305578748834	([412], [412, 411])
0	0.0	0.2594345506397035	([53], [53, 52])
0	0.0	0.25955910624708706	([102], [102, 101])
0	0.0	0.25957388708958484	([178], [178, 177])
0	0.0	0.2597422339873602	([428], [428, 427])
0	0.0	0.2598367916572834	([457], [457, 456])
0	0.0	0.25986790888829187	([73], [73, 72])
0	0.0	0.25991779171254553	([460], [460, 459])
0	0.0	0.2602601864444058	([161], [161, 160])
0	0.0	0.260289479032408	([214], [214, 213])
0	0.0	0.26035790968800704	([441], [441, 440])
0	0.0	0.2605122709761926	([470], [470, 469])
0	0.0	0.26051566898480566	([100], [100, 99])
0	0.0	0.2605883404944714	([6], [6, 5])
0	0.0	0.26078283089325366	([36], [36, 35])
0	0.0	0.26089783881648293	([224], [224, 223])
0	0.0	0.2612568263107574	([111], [111, 110])
0	0.0	0.2612890829333712	([152], [152, 151])
0	0.0	0.26132327488015805	([438], [438, 437])
0	0.0	0.26134404219855933	([333], [333, 332])
0	0.0	0.2614603505871407	([141], [141, 140])
0	0.0	0.26152549436135136	([91], [91, 90])
0	0.0	0.26169074560217326	([336], [336, 335])
0	0.0	0.26202204870116147	([15], [15, 14])
0	0.0	0.26218436575721915	([219], [219, 218])
0	0.0	0.2623002278077807	([197], [197, 196])
0	0.0	0.2623006791633772	([280], [280, 279])
0	0.0	0.26254544189684387	([20], [20, 19])
0	0.0	0.2627582705889003	([44], [44, 43])
0	0.0	0.2630589318864728	([411], [411, 410])
0	0.0	0.2630932357230981	([132], [132, 131])
0	0.0	0.2632184430861776	([314], [314, 313])
0	0.0	0.2633403370950538	([306], [306, 305])
0	0.0	0.26337925921559124	([387], [387, 386])
0	0.0	0.26348872135989804	([14], [14, 12])
0	0.0	0.26397317119973535	([218], [218, 217])
0	0.0	0.2639812181243574	([228], [228, 227])
0	0.0	0.26408185800639317	([159], [159, 158])
0	0.0	0.2642698178909617	([88], [88, 87])
0	0.0	0.2643844212126431	([297], [297, 296])
0	0.0	0.2646457570488229	([241], [241, 240])
0	0.0	0.2646772648796319	([131], [131, 130])
0	0.0	0.26469105041650715	([148], [148, 147])
0	0.0	0.2647454298979247	([421], [421, 420])
0	0.0	0.2647845085072674	([285], [285, 284])
0	0.0	0.2648988934383492	([392], [392, 391])
0	0.0	0.2651312607061539	([472], [472, 471])
0	0.0	0.2651730016421328	([147], [147, 146])
0	0.0	0.265179502762266	([275], [275, 274])
0	0.0	0.2652861233251867	([345], [345, 344])
0	0.0	0.2652938997130817	([363], [363, 362])
0	0.0	0.2655482518026394	([77], [77, 76])
0	0.0	0.26563366172356945	([348], [348, 347])
0	0.0	0.26565660293240884	([289], [289, 288])
0	0.0	0.26569910616506626	([466], [466, 465])
0	0.0	0.2657468613663446	([65], [65, 64])
0	0.0	0.26612125651318524	([370], [370, 369])
0	0.0	0.26672524402134196	([463], [463, 462])
0	0.0	0.2667448203331513	([418], [418, 417])
0	0.0	0.2668879639443032	([208], [208, 207])
0	0.0	0.26692299233329186	([393], [393, 392])
0	0.0	0.26693587400364305	([82], [82, 81])
0	0.0	0.26695026178424996	([248], [248, 247])
0	0.0	0.2671432344432616	([272], [272, 271])
0	0.0	0.2671635469375502	([385], [385, 384])
0	0.0	0.2673278397606191	([80], [80, 79])
0	0.0	0.267924073455551	([372], [372, 371])
0	0.0	0.26803077759202	([293], [293, 292])
0	0.0	0.2680686059449982	([407], [407, 406])
0	0.0	0.2681775195221992	([201], [201, 200])
0	0.0	0.2682140621484656	([366], [366, 365])
0	0.0	0.268232985827737	([439], [439, 438])
0	0.0	0.26854779412546226	([145], [145, 144])
0	0.0	0.26855500659859455	([278], [278, 277])
0	0.0	0.26858019778887854	([195], [195, 194])
0	0.0	0.2687738058217732	([76], [76, 75])
0	0.0	0.26906801365755667	([72], [72, 71])
0	0.0	0.26927443972754056	([137], [137, 136])
0	0.0	0.269443827986657	([310], [310, 309])
0	0.0	0.26952377741475797	([284], [284, 283])
0	0.0	0.2697066167975258	([352], [352, 351])
0	0.0	0.26971269586726665	([447], [447, 446])
0	0.0	0.26992076209800725	([109], [109, 108])
0	0.0	0.2699406141069201	([313], [313, 312])
0	0.0	0.2701658867598609	([265], [265, 264])
0	0.0	0.27020189912000675	([253], [253, 252])
0	0.0	0.27023829038740893	([124], [124, 123])
0	0.0	0.27038187607050346	([110], [110, 109])
0	0.0	0.2703856576734124	([119], [119, 118])
0	0.0	0.2705940600295757	([361], [361, 360])
0	0.0	0.2706815385641393	([424], [424, 423])
0	0.0	0.2707794624269299	([323], [323, 322])
0	0.0	0.2709065873705903	([200], [200, 199])
0	0.0	0.27117316658732515	([94], [94, 93])
0	0.0	0.27145578013295	([153], [153, 152])
0	0.0	0.2715971273051952	([296], [296, 295])
0	0.0	0.2717408646149266	([75], [75, 74])
0	0.0	0.271802245281726	([300], [300, 299])
0	0.0	0.27182390596658235	([151], [151, 150])
0	0.0	0.2718656785101458	([417], [417, 416])
0	0.0	0.2719684904033266	([276], [276, 275])
0	0.0	0.2722096108947235	([260], [260, 259])
0	0.0	0.2722436762140848	([71], [71, 70])
0	0.0	0.27262263843412465	([189], [189, 188])
0	0.0	0.2726543881219526	([103], [103, 102])
0	0.0	0.2728222432290648	([305], [305, 304])
0	0.0	0.27287567729833595	([321], [321, 320])
0	0.0	0.2729396329754028	([61], [61, 60])
0	0.0	0.2730772323895207	([92], [92, 91])
0	0.0	0.27311774764873176	([330], [330, 329])
0	0.0	0.27329090537231304	([364], [364, 363])
0	0.0	0.2733072103072341	([415], [415, 414])
0	0.0	0.2737805326227155	([458], [458, 457])
0	0.0	0.2739628840381444	([250], [250, 249])
0	0.0	0.27403923142405784	([432], [432, 431])
0	0.0	0.2741361139815579	([118], [118, 117])
0	0.0	0.2741561832224447	([337], [337, 336])
0	0.0	0.2741584357122491	([269], [269, 268])
0	0.0	0.2744025828181253	([150], [150, 149])
0	0.0	0.2744673317066348	([400], [400, 399])
0	0.0	0.27452432986123443	([38], [38, 37])
0	0.0	0.27457712875969315	([267], [267, 266])
0	0.0	0.27475090906545313	([216], [216, 215])
0	0.0	0.2748818610983264	([99], [99, 98])
0	0.0	0.2751591366862	([26], [26, 25])
0	0.0	0.2756205119696409	([353], [353, 352])
0	0.0	0.2756868487355996	([182], [182, 181])
0	0.0	0.27577678951994583	([231], [231, 230])
0	0.0	0.27581182427924655	([203], [203, 202])
0	0.0	0.2759766988599956	([430], [430, 429])
0	0.0	0.2762146673182971	([303], [303, 302])
0	0.0	0.27632648241346736	([180], [180, 179])
0	0.0	0.27641567184110155	([467], [467, 466])
0	0.0	0.2764992764506352	([444], [444, 443])
0	0.0	0.27667545631064205	([16], [16, 15])
0	0.0	0.27674552441924194	([191], [191, 190])
0	0.0	0.2767669955875709	([317], [317, 316])
0	0.0	0.27681355910929417	([435], [435, 434])
0	0.0	0.2768564721217762	([59], [59, 58])
0	0.0	0.27699884099796346	([223], [223, 222])
0	0.0	0.2771064545854922	([237], [237, 236])
0	0.0	0.2771729248202535	([165], [165, 164])
0	0.0	0.2773969444673072	([81], [81, 80])
0	0.0	0.27749934893682787	([404], [404, 403])
0	0.0	0.2775596283043471	([325], [325, 324])
0	0.0	0.27757378113333947	([113], [113, 112])
0	0.0	0.27770816177545593	([309], [309, 308])
0	0.0	0.2777467009020155	([89], [89, 88])
0	0.0	0.2778259891210321	([199], [199, 198])
0	0.0	0.27803606345112475	([230], [230, 229])
0	0.0	0.2780626680574041	([123], [123, 122])
0	0.0	0.2782149787563445	([304], [304, 303])
0	0.0	0.278327701506449	([419], [419, 418])
0	0.0	0.278340004987952	([328], [328, 327])
0	0.0	0.2784260729507753	([25], [25, 24])
0	0.0	0.2786007196217925	([268], [268, 267])
0	0.0	0.27870724118645385	([319], [319, 318])
0	0.0	0.27880833480684514	([163], [163, 162])
0	0.0	0.27883844944095376	([226], [226, 225])
0	0.0	0.278867429735225	([40], [40, 39])
0	0.0	0.27889799180009395	([388], [388, 387])
0	0.0	0.2789300240559921	([42], [42, 41])
0	0.0	0.27898370259010985	([362], [362, 361])
0	0.0	0.2791591732573591	([281], [281, 280])
0	0.0	0.27916212604959245	([290], [290, 289])
0	0.0	0.2792207484856041	([332], [332, 331])
0	0.0	0.27922436023812724	([84], [84, 83])
0	0.0	0.27933119029079223	([245], [245, 244])
0	0.0	0.2794894342393161	([473], [473, 472])
0	0.0	0.27949006998030906	([442], [442, 441])
0	0.0	0.27970215285993216	([43], [43, 42])
0	0.0	0.27973697465622815	([459], [459, 458])
0	0.0	0.27973704411977557	([194], [194, 193])
0	0.0	0.27985082234599795	([39], [39, 38])
0	0.0	0.2799578317759071	([210], [210, 209])
0	0.0	0.2800360914716474	([215], [215, 214])
0	0.0	0.28025705210524804	([207], [207, 206])
0	0.0	0.2803499859456041	([434], [434, 433])
0	0.0	0.2803645410848148	([243], [243, 242])
0	0.0	0.2804692936138716	([410], [410, 409])
0	0.0	0.2805828760945018	([162], [162, 161])
0	0.0	0.28064186288940923	([448], [448, 447])
0	0.0	0.28082499504476577	([204], [204, 203])
0	0.0	0.280944806278076	([202], [202, 201])
0	0.0	0.28103611078136453	([101], [101, 100])
0	0.0	0.28106602875171177	([358], [358, 357])
0	0.0	0.2811537447566918	([87], [87, 86])
0	0.0	0.28132690543681066	([277], [277, 276])
0	0.0	0.2813688354169535	([164], [164, 163])
0	0.0	0.28154545726865565	([239], [239, 238])
0	0.0	0.2816470254810356	([391], [391, 390])
0	0.0	0.28231984955092315	([213], [213, 212])
0	0.0	0.28239762689245174	([270], [270, 269])
0	0.0	0.2824208057690232	([158], [158, 157])
0	0.0	0.2825304809218455	([327], [327, 326])
0	0.0	0.2826606114294088	([115], [115, 114])
0	0.0	0.28267836410963015	([374], [374, 373])
0	0.0	0.282744294114373	([347], [347, 346])
0	0.0	0.28281856942560524	([227], [227, 226])
0	0.0	0.2829048477647413	([324], [324, 323])
0	0.0	0.28291133294888776	([282], [282, 281])
0	0.0	0.2829315734609957	([273], [273, 272])
0	0.0	0.2829817387943052	([287], [287, 286])
0	0.0	0.28311859415483603	([283], [283, 282])
0	0.0	0.2833304408481873	([234], [234, 233])
0	0.0	0.28345302043012893	([331], [331, 330])
0	0.0	0.2838884828701646	([394], [394, 393])
0	0.0	0.28393392748424423	([167], [167, 166])
0	0.0	0.28413077998287867	([83], [83, 82])
0	0.0	0.2841436526209323	([254], [254, 253])
0	0.0	0.2844021462949436	([235], [235, 234])
0	0.0	0.28440220003504224	([249], [249, 248])
0	0.0	0.2846457690563267	([217], [217, 216])
0	0.0	0.28505155884106614	([47], [47, 46])
0	0.0	0.2852883705202031	([192], [192, 191])
0	0.0	0.2855025696938798	([445], [445, 444])
0	0.0	0.2855652037318719	([298], [298, 297])
0	0.0	0.2856451679605866	([156], [156, 155])
0	0.0	0.28594333933504684	([233], [233, 232])
0	0.0	0.28596293233619974	([90], [90, 89])
0	0.0	0.2863219476231501	([359], [359, 358])
0	0.0	0.28634392807019166	([196], [196, 195])
0	0.0	0.2867176200489018	([326], [326, 325])
0	0.0	0.28697894259531487	([257], [257, 256])
0	0.0	0.28709108145123796	([380], [380, 379])
0	0.0	0.2872422831375627	([126], [126, 125])
0	0.0	0.28781380980166604	([244], [244, 243])
0	0.0	0.28783104525842146	([335], [335, 334])
0	0.0	0.2878710345638011	([367], [367, 366])
0	0.0	0.28795864620676986	([341], [342, 340])
0	0.0	0.2887467942668917	([225], [225, 224])
0	0.0	0.28891358607569345	([70], [70, 69])
0	0.0	0.28914847914856096	([255], [255, 254])
0	0.0	0.2892306478748229	([193], [193, 192])
0	0.0	0.28935599195277434	([349], [349, 348])
0	0.0	0.2899509100204863	([386], [386, 385])
0	0.0	0.28998145253231117	([343], [343, 342])
0	0.0	0.2900519922836998	([63], [63, 62])
0	0.0	0.2902348502822876	([45], [45, 44])
0	0.0	0.2902598692583808	([242], [242, 241])
0	0.0	0.29048135571846334	([433], [433, 432])
0	0.0	0.29057237317115936	([318], [318, 317])
0	0.0	0.2906790915322862	([251], [251, 250])
0	0.0	0.29070169226179854	([369], [369, 368])
0	0.0	0.2909981982290203	([236], [236, 235])
0	0.0	0.2912123721111614	([232], [232, 231])
0	0.0	0.2913749521109007	([121], [121, 120])
0	0.0	0.2915474612827347	([360], [360, 359])
0	0.0	0.2921954329612422	([271], [271, 270])
0	0.0	0.29234730030576944	([322], [322, 321])
0	0.0	0.292452599323833	([288], [288, 287])
0	0.0	0.2925115259047952	([416], [416, 415])
0	0.0	0.29257995422806704	([350], [350, 349])
0	0.0	0.2926215313809989	([437], [437, 436])
0	0.0	0.29289872489310625	([316], [316, 315])
0	0.0	0.29296472108934973	([357], [357, 356])
0	0.0	0.2935054340903321	([252], [252, 251])
0	0.0	0.29360139494077064	([68], [68, 67])
0	0.0	0.29362623646425057	([351], [351, 350])
0	0.0	0.29374020074315627	([206], [206, 205])
0	0.0	0.29406994511145285	([183], [183, 182])
0	0.0	0.29461170629573563	([35], [35, 34])
0	0.0	0.29466735960929613	([354], [354, 353])
0	0.0	0.29491053271133416	([190], [190, 189])
0	0.0	0.2950374184595832	([402], [402, 401])
0	0.0	0.29503901477439953	([184], [184, 183])
0	0.0	0.2950610171673213	([397], [397, 396])
0	0.0	0.2951037053131466	([455], [455, 454])
0	0.0	0.29531692706099044	([37], [37, 36])
0	0.0	0.29549912921981547	([371], [371, 370])
0	0.0	0.29559974133670813	([246], [246, 245])
0	0.0	0.2962795589386639	([33], [33, 32])
0	0.0	0.2962824026607135	([50], [50, 49])
0	0.0	0.29661994969645417	([27], [27, 26])
0	0.0	0.29668417009087655	([240], [240, 239])
0	0.0	0.2967153573019365	([67], [68, 66])
0	0.0	0.29692420363640576	([381], [381, 380])
0	0.0	0.29720469254512716	([205], [205, 204])
0	0.0	0.29722122325059713	([356], [356, 355])
0	0.0	0.29729237429405364	([258], [258, 257])
0	0.0	0.2975213939516803	([377], [377, 376])
0	0.0	0.29769504455725976	([222], [222, 221])
0	0.0	0.2980960997942665	([209], [209, 208])
0	0.0	0.2982285348421591	([41], [41, 40])
0	0.0	0.2986010847746002	([329], [329, 328])
0	0.0	0.29912406790479185	([461], [461, 460])
0	0.0	0.29913049843498707	([340], [340, 339])
0	0.0	0.2991398806406924	([179], [179, 178])
0	0.0	0.2992377131563185	([149], [149, 148])
0	0.0	0.2993955217842654	([320], [320, 319])
0	0.0	0.2994018546788562	([160], [160, 159])
0	0.0	0.299470883534252	([135], [135, 134])
0	0.0	0.30003053571271643	([373], [373, 372])
0	0.0	0.30003151147700174	([98], [98, 97])
0	0.0	0.3000617100908529	([23], [23, 21])
0	0.0	0.3004321148926093	([376], [376, 375])
0	0.0	0.3007477740718451	([117], [117, 116])
0	0.0	0.3010528560301967	([383], [383, 382])
0	0.0	0.3010982490143166	([426], [426, 425])
0	0.0	0.30133238097051773	([355], [355, 354])
0	0.0	0.3013523591561557	([66], [66, 65])
0	0.0	0.30210638534442996	([344], [344, 343])
0	0.0	0.3021133564375302	([154], [154, 153])
0	0.0	0.30378695918592885	([299], [300, 298])
0	0.0	0.30403139251938893	([423], [423, 422])
0	0.0	0.304286133617235	([108], [108, 106])
0	0.0	0.30459373401876183	([69], [69, 68])
0	0.0	0.3052270698690291	([142], [142, 141])
0	0.0	0.3057498353261178	([378], [378, 377])
0	0.0	0.30579979567038046	([365], [365, 364])
0	0.0	0.305874615618285	([266], [266, 265])
0	0.0	0.3059602267549323	([379], [379, 378])
0	0.0	0.30610689763543575	([54], [54, 53])
0	0.0	0.3063221507224457	([95], [95, 94])
0	0.0	0.3067558391630263	([436], [436, 435])
0	0.0	0.30693340295402766	([443], [443, 442])
0	0.0	0.3076627800476498	([105], [105, 104])
0	0.0	0.30819238883932987	([469], [469, 468])
0	0.0	0.30863368100788446	([375], [375, 374])
0	0.0	0.30886638941629524	([308], [308, 307])
0	0.0	0.30912002401735605	([7], [7, 6])
0	0.0	0.30913067313958814	([390], [390, 389])
0	0.0	0.3094140098759904	([171], [171, 170])
0	0.0	0.30954648316262545	([57], [57, 56])
0	0.0	0.30989856438514823	([399], [399, 398])
0	0.0	0.3103478638958202	([31], [31, 29])
0	0.0	0.3103692948218533	([9], [9, 8])
0	0.0	0.3109498353596708	([346], [346, 344])
0	0.0	0.31157570896228476	([238], [238, 237])
0	0.0	0.31185127613367114	([286], [286, 285])
0	0.0	0.3120786239300196	([301], [301, 300])
0	0.0	0.31237259570740866	([307], [307, 306])
0	0.0	0.312560560646446	([429], [429, 428])
0	0.0	0.3126603058877908	([413], [413, 412])
0	0.0	0.3133998462451411	([279], [279, 278])
0	0.0	0.31395743319321845	([440], [440, 439])
0	0.0	0.31433402189537957	([173], [173, 172])
0	0.0	0.3143514269915794	([129], [129, 128])
0	0.0	0.3153334103285925	([312], [312, 311])
0	0.0	0.3173653196859162	([8], [8, 7])
0	0.0	0.31861629844756023	([24], [31, 30])
0	0.0	0.31869585201066464	([79], [79, 78])
0	0.0	0.31891297688161163	([22], [22, 21])
0	0.0	0.3194195028069989	([247], [247, 246])
0	0.0	0.31943410382657106	([30], [24, 23])
0	0.0	0.31985521657366267	([382], [382, 381])
0	0.0	0.3204553548895448	([187], [187, 186])
0	0.0	0.3206533063543912	([114], [114, 113])
0	0.0	0.3214170932628387	([181], [181, 180])
0	0.0	0.32161361135907485	([220], [220, 219])
0	0.0	0.32251221836153415	([395], [395, 394])
0	0.0	0.3232415958966805	([198], [198, 197])
0	0.0	0.32506000158750104	([334], [334, 333])
0	0.0	0.3251430891795148	([5], [5, 4])
0	0.0	0.32585088838706	([185], [185, 184])
0	0.0	0.32732489275909576	([315], [315, 314])
0	0.0	0.32753345590061944	([451], [451, 450])
0	0.0	0.32822639257511094	([188], [188, 187])
0	0.0	0.329558404725921	([86], [86, 85])
0	0.0	0.3297191090774664	([176], [176, 175])
0	0.0	0.33080937889961026	([4], [4, 2])
0	0.0	0.33166454370794884	([186], [186, 184])
0	0.0	0.3322763966682441	([408], [408, 407])
0	0.0	0.3330272755359042	([212], [212, 211])
0	0.0	0.3339194997958088	([144], [144, 143])
0	0.0	0.3369221840239453	([169], [169, 168])
0	0.0	0.3376334356270696	([229], [229, 228])
0	0.0	0.3396199591478441	([295], [295, 294])
0	0.0	0.3404136844104092	([263], [263, 262])
0	0.0	0.34948442773302535	([2], [7, 3])
0	0.0	0.35121693646176877	([18], [18, 17])
0	0.0	0.3515168621281013	([339], [339, 338])
0	0.0	0.35488069364710373	([446], [446, 445])
0	0.0	0.362306623420919	([274], [274, 273])
1	0.38800535850424916	0.40491931368143763	([380, 374], [379, 378, 374])
0	0.0	0.592848910653872	([3], [5, 1])
1	0.6240651103320092	0.6262236598796083	([463, 443], [461, 452, 448])
1	0.624780223827435	0.6288275089209253	([450, 419], [450, 433, 427])
1	0.602111205243154	0.6290152205199859	([30, 2], [30, 22, 15])
1	0.6261122636484726	0.6334281605528509	([462, 444], [462, 461, 444])
1	0.6299125967848004	0.6450930962712688	([171, 154], [171, 164, 155])
1	0.6458127462548767	0.6500875731664917	([149, 131], [149, 141, 131])
1	0.6240361421598482	0.6570831207592667	([18, 3], [18, 11, 8])
1	0.6567660510883928	0.6605474198369022	([443, 410], [443, 424, 423])
1	0.5974120759472248	0.6632854252708804	([22, 2], [22, 9, 7])
1	0.6570085810275228	0.6665174497842578	([48, 19], [48, 33, 24])
1	0.6647907052399967	0.6697965131159856	([62, 31], [62, 45, 31])
1	0.6498933296422694	0.6728646783500304	([444, 409], [444, 421, 415])
1	0.672407285729758	0.673670991439888	([388, 361], [388, 376, 366])
1	0.6713157526907915	0.6753508754772369	([341, 317], [341, 331, 317])
1	0.6761421137080543	0.6767664368315639	([91, 64], [91, 75, 68])
1	0.6757695499917018	0.6787986368249292	([170, 146], [170, 163, 146])
1	0.6795840071710404	0.6811914941302977	([413, 387], [413, 403, 387])
1	0.6824954858141759	0.6868729237500497	([250, 218], [250, 235, 219])
1	0.6747277696720642	0.6885361632567915	([50, 10], [50, 38, 10])
1	0.6875184940170825	0.6897210223359306	([42, 3], [42, 26, 3])
1	0.6256039350839109	0.6898446093798611	([67, 2], [67, 55, 30])
1	0.6803007909975994	0.6909289930748981	([376, 342], [376, 363, 356])
1	0.6912270544663917	0.6913423863083156	([66, 35], [67, 66, 22])
1	0.685347562566601	0.6925513040913794	([377, 335], [374, 363, 346])
1	0.685381016089494	0.69316559132967	([173, 136], [173, 156, 153])
1	0.6775273188400502	0.6932974981639175	([462, 402], [462, 443, 410])
1	0.6834102859169151	0.6947044234568533	([85, 52], [85, 73, 52])
1	0.6466515228132625	0.6950537975445412	([211, 171], [211, 190, 185])
1	0.6890634799293975	0.6951773390310343	([416, 390], [416, 405, 395])
1	0.6870602484922835	0.6953426192820623	([64, 18], [64, 36, 34])
1	0.6928488652793527	0.6963198961669551	([426, 392], [426, 421, 392])
1	0.6875859631647352	0.6970243068368215	([418, 370], [426, 418, 370])
1	0.6959617560101311	0.6982768326331463	([341, 305], [341, 319, 317])
1	0.6964985301811535	0.6983550781635898	([248, 214], [248, 233, 223])
1	0.6961142933906277	0.6991079893835809	([317, 288], [317, 304, 295])
1	0.7007894201740582	0.7018689762508871	([476, 411], [476, 468, 411])
1	0.6986688527058869	0.7018933988484984	([209, 168], [209, 179, 170])
1	0.7019978260799402	0.7022092279554382	([422, 394], [422, 406, 401])
1	0.6883212858176856	0.7025817218433779	([394, 345], [394, 375, 374])
1	0.6968312818737131	0.7028948926163618	([325, 293], [325, 308, 293])
1	0.6824362489230854	0.7045880387780064	([116, 76], [116, 93, 71])
1	0.6890081830423196	0.7049558078294655	([469, 403], [469, 461, 404])
1	0.7005807235588045	0.7051568267327483	([418, 330], [418, 349, 347])
1	0.6716186277710278	0.7051568267327483	([418, 349], [418, 370, 347])
1	0.6811276628883352	0.7057447301833301	([468, 407], [461, 458, 407])
1	0.699998333497213	0.7079287413526649	([371, 317], [371, 335, 333])
1	0.7048207465333691	0.7083489591134551	([333, 287], [333, 310, 299])
1	0.6981027074083808	0.7085320940460286	([429, 398], [429, 421, 398])
1	0.677732775047323	0.7112551643489284	([375, 330], [375, 345, 344])
1	0.7016783034351379	0.7115941442740001	([427, 367], [427, 419, 367])
1	0.7084320558920488	0.7119077086637847	([84, 35], [84, 65, 35])
1	0.6713718678980911	0.7119264578156438	([119, 72], [119, 116, 72])
1	0.6806772777290754	0.7120143557204212	([405, 341], [405, 385, 376])
1	0.6932338466085968	0.7124863750810205	([168, 119], [168, 158, 119])
1	0.7007288231272683	0.7125218943840423	([421, 373], [421, 417, 373])
1	0.6918338686099554	0.713038077959531	([417, 368], [417, 397, 368])
1	0.6878694254758224	0.713294995069704	([253, 197], [253, 237, 223])
1	0.698504810181465	0.7133946344203599	([171, 114], [171, 131, 91])
1	0.6595782814135746	0.7135832037662666	([391, 338], [391, 368, 338])
1	0.7102439394533517	0.7140243424277478	([400, 310], [400, 389, 329])
1	0.7147399624088123	0.7151279508611756	([87, 18], [87, 64, 56])
1	0.6971354621728666	0.7152730113162092	([419, 366], [453, 434, 420])
1	0.7008285499416267	0.71539540352422	([461, 376], [461, 404, 380])
1	0.7078264809799992	0.7154933687303684	([171, 73], [171, 91, 73])
1	0.6991374325126134	0.7157458264009656	([469, 377], [469, 404, 377])
1	0.7078871167918949	0.7158722833756929	([425, 372], [453, 425, 420])
1	0.6972580689049359	0.7161265068599085	([470, 384], [471, 410, 404])
1	0.7092675667944697	0.7162179536111191	([437, 378], [437, 431, 378])
1	0.6858924578000516	0.7165655745117063	([209, 142], [209, 168, 141])
1	0.7117343435753931	0.7167422960380058	([109, 59], [115, 109, 59])
1	0.6897510071227052	0.7174993770672001	([453, 367], [427, 392, 390])
1	0.7128782899166789	0.718278659376555	([113, 3], [113, 71, 69])
1	0.7060253880300564	0.7185259080733747	([237, 188], [237, 215, 205])
1	0.6942160252634403	0.7186861845140577	([447, 365], [453, 447, 374])
1	0.7012192266620971	0.718715067419074	([58, 8], [63, 58, 8])
1	0.7036198347972888	0.7192031150017718	([416, 1], [443, 416, 390])
1	0.7081980099261255	0.7194591181689046	([75, 24], [75, 58, 24])
1	0.7153742448950962	0.7197484411357822	([454, 395], [454, 415, 397])
1	0.697363402584942	0.7199696009212282	([431, 393], [440, 431, 396])
1	0.7062949159410131	0.720081679267095	([212, 172], [212, 207, 165])
1	0.7164805831720408	0.7201265988107289	([208, 163], [208, 180, 175])
1	0.7043347508417723	0.7201420228836994	([449, 360], [449, 431, 369])
1	0.7113938798698177	0.7203202226236418	([413, 364], [421, 413, 364])
1	0.7190753301309042	0.7204177676121636	([143, 104], [143, 120, 119])
1	0.7136416276355917	0.7204292091316871	([479, 409], [479, 466, 461])
1	0.709809017046921	0.7205776596188366	([458, 382], [458, 453, 367])
1	0.721792305616117	0.7218066527810071	([230, 179], [230, 219, 195])
1	0.7214246093605152	0.7220381026336391	([116, 32], [116, 71, 61])
1	0.7173541447755997	0.7220733991494716	([416, 357], [416, 390, 369])
1	0.6881931007742909	0.7223843835922725	([105, 52], [105, 85, 78])
1	0.7217724384932941	0.7230340176420876	([414, 352], [414, 397, 352])
1	0.7225332157442983	0.7233044495138047	([213, 154], [213, 207, 154])
1	0.7107638135664449	0.7237381708436024	([70, 7], [70, 58, 7])
1	0.7024297140816905	0.7238698748890513	([69, 3], [69, 60, 3])
1	0.7154723013438575	0.7245026564624002	([162, 3], [162, 151, 3])
1	0.7125562575274963	0.7245883863894619	([86, 31], [86, 70, 31])
1	0.7222164528635442	0.7247793259523223	([284, 251], [284, 269, 258])
1	0.7231047209412037	0.7250528545741689	([352, 309], [398, 352, 345])
1	0.7173465207308839	0.7250868287794809	([396, 334], [396, 369, 356])
1	0.7222571160581303	0.7254574310486925	([258, 167], [258, 241, 167])
1	0.7144127357779259	0.7261231066557874	([294, 248], [294, 291, 248])
1	0.6990645249425597	0.7261904724074161	([177, 148], [177, 171, 148])
1	0.7017641753260223	0.7262344922292718	([420, 391], [420, 404, 391])
1	0.7153531006394078	0.726394002108383	([282, 244], [282, 270, 264])
1	0.7018574060978436	0.7264497900730752	([398, 309], [381, 340, 329])
1	0.7084453862516312	0.7266028435519032	([114, 56], [114, 105, 30])
1	0.6910257685732403	0.7270333773805938	([371, 267], [371, 317, 291])
1	0.7228458747127369	0.7277350021694735	([253, 172], [253, 197, 179])
1	0.7264001884818044	0.7277350021694735	([250, 179], [253, 250, 179])
1	0.7128992993864719	0.7278480900059973	([79, 27], [79, 66, 62])
1	0.7171798881867854	0.7280050681741966	([340, 295], [340, 320, 316])
1	0.715748341706606	0.7282270274355328	([377, 318], [377, 335, 327])
1	0.7193613079747085	0.7287343605618414	([263, 216], [263, 237, 216])
1	0.7058303636044958	0.7287633405178472	([416, 336], [416, 390, 337])
1	0.7268778556168637	0.7288599692581593	([449, 341], [449, 376, 360])
1	0.7126617144089719	0.7288856416419197	([129, 77], [129, 116, 77])
1	0.6965805852857987	0.7293052800637924	([419, 335], [419, 414, 335])
1	0.7276105870204185	0.7296324651549562	([91, 15], [91, 51, 35])
1	0.7074313039530741	0.7296324651549562	([117, 35], [117, 91, 35])
1	0.7112216626922433	0.7297216252681404	([142, 3], [151, 135, 118])
1	0.7023693372370429	0.7298205204902973	([157, 70], [157, 115, 70])
1	0.7024695980949464	0.7301860532968386	([357, 310], [357, 335, 310])
1	0.7149863814248058	0.7307965671815342	([241, 149], [241, 212, 174])
1	0.729183895070377	0.7307995183542372	([265, 203], [265, 245, 218])
1	0.7199698076382295	0.7307995183542372	([274, 218], [274, 265, 218])
1	0.7140172441202376	0.7315742130422855	([392, 331], [392, 370, 331])
1	0.7210232368496894	0.731727852190419	([185, 149], [185, 172, 149])
1	0.7120605179573605	0.7321426302940749	([295, 238], [295, 258, 257])
1	0.7272982613553834	0.7322827521868538	([172, 80], [172, 115, 113])
1	0.711040574992562	0.7322827521868538	([172, 113], [172, 157, 115])
1	0.6863528863646212	0.7323695676586459	([237, 171], [237, 230, 171])
1	0.6807137124538358	0.7325386104477996	([132, 68], [127, 113, 68])
1	0.7319358196547983	0.7327068547386165	([406, 307], [406, 402, 307])
1	0.7270748795797308	0.7329473135779369	([408, 306], [418, 408, 330])
1	0.71533502286638	0.7329508733287202	([243, 187], [249, 243, 196])
1	0.7295773203046855	0.7333804307166214	([402, 295], [402, 395, 307])
1	0.7173346312879225	0.7335775326067381	([456, 391], [456, 455, 391])
1	0.7062151068431329	0.7335984729700379	([149, 72], [149, 141, 72])
1	0.7332990571188446	0.7336173556521967	([460, 375], [460, 397, 392])
1	0.7286347476838446	0.7336739730400405	([259, 204], [259, 242, 219])
1	0.7197751237676155	0.7336739730400405	([269, 219], [269, 259, 219])
1	0.7308561496425501	0.7337037124318675	([349, 301], [349, 339, 301])
1	0.7212639939062877	0.7337038404671729	([169, 72], [171, 169, 72])
1	0.7109454474625678	0.7337502463128756	([147, 100], [147, 142, 100])
1	0.7283791435302319	0.733787185133213	([273, 235], [273, 235, 209])
1	0.733510021784759	0.7342209340584397	([367, 287], [367, 324, 307])
1	0.7302576410718484	0.7342923890498958	([271, 207], [272, 271, 207])
1	0.7142408653274478	0.7344531316385151	([181, 127], [181, 172, 127])
1	0.730386322287327	0.7345228208815759	([233, 189], [233, 215, 189])
1	0.7081630411947633	0.734666948560525	([140, 69], [140, 127, 87])
1	0.7228762846583254	0.7347800494393074	([366, 292], [367, 366, 287])
1	0.7184699724979733	0.7349191362833916	([182, 3], [182, 175, 3])
1	0.7103855677065698	0.734951430828737	([481, 382], [467, 402, 382])
1	0.7348604946411748	0.7350297755682165	([297, 237], [297, 279, 273])
1	0.7350137372314025	0.7358985932110095	([404, 299], [404, 390, 299])
1	0.7286129656153117	0.7360880510935831	([416, 316], [416, 357, 310])
1	0.7315129901469267	0.7363281290968786	([356, 303], [356, 341, 306])
1	0.7111416558955792	0.7364171193587654	([411, 333], [411, 397, 333])
1	0.7355689240526031	0.736583215814667	([261, 211], [261, 240, 217])
1	0.7313476322352617	0.7367169846529835	([215, 146], [215, 178, 146])
1	0.7297819658783123	0.7367595240442929	([388, 317], [388, 371, 361])
1	0.7323749988794906	0.7368451597482856	([229, 155], [229, 213, 155])
1	0.7312521534355764	0.7369405462108964	([98, 25], [113, 98, 25])
1	0.7321290202849414	0.7369880669286496	([76, 11], [76, 55, 37])
1	0.7293565421107695	0.7370625848234178	([452, 313], [452, 371, 340])
1	0.7216463822343885	0.7370805028929294	([301, 249], [288, 275, 234])
1	0.7267625016024335	0.7371343557774486	([244, 162], [233, 229, 155])
1	0.7364317796083788	0.7373284913074265	([303, 228], [291, 248, 222])
1	0.7201833447313128	0.7373284913074265	([296, 220], [296, 291, 222])
1	0.718185702942624	0.7374740704137632	([280, 214], [280, 257, 248])
1	0.7326416626715326	0.7374760408513702	([293, 221], [293, 277, 224])
1	0.7303008064444402	0.7374760408513702	([277, 224], [296, 293, 224])
1	0.7275251850586012	0.7377806235952298	([124, 88], [124, 120, 88])
1	0.7239337893627028	0.7379890460596903	([232, 169], [232, 209, 169])
1	0.7336772106336256	0.7380132196291982	([308, 213], [288, 280, 213])
1	0.7311752040609636	0.7381078172882592	([391, 297], [391, 338, 297])
1	0.721906255444055	0.7382525111800933	([132, 33], [132, 52, 33])
1	0.7307811648746331	0.7382979648541084	([275, 156], [275, 156, 155])
1	0.7074388349533925	0.7384979573194379	([276, 171], [276, 263, 237])
1	0.73134124288081	0.7388453038657549	([231, 140], [231, 215, 146])
1	0.7122995486531671	0.7389071468456854	([249, 196], [243, 221, 215])
1	0.7375356049128636	0.7389420575646369	([136, 12], [136, 77, 64])
1	0.7217760017031956	0.7389605907785082	([298, 225], [313, 298, 236])
1	0.725029643751189	0.7393179288466422	([417, 332], [417, 371, 332])
1	0.7208180997870995	0.7393214035542501	([453, 334], [453, 368, 316])
1	0.7353615293604092	0.7394120736212358	([174, 68], [174, 154, 132])
1	0.7390946375034274	0.739671319033807	([211, 119], [231, 221, 119])
1	0.7229869792621619	0.7397261364062125	([259, 178], [259, 204, 178])
1	0.733501111948263	0.7397336559752465	([128, 82], [128, 113, 69])
1	0.6966250339529639	0.7397454779623467	([148, 101], [148, 128, 98])
1	0.7363085104194512	0.7399928251024211	([140, 28], [140, 69, 28])
1	0.7347369253000957	0.7401951093132443	([258, 191], [258, 241, 216])
1	0.7391677296738075	0.7402298555660631	([142, 62], [142, 100, 79])
1	0.7330694942123104	0.7404057437636611	([240, 141], [240, 141, 121])
1	0.7323008815708933	0.7404869221623217	([299, 151], [299, 215, 212])
1	0.7181249983226422	0.7404869221623217	([294, 215], [299, 287, 212])
1	0.7267937037645626	0.7411309743995946	([159, 61], [159, 133, 61])
1	0.7400627321001845	0.7411337044744247	([121, 29], [121, 104, 29])
1	0.7362840776999692	0.7413609422251506	([231, 119], [231, 140, 119])
1	0.728566345761162	0.7416259087082794	([146, 74], [146, 114, 74])
1	0.7264987351482683	0.741762853792179	([275, 112], [287, 275, 155])
1	0.7397840959425053	0.7418200713878219	([413, 313], [413, 400, 329])
1	0.7078061119513226	0.7420076728706421	([287, 212], [287, 250, 248])
1	0.7197033639470244	0.7420088573685262	([170, 50], [167, 166, 59])
1	0.6982775059452475	0.7420487618709473	([252, 171], [276, 252, 233])
1	0.7134056972430263	0.7420925856100434	([143, 30], [143, 75, 71])
1	0.7107880944362991	0.7421119772726475	([272, 199], [271, 268, 210])
1	0.7112612557289902	0.7421705940460697	([450, 361], [450, 415, 361])
1	0.7396635051589129	0.742244395324561	([248, 166], [248, 166, 151])
1	0.7318242523634564	0.7423158189127924	([147, 80], [147, 106, 100])
1	0.7316606180160646	0.7423911442787757	([161, 46], [161, 136, 62])
1	0.7420821204026361	0.7424785375448663	([214, 143], [214, 173, 153])
1	0.727616317544401	0.7426964525859074	([123, 45], [123, 113, 45])
1	0.7303372689514765	0.7431620338794597	([240, 121], [241, 233, 121])
1	0.7308702472719687	0.7432008386939357	([172, 49], [172, 115, 15])
1	0.721692089124903	0.7434268428647871	([161, 109], [161, 109, 103])
1	0.7269450763384501	0.7435662053477584	([212, 123], [212, 188, 123])
1	0.7088079381629845	0.743617562545554	([180, 93], [173, 149, 93])
1	0.7245445321259137	0.7436421233919288	([167, 89], [167, 161, 89])
1	0.7289507697478752	0.7437748968724289	([256, 185], [240, 218, 185])
1	0.7367953191524624	0.7442017327446224	([373, 260], [369, 366, 260])
1	0.7395129384312117	0.7444374536890819	([252, 96], [248, 226, 96])
1	0.7397823743582704	0.7445090109549642	([96, 39], [96, 89, 39])
1	0.7438555680689285	0.745192526900619	([285, 230], [285, 262, 248])
1	0.7297086890462546	0.7453360415702274	([292, 233], [292, 263, 254])
1	0.714380166233585	0.7453812275821298	([290, 219], [290, 269, 265])
1	0.7307103532091119	0.7457618408291687	([227, 145], [227, 210, 161])
1	0.7444898629415622	0.7457938427125239	([138, 40], [138, 40, 7])
1	0.7406772097068963	0.7457938427125239	([138, 24], [146, 138, 7])
1	0.7449831166683359	0.7460628391404663	([102, 27], [102, 69, 29])
1	0.7285752347194822	0.7460729558762523	([200, 145], [219, 200, 177])
1	0.7262973879241701	0.7461697940527534	([312, 218], [312, 296, 218])
1	0.7092795459906202	0.7463013303906726	([203, 144], [202, 175, 144])
1	0.7442138524243087	0.7464035568539356	([336, 272], [336, 305, 272])
1	0.7355412167319502	0.746727001820137	([141, 34], [141, 80, 34])
1	0.7247573359933682	0.746737138717406	([287, 164], [276, 275, 171])
1	0.7276706093814918	0.746848795309069	([293, 154], [299, 293, 154])
1	0.7405538871534908	0.7468827265382529	([125, 57], [134, 125, 57])
1	0.7297095929805043	0.7472799658702002	([248, 150], [248, 227, 161])
1	0.7383735503417279	0.7473980978003011	([160, 69], [160, 138, 113])
1	0.7472072695944767	0.7476225246192458	([275, 200], [275, 240, 200])
1	0.738215755327986	0.7476902592587633	([352, 275], [405, 310, 299])
1	0.7383882355657171	0.7476902592587633	([481, 299], [481, 405, 299])
1	0.7409695887883864	0.7476984773181844	([364, 266], [369, 364, 266])
1	0.7086747277815026	0.7478899427302204	([260, 152], [275, 274, 171])
1	0.7436876944237736	0.7485295179134084	([399, 308], [413, 399, 313])
1	0.7436019480676382	0.7489637048923389	([136, 38], [136, 62, 38])
1	0.7474332434778744	0.7495988997543176	([380, 273], [380, 338, 273])
1	0.7368087761794734	0.7496834599775009	([286, 176], [286, 269, 176])
1	0.7386531997743985	0.7507851766302304	([392, 272], [392, 370, 285])
1	0.7437099324419907	0.7507947149337799	([218, 151], [248, 223, 151])
1	0.7384197271278068	0.7508314824784549	([372, 259], [368, 295, 270])
1	0.7478979273177768	0.7510264807155933	([297, 206], [297, 237, 212])
1	0.7351533569761679	0.7511624112262276	([283, 191], [289, 283, 191])
1	0.726218875588439	0.7513043869517619	([270, 173], [259, 257, 173])
1	0.6971222525628296	0.7516006921241242	([154, 41], [154, 132, 33])
1	0.7455616907826903	0.7517083611588544	([407, 350], [407, 376, 345])
1	0.7337632563181139	0.7518588532554231	([162, 97], [162, 116, 97])
1	0.7127331203884225	0.751871317480276	([420, 321], [420, 418, 304])
1	0.7391690460864898	0.7521291255885804	([146, 7], [138, 113, 30])
1	0.7416696899747658	0.7522291120567408	([304, 246], [304, 288, 246])
1	0.7307739892119871	0.7522347067460051	([377, 254], [377, 298, 295])
1	0.7520792946259528	0.7522475642874925	([337, 248], [337, 316, 302])
1	0.7442011833726052	0.7528979638290779	([374, 274], [374, 361, 274])
1	0.7401845206284999	0.7529234179261134	([139, 54], [139, 133, 54])
1	0.7416432031557602	0.7532711596324903	([430, 320], [430, 369, 360])
1	0.7348706690497046	0.7534281218972075	([160, 35], [160, 69, 35])
1	0.7366458967795038	0.7534766827320726	([317, 219], [317, 314, 219])
1	0.7388093205146937	0.7539063369894999	([436, 380], [436, 422, 380])
1	0.7445559419791181	0.7543218256796301	([122, 27], [122, 95, 35])
1	0.7279656588919099	0.754359932846075	([243, 164], [243, 215, 164])
1	0.7399050153319403	0.7546763762213371	([423, 324], [423, 371, 324])
1	0.7452821993525403	0.7549458320578283	([102, 7], [112, 102, 7])
1	0.7305508848647321	0.7550591023964607	([163, 31], [170, 163, 31])
1	0.7503008788589823	0.7553633030899628	([341, 246], [341, 246, 211])
1	0.7498944623314121	0.755427264387947	([273, 118], [273, 174, 166])
1	0.755116124716455	0.7556418035896844	([455, 318], [455, 419, 318])
1	0.7459669398689812	0.7556742091909087	([301, 188], [301, 273, 188])
1	0.7541583084003738	0.755718384281684	([236, 115], [236, 218, 151])
1	0.7340954719582476	0.7558440976336297	([251, 124], [251, 240, 124])
1	0.7467261374212413	0.7560474296145264	([330, 245], [330, 313, 245])
1	0.7544259758215318	0.7564488651132795	([197, 104], [221, 217, 120])
1	0.7482612442734556	0.756615428837821	([179, 99], [201, 179, 103])
1	0.7465832850991954	0.757064960882281	([201, 103], [179, 173, 99])
1	0.7048409508843982	0.7576481727792554	([210, 96], [248, 150, 144])
1	0.7378301056032824	0.757648238253331	([199, 102], [189, 170, 166])
1	0.7439720491191639	0.7578651054373401	([203, 110], [203, 144, 107])
1	0.7466298811506497	0.757952841393018	([359, 284], [359, 334, 313])
1	0.7578376405124232	0.7580395775660853	([416, 250], [416, 370, 228])
1	0.7328617392563459	0.7582179769846261	([165, 63], [167, 165, 47])
1	0.7503582714878627	0.7582337804946787	([283, 101], [283, 248, 101])
1	0.750133546233526	0.7582982218961691	([157, 37], [157, 147, 40])
1	0.7456765478155399	0.7583995481772181	([302, 203], [302, 284, 177])
1	0.7470581428567046	0.7586834773702704	([150, 8], [150, 115, 62])
1	0.7280496642101555	0.7590081002849817	([209, 78], [209, 142, 78])
1	0.7551611423956026	0.7591868211391206	([398, 271], [398, 310, 299])
1	0.7247765926255794	0.7593218385160951	([330, 184], [330, 319, 184])
1	0.7535446684409501	0.7593603161393322	([280, 120], [280, 161, 141])
1	0.7357160737734928	0.7595823402867303	([471, 303], [471, 414, 309])
1	0.7491543977795715	0.7596634199152412	([137, 17], [137, 73, 34])
1	0.7569129983309203	0.7596668888871578	([224, 103], [224, 141, 103])
1	0.7548212202183259	0.7599842593319789	([300, 168], [300, 287, 168])
1	0.7501863477737881	0.7600604321015829	([306, 199], [306, 211, 199])
1	0.7388137030692152	0.7600604321015829	([306, 166], [341, 306, 211])
1	0.6955151335012696	0.7601845697173184	([185, 84], [185, 171, 84])
1	0.7381231234820292	0.7603522314778394	([341, 211], [306, 241, 212])
1	0.7431670116559846	0.7606201438691765	([304, 196], [304, 246, 211])
1	0.7547591976454158	0.7608237433458318	([247, 148], [262, 247, 148])
1	0.754844824986128	0.7609289004479382	([343, 244], [372, 343, 251])
1	0.7546987479321539	0.7617711153078699	([313, 191], [313, 260, 191])
1	0.7532280766839999	0.7619596011232451	([244, 99], [244, 154, 99])
1	0.7569211092255902	0.7620275195076801	([235, 111], [235, 216, 111])
1	0.7577713757145651	0.7620566048745558	([195, 96], [209, 195, 96])
1	0.7444127947788672	0.7620660645157322	([214, 35], [214, 160, 143])
1	0.7355687093396684	0.762582610701302	([191, 85], [191, 175, 85])
1	0.7598812571054093	0.7627635041157498	([241, 35], [241, 167, 35])
1	0.7595731061326003	0.7627869413937787	([438, 299], [438, 414, 410])
1	0.7514089874021933	0.7633736688070432	([309, 173], [309, 298, 173])
1	0.7429695743040966	0.7639743617642756	([377, 232], [370, 288, 228])
1	0.744566873397751	0.7640239885121477	([222, 55], [222, 142, 55])
1	0.7361632747083395	0.7640847938406458	([351, 225], [378, 304, 211])
1	0.761383720024259	0.76423752947732	([220, 87], [220, 214, 87])
1	0.7593734595085185	0.7642476084034135	([406, 212], [406, 274, 212])
1	0.7333115535269493	0.7644119872245081	([351, 247], [351, 299, 247])
1	0.7630417120707653	0.7645922566244001	([165, 12], [166, 165, 12])
1	0.7431154778488436	0.7646593830104144	([319, 214], [319, 300, 214])
1	0.7508626803185517	0.7648771803631484	([338, 233], [343, 338, 244])
1	0.7573275308212652	0.7648771803631484	([390, 244], [390, 338, 244])
1	0.7366005747966471	0.7655866920504927	([182, 105], [182, 167, 120])
1	0.760544136601816	0.7657161473417854	([249, 107], [249, 219, 107])
1	0.7652742772232857	0.76594177699052	([252, 127], [252, 227, 216])
1	0.7416027231978757	0.766019619349251	([371, 224], [371, 253, 242])
1	0.7659917106042213	0.7662248286062762	([234, 118], [230, 222, 118])
1	0.7571815607015835	0.7668054471879415	([205, 134], [205, 174, 134])
1	0.7396099290688015	0.7669072127786396	([277, 146], [277, 215, 205])
1	0.7199115877958445	0.7669349855026623	([295, 198], [295, 289, 198])
1	0.7478475964894294	0.7673094913609632	([263, 109], [263, 242, 210])
1	0.7669724616748761	0.7674047606995961	([152, 10], [152, 114, 24])
1	0.7563478428456021	0.7677642696164024	([358, 252], [358, 341, 252])
1	0.7506069106306665	0.7678568278002559	([421, 294], [421, 340, 295])
1	0.7670361087925546	0.7679733516817415	([376, 143], [378, 376, 143])
1	0.757725722686591	0.7681481750455572	([378, 257], [378, 372, 255])
1	0.7375166652978138	0.7683340986584196	([464, 288], [464, 396, 374])
1	0.7528670415543166	0.7683944833100456	([130, 22], [130, 77, 76])
1	0.7668281383254948	0.7685044638648952	([265, 134], [275, 265, 156])
1	0.7488453908966421	0.7702229403086858	([234, 159], [234, 215, 150])
1	0.7652249179090262	0.7716461349044424	([288, 124], [288, 229, 142])
1	0.7681883729351047	0.7720748593110625	([206, 81], [206, 156, 133])
1	0.7652215475517892	0.772489722637	([294, 145], [294, 214, 180])
1	0.7646319256229006	0.7728479115212838	([345, 142], [391, 345, 297])
1	0.768446787160498	0.773208604708272	([375, 176], [375, 276, 269])
1	0.7641236814092072	0.7732351826198134	([330, 154], [330, 267, 184])
1	0.7695146926183872	0.7733868370641389	([324, 171], [324, 306, 171])
1	0.7659847064401061	0.7733868370641389	([377, 171], [377, 306, 171])
1	0.7493293077876043	0.7740451025917788	([223, 129], [265, 223, 129])
1	0.7558276871414061	0.7743805217350215	([341, 137], [341, 211, 137])
1	0.7592194057385696	0.7750225252565762	([217, 67], [217, 190, 67])
1	0.747559426566194	0.7750878427366279	([229, 68], [229, 108, 90])
1	0.7412855408128596	0.7750878427366279	([183, 108], [229, 183, 108])
1	0.73795707218183	0.7752128194942277	([193, 100], [270, 193, 100])
1	0.7640015693168953	0.7752708292162906	([315, 209], [315, 313, 209])
1	0.749058926223218	0.7755647557022765	([260, 83], [260, 162, 83])
1	0.7715472498613004	0.7758162771312488	([393, 256], [393, 304, 271])
1	0.7512599065204008	0.7760708896947766	([327, 203], [327, 302, 296])
1	0.7763571432406238	0.7771012789212304	([191, 16], [191, 181, 16])
1	0.7729405953193484	0.7772683672993773	([418, 257], [418, 300, 298])
1	0.76893854420602	0.7777591211149453	([393, 237], [393, 378, 237])
1	0.7666573981761887	0.7779644510220933	([332, 145], [332, 303, 145])
1	0.773223603767637	0.7794024487796382	([291, 125], [291, 249, 181])
1	0.7790572554183901	0.7796952960705688	([352, 207], [352, 287, 207])
1	0.7790301282916885	0.7803493579432433	([406, 154], [476, 406, 385])
1	0.7734265479502838	0.7805424645055391	([377, 54], [377, 373, 69])
1	0.7477484445069386	0.7807147682417347	([391, 142], [345, 344, 168])
1	0.7591900070690251	0.7807495664826926	([371, 193], [371, 224, 219])
1	0.7669283914060435	0.7807495664826926	([451, 219], [451, 371, 219])
1	0.7676301153292246	0.7809434699835173	([332, 213], [332, 299, 213])
1	0.7759185506429661	0.7811154015076343	([303, 88], [246, 143, 100])
1	0.7693921098559845	0.7813793179069238	([398, 214], [398, 271, 258])
1	0.7772055786341645	0.7818960385554504	([290, 102], [290, 263, 102])
1	0.7694299983530626	0.7823110670749255	([239, 80], [239, 227, 80])
1	0.7776898624442666	0.7824531179703442	([340, 186], [346, 340, 186])
1	0.7710261466899887	0.7825177113075665	([347, 143], [378, 347, 304])
1	0.7734121415991896	0.7827285530708952	([354, 195], [354, 295, 265])
1	0.7761491951844569	0.7833194424075453	([297, 128], [313, 297, 128])
1	0.7479156059407386	0.7834861683971458	([267, 85], [267, 244, 154])
1	0.7584112320250074	0.7835559330676787	([281, 66], [281, 247, 66])
1	0.77926711955997	0.7837950809481762	([463, 304], [463, 376, 363])
1	0.7759141203516964	0.7842928023877468	([400, 172], [400, 377, 172])
1	0.776521794929188	0.7844111815797532	([329, 136], [329, 273, 166])
1	0.7644359485254851	0.7846099705337066	([192, 57], [192, 142, 141])
1	0.7820884648565084	0.7849135668286622	([382, 109], [382, 109, 55])
1	0.7660354945836775	0.785256953085591	([476, 154], [406, 295, 154])
1	0.7742519377523708	0.7855379724480069	([382, 136], [382, 275, 136])
1	0.7851703745578856	0.7858184738218935	([320, 127], [320, 227, 224])
1	0.7801490979901997	0.7861056251828042	([386, 149], [386, 287, 160])
1	0.7780823117218109	0.7865935615119161	([304, 107], [297, 216, 171])
1	0.7849718547194016	0.7874628869230224	([368, 32], [377, 368, 32])
1	0.7237518289372477	0.7876164787862192	([445, 3], [445, 418, 370])
1	0.7875163914861387	0.7881009917914513	([315, 172], [315, 209, 172])
1	0.7634294302610406	0.7882084631737285	([125, 6], [125, 59, 6])
1	0.787167256094367	0.7882683951078087	([397, 213], [397, 306, 213])
1	0.7708789903023195	0.7883321969432451	([373, 69], [377, 202, 107])
1	0.7658363105383587	0.7886378199468355	([387, 139], [387, 378, 139])
1	0.7794404149747204	0.7892945170822587	([179, 54], [179, 171, 54])
1	0.7862758305448442	0.7894424649311882	([232, 73], [232, 144, 73])
1	0.7589018871664381	0.7900867569251759	([468, 8], [468, 41, 37])
1	0.7763370112607515	0.7904706527626788	([480, 157], [480, 185, 168])
1	0.781135687600382	0.7909602437261773	([382, 55], [382, 285, 274])
1	0.7906030352878315	0.7910279099026832	([302, 84], [302, 288, 84])
1	0.7903017115188294	0.7916602713112585	([378, 67], [378, 373, 67])
1	0.7778253860059028	0.7918325632875163	([391, 158], [391, 158, 142])
1	0.7390559171137873	0.7920936714883299	([468, 84], [468, 84, 41])
1	0.7871465837867583	0.792447041496595	([476, 253], [476, 385, 253])
1	0.7645689762287826	0.7929181350219598	([463, 161], [463, 382, 161])
1	0.7550188878143305	0.7929369172862997	([469, 34], [469, 467, 49])
1	0.7873954820591138	0.7934868826752077	([427, 195], [427, 345, 195])
1	0.7874108758088556	0.7935823093920098	([467, 124], [467, 409, 124])
1	0.7878007199109253	0.7939122813112927	([363, 177], [363, 348, 177])
1	0.7464236923517501	0.7942950599233068	([268, 52], [268, 249, 52])
1	0.7683048042765963	0.7943721568009559	([255, 27], [255, 154, 27])
1	0.7904787830278647	0.7943721568009559	([299, 27], [299, 154, 27])
1	0.7599182203066527	0.7951920608748968	([384, 141], [384, 378, 141])
1	0.7933820269368714	0.7955113045655858	([278, 77], [278, 141, 109])
1	0.7917129925587841	0.7959521993400827	([471, 70], [471, 136, 50])
1	0.7896791381317262	0.7976071445780853	([380, 104], [380, 373, 69])
1	0.7793968732212493	0.7976725687358985	([335, 79], [335, 258, 97])
1	0.7830985725731063	0.7976725687358985	([310, 89], [335, 310, 97])
1	0.7923067687124098	0.797757497097096	([369, 146], [369, 229, 141])
1	0.7905004373238294	0.7981064885058712	([397, 78], [397, 309, 150])
1	0.7828492238151259	0.7985894279534947	([410, 182], [410, 271, 182])
1	0.7114830749217838	0.7987763391544032	([135, 1], [296, 161, 135])
1	0.7192059595469936	0.7995210618641315	([468, 41], [468, 377, 114])
1	0.7293632445062148	0.7997383598643898	([470, 49], [481, 470, 167])
1	0.7925606370139835	0.8015861052634901	([318, 92], [318, 145, 87])
1	0.7815550998334478	0.8015861052634901	([317, 87], [318, 317, 87])
1	0.7954586575357557	0.8032252545798956	([406, 61], [406, 154, 61])
1	0.7858289741687858	0.8032397599192121	([190, 18], [190, 169, 18])
1	0.7663253238998216	0.8036538978098738	([388, 16], [388, 170, 16])
1	0.794918454966981	0.8044957950421152	([365, 118], [365, 229, 182])
1	0.7931637207153901	0.8045302073205345	([201, 8], [201, 137, 8])
1	0.8038667555550355	0.8050762956156756	([403, 32], [403, 399, 32])
1	0.8028730612499037	0.805093613234094	([408, 144], [408, 383, 144])
1	0.8001882187270685	0.8053829637308554	([307, 33], [380, 307, 33])
1	0.80303061245491	0.805906484046315	([418, 194], [418, 260, 234])
1	0.8019800260199869	0.8063780199453816	([435, 97], [435, 335, 303])
1	0.8050915589735078	0.8072354122984989	([351, 81], [351, 271, 81])
1	0.8063747463152398	0.8073397628297242	([298, 59], [298, 210, 132])
1	0.7886129058266809	0.8074721473190432	([364, 152], [364, 270, 217])
1	0.7053381635871723	0.8083531575797059	([300, 1], [466, 300, 249])
1	0.8072842123384772	0.8086502066550212	([402, 113], [402, 133, 113])
1	0.7991935446719253	0.8090441929796731	([375, 123], [375, 333, 123])
1	0.7997185849397609	0.8092215694465565	([473, 24], [473, 172, 171])
1	0.7818760385160552	0.8094202390935801	([475, 169], [475, 465, 169])
1	0.8081748856067752	0.8094693633227141	([481, 115], [481, 167, 150])
1	0.7864388761821346	0.809867001436141	([456, 119], [456, 218, 119])
1	0.8019732701827048	0.8104935217327381	([401, 10], [401, 155, 137])
1	0.7878464718813544	0.8106685033383824	([400, 57], [473, 400, 57])
1	0.7973345019512993	0.811210276534718	([430, 41], [430, 198, 152])
1	0.8088216068756526	0.813064893679772	([321, 81], [351, 321, 291])
1	0.807981626032037	0.8138085800347182	([328, 50], [389, 305, 50])
1	0.8129897897906995	0.8138997149372492	([448, 90], [448, 299, 90])
1	0.8041386376844082	0.8141162389206354	([313, 21], [313, 212, 21])
1	0.8090126034448457	0.814144277395181	([340, 74], [340, 186, 154])
1	0.7030247862519936	0.8162833733195521	([443, 1], [355, 296, 258])
1	0.8113954021480055	0.8167287207860182	([376, 42], [376, 294, 42])
1	0.813561017053737	0.8168060827516194	([461, 39], [461, 142, 99])
1	0.7917683769255996	0.8174543767488472	([478, 180], [478, 364, 180])
1	0.780931651046291	0.8178070700301527	([386, 22], [386, 160, 105])
1	0.8050632502719467	0.8188070457573334	([477, 135], [477, 410, 135])
1	0.8102698874005431	0.8189255324676149	([344, 98], [344, 238, 190])
1	0.8037787578818826	0.8209493380761288	([475, 130], [475, 407, 388])
1	0.8256688745212356	0.8267870361040877	([404, 15], [404, 143, 120])
1	0.7189460534445491	0.8280045121883354	([418, 3], [458, 418, 7])
1	0.8033349904203959	0.8333733971877618	([453, 58], [453, 334, 58])
1	0.8171992780114641	0.8370966231128069	([355, 17], [355, 105, 85])
1	0.8358915696618906	0.8381503844682209	([426, 53], [426, 202, 85])
1	0.7655132093099992	0.8461470817150282	([285, 6], [285, 56, 11])
1	0.6818004607203743	0.849537078579449	([37, 1], [38, 6, 3])
1	0.6915127439368203	0.8626547759152938	([355, 1], [135, 38, 9])
1	0.6195614483130878	0.8915208215787718	([185, 2], [185, 14, 8])
0	0.0	0.9518080784836243	([0], [13, 12])
0	0.0	inf	([1], [])
