0	0.0	0.02069031822111427	([68], [68, 9])
0	0.0	0.028730906309949896	([44], [44, 43])
0	0.0	0.030703535341899138	([27], [27, 17])
0	0.0	0.03478970587641068	([24], [24, 22])
0	0.0	0.2169286752608302	([207], [207, 206])
0	0.0	0.22854644711968297	([190], [190, 189])
0	0.0	0.2288738442599575	([173], [173, 172])
0	0.0	0.23050645202539097	([205], [205, 204])
0	0.0	0.23076296311159766	([204], [204, 203])
0	0.0	0.23087677196772374	([187], [187, 186])
0	0.0	0.2369549305494459	([140], [140, 139])
0	0.0	0.23917199479238876	([186], [186, 185])
0	0.0	0.24060482605936936	([165], [165, 164])
0	0.0	0.2432478345657293	([132], [132, 131])
0	0.0	0.24392622407968748	([185], [185, 184])
0	0.0	0.24455815022659547	([182], [182, 181])
0	0.0	0.24526834982378645	([170], [170, 169])
0	0.0	0.24621353022480771	([178], [178, 177])
0	0.0	0.2487192903819642	([164], [164, 163])
0	0.0	0.2488410862462268	([195], [195, 194])
0	0.0	0.24965431785021197	([51], [51, 50])
0	0.0	0.2500434282106774	([197], [197, 196])
0	0.0	0.2506312099594007	([166], [166, 165])
0	0.0	0.2528944653338228	([121], [121, 120])
0	0.0	0.2575946570704514	([156], [156, 155])
0	0.0	0.2603369688253724	([112], [112, 111])
0	0.0	0.26166314016379333	([135], [135, 134])
0	0.0	0.2623552929970107	([116], [116, 115])
0	0.0	0.2635838478229852	([79], [79, 78])
0	0.0	0.2643241586900577	([175], [175, 174])
0	0.0	0.2663540235989469	([163], [163, 162])
0	0.0	0.26655559086469327	([88], [88, 87])
0	0.0	0.26671530592905407	([126], [126, 125])
0	0.0	0.267081716367898	([142], [142, 141])
0	0.0	0.26728664242298855	([179], [179, 178])
0	0.0	0.2673047502369296	([67], [67, 66])
0	0.0	0.2674223022831245	([206], [206, 205])
0	0.0	0.2684853506198399	([82], [82, 81])
0	0.0	0.26934570982702755	([91], [91, 90])
0	0.0	0.27066922185651493	([110], [110, 109])
0	0.0	0.27197751154791294	([160], [160, 159])
0	0.0	0.27222930379491433	([111], [111, 110])
0	0.0	0.2722525128132042	([123], [123, 122])
0	0.0	0.2723548633693492	([149], [149, 148])
0	0.0	0.2724045084732961	([124], [124, 123])
0	0.0	0.27405641016387344	([125], [125, 124])
0	0.0	0.27634006391192156	([139], [139, 138])
0	0.0	0.2764276244235446	([143], [143, 142])
0	0.0	0.2767878964808924	([59], [59, 58])
0	0.0	0.27715815243797315	([157], [157, 156])
0	0.0	0.2774726323368885	([172], [172, 171])
0	0.0	0.278291395016541	([134], [134, 133])
0	0.0	0.2787930167101734	([176], [176, 175])
0	0.0	0.2813427289019356	([78], [78, 77])
0	0.0	0.28204438510261726	([177], [177, 176])
0	0.0	0.28206912088813135	([153], [153, 152])
0	0.0	0.28343817918332836	([141], [141, 140])
0	0.0	0.28427289584583065	([168], [168, 167])
0	0.0	0.28512870235217874	([66], [66, 65])
0	0.0	0.28538140005861495	([138], [138, 137])
0	0.0	0.28538959121076685	([118], [118, 117])
0	0.0	0.2874956296549515	([117], [117, 116])
0	0.0	0.28817370638117973	([113], [113, 112])
0	0.0	0.2888789468667262	([93], [93, 92])
0	0.0	0.28910033743743513	([148], [148, 147])
0	0.0	0.28930086640854047	([171], [171, 170])
0	0.0	0.28936715907546706	([114], [114, 113])
0	0.0	0.2895333274458006	([174], [174, 173])
0	0.0	0.2897753384359613	([73], [73, 72])
0	0.0	0.290552191414195	([115], [115, 114])
0	0.0	0.291698613478892	([60], [60, 59])
0	0.0	0.2919235763311257	([167], [167, 166])
0	0.0	0.29292883623995625	([106], [106, 105])
0	0.0	0.2929733634962639	([90], [90, 89])
0	0.0	0.29306610573559083	([200], [200, 199])
0	0.0	0.29350091712491005	([83], [83, 82])
0	0.0	0.2935210369602675	([152], [152, 151])
0	0.0	0.29471507151191184	([71], [71, 70])
0	0.0	0.29527341183798134	([76], [76, 75])
0	0.0	0.2959210848846917	([122], [122, 121])
0	0.0	0.29744246998754875	([131], [131, 130])
0	0.0	0.2984031733795237	([48], [48, 47])
0	0.0	0.2990508201861809	([81], [81, 80])
0	0.0	0.30009645590484296	([162], [162, 161])
0	0.0	0.30143488809719804	([105], [105, 104])
0	0.0	0.3017980630413248	([87], [87, 86])
0	0.0	0.3022905430100886	([84], [84, 83])
0	0.0	0.30277911955025766	([127], [127, 126])
0	0.0	0.3039121083109226	([169], [169, 168])
0	0.0	0.30411030162459574	([102], [102, 101])
0	0.0	0.3044367233585742	([52], [52, 51])
0	0.0	0.305159868749249	([77], [77, 76])
0	0.0	0.3052534875548458	([128], [128, 127])
0	0.0	0.30579805045874786	([196], [196, 0])
0	0.0	0.30610557257310445	([184], [184, 183])
0	0.0	0.30693521399193585	([130], [130, 129])
0	0.0	0.30715589024844003	([120], [120, 119])
0	0.0	0.30809399156525674	([202], [202, 201])
0	0.0	0.3087007887089972	([72], [72, 71])
0	0.0	0.30885468059683135	([92], [92, 90])
0	0.0	0.30898512712678167	([94], [94, 93])
0	0.0	0.3095475611737021	([151], [151, 149])
0	0.0	0.3111621633796245	([119], [119, 118])
0	0.0	0.3112223721836372	([56], [56, 55])
0	0.0	0.31320165376678105	([98], [98, 97])
0	0.0	0.3136514073376374	([183], [183, 182])
0	0.0	0.3145693722449445	([133], [133, 132])
0	0.0	0.3148602663653938	([58], [58, 57])
0	0.0	0.31648951438464296	([159], [159, 157])
0	0.0	0.3172992076197081	([161], [161, 160])
0	0.0	0.31737611095251167	([55], [55, 54])
0	0.0	0.3174462120852528	([103], [103, 102])
0	0.0	0.3176288592758494	([180], [180, 179])
0	0.0	0.31791024962943004	([61], [61, 60])
0	0.0	0.31917867102227687	([107], [107, 106])
0	0.0	0.3192988740557853	([199], [199, 198])
0	0.0	0.31943352765312194	([70], [70, 69])
0	0.0	0.31956734402696035	([49], [49, 48])
0	0.0	0.3207531303589206	([108], [108, 107])
0	0.0	0.3221606615133971	([65], [65, 64])
0	0.0	0.32234964620740275	([136], [136, 135])
0	0.0	0.3226270605141155	([181], [181, 180])
0	0.0	0.32297484177002134	([62], [62, 61])
0	0.0	0.32370533529799356	([137], [137, 136])
0	0.0	0.3245394020803234	([50], [52, 49])
0	0.0	0.3250004730928654	([54], [54, 53])
0	0.0	0.3252808561468414	([11], [11, 1])
0	0.0	0.3266316811517076	([104], [104, 103])
0	0.0	0.3271188430773037	([86], [86, 85])
0	0.0	0.3279259281758306	([74], [74, 73])
0	0.0	0.32796357751392363	([129], [129, 128])
0	0.0	0.3288419644821352	([57], [57, 56])
0	0.0	0.32909270980065686	([89], [89, 88])
0	0.0	0.3301371310027609	([97], [97, 96])
0	0.0	0.33065888644982494	([85], [85, 84])
0	0.0	0.3336328851997434	([101], [101, 100])
0	0.0	0.33559132687612	([75], [75, 74])
0	0.0	0.3385173934352639	([64], [64, 63])
0	0.0	0.3412040518138422	([95], [95, 94])
0	0.0	0.3417846350931569	([208], [208, 207])
0	0.0	0.3421557202145615	([203], [203, 202])
0	0.0	0.34359596269526416	([100], [100, 99])
0	0.0	0.3448780688037959	([96], [96, 95])
0	0.0	0.34576435936394145	([99], [99, 98])
0	0.0	0.3481823407342955	([194], [195, 0])
0	0.0	0.3509786849818685	([42], [42, 41])
0	0.0	0.3510968993186449	([69], [69, 67])
0	0.0	0.35247654371499226	([47], [47, 46])
0	0.0	0.354312621443471	([63], [63, 62])
0	0.0	0.3569418875429791	([80], [80, 79])
0	0.0	0.3587318511521049	([109], [109, 108])
0	0.0	0.3680968709228271	([53], [53, 52])
0	0.0	0.3693660789751328	([145], [145, 144])
0	0.0	0.37427951575486185	([198], [198, 197])
0	0.0	0.37459782585191037	([189], [189, 187])
0	0.0	0.3750878352822581	([147], [151, 150])
0	0.0	0.3759043409180983	([155], [159, 158])
0	0.0	0.37606776760584365	([188], [188, 187])
0	0.0	0.38176113814600315	([201], [201, 200])
0	0.0	0.38241578969580803	([154], [154, 153])
0	0.0	0.38516069130720604	([41], [41, 40])
0	0.0	0.38731964571618877	([150], [147, 145])
0	0.0	0.3875171806627504	([20], [20, 19])
0	0.0	0.3884373108439533	([193], [193, 192])
0	0.0	0.3908350923489298	([158], [155, 153])
0	0.0	0.39120195319406287	([46], [46, 45])
0	0.0	0.3914184944161941	([144], [144, 143])
0	0.0	0.3979500263974972	([25], [25, 23])
0	0.0	0.41657718538997535	([146], [146, 13])
0	0.0	0.4190900933796719	([0], [199, 5])
0	0.0	0.4253512491750685	([5], [194, 193])
0	0.0	0.4270443406989791	([13], [146, 145])
0	0.0	0.4286136360087503	([191], [191, 7])
0	0.0	0.43946314861462193	([192], [193, 190])
0	0.0	0.44933325555630593	([23], [25, 20])
0	0.0	0.4526604879518216	([7], [191, 5])
0	0.0	0.45557498985828143	([45], [46, 41])
0	0.0	0.46378926778025675	([28], [28, 1])
0	0.0	0.47731438394308795	([14], [14, 11])
0	0.0	0.4791222750452016	([29], [29, 28])
1	0.484010463732734	0.48682622657254965	([192, 191], [193, 191, 190])
0	0.0	0.4880962788468719	([1], [28, 25])
1	0.47033407226022383	0.4881470465858549	([45, 42], [46, 45, 41])
0	0.0	0.49361304254334043	([19], [28, 26])
0	0.0	0.4940500307866534	([40], [40, 14])
0	0.0	0.5057900438545437	([26], [28, 18])
1	0.4904559794972073	0.5372284567243714	([188, 7], [193, 189, 188])
1	0.5069243892802521	0.5440911774699355	([191, 0], [194, 191, 190])
0	0.0	0.552964565006999	([18], [41, 39])
1	0.5097782692082135	0.5586137288355146	([208, 0], [208, 202, 200])
0	0.0	0.5928743975300481	([39], [146, 16])
1	0.596288144477963	0.5973778089213442	([156, 142], [156, 147, 145])
1	0.5940426365896845	0.6127169800535021	([133, 120], [133, 130, 120])
1	0.6092762432597868	0.6153236763290689	([100, 41], [100, 99, 40])
1	0.6220078886863417	0.629763354305009	([64, 16], [64, 61, 16])
1	0.6230230776300637	0.63233839508874	([63, 26], [63, 56, 54])
1	0.6019639299524904	0.6400715803057148	([158, 140], [158, 155, 140])
1	0.6345993994728761	0.6413852957072619	([95, 39], [100, 95, 39])
1	0.5005889965178353	0.6645601178090853	([154, 13], [150, 146, 145])
1	0.6381137053877759	0.6670721538108364	([76, 41], [91, 76, 67])
1	0.6692941447022475	0.6713359523613021	([101, 64], [101, 91, 64])
1	0.6600643509907389	0.672051853385346	([208, 190], [208, 206, 190])
1	0.6390843249060085	0.6726199609532795	([107, 26], [107, 99, 92])
1	0.6599218658096547	0.6727338609784805	([80, 55], [80, 72, 55])
1	0.6338119757947575	0.6729504143155273	([105, 78], [105, 101, 78])
1	0.6236644240546314	0.6768547181961242	([74, 16], [74, 64, 62])
1	0.6323967583290867	0.6774341870154692	([85, 26], [96, 85, 83])
1	0.6626800152495849	0.6775234503023595	([54, 11], [86, 71, 11])
1	0.6843026750503808	0.6867881938598525	([60, 39], [60, 52, 39])
1	0.6846113491619265	0.6873082655210484	([76, 1], [95, 83, 1])
1	0.6846698542713493	0.6893111525821772	([108, 70], [108, 90, 70])
1	0.6491623610713783	0.6901110168065457	([140, 105], [137, 124, 118])
1	0.6330336932400478	0.6920546807962971	([69, 40], [69, 57, 48])
1	0.6020852669275059	0.6973585921837859	([99, 42], [76, 63, 56])
1	0.6899711380451814	0.6981583828421676	([72, 39], [72, 60, 55])
1	0.6925055865992007	0.6982233406085286	([102, 46], [102, 67, 63])
1	0.6942797484289212	0.7028223883493541	([101, 45], [101, 65, 45])
1	0.6987118774732342	0.7037459667311122	([170, 133], [170, 157, 133])
1	0.6961017815887344	0.7041870758936103	([178, 143], [178, 170, 143])
1	0.6958791582824557	0.7048816240992035	([110, 50], [110, 105, 50])
1	0.6209409914525186	0.7085834716156795	([95, 1], [95, 41, 39])
1	0.7056093791444121	0.7090775274886038	([189, 145], [189, 185, 145])
1	0.6852905979349843	0.7109303995609911	([133, 53], [133, 119, 104])
1	0.705928549771189	0.7118763487337587	([176, 151], [176, 165, 164])
1	0.7159416652759192	0.7161701946913429	([129, 92], [129, 92, 83])
1	0.6925637653210931	0.7162485924026689	([114, 74], [114, 74, 64])
1	0.6873288958554137	0.7162485924026689	([114, 58], [114, 91, 64])
1	0.6415927569311408	0.7169528562631371	([183, 16], [183, 169, 161])
1	0.708734571154317	0.7174955938837899	([168, 135], [168, 156, 135])
1	0.638396856978727	0.7178234139073306	([161, 16], [201, 186, 183])
1	0.6659169433796628	0.7186335161392733	([88, 23], [88, 46, 23])
1	0.6938470961021503	0.7188235191622979	([181, 141], [181, 162, 159])
1	0.7115781400257449	0.7216929608174951	([192, 158], [192, 173, 160])
1	0.6762518297373243	0.7220654125957361	([128, 1], [128, 109, 65])
1	0.7067927648675371	0.722271904011703	([127, 73], [128, 127, 76])
1	0.5025649702440722	0.7234578123915933	([45, 26], [45, 41, 14])
1	0.7103959709238828	0.7235961881255104	([97, 49], [103, 64, 41])
1	0.7150817835018111	0.7246424155120502	([190, 156], [190, 189, 156])
1	0.6364488878133762	0.7247305240024485	([129, 16], [129, 66, 61])
1	0.47416278892220354	0.7252900423866021	([193, 7], [198, 191, 5])
1	0.7168820667402264	0.7267455009963625	([147, 49], [147, 137, 49])
1	0.7161614765643333	0.7287175291779039	([151, 111], [151, 134, 119])
1	0.7277076910111063	0.7316992724203614	([151, 63], [151, 119, 63])
1	0.7273839504458199	0.7317656431952558	([141, 41], [141, 133, 41])
1	0.6312936828856738	0.7339472421453609	([46, 1], [88, 76, 23])
1	0.7287937136172113	0.7357848937674117	([139, 80], [139, 122, 120])
1	0.722583235101838	0.7364036439944295	([149, 65], [149, 137, 129])
1	0.7285601745473586	0.7378116301544598	([154, 124], [154, 141, 135])
1	0.615203968328214	0.7398545387268092	([99, 26], [107, 63, 48])
1	0.7214384881763147	0.7415974249090346	([153, 114], [153, 137, 103])
1	0.6952972326827486	0.7421782086649822	([152, 1], [152, 148, 23])
1	0.6684747630888151	0.7451618629081751	([208, 142], [208, 192, 182])
1	0.7322942583506336	0.7452580123387113	([179, 23], [179, 149, 23])
1	0.7089167742514688	0.746110195771425	([135, 54], [135, 123, 54])
1	0.7280183329032256	0.7461980392076326	([172, 107], [172, 165, 121])
1	0.7401705612957702	0.7464594734005695	([150, 41], [150, 144, 41])
1	0.7067779733774465	0.7471693286938549	([165, 123], [165, 149, 148])
1	0.7146425522696548	0.7473599283454483	([176, 41], [176, 151, 134])
1	0.6938340079683912	0.7505665440248113	([148, 23], [148, 122, 110])
1	0.739441197125525	0.7519129698228586	([177, 115], [181, 177, 114])
1	0.731495490233699	0.7543632288097347	([206, 143], [206, 185, 143])
1	0.7318301928428831	0.7551856907780954	([179, 78], [179, 147, 78])
1	0.7456075161041955	0.7575798859260955	([165, 60], [165, 132, 121])
1	0.7471655452342104	0.7579373388237963	([169, 46], [169, 159, 46])
1	0.7564109176903039	0.7583171708543209	([167, 48], [169, 167, 48])
1	0.743705853899595	0.759709866389013	([174, 45], [176, 174, 45])
1	0.7550302111623641	0.7598767845208539	([182, 125], [182, 158, 131])
1	0.7225900891663077	0.7606801389998727	([163, 126], [163, 140, 120])
1	0.7117680214207448	0.7611244351388543	([192, 134], [192, 160, 134])
1	0.7497612726839986	0.7614640489059719	([177, 85], [177, 114, 106])
1	0.7514305585115044	0.7621866077547998	([164, 86], [164, 151, 86])
1	0.7565949848991904	0.7626769790327532	([193, 141], [193, 183, 141])
1	0.6186643660448353	0.7627278348450756	([136, 25], [146, 137, 136])
1	0.7476901013159101	0.7635702626023275	([195, 114], [195, 182, 181])
1	0.7620817435821519	0.7636041680374465	([166, 124], [174, 166, 124])
1	0.7635960354918342	0.7644832378584523	([178, 82], [178, 149, 104])
1	0.7598209735841248	0.764497050154504	([176, 97], [176, 97, 45])
1	0.6508673795837657	0.7661957071914816	([127, 40], [127, 100, 67])
1	0.7406900112053747	0.770233857467115	([190, 77], [190, 156, 60])
1	0.7037187369582351	0.770233857467115	([192, 60], [192, 190, 60])
1	0.7545153868850857	0.7705723645481792	([164, 113], [164, 113, 104])
1	0.76177774480124	0.7729989924378936	([173, 90], [173, 153, 76])
1	0.7225715333233558	0.7745884118242045	([207, 42], [200, 147, 133])
1	0.6489680375552097	0.7769743644709557	([208, 41], [208, 181, 157])
1	0.7617136857805036	0.7788384081136162	([172, 47], [172, 104, 45])
1	0.623934661014969	0.7847878617548322	([180, 40], [180, 49, 45])
1	0.6288800184895894	0.7930930194418611	([201, 16], [161, 53, 46])
1	0.6087607617060535	0.797019665799397	([53, 16], [146, 105, 64])
1	0.6599189659086678	0.8018464749313722	([168, 26], [168, 57, 47])
1	0.8020692071684921	0.8035770537367101	([196, 70], [196, 190, 60])
1	0.4966106601563787	0.8266830684385359	([158, 7], [188, 158, 136])
1	0.6042192729773214	0.8297021044827124	([144, 26], [168, 144, 105])
1	0.709989544869776	0.8355978504500295	([175, 39], [175, 95, 45])
1	0.7209734347808248	0.8464143163830591	([120, 19], [198, 120, 62])
1	0.4957909945998607	0.8586498497685912	([146, 5], [201, 146, 16])
1	0.5574220537358603	0.9037408523195193	([146, 25], [136, 28, 25])
1	0.7257450411439049	0.9236899110471017	([155, 20], [155, 54, 45])
1	0.5606068534772486	0.941047532636848	([19, 14], [25, 23, 14])
1	0.6900664310167375	0.9474940956088174	([54, 20], [54, 20, 14])
0	0.0	0.9494132484902843	([22], [24, 1])
1	0.6663587302315289	0.9516588818985424	([118, 29], [118, 117, 29])
0	0.0	0.9555875644475302	([17], [27, 26])
0	0.0	0.9616733384270378	([16], [45, 44])
0	0.0	0.9717395915882092	([9], [68, 67])
1	0.9932068783237764	0.9951177638208358	([39, 27], [41, 39, 27])
0	0.0	1.0	([2], [2, 0])
0	0.0	1.0	([3], [3, 0])
0	0.0	1.0	([4], [4, 0])
0	0.0	1.0	([6], [6, 0])
0	0.0	1.0	([8], [8, 0])
0	0.0	1.0	([10], [10, 0])
0	0.0	1.0	([12], [12, 0])
0	0.0	1.0	([15], [15, 0])
0	0.0	1.0	([21], [21, 0])
0	0.0	1.0	([30], [30, 0])
0	0.0	1.0	([31], [31, 0])
0	0.0	1.0	([32], [32, 0])
0	0.0	1.0	([33], [33, 0])
0	0.0	1.0	([34], [34, 0])
0	0.0	1.0	([35], [35, 0])
0	0.0	1.0	([36], [36, 0])
0	0.0	1.0	([37], [37, 0])
0	0.0	1.0	([38], [38, 0])
1	0.7034348034144214	1.0	([198, 19], [120, 24, 0])
0	0.0	inf	([43], [])
