0	0.0	0.151866828291852	([231], [231, 159])
0	0.0	0.22759240486785612	([605], [605, 604])
0	0.0	0.26594325080401965	([580], [580, 579])
0	0.0	0.27130821985246684	([275], [275, 274])
0	0.0	0.2723028112714329	([428], [428, 427])
0	0.0	0.2769402514565805	([274], [274, 273])
0	0.0	0.293995922575348	([373], [373, 372])
0	0.0	0.2941020338147455	([113], [113, 112])
0	0.0	0.29690790203461365	([409], [409, 408])
0	0.0	0.2990031711568673	([421], [421, 420])
0	0.0	0.29982633448080304	([340], [340, 339])
0	0.0	0.3004448061734436	([453], [453, 452])
0	0.0	0.30236039464580305	([424], [424, 423])
0	0.0	0.3024754812370854	([465], [465, 464])
0	0.0	0.30249425413568404	([532], [532, 531])
0	0.0	0.3030885123942796	([5], [5, 4])
0	0.0	0.3038278677920511	([354], [354, 353])
0	0.0	0.30411597897595455	([302], [302, 301])
0	0.0	0.3043778871064171	([543], [543, 542])
0	0.0	0.3054798833281003	([324], [324, 323])
0	0.0	0.305948647559992	([598], [598, 597])
0	0.0	0.3062087362480526	([563], [563, 562])
0	0.0	0.3063761312365017	([542], [542, 541])
0	0.0	0.30655630358497504	([560], [560, 559])
0	0.0	0.30673461694291165	([90], [90, 89])
0	0.0	0.3074849189372678	([599], [599, 598])
0	0.0	0.30834086095427693	([387], [387, 386])
0	0.0	0.309603910499212	([375], [375, 374])
0	0.0	0.31016684013984513	([509], [509, 508])
0	0.0	0.31067090559188104	([40], [40, 39])
0	0.0	0.3109998824472395	([539], [539, 538])
0	0.0	0.31151526256414264	([456], [456, 455])
0	0.0	0.3115419283839753	([590], [590, 589])
0	0.0	0.3118186742753678	([34], [34, 33])
0	0.0	0.31246518868466255	([343], [343, 342])
0	0.0	0.31251669099809387	([30], [30, 29])
0	0.0	0.3128204613536749	([478], [478, 477])
0	0.0	0.3131314584064893	([534], [534, 533])
0	0.0	0.31317257441792495	([566], [566, 565])
0	0.0	0.31333654585414555	([315], [315, 314])
0	0.0	0.3136958583220797	([38], [38, 37])
0	0.0	0.31400711737278136	([55], [55, 54])
0	0.0	0.3147801176356311	([451], [451, 450])
0	0.0	0.3155544301983653	([74], [74, 73])
0	0.0	0.3163329531333947	([565], [565, 564])
0	0.0	0.31639641360715476	([524], [524, 523])
0	0.0	0.3169610802286007	([28], [28, 27])
0	0.0	0.3171062945971955	([188], [188, 187])
0	0.0	0.3171150974108606	([199], [199, 198])
0	0.0	0.31781721940141605	([414], [414, 413])
0	0.0	0.31835539416486364	([202], [202, 201])
0	0.0	0.31840675858145856	([123], [123, 122])
0	0.0	0.3186973824824247	([578], [578, 577])
0	0.0	0.3190431516834598	([434], [434, 433])
0	0.0	0.3206303550537358	([356], [356, 355])
0	0.0	0.3208842883521079	([77], [77, 76])
0	0.0	0.32116957104940447	([95], [95, 94])
0	0.0	0.3212750145105519	([345], [345, 344])
0	0.0	0.3213078629951923	([535], [535, 534])
0	0.0	0.32174611148977716	([584], [584, 583])
0	0.0	0.32209791941745	([572], [572, 571])
0	0.0	0.3223327966309419	([45], [45, 44])
0	0.0	0.32304630931882494	([481], [481, 480])
0	0.0	0.32318261537657095	([389], [389, 388])
0	0.0	0.3232950506797303	([165], [165, 164])
0	0.0	0.32353910942606084	([522], [522, 521])
0	0.0	0.3237166034601845	([552], [552, 551])
0	0.0	0.3242775091941954	([377], [377, 376])
0	0.0	0.3251948460313151	([82], [82, 81])
0	0.0	0.3255215601490763	([127], [127, 126])
0	0.0	0.32598242963670615	([489], [489, 488])
0	0.0	0.3260987663039972	([383], [383, 382])
0	0.0	0.3272584548052176	([130], [130, 129])
0	0.0	0.32744160372131853	([105], [105, 104])
0	0.0	0.3285649683568987	([61], [61, 60])
0	0.0	0.3285949638781569	([338], [338, 337])
0	0.0	0.32939927011255005	([551], [551, 550])
0	0.0	0.3295550476164229	([176], [176, 175])
0	0.0	0.32968122559351626	([404], [404, 403])
0	0.0	0.32968408051571846	([495], [495, 494])
0	0.0	0.32971719485576445	([20], [20, 19])
0	0.0	0.3298307711582975	([496], [496, 495])
0	0.0	0.3300878925062566	([70], [70, 69])
0	0.0	0.33057686514935225	([194], [194, 193])
0	0.0	0.3306812453830671	([60], [60, 59])
0	0.0	0.33073919175540634	([54], [54, 53])
0	0.0	0.330994670383115	([346], [346, 345])
0	0.0	0.3311761170575712	([141], [141, 140])
0	0.0	0.33219880166794696	([349], [349, 348])
0	0.0	0.3322296000744487	([530], [530, 529])
0	0.0	0.333471938925201	([396], [396, 395])
0	0.0	0.33358313898565756	([417], [417, 416])
0	0.0	0.3336715277697568	([459], [459, 458])
0	0.0	0.33371516917418853	([399], [399, 398])
0	0.0	0.3340572298002334	([426], [426, 425])
0	0.0	0.3342668319573741	([385], [385, 384])
0	0.0	0.3345144184827218	([175], [175, 174])
0	0.0	0.3351552799197161	([508], [508, 507])
0	0.0	0.33527914929030594	([462], [462, 461])
0	0.0	0.33530153606742535	([155], [155, 154])
0	0.0	0.33541213264013353	([401], [401, 400])
0	0.0	0.33549757047817386	([52], [52, 51])
0	0.0	0.3357279854619853	([147], [147, 146])
0	0.0	0.3360070523329976	([1], [1, 0])
0	0.0	0.336110106542359	([439], [439, 438])
0	0.0	0.3361444330926861	([573], [573, 572])
0	0.0	0.3362595851946597	([365], [365, 364])
0	0.0	0.3363146774122383	([591], [591, 590])
0	0.0	0.33660965044287555	([554], [554, 553])
0	0.0	0.3368518485475522	([8], [8, 7])
0	0.0	0.33721546785880574	([87], [87, 86])
0	0.0	0.33744067642701014	([145], [145, 144])
0	0.0	0.33760415206472333	([473], [473, 472])
0	0.0	0.3376913915227153	([553], [553, 552])
0	0.0	0.33775210579225223	([103], [103, 102])
0	0.0	0.3380364784194309	([136], [136, 135])
0	0.0	0.3380844640390491	([603], [603, 602])
0	0.0	0.33810361131212463	([468], [468, 467])
0	0.0	0.3383173426075489	([561], [561, 560])
0	0.0	0.3389765915783007	([511], [511, 510])
0	0.0	0.33930131973917116	([592], [592, 591])
0	0.0	0.33931788398356977	([366], [366, 365])
0	0.0	0.3393827107541174	([307], [307, 306])
0	0.0	0.33944883163160744	([353], [353, 352])
0	0.0	0.3396176210421152	([513], [513, 512])
0	0.0	0.34008251895315006	([593], [593, 592])
0	0.0	0.3410777182815679	([571], [571, 570])
0	0.0	0.34119273642296827	([527], [527, 526])
0	0.0	0.34180318786253033	([452], [452, 451])
0	0.0	0.3421479313345332	([125], [125, 124])
0	0.0	0.3421713693252113	([14], [14, 13])
0	0.0	0.3424421697017231	([273], [273, 272])
0	0.0	0.34364800968571657	([271], [271, 270])
0	0.0	0.34383463939637743	([406], [406, 405])
0	0.0	0.3442908962103009	([308], [308, 307])
0	0.0	0.3444949896881364	([33], [33, 32])
0	0.0	0.3445754346153195	([101], [101, 100])
0	0.0	0.3448842343478018	([42], [42, 41])
0	0.0	0.3451042048062292	([442], [442, 441])
0	0.0	0.34526938930109535	([491], [491, 490])
0	0.0	0.3455718613372924	([6], [6, 5])
0	0.0	0.34574034806590476	([602], [602, 601])
0	0.0	0.34598785507802954	([498], [498, 497])
0	0.0	0.3465380025151172	([301], [301, 300])
0	0.0	0.34677778692726935	([47], [47, 46])
0	0.0	0.34718717873589117	([369], [369, 368])
0	0.0	0.34747831788152816	([111], [111, 110])
0	0.0	0.34756685267136334	([195], [195, 194])
0	0.0	0.3476141460837279	([469], [469, 468])
0	0.0	0.34780502532034757	([254], [254, 253])
0	0.0	0.348282102000007	([425], [425, 424])
0	0.0	0.34832322349767414	([21], [21, 20])
0	0.0	0.3486025621437626	([80], [80, 79])
0	0.0	0.3486456741306688	([476], [476, 475])
0	0.0	0.34885629395863604	([419], [419, 418])
0	0.0	0.349181401661666	([562], [562, 561])
0	0.0	0.3494033188303369	([570], [570, 569])
0	0.0	0.34956013939514397	([3], [3, 2])
0	0.0	0.3496473247815009	([546], [546, 545])
0	0.0	0.34978933188602485	([149], [149, 148])
0	0.0	0.34999783677337576	([335], [335, 334])
0	0.0	0.3500814591139802	([507], [507, 506])
0	0.0	0.35011556694249685	([148], [148, 147])
0	0.0	0.35018013856044017	([480], [480, 479])
0	0.0	0.3503274772082028	([470], [470, 469])
0	0.0	0.3504648796279099	([447], [447, 446])
0	0.0	0.35104446809737244	([454], [454, 453])
0	0.0	0.35106917640593893	([497], [498, 496])
0	0.0	0.3512506764314114	([180], [180, 179])
0	0.0	0.3513637695322799	([278], [278, 277])
0	0.0	0.3518005914582371	([106], [106, 105])
0	0.0	0.3519732550323439	([169], [169, 168])
0	0.0	0.3520671577782168	([437], [437, 436])
0	0.0	0.3521891101363377	([86], [86, 85])
0	0.0	0.352646482597198	([362], [362, 361])
0	0.0	0.3528459177908985	([143], [143, 142])
0	0.0	0.35302921115302915	([596], [596, 595])
0	0.0	0.35335243089634527	([91], [91, 90])
0	0.0	0.3539665134929593	([363], [363, 362])
0	0.0	0.3540320731881237	([179], [179, 178])
0	0.0	0.3542826555251032	([287], [287, 286])
0	0.0	0.3544125528954993	([379], [379, 378])
0	0.0	0.35463318622697704	([65], [65, 64])
0	0.0	0.3546389982617321	([142], [142, 141])
0	0.0	0.35524504214803854	([7], [7, 6])
0	0.0	0.3553536670693565	([472], [472, 471])
0	0.0	0.355499128976769	([394], [394, 393])
0	0.0	0.3556010133927261	([83], [83, 82])
0	0.0	0.35563646706024166	([313], [313, 312])
0	0.0	0.35587283441179574	([100], [100, 99])
0	0.0	0.3561633144735149	([348], [348, 347])
0	0.0	0.35627727982512297	([391], [391, 390])
0	0.0	0.35650336613017886	([359], [359, 358])
0	0.0	0.3568410403072251	([311], [311, 310])
0	0.0	0.356889569914427	([332], [332, 331])
0	0.0	0.3570298139034796	([110], [110, 109])
0	0.0	0.3572033153954083	([558], [558, 557])
0	0.0	0.3575094476483743	([449], [449, 448])
0	0.0	0.3576093387773266	([364], [364, 363])
0	0.0	0.35761667601790453	([576], [576, 575])
0	0.0	0.3578328097988773	([35], [35, 34])
0	0.0	0.35817787824030783	([537], [537, 536])
0	0.0	0.3583357858661994	([137], [137, 136])
0	0.0	0.35838695184861563	([89], [89, 88])
0	0.0	0.3587330550349042	([23], [23, 22])
0	0.0	0.35897677551369694	([368], [368, 367])
0	0.0	0.35936568890396364	([435], [435, 434])
0	0.0	0.3593758476102812	([328], [328, 327])
0	0.0	0.3594570641422059	([57], [57, 56])
0	0.0	0.35962300466188285	([56], [56, 55])
0	0.0	0.3597875683532737	([269], [269, 268])
0	0.0	0.3598585286074694	([483], [483, 482])
0	0.0	0.359953266299576	([151], [151, 150])
0	0.0	0.36016162109623223	([423], [423, 422])
0	0.0	0.3605990359423967	([94], [94, 93])
0	0.0	0.36069141957259193	([24], [24, 23])
0	0.0	0.36090843146508483	([604], [604, 603])
0	0.0	0.3611394688392655	([2], [2, 1])
0	0.0	0.3611926392671005	([120], [120, 119])
0	0.0	0.36147203120716725	([588], [588, 587])
0	0.0	0.3616280210161848	([448], [448, 447])
0	0.0	0.36194725496779695	([516], [516, 515])
0	0.0	0.36219241914314243	([201], [201, 200])
0	0.0	0.3623319351180647	([433], [433, 432])
0	0.0	0.3623950308849414	([50], [50, 49])
0	0.0	0.36263325486915393	([317], [317, 316])
0	0.0	0.36270085344136066	([487], [487, 486])
0	0.0	0.3627150490731324	([408], [408, 407])
0	0.0	0.3628458058223329	([500], [500, 499])
0	0.0	0.3629168447146454	([360], [360, 359])
0	0.0	0.3630793677967054	([167], [167, 166])
0	0.0	0.36321019654403003	([36], [36, 35])
0	0.0	0.36330366512535267	([381], [381, 380])
0	0.0	0.3633723247747123	([108], [108, 107])
0	0.0	0.3637186730636441	([264], [264, 263])
0	0.0	0.36410362530461693	([518], [518, 517])
0	0.0	0.36433828383196254	([128], [128, 127])
0	0.0	0.3643663291357311	([528], [528, 527])
0	0.0	0.36446123351359694	([133], [133, 132])
0	0.0	0.3645041078978564	([146], [146, 145])
0	0.0	0.3645398556469848	([296], [296, 295])
0	0.0	0.3646304333581513	([49], [49, 48])
0	0.0	0.3647805787270201	([129], [129, 128])
0	0.0	0.3648819403612943	([361], [361, 360])
0	0.0	0.3649650871544968	([208], [208, 207])
0	0.0	0.36497543351120715	([486], [486, 485])
0	0.0	0.36509912091100327	([16], [16, 15])
0	0.0	0.36538920778920886	([292], [292, 291])
0	0.0	0.36547728742516744	([270], [270, 269])
0	0.0	0.3657660230548515	([305], [305, 304])
0	0.0	0.3658023679861775	([161], [161, 160])
0	0.0	0.36589960740143396	([168], [168, 167])
0	0.0	0.3662239769965157	([410], [410, 409])
0	0.0	0.36633973495400557	([412], [412, 411])
0	0.0	0.3663766456940897	([150], [150, 149])
0	0.0	0.36647332377355846	([18], [18, 17])
0	0.0	0.3671175857237705	([475], [475, 474])
0	0.0	0.36711907816580885	([443], [443, 442])
0	0.0	0.3671362639501131	([198], [198, 197])
0	0.0	0.36714047494636787	([84], [84, 83])
0	0.0	0.36734344675053593	([51], [51, 50])
0	0.0	0.36745745301424665	([370], [370, 369])
0	0.0	0.36765610084583605	([460], [460, 459])
0	0.0	0.3681190201819861	([536], [536, 535])
0	0.0	0.36839853609042483	([569], [569, 568])
0	0.0	0.36840784524368125	([351], [351, 350])
0	0.0	0.3686181595899772	([594], [594, 593])
0	0.0	0.36864123499111895	([96], [96, 95])
0	0.0	0.3688200887081906	([88], [88, 87])
0	0.0	0.3688714535414055	([19], [19, 18])
0	0.0	0.3689067606730357	([357], [357, 356])
0	0.0	0.3691541313453218	([575], [576, 574])
0	0.0	0.3693450488000105	([116], [116, 115])
0	0.0	0.36957479835275375	([13], [13, 12])
0	0.0	0.36971207234501524	([567], [567, 566])
0	0.0	0.3697410002631864	([131], [131, 129])
0	0.0	0.36993721060246343	([582], [582, 581])
0	0.0	0.3706242384301177	([119], [119, 118])
0	0.0	0.37123846173341973	([114], [114, 113])
0	0.0	0.37153352231073	([557], [557, 556])
0	0.0	0.37155082013732077	([43], [43, 42])
0	0.0	0.37172613286180695	([595], [595, 594])
0	0.0	0.3719305836575313	([587], [587, 586])
0	0.0	0.37197612958011306	([392], [392, 390])
0	0.0	0.37212333388828306	([482], [482, 481])
0	0.0	0.3721495576922491	([484], [484, 483])
0	0.0	0.3721993002848084	([76], [76, 75])
0	0.0	0.37227411396536797	([259], [259, 257])
0	0.0	0.37229305988771666	([98], [98, 97])
0	0.0	0.3724324865804781	([31], [31, 30])
0	0.0	0.37258675233284166	([207], [207, 206])
0	0.0	0.37310968745464346	([163], [163, 162])
0	0.0	0.37334690101813456	([318], [318, 317])
0	0.0	0.3735867562162534	([258], [258, 257])
0	0.0	0.3736897647668574	([403], [403, 402])
0	0.0	0.37373218093378036	([12], [12, 11])
0	0.0	0.37397994102819104	([517], [518, 516])
0	0.0	0.37408959665093844	([547], [547, 546])
0	0.0	0.37434617957783384	([27], [27, 26])
0	0.0	0.3745422285664257	([568], [568, 567])
0	0.0	0.37478545541723174	([512], [512, 511])
0	0.0	0.37489808946832975	([515], [515, 514])
0	0.0	0.37495966557907456	([252], [252, 251])
0	0.0	0.3750491347620942	([48], [48, 46])
0	0.0	0.3756783361005725	([171], [171, 170])
0	0.0	0.37588678756912136	([206], [206, 205])
0	0.0	0.37599407166405646	([294], [294, 293])
0	0.0	0.3761099373926404	([418], [418, 417])
0	0.0	0.3763585145208958	([157], [157, 156])
0	0.0	0.37649866969373863	([213], [213, 212])
0	0.0	0.37661450445218286	([461], [461, 460])
0	0.0	0.3767067803366499	([79], [79, 78])
0	0.0	0.37688424989724056	([402], [402, 400])
0	0.0	0.37692606072924945	([477], [477, 476])
0	0.0	0.3769884625966941	([505], [505, 504])
0	0.0	0.37709738616710337	([585], [585, 584])
0	0.0	0.37725090658542454	([185], [185, 184])
0	0.0	0.37735716929777113	([441], [441, 440])
0	0.0	0.3774322074721091	([319], [319, 318])
0	0.0	0.3774749772261263	([293], [293, 292])
0	0.0	0.37795404617672235	([352], [352, 351])
0	0.0	0.3781828787675112	([429], [429, 428])
0	0.0	0.37851462739851827	([53], [53, 52])
0	0.0	0.3787653411029716	([181], [181, 180])
0	0.0	0.3788113958280418	([376], [376, 375])
0	0.0	0.3788949103559442	([118], [118, 117])
0	0.0	0.37905784448211477	([193], [193, 192])
0	0.0	0.3796112926922287	([344], [344, 343])
0	0.0	0.37986178973255846	([405], [405, 404])
0	0.0	0.3800221600958446	([11], [11, 10])
0	0.0	0.38009954681042485	([334], [334, 333])
0	0.0	0.3804139711128269	([306], [306, 305])
0	0.0	0.38076429089636316	([122], [122, 121])
0	0.0	0.38092221442701824	([92], [92, 91])
0	0.0	0.38098093426362933	([192], [192, 191])
0	0.0	0.38121776905974597	([102], [102, 101])
0	0.0	0.38123831672262004	([221], [221, 220])
0	0.0	0.3812860946630782	([210], [210, 209])
0	0.0	0.3813821651830518	([490], [490, 489])
0	0.0	0.381414426838031	([529], [529, 528])
0	0.0	0.38155010007244694	([115], [115, 114])
0	0.0	0.381714892881143	([62], [62, 61])
0	0.0	0.3818592567875474	([445], [445, 444])
0	0.0	0.38198399277323625	([312], [312, 311])
0	0.0	0.3821099329969545	([597], [597, 596])
0	0.0	0.38214438551152563	([485], [485, 484])
0	0.0	0.38277107368567714	([196], [196, 195])
0	0.0	0.3829850677399441	([191], [191, 189])
0	0.0	0.3830792716057281	([190], [190, 189])
0	0.0	0.38329506846162503	([85], [85, 84])
0	0.0	0.38358873147127126	([78], [78, 77])
0	0.0	0.3838278144799624	([4], [4, 3])
0	0.0	0.3841892418045459	([63], [63, 62])
0	0.0	0.384561662978588	([37], [37, 36])
0	0.0	0.38456622055310397	([64], [64, 63])
0	0.0	0.3845662443457043	([444], [444, 443])
0	0.0	0.3847616221223613	([58], [58, 57])
0	0.0	0.38483543805170384	([390], [390, 389])
0	0.0	0.38494669088843964	([154], [154, 153])
0	0.0	0.3854479131598231	([367], [367, 366])
0	0.0	0.38546665988095924	([506], [506, 505])
0	0.0	0.385491992332273	([323], [323, 322])
0	0.0	0.3855674022840112	([474], [474, 473])
0	0.0	0.38579112466083104	([503], [503, 502])
0	0.0	0.38587098600683306	([10], [11, 9])
0	0.0	0.38617164286311384	([492], [492, 491])
0	0.0	0.3863594923559133	([178], [178, 177])
0	0.0	0.3864032225358255	([559], [559, 558])
0	0.0	0.3865670364870419	([601], [601, 600])
0	0.0	0.38669740930890395	([466], [466, 465])
0	0.0	0.38732125139739576	([242], [242, 241])
0	0.0	0.3874233676836819	([548], [548, 547])
0	0.0	0.387590537556482	([329], [329, 328])
0	0.0	0.38768247828095714	([66], [66, 65])
0	0.0	0.38802537207862137	([577], [577, 576])
0	0.0	0.38853035516613715	([26], [26, 25])
0	0.0	0.3886590884546174	([457], [457, 456])
0	0.0	0.38883622471402846	([283], [283, 282])
0	0.0	0.3888571202561069	([303], [303, 234])
0	0.0	0.3890551945207258	([350], [350, 349])
0	0.0	0.3891883588018278	([209], [209, 208])
0	0.0	0.38923085634392424	([204], [204, 203])
0	0.0	0.3892686222556965	([25], [25, 24])
0	0.0	0.38958581980059914	([132], [132, 131])
0	0.0	0.3895914909309611	([81], [81, 80])
0	0.0	0.3896891701383224	([358], [358, 357])
0	0.0	0.39001669224767954	([187], [187, 186])
0	0.0	0.3901561972732873	([260], [260, 259])
0	0.0	0.3902882115235042	([398], [398, 397])
0	0.0	0.39080858030935745	([501], [501, 499])
0	0.0	0.39145915523618335	([261], [261, 260])
0	0.0	0.39153045016928956	([541], [541, 540])
0	0.0	0.3916946649574536	([550], [550, 549])
0	0.0	0.3922150850914707	([415], [415, 414])
0	0.0	0.3922160966173376	([135], [136, 134])
0	0.0	0.3925072625685442	([290], [290, 289])
0	0.0	0.39308241100624147	([286], [286, 285])
0	0.0	0.3933662487956187	([316], [316, 315])
0	0.0	0.39342135030769854	([413], [413, 412])
0	0.0	0.39343304339582014	([73], [74, 72])
0	0.0	0.3934743726151774	([22], [22, 21])
0	0.0	0.39349922504064133	([205], [205, 204])
0	0.0	0.3938241764038554	([589], [589, 588])
0	0.0	0.39383072698916594	([250], [250, 249])
0	0.0	0.3938834324158666	([112], [112, 111])
0	0.0	0.39405978388661517	([156], [156, 155])
0	0.0	0.39439445088272973	([109], [109, 108])
0	0.0	0.3944418525661667	([72], [72, 71])
0	0.0	0.39475356793163674	([46], [46, 45])
0	0.0	0.395198698000914	([138], [138, 137])
0	0.0	0.39541370719905045	([15], [15, 14])
0	0.0	0.3954381871416512	([152], [152, 151])
0	0.0	0.3954775494505512	([586], [587, 585])
0	0.0	0.39609548222250546	([431], [431, 430])
0	0.0	0.3963015860234464	([172], [172, 171])
0	0.0	0.39630884666761684	([464], [464, 463])
0	0.0	0.39635469145768165	([291], [291, 290])
0	0.0	0.3968830024056988	([215], [215, 214])
0	0.0	0.3972078503287356	([265], [265, 264])
0	0.0	0.397375558951557	([203], [203, 202])
0	0.0	0.39760337389950584	([556], [556, 555])
0	0.0	0.39779614350103537	([280], [280, 279])
0	0.0	0.398217184844331	([378], [378, 377])
0	0.0	0.39834485138010395	([479], [479, 478])
0	0.0	0.3985231870870821	([407], [407, 406])
0	0.0	0.3985235972292546	([371], [371, 370])
0	0.0	0.3987143695391321	([32], [32, 31])
0	0.0	0.39871841694174615	([386], [386, 385])
0	0.0	0.39882595866066467	([289], [289, 287])
0	0.0	0.3992268773308135	([420], [420, 419])
0	0.0	0.39966310534704785	([455], [455, 454])
0	0.0	0.40022543889526246	([216], [216, 215])
0	0.0	0.4004131934442827	([488], [488, 487])
0	0.0	0.40057263319855185	([514], [514, 513])
0	0.0	0.4009950978991182	([67], [67, 66])
0	0.0	0.40103796638053363	([600], [600, 599])
0	0.0	0.401270764299171	([97], [97, 96])
0	0.0	0.4012894227107982	([197], [197, 196])
0	0.0	0.40174319403776937	([523], [523, 521])
0	0.0	0.40225190574202263	([502], [502, 501])
0	0.0	0.40269337580090364	([327], [327, 326])
0	0.0	0.40281893846774913	([432], [432, 431])
0	0.0	0.4029100316779475	([153], [153, 152])
0	0.0	0.4029383589160842	([243], [243, 242])
0	0.0	0.4034786278452553	([255], [255, 254])
0	0.0	0.40379834307743345	([158], [158, 157])
0	0.0	0.40380849539238856	([331], [331, 330])
0	0.0	0.4039782515403258	([411], [411, 410])
0	0.0	0.40419230903238335	([71], [71, 70])
0	0.0	0.40486089471951997	([99], [99, 98])
0	0.0	0.4049453496193067	([173], [173, 172])
0	0.0	0.4050901072047492	([342], [342, 341])
0	0.0	0.40568039256988236	([68], [68, 67])
0	0.0	0.4060786742529223	([174], [174, 173])
0	0.0	0.40733117843134636	([162], [162, 161])
0	0.0	0.4074259619424554	([471], [471, 469])
0	0.0	0.4075008171060323	([336], [336, 335])
0	0.0	0.40758667844437035	([44], [44, 43])
0	0.0	0.40762809759164775	([416], [416, 415])
0	0.0	0.4077832805683043	([341], [341, 340])
0	0.0	0.4079403099263058	([583], [583, 582])
0	0.0	0.40813448935655466	([450], [450, 449])
0	0.0	0.4081877164232702	([382], [382, 381])
0	0.0	0.40829391746316285	([314], [314, 313])
0	0.0	0.40837393492643764	([463], [463, 462])
0	0.0	0.40919266948535515	([538], [538, 537])
0	0.0	0.4092814269944827	([395], [396, 394])
0	0.0	0.4095125567039546	([104], [104, 103])
0	0.0	0.40958478095652223	([372], [372, 371])
0	0.0	0.409948016520374	([246], [246, 245])
0	0.0	0.410355357995231	([321], [321, 320])
0	0.0	0.41145171213014686	([241], [241, 240])
0	0.0	0.411469588225996	([499], [499, 498])
0	0.0	0.4117958545867	([41], [41, 40])
1	0.4130738372471676	0.4132383125858533	([15, 11], [15, 13, 12])
0	0.0	0.41331469074609806	([384], [384, 382])
0	0.0	0.41350545551037193	([422], [422, 421])
0	0.0	0.4139720465376908	([117], [117, 116])
0	0.0	0.41436042587894734	([493], [493, 492])
0	0.0	0.41443368427273064	([297], [297, 296])
0	0.0	0.41479809523962735	([69], [69, 68])
0	0.0	0.41496169689397056	([309], [309, 308])
0	0.0	0.4150573898235642	([458], [458, 457])
0	0.0	0.41513807301698574	([282], [282, 281])
0	0.0	0.4153006147296938	([380], [380, 379])
0	0.0	0.41587302309605323	([144], [144, 143])
0	0.0	0.41602800854064215	([430], [430, 429])
0	0.0	0.41646620207725865	([124], [124, 123])
0	0.0	0.4168356137721444	([220], [221, 219])
0	0.0	0.4169985229022664	([330], [330, 329])
0	0.0	0.4170568994915929	([212], [212, 211])
0	0.0	0.41706520198217084	([285], [285, 284])
0	0.0	0.41715374885366785	([186], [186, 185])
0	0.0	0.4174848639742944	([134], [134, 133])
0	0.0	0.4180100527305149	([166], [166, 165])
0	0.0	0.41828833076089994	([446], [446, 445])
0	0.0	0.4189617898162429	([93], [93, 92])
0	0.0	0.41909117124896106	([184], [184, 183])
0	0.0	0.4200521819344575	([574], [574, 573])
0	0.0	0.42007469781779316	([333], [333, 332])
0	0.0	0.42011042521383646	([245], [245, 244])
0	0.0	0.42065019727779357	([268], [268, 266])
0	0.0	0.42070908719533645	([182], [182, 181])
0	0.0	0.4207297099151455	([519], [519, 518])
0	0.0	0.4212858268879608	([531], [531, 530])
0	0.0	0.4224061075548559	([240], [240, 239])
0	0.0	0.422422089479347	([228], [228, 224])
0	0.0	0.4229365490022916	([339], [339, 338])
0	0.0	0.4230003436752924	([438], [438, 437])
0	0.0	0.4232992623940185	([320], [320, 319])
0	0.0	0.423476923976219	([219], [219, 218])
0	0.0	0.4242437744253152	([217], [217, 216])
0	0.0	0.42449278693780373	([247], [247, 246])
0	0.0	0.4246356685671464	([521], [521, 520])
0	0.0	0.4263684049344922	([281], [281, 280])
0	0.0	0.4268416799214952	([253], [253, 252])
0	0.0	0.4272563540581384	([256], [256, 233])
0	0.0	0.42732049257462196	([300], [300, 299])
0	0.0	0.4273244411862479	([549], [549, 548])
0	0.0	0.4277146902202404	([218], [218, 217])
0	0.0	0.42803819727606707	([374], [374, 373])
0	0.0	0.42811804131763725	([177], [177, 176])
0	0.0	0.4283286685627241	([325], [325, 324])
0	0.0	0.42836268456083904	([579], [579, 578])
0	0.0	0.42847262654526996	([59], [59, 58])
0	0.0	0.42857659067369736	([262], [262, 261])
0	0.0	0.4291313508590955	([224], [228, 223])
0	0.0	0.42936429135099335	([298], [298, 297])
0	0.0	0.4299340050109818	([322], [322, 320])
0	0.0	0.4299514851775383	([299], [299, 298])
0	0.0	0.43035649813444915	([355], [355, 354])
0	0.0	0.4303886028364598	([236], [236, 235])
0	0.0	0.43050176749731583	([121], [121, 120])
0	0.0	0.4305082747032117	([272], [272, 271])
0	0.0	0.43156468421917926	([237], [237, 232])
1	0.41790300186075924	0.4319538499726224	([362, 358], [362, 361, 358])
0	0.0	0.43199599891281715	([436], [436, 435])
0	0.0	0.43263785668186333	([200], [200, 199])
0	0.0	0.43263791185960904	([545], [545, 544])
0	0.0	0.43301314986536693	([397], [397, 396])
0	0.0	0.43331992606774256	([266], [266, 265])
0	0.0	0.433634449788858	([244], [247, 230])
0	0.0	0.43399133915624644	([337], [337, 336])
0	0.0	0.4342814182272413	([544], [544, 543])
0	0.0	0.4346852902012717	([211], [211, 210])
0	0.0	0.4348979716247945	([263], [263, 262])
0	0.0	0.43515174961243647	([183], [183, 182])
0	0.0	0.4354774229027384	([555], [555, 554])
0	0.0	0.43680390043201694	([248], [248, 233])
0	0.0	0.4369440605146648	([400], [400, 399])
0	0.0	0.4382189904591766	([467], [467, 466])
0	0.0	0.4386827247171715	([229], [229, 222])
0	0.0	0.4396666559535759	([223], [228, 225])
0	0.0	0.4398989957457159	([170], [170, 169])
0	0.0	0.4403611044236848	([140], [140, 139])
0	0.0	0.4411117783188284	([295], [295, 294])
0	0.0	0.44144901215927973	([494], [494, 492])
0	0.0	0.4430850929533571	([520], [520, 519])
0	0.0	0.443284273334104	([284], [284, 283])
0	0.0	0.4448577838160934	([564], [564, 563])
0	0.0	0.44549197919336336	([29], [29, 28])
0	0.0	0.44591767989920067	([139], [139, 138])
0	0.0	0.4459310436035175	([540], [540, 539])
0	0.0	0.4459675072953844	([533], [533, 532])
0	0.0	0.44670739055203573	([525], [525, 276])
0	0.0	0.4482192531842228	([107], [107, 106])
0	0.0	0.44878738821292774	([164], [164, 163])
0	0.0	0.44899855209682477	([510], [510, 509])
0	0.0	0.4506727495958642	([326], [326, 325])
0	0.0	0.4513808004682937	([347], [347, 346])
0	0.0	0.4522245703515632	([225], [223, 222])
0	0.0	0.45317568851740936	([279], [279, 278])
0	0.0	0.45321798599307966	([257], [268, 267])
0	0.0	0.45351134913375435	([581], [581, 580])
0	0.0	0.4538872755129447	([288], [288, 287])
0	0.0	0.45460414461270443	([230], [230, 222])
0	0.0	0.4557330032458419	([249], [250, 248])
0	0.0	0.45607063527691627	([235], [235, 229])
0	0.0	0.45613959194308357	([17], [17, 16])
0	0.0	0.4580990050330614	([393], [393, 392])
0	0.0	0.4597044841682772	([440], [440, 439])
0	0.0	0.4597424464649895	([276], [525, 524])
0	0.0	0.4611263738687767	([504], [504, 503])
0	0.0	0.46154490138547855	([310], [310, 309])
0	0.0	0.4616087744964613	([277], [288, 233])
0	0.0	0.46332071318296214	([214], [214, 213])
0	0.0	0.46611180817417064	([251], [251, 250])
0	0.0	0.4665681083158021	([388], [388, 387])
0	0.0	0.46726345739924524	([189], [189, 188])
0	0.0	0.468046624642599	([267], [267, 230])
1	0.46203388516901317	0.46835562352771504	([229, 228], [229, 228, 222])
0	0.0	0.4689559783778712	([239], [239, 238])
0	0.0	0.4691276572888393	([238], [238, 235])
0	0.0	0.47286526000788925	([304], [321, 232])
1	0.4592627885181141	0.47318032561745427	([219, 216], [219, 218, 217])
1	0.4671790495033867	0.4764577824548677	([236, 224], [236, 235, 229])
0	0.0	0.47689801634723944	([234], [303, 302])
0	0.0	0.4789122128189761	([126], [126, 125])
0	0.0	0.4807632606507649	([233], [278, 275])
0	0.0	0.4808310612430324	([427], [427, 425])
0	0.0	0.4809752344573272	([222], [238, 237])
0	0.0	0.48275356118045704	([9], [9, 8])
0	0.0	0.4885372622045307	([232], [243, 215])
0	0.0	0.4907112957830477	([75], [76, 74])
1	0.44821844807764033	0.49137946735530696	([245, 230], [247, 246, 245])
0	0.0	0.4915864239124436	([160], [160, 158])
0	0.0	0.4937531493928142	([526], [526, 525])
0	0.0	0.49803686936058267	([39], [39, 38])
1	0.5152884235471759	0.5164601821641988	([49, 44], [49, 46, 45])
1	0.500819059200785	0.5245901231772903	([237, 236], [238, 237, 236])
1	0.5223954278568897	0.5248875806808846	([239, 229], [239, 236, 229])
1	0.5049172221656946	0.5248875806808846	([239, 223], [239, 238, 236])
1	0.520107365226454	0.5378840289872687	([235, 220], [235, 229, 220])
1	0.5386073907395782	0.5398172915868291	([605, 600], [605, 603, 602])
1	0.5036330219054405	0.5550187102927336	([222, 221], [238, 235, 221])
1	0.5405017539504993	0.5565237850541686	([104, 98], [104, 101, 98])
1	0.5084780294902331	0.564127611319425	([225, 219], [225, 222, 219])
1	0.5453342870201248	0.5686430052846921	([218, 212], [218, 217, 216])
1	0.568900472664354	0.5697861702712532	([228, 216], [228, 221, 217])
1	0.559064309890887	0.5697861702712532	([283, 217], [283, 228, 217])
1	0.5310184419839014	0.5715382964519415	([279, 217], [279, 278, 218])
1	0.5619639574763687	0.5724869724751179	([545, 540], [545, 544, 543])
1	0.5339738650512582	0.5740323911548166	([243, 218], [243, 218, 216])
1	0.5770135006140376	0.5808267017922506	([294, 235], [294, 293, 235])
1	0.5523467969867704	0.5808906189930391	([246, 238], [246, 244, 235])
1	0.5384266079284118	0.5808906189930391	([249, 235], [249, 246, 235])
1	0.5812459923560589	0.5831452668748162	([105, 97], [105, 104, 98])
1	0.5338011524170431	0.5851993680585872	([241, 235], [241, 239, 237])
1	0.5758202427916563	0.5872721497304422	([283, 252], [283, 252, 217])
1	0.5788125251123748	0.5873087210924642	([251, 219], [252, 251, 219])
1	0.5560652736793323	0.5886443653346589	([256, 219], [255, 253, 252])
1	0.5741158095584369	0.5887002481580497	([242, 217], [242, 240, 219])
1	0.5665980831104223	0.5887002481580497	([247, 219], [246, 242, 219])
1	0.5761228391716765	0.5887002481580497	([278, 242], [278, 242, 219])
1	0.4881240197453093	0.5904373051442171	([245, 235], [244, 242, 235])
1	0.5518930291832435	0.5931135542234868	([240, 219], [251, 248, 219])
1	0.5699828425252718	0.5935059851882365	([294, 284], [294, 292, 284])
1	0.5904352058244708	0.5954331272741484	([250, 222], [250, 222, 219])
1	0.5483487082817906	0.6000829552943959	([265, 219], [264, 262, 219])
1	0.5894250430304004	0.6005893578927534	([237, 218], [241, 237, 218])
1	0.49609224784259043	0.6005893578927534	([250, 217], [243, 241, 218])
1	0.5142714735344334	0.6012364280774294	([237, 230], [237, 235, 229])
1	0.575058179564868	0.6024960321346193	([219, 162], [219, 166, 163])
1	0.5885629344906573	0.6032925944856611	([223, 215], [223, 220, 215])
1	0.5574680855413506	0.6072683831813246	([285, 235], [298, 295, 294])
1	0.5858408666616743	0.6084972232059855	([223, 203], [223, 211, 203])
1	0.5903074031899169	0.6085478523512582	([219, 152], [219, 156, 152])
1	0.5484380276606141	0.6087845194227607	([266, 235], [265, 262, 235])
1	0.6077745400111758	0.6089662717629366	([303, 219], [303, 300, 299])
1	0.604686920514391	0.6121027893845983	([229, 212], [235, 229, 212])
1	0.59248335929049	0.6146660356149315	([289, 228], [289, 235, 229])
1	0.5261533811110986	0.6146660356149315	([298, 235], [289, 286, 229])
1	0.5701221146596899	0.615844357091029	([309, 219], [309, 305, 219])
1	0.49145141060879516	0.617167420377626	([238, 217], [237, 222, 221])
1	0.48261666585180574	0.6185048946895809	([244, 243], [247, 239, 228])
1	0.581361064743837	0.622677267934081	([285, 225], [285, 236, 235])
1	0.5928876545474975	0.6240632332914561	([222, 210], [229, 222, 210])
1	0.6239285570507533	0.6246956830798387	([282, 239], [282, 239, 229])
1	0.5835763145400992	0.6246956830798387	([282, 230], [286, 282, 229])
1	0.6207543152754887	0.6257198754782469	([296, 282], [296, 295, 282])
1	0.6153724971716233	0.625747967484621	([225, 197], [225, 218, 197])
1	0.5927886331176445	0.6271159904885474	([217, 205], [218, 217, 205])
1	0.5949507732057246	0.6272163738494195	([289, 219], [293, 284, 282])
1	0.5998156745609979	0.6272163738494195	([295, 230], [295, 293, 282])
1	0.6145666344890393	0.6293668107710938	([40, 28], [40, 36, 35])
1	0.6178693584034306	0.6297952542532327	([265, 243], [283, 243, 239])
1	0.5372851972256185	0.6297952542532327	([283, 228], [283, 282, 239])
1	0.6096895825942301	0.6298079303331185	([296, 243], [296, 283, 282])
1	0.5220718267617103	0.6314509000554245	([286, 229], [289, 228, 222])
1	0.6154869905842378	0.631668408065057	([218, 175], [218, 182, 176])
1	0.5620122167781805	0.6319422405007957	([217, 184], [218, 217, 184])
1	0.616469639000284	0.6350483025032508	([381, 217], [391, 383, 381])
1	0.6193639109486168	0.6352580647991036	([283, 260], [283, 265, 264])
1	0.6236724550177676	0.6352580647991036	([283, 274], [283, 274, 264])
1	0.633860948103572	0.6356402192661578	([570, 219], [576, 570, 568])
1	0.6295378708864777	0.6373557479510152	([317, 303], [317, 310, 303])
1	0.6267393254309972	0.6374243428663458	([305, 283], [305, 302, 283])
1	0.5507278869806007	0.6377224354751228	([272, 229], [282, 272, 229])
1	0.5099876333243195	0.6377224354751228	([257, 256], [282, 275, 272])
1	0.5567618501733426	0.6410715465530133	([219, 182], [218, 217, 173])
1	0.6216009649982155	0.6411151307819242	([371, 360], [371, 367, 366])
1	0.6145038958593592	0.6416700001194657	([504, 219], [515, 510, 509])
1	0.6018180826399246	0.6428085623718908	([331, 230], [336, 331, 327])
1	0.6392752133910059	0.6444354191701879	([264, 254], [264, 262, 254])
1	0.5804987985519399	0.6445799882709705	([288, 230], [288, 235, 229])
1	0.6240612678755464	0.6457532993354037	([152, 138], [152, 149, 145])
1	0.5917666599442424	0.6460805150122901	([329, 323], [329, 327, 326])
1	0.5743891988280869	0.6467417021631694	([219, 166], [219, 162, 158])
1	0.6362599702614864	0.6470986650637388	([218, 153], [219, 218, 152])
1	0.557987280930524	0.64733795974881	([219, 211], [219, 216, 211])
1	0.5753081722605451	0.64733795974881	([235, 209], [229, 216, 211])
1	0.5726852569987663	0.650302774916337	([218, 200], [218, 212, 200])
1	0.5920293553032089	0.6504952845795755	([261, 217], [261, 254, 253])
1	0.5865800600495666	0.6512615066125571	([341, 230], [341, 338, 336])
1	0.5959648888629451	0.652328095334347	([219, 10], [219, 10, 6])
1	0.5719981323923579	0.6523288249131561	([219, 158], [219, 173, 163])
1	0.6314412739714136	0.6523597255890891	([218, 187], [218, 188, 184])
1	0.6179100123140322	0.6537946114567494	([217, 99], [217, 99, 93])
1	0.585502930576182	0.6541646043320578	([283, 265], [283, 281, 275])
1	0.645764815419447	0.6567513476939273	([313, 286], [313, 286, 285])
1	0.6374055540056051	0.6570304647432813	([320, 283], [320, 317, 316])
1	0.6334289372294403	0.6572289965511994	([151, 137], [151, 145, 138])
1	0.6020238956758683	0.6572459395168239	([259, 243], [265, 261, 243])
1	0.6500826140981674	0.6576310071575532	([315, 225], [315, 313, 285])
1	0.6134695516766386	0.6585458856006631	([230, 88], [230, 93, 88])
1	0.649570710232855	0.6599225530744252	([263, 222], [263, 253, 222])
1	0.6464716365671412	0.6629874481576692	([243, 206], [243, 218, 200])
1	0.6547931375296153	0.6643845444617177	([326, 243], [326, 254, 243])
1	0.6638819178441897	0.6650702313827689	([242, 186], [243, 242, 186])
1	0.6022208829530598	0.665853023972016	([248, 223], [248, 241, 223])
1	0.6515555717399814	0.6665239321910272	([595, 583], [595, 590, 589])
1	0.6573323721603287	0.6692389834150152	([270, 239], [270, 263, 239])
1	0.635898261333555	0.6707759094216298	([316, 283], [316, 305, 304])
1	0.6684136994403364	0.6711128517437395	([217, 161], [217, 173, 161])
1	0.643386008267565	0.6722002883317032	([213, 186], [214, 213, 185])
1	0.6410138272075276	0.6724744927898151	([312, 289], [313, 312, 286])
1	0.623619135607669	0.6726484509031438	([285, 278], [285, 278, 218])
1	0.6719006230149512	0.6726484509031438	([292, 218], [292, 285, 218])
1	0.616422282444081	0.6726484509031438	([313, 218], [313, 285, 218])
1	0.5764963773479378	0.6742372413171128	([255, 230], [255, 250, 249])
1	0.6677884808246528	0.6749300087799209	([565, 552], [565, 558, 552])
1	0.6622280056843558	0.6755857698280374	([275, 246], [275, 272, 218])
1	0.6042175141335397	0.6755857698280374	([328, 275], [328, 275, 218])
1	0.6660839328615078	0.6758415298974509	([46, 35], [46, 44, 35])
1	0.5422849063163613	0.6758521079307707	([262, 235], [265, 243, 236])
1	0.6758917281143065	0.6763397491673797	([109, 96], [109, 105, 96])
1	0.5901268632571546	0.6766072848531546	([260, 230], [260, 256, 255])
1	0.6576624569657845	0.6767355482973559	([284, 221], [284, 283, 237])
1	0.647979931690892	0.6769173922315442	([218, 70], [218, 75, 70])
1	0.6760873003966799	0.6770486379165337	([267, 218], [267, 264, 263])
1	0.6549433984865374	0.6776246921035727	([330, 239], [330, 239, 217])
1	0.613841369520806	0.6779495914189566	([313, 235], [314, 290, 287])
1	0.6356647375520744	0.6781071804639707	([218, 168], [219, 218, 167])
1	0.5546110979258418	0.6783087002807198	([217, 173], [218, 194, 188])
1	0.6719770568555404	0.6792606545611395	([218, 14], [219, 218, 6])
1	0.6662734923827867	0.6796425731573337	([575, 558], [575, 572, 558])
1	0.563204355351831	0.6806197552799468	([299, 219], [299, 296, 218])
1	0.6570432786522769	0.681308112318276	([280, 238], [280, 248, 237])
1	0.578330699460103	0.681308112318276	([280, 223], [283, 280, 237])
1	0.6803115029277635	0.6832357405954881	([52, 32], [52, 43, 38])
1	0.6772334143944047	0.6853170430023771	([482, 465], [482, 477, 474])
1	0.5999360159123581	0.6854375398652086	([269, 258], [269, 266, 259])
1	0.6800563932820146	0.6858357383344809	([349, 329], [349, 341, 338])
1	0.6334538725532539	0.6862499607967674	([510, 229], [516, 511, 510])
1	0.6843788257967479	0.6865590717885676	([404, 218], [404, 395, 394])
1	0.5766091202272662	0.6872862486803195	([219, 190], [219, 218, 192])
1	0.656239303952553	0.6873453395415535	([318, 275], [318, 299, 275])
1	0.5706611731446425	0.6873872890218309	([223, 211], [225, 223, 207])
1	0.5995354907189973	0.6874647836552245	([243, 178], [243, 218, 179])
1	0.6869579194760315	0.6878130971737434	([574, 557], [574, 567, 566])
1	0.6727188430611767	0.6885914847745951	([358, 346], [358, 355, 346])
1	0.6723708902477976	0.6888196252621229	([524, 513], [524, 519, 518])
1	0.5998508775733211	0.6896099900168672	([397, 217], [397, 391, 385])
1	0.6789989945143268	0.6900612877677664	([599, 580], [599, 594, 584])
1	0.6854505456586756	0.690366530828178	([380, 359], [380, 373, 359])
1	0.6794830409323066	0.6911278200010369	([275, 261], [275, 270, 264])
1	0.6909072614360499	0.6913624023573405	([432, 421], [432, 428, 426])
1	0.6852542581064529	0.6915361357062304	([137, 124], [137, 130, 124])
1	0.6879563274850994	0.6916787129929045	([473, 454], [473, 466, 463])
1	0.6763419638590246	0.6916876736524074	([597, 581], [597, 590, 581])
1	0.6112475167983593	0.691714297551357	([319, 219], [319, 303, 301])
1	0.680703132138191	0.6918545373445342	([417, 218], [417, 410, 404])
1	0.5953377640898493	0.692132016767464	([295, 278], [298, 282, 275])
1	0.6850863122848003	0.692153156531504	([484, 471], [484, 479, 471])
1	0.6789605799216176	0.692706431540545	([600, 218], [600, 593, 218])
1	0.684106120078963	0.6929485741203216	([513, 500], [513, 506, 504])
1	0.6916877511766573	0.692974379080341	([519, 500], [519, 505, 503])
1	0.5746699426493158	0.6940777720992627	([314, 230], [315, 309, 225])
1	0.6792380712531827	0.6951054866904182	([491, 473], [491, 482, 477])
1	0.6939725675318883	0.6968110233889093	([372, 352], [372, 368, 352])
1	0.6870042859385043	0.6970981776217201	([100, 85], [100, 97, 85])
1	0.6947449866669569	0.6973050940538081	([218, 134], [218, 151, 138])
1	0.669517285544281	0.6974020078586594	([294, 274], [294, 283, 274])
1	0.5655331294193162	0.6975277092133315	([330, 217], [330, 325, 239])
1	0.6898040554200091	0.6975352410125433	([218, 20], [218, 20, 14])
1	0.6932967663687729	0.6976525019868252	([406, 387], [406, 401, 387])
1	0.6901694250029117	0.6984875569217998	([541, 519], [541, 540, 519])
1	0.6979193700517343	0.6985331445152979	([149, 122], [149, 138, 122])
1	0.6771493252159834	0.6987530762164724	([540, 517], [539, 528, 519])
1	0.6904458034838008	0.6999357290786742	([425, 275], [430, 425, 218])
1	0.6688058353045828	0.7002817742542722	([329, 312], [329, 323, 318])
1	0.6899798009888551	0.703060398288845	([330, 256], [330, 256, 218])
1	0.6685628030323706	0.7034260105368475	([577, 548], [577, 568, 548])
1	0.7005814378575738	0.7038728718192326	([472, 459], [472, 466, 465])
1	0.6681203797710656	0.7043700250170831	([141, 131], [141, 138, 131])
1	0.6242695525178745	0.7052204267442698	([219, 107], [219, 118, 110])
1	0.6878821999389532	0.7055177177863835	([545, 520], [546, 545, 520])
1	0.6958202541541492	0.7061053354832328	([372, 243], [379, 372, 371])
1	0.7031744137743279	0.7068355625990986	([520, 502], [520, 515, 502])
1	0.6975476154515579	0.7069643683274761	([337, 319], [337, 327, 325])
1	0.6892308000916489	0.707082560190536	([522, 509], [522, 516, 512])
1	0.6494701656618186	0.7073413720528405	([340, 283], [340, 335, 283])
1	0.6963247791669386	0.7081031282890935	([103, 84], [103, 100, 84])
1	0.7055121219745226	0.7084982925305998	([376, 283], [379, 376, 283])
1	0.7080736586707743	0.7084982925305998	([386, 283], [386, 379, 283])
1	0.6858369530861034	0.7087349969951889	([316, 224], [316, 309, 225])
1	0.6706317599342579	0.7088011376994593	([555, 515], [545, 539, 519])
1	0.5689209441141039	0.7093307851127331	([229, 177], [221, 214, 177])
1	0.6239801975987018	0.7095516400160232	([327, 278], [324, 317, 298])
1	0.708976559523662	0.7095878161466633	([391, 370], [391, 383, 370])
1	0.6984034578792236	0.7099382310765685	([353, 337], [353, 346, 337])
1	0.6886237369817285	0.7103496161577126	([239, 190], [239, 228, 190])
1	0.7040277815160919	0.7109253834888166	([352, 336], [352, 345, 341])
1	0.7009292822332691	0.711528434531263	([550, 539], [550, 547, 543])
1	0.4741169107028384	0.711630919081583	([256, 255], [256, 248, 233])
1	0.6718847912989524	0.7116588149577334	([568, 520], [574, 545, 544])
1	0.6603814270733214	0.7116588149577334	([574, 544], [574, 556, 545])
1	0.7082702542608375	0.711977488325903	([410, 388], [410, 404, 388])
1	0.6022788836983642	0.7120686701499411	([219, 26], [219, 23, 6])
1	0.5680608047016423	0.7123528133581039	([262, 223], [262, 239, 238])
1	0.6814633865578151	0.7125159749767708	([64, 25], [62, 50, 26])
1	0.7009084005291006	0.7125351349873169	([65, 23], [65, 61, 26])
1	0.6966667601191925	0.7126525200372195	([548, 517], [548, 541, 540])
1	0.7086848203948448	0.7126525200372195	([579, 540], [579, 548, 540])
1	0.6976449642903431	0.7127269755906569	([25, 1], [25, 17, 8])
1	0.6318574523885471	0.7133576860498368	([222, 194], [222, 206, 198])
1	0.7064064911611377	0.7135078446985135	([572, 526], [572, 570, 526])
1	0.5907293542906769	0.7137901528079121	([317, 217], [330, 325, 317])
1	0.6138620520378336	0.7138966661723949	([230, 106], [230, 106, 93])
1	0.7040899708228924	0.7140599510220439	([147, 125], [147, 140, 125])
1	0.6496482662384849	0.7142631301999558	([222, 172], [222, 181, 177])
1	0.702401484026336	0.714268608447148	([229, 170], [229, 180, 170])
1	0.7112928623515592	0.7152951273718566	([411, 389], [411, 399, 395])
1	0.6955805128976585	0.7153843697934119	([328, 294], [328, 327, 294])
1	0.7081460619155702	0.7154317119732745	([274, 248], [280, 274, 271])
1	0.7138864661970064	0.7155634386629559	([306, 222], [311, 306, 222])
1	0.7154933211092569	0.7157483889540194	([526, 494], [537, 529, 494])
1	0.6986685685951295	0.7158230017432807	([509, 497], [509, 503, 501])
1	0.7118494250532662	0.7158239045984365	([409, 393], [409, 403, 393])
1	0.6938354176806527	0.7168182115853692	([563, 537], [570, 537, 526])
1	0.7145989375459056	0.7168489301241195	([510, 498], [510, 509, 497])
1	0.6927966360368523	0.7169418643171507	([520, 491], [520, 502, 491])
1	0.7164809447348521	0.7171668641342687	([58, 24], [62, 58, 24])
1	0.6998943252399196	0.7171924579066103	([479, 463], [479, 475, 463])
1	0.6745059598365097	0.7172851300253037	([137, 118], [137, 124, 120])
1	0.6650510263725962	0.7172892335957824	([228, 199], [239, 201, 190])
1	0.6931813347848003	0.7175685334225086	([604, 578], [604, 595, 581])
1	0.7108725010296779	0.7176764261077913	([555, 527], [558, 555, 527])
1	0.7038447823914671	0.7178464360143075	([503, 475], [503, 493, 490])
1	0.7070721080718854	0.7179123300863871	([431, 283], [431, 425, 421])
1	0.6414574159858756	0.7179658786576694	([352, 278], [352, 350, 278])
1	0.7066568558057386	0.718478602148103	([409, 229], [409, 402, 393])
1	0.7109564734979371	0.7190462476852656	([102, 82], [102, 101, 82])
1	0.6089510632407411	0.719083790468487	([217, 11], [229, 228, 11])
1	0.6112398817147697	0.7194724658415818	([217, 2], [217, 11, 2])
1	0.7026340490119072	0.7194998403802335	([295, 253], [295, 278, 253])
1	0.7192569251664034	0.7197428799483465	([278, 4], [278, 219, 1])
1	0.6204958176264924	0.7199020969691694	([219, 118], [219, 132, 118])
1	0.713415790773628	0.7201671498577337	([50, 19], [50, 26, 23])
1	0.6954850325513959	0.7202106020960843	([329, 288], [329, 287, 282])
1	0.5084483864691725	0.7207754461076289	([278, 219], [326, 323, 243])
1	0.6910164403389467	0.7208640203766048	([358, 329], [358, 346, 343])
1	0.7131698952422622	0.7209431951473488	([476, 457], [476, 470, 457])
1	0.5069766225556652	0.7211206560771192	([326, 254], [267, 237, 230])
1	0.7152705031777447	0.721289441805048	([134, 106], [134, 120, 106])
1	0.5977970987022702	0.7213277076500659	([223, 162], [223, 186, 162])
1	0.7047846930282574	0.7215734734493863	([101, 88], [101, 97, 88])
1	0.5942205226500943	0.7215877846529102	([350, 219], [347, 338, 278])
1	0.7195911655726469	0.7219460162959693	([415, 384], [415, 401, 384])
1	0.7073023234972907	0.7219533752146529	([408, 283], [401, 380, 283])
1	0.6704617089138472	0.7221408783171893	([218, 40], [218, 28, 20])
1	0.720135726170402	0.7223923817686574	([419, 386], [419, 415, 386])
1	0.719552797610751	0.7226380387431643	([488, 462], [488, 482, 467])
1	0.7089211312091572	0.722811402152933	([412, 385], [419, 412, 385])
1	0.7132222968147373	0.7229184780602437	([166, 148], [166, 156, 148])
1	0.7144492116596003	0.723355715762906	([222, 102], [239, 222, 82])
1	0.6946905464286567	0.723732282283085	([180, 169], [180, 176, 175])
1	0.7173619318723563	0.7238619802905082	([496, 466], [496, 486, 466])
1	0.6894044056093929	0.7241969755977078	([275, 177], [275, 242, 222])
1	0.6980676500910232	0.7242013159183145	([283, 167], [283, 222, 206])
1	0.5989111535573303	0.724212672952986	([223, 156], [223, 162, 156])
1	0.7167281243004328	0.7242717763302338	([370, 342], [380, 372, 338])
1	0.6598793668696699	0.7242990492091674	([243, 68], [243, 218, 70])
1	0.7117741956653256	0.7245325713978544	([379, 339], [340, 339, 239])
1	0.7201548294841661	0.7247918367929919	([307, 243], [307, 306, 243])
1	0.7214753751608127	0.7249234101772215	([421, 394], [431, 421, 398])
1	0.7161560926474253	0.7250404641272149	([335, 306], [335, 306, 303])
1	0.7096680128091303	0.7251499381442987	([118, 94], [118, 117, 95])
1	0.723875163418907	0.7251952121666371	([373, 341], [376, 373, 341])
1	0.676928102374346	0.7253614516792074	([92, 59], [79, 72, 59])
1	0.6607606927264489	0.7255402086019358	([603, 243], [605, 603, 0])
1	0.543899019055518	0.7257204006349844	([326, 158], [326, 174, 158])
1	0.7186082357063664	0.7261647490911695	([591, 278], [593, 591, 278])
1	0.7144139373268056	0.7264953358113166	([431, 398], [421, 412, 406])
1	0.7192809699718948	0.7265504218305057	([376, 278], [369, 368, 278])
1	0.693778155698889	0.7266017947589196	([603, 546], [603, 602, 578])
1	0.5844706239233393	0.726841739620887	([322, 223], [322, 309, 302])
1	0.7167471057130044	0.727304700469535	([532, 492], [532, 529, 492])
1	0.6464953988104559	0.7276672100437442	([243, 0], [243, 218, 6])
1	0.5860101509641805	0.7276672100437442	([219, 0], [326, 243, 6])
1	0.7229231912949802	0.727737101902706	([35, 17], [35, 29, 17])
1	0.7239344364278386	0.7279098488956255	([198, 165], [204, 198, 171])
1	0.6366457995754402	0.7280158668295948	([218, 115], [218, 121, 115])
1	0.6173587447509004	0.7280163239775959	([235, 163], [235, 163, 155])
1	0.72727012950358	0.7281061063866533	([125, 98], [133, 125, 120])
1	0.5878315764114348	0.7282509774086596	([217, 191], [217, 205, 198])
1	0.720866504493131	0.72827185161821	([204, 171], [217, 198, 165])
1	0.7175415892066935	0.7282978128330976	([228, 169], [228, 211, 193])
1	0.6263971561673854	0.7284535690087572	([526, 219], [526, 518, 517])
1	0.607941752201918	0.7286062478924816	([428, 278], [437, 431, 278])
1	0.6882076718360449	0.7286062478924816	([444, 218], [444, 437, 278])
1	0.723254417653277	0.7289063284576616	([202, 157], [202, 169, 168])
1	0.7121786904523815	0.7290174373161997	([385, 356], [385, 380, 356])
1	0.6116114932432078	0.7292418002547083	([235, 189], [235, 209, 189])
1	0.6874792401786768	0.7293108936455174	([500, 470], [500, 485, 477])
1	0.7135969779740723	0.7293108936455174	([515, 477], [513, 500, 477])
1	0.6326851340683368	0.7293334911154697	([426, 219], [437, 429, 426])
1	0.6973505236307065	0.7294694658550943	([120, 79], [229, 120, 81])
1	0.7203611729887588	0.7299718572030748	([549, 514], [549, 544, 519])
1	0.7159586570947247	0.7301142880853259	([137, 98], [134, 133, 98])
1	0.7279415052782796	0.7301862421309944	([243, 164], [243, 218, 168])
1	0.7284261522989993	0.730229443175558	([476, 445], [476, 475, 445])
1	0.718500827492816	0.7303413767158451	([83, 44], [88, 83, 45])
1	0.7135417017433766	0.7305151942071831	([457, 427], [457, 434, 427])
1	0.7204435740255615	0.7306756405018328	([517, 476], [517, 500, 470])
1	0.7235448512549784	0.7309153732483243	([278, 16], [283, 278, 16])
1	0.7075738191399729	0.7309153732483243	([283, 3], [283, 278, 246])
1	0.6647933318289329	0.7309153732483243	([379, 243], [376, 283, 278])
1	0.6330677055150803	0.7309153732483243	([430, 218], [431, 283, 278])
1	0.6902085138491024	0.7309256057209511	([229, 143], [229, 143, 131])
1	0.7241634308319544	0.7309450980876948	([420, 396], [420, 412, 396])
1	0.7074243915974976	0.7311290611910355	([157, 133], [157, 150, 144])
1	0.551584910495203	0.7312688633703202	([288, 223], [288, 236, 229])
1	0.7139126175155387	0.7312771880678882	([492, 455], [492, 473, 456])
1	0.6860030662199034	0.7314226104857247	([558, 524], [558, 537, 527])
1	0.7060955260928086	0.7315084230144496	([493, 457], [493, 486, 484])
1	0.7286067292139111	0.731516292592271	([464, 411], [464, 450, 411])
1	0.7171786516782895	0.7315345671810107	([406, 374], [406, 387, 386])
1	0.7147088916066215	0.7316268824839137	([527, 511], [528, 527, 511])
1	0.5794894121675145	0.7317541886254709	([235, 152], [235, 222, 163])
1	0.6634265925612478	0.731762922248063	([202, 169], [228, 217, 161])
1	0.7133891505087145	0.7319326965279825	([222, 70], [222, 82, 70])
1	0.7242281897131975	0.7320413750113839	([356, 331], [356, 349, 330])
1	0.7219379459768664	0.7322811475251075	([86, 55], [86, 81, 55])
1	0.5879938564113959	0.732288631022875	([223, 186], [223, 215, 186])
1	0.7254963965007234	0.7323791949911984	([543, 504], [543, 540, 500])
1	0.7101070590379398	0.7324224086307669	([343, 222], [343, 340, 222])
1	0.6841823934828987	0.7325124138173545	([384, 329], [384, 376, 329])
1	0.7180914200207198	0.7325378691649773	([491, 448], [491, 473, 449])
1	0.55284096754751	0.7326840931192014	([326, 199], [326, 243, 199])
1	0.716282748998625	0.7327272775406632	([83, 61], [83, 75, 61])
1	0.7312882546565125	0.7327880066560554	([242, 170], [242, 182, 175])
1	0.7264381369735409	0.7328045449252457	([446, 406], [446, 444, 409])
1	0.721252395344923	0.7328154437814461	([278, 24], [278, 26, 24])
1	0.6459233094353246	0.7328154437814461	([278, 66], [278, 66, 26])
1	0.7141098544655821	0.7328405326884929	([367, 344], [367, 357, 344])
1	0.6270595498892153	0.7329781980798697	([576, 219], [555, 539, 527])
1	0.7222190801819252	0.7330139178924977	([82, 56], [86, 82, 47])
1	0.7229898142693811	0.7331375232287034	([565, 535], [575, 565, 535])
1	0.6820879325809375	0.7331646027937023	([494, 464], [494, 482, 465])
1	0.7194215620643625	0.7331921022396416	([562, 521], [563, 537, 533])
1	0.7311395738097893	0.7331921022396416	([553, 533], [563, 553, 533])
1	0.6924732232306454	0.7336399995439337	([521, 472], [521, 513, 472])
1	0.7301199511304839	0.7337098795252334	([487, 451], [487, 470, 467])
1	0.6903428116770496	0.7337761615684388	([380, 338], [380, 338, 336])
1	0.7004929042439991	0.733902335749778	([457, 434], [457, 449, 434])
1	0.6885747117143369	0.7339759873112591	([557, 530], [558, 557, 530])
1	0.7257786465686864	0.7339987051661668	([353, 243], [353, 340, 337])
1	0.728577528171417	0.7344218282202423	([271, 213], [271, 245, 216])
1	0.7189809763049654	0.7345561150662189	([422, 380], [423, 422, 380])
1	0.7342579570992438	0.7346074425667587	([81, 38], [81, 55, 44])
1	0.7007212978077042	0.7346074425667587	([88, 57], [83, 81, 44])
1	0.6327201751830989	0.7346084243196239	([219, 141], [219, 141, 132])
1	0.7208579140618524	0.734691087397845	([421, 378], [423, 421, 378])
1	0.7331787006992154	0.7348862160415955	([384, 363], [384, 373, 355])
1	0.7266690003345145	0.7348862160415955	([381, 355], [384, 381, 355])
1	0.731106665662569	0.7350017674559335	([551, 521], [562, 554, 521])
1	0.6332800607010977	0.7350296033843652	([229, 80], [120, 105, 81])
1	0.7329635345505259	0.7351590126944735	([391, 352], [395, 391, 352])
1	0.7233322000646788	0.7351645835238072	([332, 222], [337, 327, 222])
1	0.7155745325456607	0.7355203253868144	([575, 529], [575, 570, 526])
1	0.7335882580915006	0.7355723141960677	([561, 532], [561, 557, 530])
1	0.712543601253171	0.7356290833417106	([595, 548], [595, 580, 578])
1	0.7223952968766726	0.7358109440821489	([132, 101], [132, 120, 104])
1	0.6970205428329306	0.7359357594517001	([500, 458], [500, 470, 457])
1	0.7117100450952693	0.7360582288155525	([42, 1], [42, 28, 1])
1	0.7350190017866329	0.7363460116830216	([523, 489], [532, 523, 489])
1	0.7346818036286569	0.7363576887148571	([328, 255], [328, 266, 255])
1	0.7332428835732866	0.736366179577626	([530, 500], [530, 526, 494])
1	0.7356212477570826	0.7364756417371005	([34, 10], [34, 28, 19])
1	0.5600345006108781	0.7365114296471096	([235, 16], [218, 217, 20])
1	0.7052595729868929	0.7365114296471096	([283, 14], [283, 217, 20])
1	0.7307429311573106	0.7365537987441276	([454, 410], [462, 454, 410])
1	0.7308456828270823	0.7365562332502581	([543, 516], [543, 539, 516])
1	0.720367227929971	0.7366887417394065	([184, 154], [184, 175, 161])
1	0.7047545822429941	0.7367054415900111	([283, 73], [283, 73, 67])
1	0.7303029594244561	0.7369909323145158	([462, 243], [415, 384, 243])
1	0.7232688821795304	0.7370733244596814	([165, 110], [217, 165, 93])
1	0.720099541830229	0.7373150528260586	([123, 99], [123, 120, 106])
1	0.6918296332298061	0.7375529983107428	([397, 339], [397, 339, 278])
1	0.6991180455000519	0.737707901702135	([275, 202], [275, 218, 194])
1	0.737264370940266	0.7379349181990333	([451, 416], [451, 450, 411])
1	0.7121108410543139	0.7380812753046141	([537, 494], [539, 530, 500])
1	0.6477860170339811	0.7381532290924125	([395, 218], [397, 381, 339])
1	0.7348100761339901	0.7382852576680872	([483, 460], [483, 471, 455])
1	0.720549181091171	0.7383885410299187	([133, 89], [122, 101, 82])
1	0.7142790850800051	0.7383885410299187	([127, 82], [127, 122, 82])
1	0.5870883347029331	0.7386198192604815	([391, 217], [404, 382, 368])
1	0.7385749967311447	0.7386449313122452	([346, 310], [346, 338, 310])
1	0.7368922653470679	0.7386680586815718	([400, 370], [400, 392, 329])
1	0.70523308754891	0.7386680586815718	([407, 239], [407, 400, 329])
1	0.7285240142473797	0.7387285942264662	([528, 474], [528, 520, 474])
1	0.7102042650557754	0.7392914980918073	([497, 454], [497, 494, 465])
1	0.702981059218402	0.7394860366412374	([170, 139], [170, 160, 135])
1	0.738042786867888	0.7396006088116645	([379, 350], [379, 350, 341])
1	0.713753994859467	0.7396124647468115	([329, 271], [329, 296, 269])
1	0.7396352825860003	0.7397531221358576	([257, 211], [257, 235, 221])
1	0.7372235891617778	0.7400809294470032	([382, 342], [382, 379, 342])
1	0.7121736198265366	0.7402873739645349	([395, 354], [391, 385, 352])
1	0.6243821384582054	0.7403700885641499	([380, 235], [380, 283, 222])
1	0.7274833526698387	0.7403700885641499	([377, 222], [380, 377, 222])
1	0.6773913191504332	0.7404054221091422	([365, 218], [404, 368, 365])
1	0.724170729508194	0.7404054221091422	([415, 365], [415, 404, 365])
1	0.634749052366544	0.7404103001741729	([218, 121], [218, 153, 115])
1	0.7238759726279388	0.7404192711321007	([152, 116], [152, 136, 114])
1	0.7065148709835848	0.7404999394453567	([95, 26], [95, 83, 50])
1	0.6383767298183678	0.7406188921791232	([582, 218], [603, 593, 243])
1	0.6025789299880774	0.7406237703218848	([437, 219], [431, 396, 278])
1	0.6192641434089121	0.741335675870629	([217, 125], [217, 134, 125])
1	0.7356159309061246	0.7418313662933965	([205, 183], [205, 190, 183])
1	0.7208633537851861	0.7418859170172036	([573, 523], [573, 550, 528])
1	0.706436974062652	0.7422192809350642	([437, 403], [437, 403, 396])
1	0.724388211227548	0.7423732239332101	([141, 99], [141, 127, 99])
1	0.6650924820281875	0.7428921546015691	([560, 522], [565, 560, 522])
1	0.7107556266575248	0.7430915605377795	([458, 432], [458, 444, 437])
1	0.7089301578356015	0.7432258011604699	([89, 35], [82, 47, 44])
1	0.7051697102909114	0.7433157209189587	([416, 357], [416, 393, 357])
1	0.6268599674958799	0.7433373068211776	([390, 229], [402, 384, 382])
1	0.6269220093843775	0.7433574432829322	([368, 217], [368, 356, 330])
1	0.7295462691462128	0.7434018186716089	([512, 228], [523, 515, 512])
1	0.6902890624382247	0.7434742224430901	([100, 52], [100, 89, 52])
1	0.7235139239309142	0.7438358572704571	([383, 345], [383, 379, 345])
1	0.7354399686189896	0.7440211674467412	([389, 366], [395, 366, 352])
1	0.7285728862770893	0.7440664485809791	([255, 194], [275, 255, 247])
1	0.7378870527240092	0.7440796506567002	([418, 329], [418, 407, 404])
1	0.6242573593827154	0.7442237819744673	([435, 235], [435, 380, 283])
1	0.7433867184129274	0.7442237819744673	([435, 394], [435, 394, 380])
1	0.7096848073136865	0.7445967256849457	([422, 371], [422, 380, 379])
1	0.7281863532879473	0.7448212341465765	([189, 158], [189, 181, 168])
1	0.7443286645859829	0.7448461834430462	([430, 377], [430, 377, 243])
1	0.6659839102995391	0.7448461834430462	([429, 243], [430, 429, 243])
1	0.7292270191073871	0.7450354875800342	([589, 544], [589, 579, 544])
1	0.7225083905886811	0.7450355032788074	([243, 142], [243, 218, 138])
1	0.7289063483213974	0.7452913635909123	([437, 329], [437, 329, 278])
1	0.6449653058164417	0.7453138832763633	([283, 152], [283, 243, 152])
1	0.7424158813822223	0.7453526910102601	([470, 443], [470, 453, 452])
1	0.7452610742999978	0.7454626912579788	([596, 543], [596, 589, 544])
1	0.7235961837797513	0.74553370115127	([528, 488], [528, 491, 488])
1	0.7168885351011016	0.745556851453686	([450, 415], [450, 445, 411])
1	0.713929142348157	0.7456042340277548	([135, 91], [135, 119, 117])
1	0.7352722494701243	0.7457941248392858	([228, 61], [228, 217, 61])
1	0.7435450631041357	0.7459585328802609	([536, 243], [536, 523, 521])
1	0.728729786351229	0.7460723560045216	([187, 155], [187, 176, 173])
1	0.7381819325946593	0.7461931205049891	([148, 82], [148, 129, 123])
1	0.6306243162951665	0.7462608447368964	([235, 99], [235, 128, 99])
1	0.742913579331378	0.7463184543748848	([511, 467], [511, 484, 472])
1	0.721623495157175	0.7463184543748848	([511, 484], [513, 511, 472])
1	0.746130675583726	0.7465121011101906	([526, 471], [528, 526, 471])
1	0.736027786034714	0.7467440658540658	([524, 482], [524, 521, 485])
1	0.7324752849686563	0.7467806445523322	([278, 60], [278, 60, 39])
1	0.7248666319395408	0.7468884401675733	([72, 24], [72, 59, 24])
1	0.5966107140063373	0.7469871949028185	([517, 219], [544, 541, 504])
1	0.7408432780629995	0.7473638758090226	([160, 113], [160, 153, 113])
1	0.7267999065014085	0.7480192143171265	([106, 60], [106, 80, 75])
1	0.6984637398206435	0.7481126726030708	([440, 405], [444, 438, 400])
1	0.7311543992134959	0.7483452302868938	([243, 88], [243, 96, 95])
1	0.6398809294938136	0.7483452302868938	([218, 92], [243, 218, 96])
1	0.7431245765860326	0.7483464094631451	([439, 413], [439, 437, 413])
1	0.6094715899427172	0.7486230144638758	([217, 31], [217, 31, 20])
1	0.716655763762886	0.7486369964658655	([490, 446], [489, 476, 447])
1	0.7262508823622292	0.7487203345470014	([455, 402], [455, 445, 406])
1	0.7434582362162727	0.7493893334023303	([418, 372], [418, 388, 379])
1	0.7391238003296465	0.7494879298831987	([410, 355], [410, 374, 355])
1	0.7331786024377505	0.7498981321465622	([97, 70], [97, 79, 70])
1	0.7118814381822505	0.7500527143690832	([236, 158], [243, 236, 150])
1	0.7450672932926412	0.7500896766846611	([268, 197], [275, 268, 197])
1	0.7285943577325567	0.7502407125828986	([129, 102], [129, 127, 102])
1	0.6123461255492018	0.7503472054661021	([217, 75], [218, 134, 96])
1	0.7269796212717963	0.7507678534011163	([523, 228], [512, 503, 497])
1	0.7326133183125583	0.7509259107414172	([103, 38], [103, 89, 48])
1	0.7274308341680735	0.750978427728162	([104, 46], [104, 86, 46])
1	0.7307572966466197	0.7511181849288078	([476, 422], [476, 466, 422])
1	0.7285685367800926	0.7512097246092035	([498, 451], [498, 494, 460])
1	0.6108219594675427	0.7512597980253783	([219, 132], [219, 156, 132])
1	0.7186772960567425	0.7512723194722551	([491, 229], [516, 491, 475])
1	0.7194586179610482	0.7512873449450106	([459, 418], [459, 447, 413])
1	0.7455693679127257	0.7513246364752616	([443, 391], [443, 431, 396])
1	0.7276486058357011	0.751549353673612	([90, 37], [80, 59, 28])
1	0.7100478769223633	0.7517093940702753	([190, 144], [190, 164, 158])
1	0.7460135453889477	0.7519314430325422	([275, 158], [275, 183, 158])
1	0.7498175568080027	0.7519696708824408	([343, 305], [343, 315, 307])
1	0.7183803438965308	0.7520605778400802	([424, 229], [466, 454, 438])
1	0.7297030769508106	0.7522639526621258	([238, 171], [238, 211, 171])
1	0.7284547078659623	0.7524345741144367	([458, 228], [458, 435, 430])
1	0.7285495721007638	0.7525314161482668	([171, 123], [171, 140, 134])
1	0.7029638820511168	0.7525314161482668	([171, 140], [171, 155, 134])
1	0.7387642267700286	0.752552771227838	([142, 100], [142, 131, 100])
1	0.7501609297631863	0.7526177063046982	([126, 90], [126, 122, 82])
1	0.703268470898371	0.7527068407064921	([448, 412], [471, 466, 412])
1	0.7317865993272074	0.7530044968688953	([329, 155], [329, 328, 164])
1	0.7415098379697675	0.7530148986109284	([408, 349], [404, 398, 349])
1	0.5959554185402204	0.7534165931312629	([230, 205], [230, 205, 196])
1	0.7304895595551719	0.7537153604954173	([108, 63], [108, 104, 63])
1	0.7449543611202193	0.7538208747169732	([204, 149], [204, 171, 149])
1	0.7474889279781507	0.7539550624641285	([100, 36], [100, 52, 36])
1	0.6554511503838375	0.7541446341542252	([243, 111], [243, 161, 111])
1	0.728888611027614	0.7542807740348124	([533, 510], [533, 526, 510])
1	0.7012925037625092	0.7546313634010705	([397, 326], [397, 379, 326])
1	0.6343753082355377	0.7546473055180829	([460, 218], [460, 444, 441])
1	0.7506645449113402	0.7547204234474273	([506, 449], [506, 491, 488])
1	0.7282040614517181	0.754842850616951	([467, 222], [490, 472, 467])
1	0.717791280506244	0.7548859550175498	([453, 403], [453, 440, 403])
1	0.7498394759433457	0.7548973162967072	([378, 346], [382, 378, 346])
1	0.6932059266252959	0.7549358625700232	([432, 275], [432, 428, 275])
1	0.7065537317615049	0.7549791934098365	([283, 103], [283, 108, 103])
1	0.7096804624838673	0.7550417498889256	([518, 468], [518, 493, 457])
1	0.7464413002262218	0.7551487919704373	([435, 410], [435, 410, 394])
1	0.7486208762802786	0.7553816238664525	([420, 377], [420, 395, 390])
1	0.5796425703843411	0.7555739381431019	([336, 230], [331, 314, 292])
1	0.7332957989758659	0.7555789276045752	([278, 93], [278, 97, 60])
1	0.704041914014087	0.7557384606171837	([444, 409], [444, 435, 422])
1	0.7426441893935747	0.7557897968370023	([508, 478], [504, 493, 488])
1	0.6009755332668832	0.7558021419261183	([219, 73], [74, 66, 63])
1	0.7052241116311285	0.7559079394379462	([239, 82], [278, 76, 2])
1	0.7452889637316791	0.7561230216830246	([139, 86], [139, 127, 102])
1	0.5438501325450292	0.7564739088983585	([326, 174], [326, 280, 278])
1	0.7246660462906588	0.7565044990384328	([509, 489], [509, 501, 489])
1	0.48408672157289157	0.7565751162390846	([304, 302], [309, 237, 232])
1	0.7460046841431887	0.7567868751023329	([57, 18], [57, 51, 18])
1	0.71600007592399	0.7568061890490436	([402, 345], [402, 394, 345])
1	0.729132394232481	0.7568075860540283	([536, 278], [536, 522, 517])
1	0.5910114977578099	0.7571027498749666	([503, 230], [523, 474, 472])
1	0.6825186639275724	0.7572053836353906	([176, 112], [177, 160, 114])
1	0.7386346309054151	0.7572456534535831	([99, 53], [99, 83, 53])
1	0.7556376268844467	0.7573113492769599	([445, 397], [445, 420, 397])
1	0.7475331176847184	0.7575962251635235	([508, 430], [508, 504, 430])
1	0.7571807646389194	0.7576489643728881	([532, 469], [532, 486, 473])
1	0.7295981208484467	0.7577742762406848	([417, 358], [417, 405, 367])
1	0.74129097670721	0.7578418435916736	([222, 40], [222, 40, 2])
1	0.7187174879930617	0.758261822451627	([510, 464], [510, 493, 468])
1	0.7497006316471632	0.7584571916770884	([118, 71], [118, 96, 71])
1	0.7257845791123221	0.7586537936556482	([470, 414], [476, 470, 414])
1	0.7366196369108361	0.758654976484325	([505, 278], [540, 505, 493])
1	0.7527065761408412	0.7586809245331043	([296, 177], [296, 275, 218])
1	0.5786049470208332	0.758738564822545	([544, 219], [504, 469, 457])
1	0.5360787799654166	0.7587503010382681	([326, 6], [218, 96, 28])
1	0.7232679652360986	0.758795071277067	([119, 73], [119, 103, 73])
1	0.6941452694963689	0.758795071277067	([275, 8], [283, 103, 73])
1	0.7490236557832674	0.7590456969210505	([521, 449], [521, 486, 449])
1	0.7523578454600289	0.7593224020927697	([351, 275], [349, 329, 275])
1	0.6878023029579845	0.7593224020927697	([384, 275], [384, 329, 275])
1	0.7516538973019219	0.7598625334455197	([173, 120], [173, 165, 106])
1	0.7385244395742603	0.7599852783402722	([475, 329], [475, 423, 418])
1	0.7529410346877639	0.7599852783402722	([485, 418], [485, 475, 418])
1	0.7590629301783404	0.7602009825135211	([110, 59], [110, 96, 67])
1	0.7395309647675522	0.7602009825135211	([110, 67], [110, 98, 96])
1	0.7571201940080919	0.7602287777119832	([62, 6], [62, 24, 6])
1	0.734169680629459	0.7611602050355242	([115, 78], [218, 115, 70])
1	0.7605135513459884	0.7614078208024285	([466, 386], [466, 412, 406])
1	0.746877221201691	0.761439252654794	([344, 259], [344, 328, 275])
1	0.7523169042550033	0.7615391811569321	([275, 125], [275, 158, 125])
1	0.7184704254594958	0.761566211232303	([210, 160], [210, 180, 170])
1	0.7587982055689436	0.761963953847809	([135, 64], [135, 117, 64])
1	0.7019186250717256	0.7619865902785172	([239, 1], [283, 239, 67])
1	0.7554789313776584	0.7620644261213602	([200, 137], [200, 156, 150])
1	0.6158272389136714	0.7627647522560504	([370, 235], [380, 370, 345])
1	0.7585863056375086	0.7629868608113889	([412, 370], [418, 412, 370])
1	0.754445028139644	0.7631726964628713	([417, 354], [417, 358, 354])
1	0.7623649931436268	0.7635905531309338	([107, 47], [107, 96, 72])
1	0.7216181041922772	0.7637841069618313	([63, 1], [65, 63, 1])
1	0.5802171536091901	0.7637965462526524	([217, 93], [165, 155, 118])
1	0.6223711584430042	0.7643236171874985	([229, 120], [229, 170, 125])
1	0.7543161902553321	0.7644127406076331	([92, 32], [92, 85, 78])
1	0.7018049793670025	0.7644359608135319	([175, 110], [175, 153, 110])
1	0.7230751502329597	0.7646325093094904	([501, 443], [501, 457, 447])
1	0.7573938857256568	0.764668829801256	([605, 500], [605, 505, 500])
1	0.7128958217147224	0.764668829801256	([522, 278], [605, 545, 505])
1	0.7580815857885471	0.7647536704498177	([77, 3], [77, 25, 3])
1	0.7473834518870439	0.7648650545314382	([421, 360], [421, 413, 360])
1	0.7587199765503075	0.7650278193190484	([595, 68], [602, 278, 66])
1	0.7538084881856855	0.7650278193190484	([600, 66], [602, 600, 66])
1	0.7122943171256979	0.7653502145496632	([278, 122], [278, 122, 93])
1	0.7620185443295558	0.7653918796234888	([498, 413], [498, 457, 413])
1	0.7204858964696667	0.7653935498553506	([443, 229], [491, 443, 438])
1	0.7573766078785613	0.7654624764146016	([465, 275], [403, 376, 329])
1	0.7563093426012573	0.7655278030398129	([517, 427], [517, 470, 457])
1	0.7558879159405485	0.7655410958342453	([108, 24], [278, 122, 115])
1	0.7638362970635847	0.7658869136324039	([99, 69], [275, 99, 87])
1	0.7458340641052853	0.7659331655498922	([561, 243], [561, 527, 523])
1	0.6211669022768674	0.7659698082300639	([235, 128], [235, 152, 99])
1	0.7243081310458007	0.7663783388791728	([222, 147], [222, 167, 147])
1	0.7580546202046821	0.7665151174247014	([505, 426], [506, 505, 426])
1	0.7137055637581141	0.7666013415375074	([229, 36], [36, 28, 17])
1	0.7631983135651089	0.766628358365927	([412, 343], [412, 395, 374])
1	0.7617595395829075	0.7666320069717242	([487, 330], [487, 416, 330])
1	0.6310013454680087	0.7668277282787085	([462, 229], [491, 466, 438])
1	0.7484001431542673	0.7668874605394244	([195, 133], [225, 197, 142])
1	0.7437907512935825	0.7669311371587899	([457, 399], [457, 427, 399])
1	0.6978854669720074	0.7670907224231385	([474, 218], [474, 445, 444])
1	0.7156260197936547	0.7672984786839689	([187, 117], [187, 145, 137])
1	0.7024857575145697	0.7673424326256189	([225, 109], [275, 183, 109])
1	0.7457494245671822	0.7679231944455515	([437, 359], [437, 396, 379])
1	0.7582045571939388	0.7680592910556852	([198, 122], [225, 198, 122])
1	0.7024352477305036	0.7681533041846644	([328, 164], [329, 278, 155])
1	0.7464447270685062	0.7682262087826983	([433, 326], [433, 426, 326])
1	0.7531260620177945	0.768266831338287	([349, 258], [349, 330, 258])
1	0.7678757456336254	0.7684318711119343	([53, 12], [53, 38, 15])
1	0.7597677924900477	0.7685189726819249	([188, 130], [194, 170, 137])
1	0.7502519402561977	0.7686373831353407	([275, 86], [99, 69, 59])
1	0.750923735804636	0.7687104358370318	([453, 384], [453, 403, 402])
1	0.7567168447179555	0.7687961061852918	([446, 390], [446, 405, 404])
1	0.7340980976493213	0.7687995024603185	([378, 319], [378, 339, 329])
1	0.711643814032632	0.7688052235712449	([283, 32], [283, 30, 20])
1	0.6220307081204376	0.7694701977197027	([516, 229], [462, 406, 404])
1	0.7495189145985861	0.7695624622731031	([355, 313], [355, 335, 313])
1	0.7460606446561052	0.7698048128627104	([515, 440], [515, 503, 440])
1	0.7436372477694044	0.7699897744163492	([73, 7], [73, 59, 7])
1	0.7697107255741442	0.769990262311001	([483, 420], [483, 467, 417])
1	0.7497058101101534	0.7701203037851624	([351, 308], [351, 330, 308])
1	0.7209799395917367	0.7702029783878074	([551, 278], [551, 522, 521])
1	0.7587821620609401	0.7702859370217596	([579, 275], [517, 504, 275])
1	0.7686073501151887	0.7704062537889161	([287, 12], [287, 225, 12])
1	0.7544360281904823	0.7705546955987252	([111, 27], [111, 108, 27])
1	0.5777528182359126	0.770675041244726	([605, 0], [505, 428, 426])
1	0.7328217326484922	0.7712699421146745	([113, 74], [116, 93, 79])
1	0.7435329363823434	0.7713108256690528	([41, 6], [41, 26, 6])
1	0.7258937044363659	0.7718101169811005	([239, 119], [239, 127, 119])
1	0.7633485021490442	0.7718101169811005	([196, 141], [239, 141, 127])
1	0.7646148066136841	0.772542224401767	([424, 303], [424, 397, 278])
1	0.6214449246124308	0.7728130952522516	([235, 178], [235, 178, 163])
1	0.7568298630388464	0.7728620346617707	([367, 308], [367, 363, 308])
1	0.7455705703308133	0.7730329491191705	([399, 348], [399, 372, 357])
1	0.7551719343054237	0.7731331108701867	([201, 132], [195, 193, 132])
1	0.7720873001381685	0.7731403569940597	([202, 135], [202, 197, 135])
1	0.7622947972242682	0.7734380208158351	([421, 325], [421, 411, 328])
1	0.6913274693463269	0.7735027614616793	([225, 142], [225, 168, 131])
1	0.7662929061896216	0.7736127818135061	([473, 436], [473, 448, 444])
1	0.7630141709098858	0.7741283888848198	([113, 0], [113, 74, 66])
1	0.5503085033657212	0.7741848635888496	([333, 235], [334, 322, 236])
1	0.6009767148263886	0.7744258972635623	([230, 166], [230, 166, 158])
1	0.7630629456511434	0.774610558531732	([385, 225], [349, 347, 225])
1	0.7675791421912695	0.774657916651069	([535, 462], [535, 478, 472])
1	0.7648746533656587	0.7746635498811496	([308, 259], [311, 308, 259])
1	0.7523033703816727	0.7747624186711449	([605, 238], [605, 238, 1])
1	0.762312192390479	0.774828317280084	([509, 423], [509, 502, 423])
1	0.716527791428515	0.7750135164878783	([569, 283], [569, 529, 521])
1	0.7717625978220252	0.7751205669333932	([464, 225], [464, 450, 225])
1	0.7737783309689331	0.7751205669333932	([488, 225], [488, 450, 225])
1	0.7510872275153945	0.7751984497952173	([346, 274], [346, 337, 274])
1	0.7744498076126075	0.7752309321404574	([544, 432], [544, 502, 432])
1	0.6012190318733425	0.775460993327277	([223, 15], [225, 223, 15])
1	0.7722574984296956	0.7756678671272019	([456, 376], [456, 414, 376])
1	0.7698957116619419	0.7757713012917509	([402, 330], [402, 386, 330])
1	0.623415648563893	0.7757929951526445	([219, 85], [219, 141, 85])
1	0.6997954881784705	0.7759134082484529	([601, 225], [597, 595, 225])
1	0.7247479049354429	0.7772060242860793	([463, 389], [471, 463, 388])
1	0.7305808158095253	0.7780361194760161	([176, 68], [176, 114, 111])
1	0.566271965737043	0.7780645821647848	([586, 326], [586, 326, 279])
1	0.7778547460085684	0.7785407734477733	([160, 78], [160, 116, 78])
1	0.606272648454322	0.7789056630601375	([528, 230], [528, 503, 474])
1	0.7147580238187835	0.7791754690723437	([330, 22], [330, 217, 11])
1	0.7749841476036828	0.7799490304594711	([224, 133], [236, 224, 150])
1	0.5768035165505819	0.7807272516551449	([223, 116], [225, 223, 116])
1	0.7601713444566984	0.780792399185597	([126, 61], [126, 96, 90])
1	0.7067401083208209	0.7808034674878762	([581, 229], [577, 516, 499])
1	0.778120535905672	0.7808418681092447	([530, 330], [530, 522, 330])
1	0.5928521132532822	0.7810363604771905	([235, 108], [235, 152, 108])
1	0.7803749856678688	0.7811019828078201	([484, 401], [484, 451, 412])
1	0.6171335430498472	0.7811657815968787	([402, 229], [379, 320, 243])
1	0.7532705778220351	0.7814153782270116	([168, 72], [168, 161, 77])
1	0.7474816654272585	0.7815321183075187	([550, 484], [550, 512, 500])
1	0.6537113092027144	0.7816243401711314	([502, 218], [502, 425, 423])
1	0.7607294038232936	0.7817634325721149	([98, 20], [98, 40, 31])
1	0.7815589059831919	0.782182439172794	([580, 66], [605, 580, 25])
1	0.6976438376136245	0.7823213171636814	([455, 328], [443, 396, 328])
1	0.7809789474281584	0.7823245451559957	([519, 436], [519, 457, 443])
1	0.7598198128891843	0.7824192608487118	([342, 267], [342, 334, 236])
1	0.7401609461915174	0.7825024598265266	([346, 289], [346, 316, 289])
1	0.7753125289297635	0.7827569311855538	([575, 53], [575, 554, 515])
1	0.7717217328248424	0.7828262198897307	([330, 203], [330, 329, 203])
1	0.7810605633447647	0.7828491006155479	([585, 513], [585, 548, 543])
1	0.7278204516383343	0.7829983511891039	([480, 243], [480, 462, 446])
1	0.7483363191330261	0.7832314539123678	([242, 117], [242, 117, 98])
1	0.6048285395241498	0.7838625138900008	([585, 219], [585, 513, 504])
1	0.7727960878796695	0.7840973710704008	([482, 353], [482, 475, 329])
1	0.7798132872922292	0.7845034950740223	([463, 330], [464, 463, 330])
1	0.7293725401027381	0.7845466056090199	([419, 222], [467, 419, 405])
1	0.7737971899517934	0.7848376306368242	([534, 447], [534, 477, 463])
1	0.7847954155040271	0.7849113942839262	([365, 270], [365, 345, 270])
1	0.7809747406138513	0.7851208446395073	([546, 429], [546, 503, 429])
1	0.7469036974870396	0.7852357320035943	([242, 98], [242, 117, 68])
1	0.7846291021690535	0.7854241034670295	([459, 236], [459, 405, 401])
1	0.7708105269397841	0.7855928765560163	([529, 225], [539, 529, 225])
1	0.7836015354038254	0.7856308522164398	([330, 149], [330, 225, 131])
1	0.7405019584823461	0.7862102997776372	([517, 243], [523, 243, 239])
1	0.778282901149114	0.7866193619160602	([192, 114], [192, 132, 104])
1	0.7675634239843157	0.7866606418512139	([269, 113], [269, 211, 119])
1	0.7707849179072773	0.7869388776207834	([517, 433], [517, 440, 433])
1	0.7824725245705322	0.7870026330128409	([375, 238], [375, 326, 238])
1	0.7840383589500711	0.7870026330128409	([433, 238], [433, 326, 238])
1	0.7613056777092083	0.7871859250629784	([596, 76], [599, 596, 2])
1	0.7808959016019643	0.7876242721601637	([330, 90], [330, 149, 90])
1	0.7768582733051943	0.7884870647462311	([595, 27], [595, 68, 27])
1	0.7875971596217409	0.7885602860693368	([486, 403], [486, 470, 403])
1	0.784954733526914	0.7886296897031814	([330, 69], [330, 69, 3])
1	0.5885857616466726	0.7887354024542439	([230, 196], [230, 196, 166])
1	0.787654167913832	0.7895686880714705	([124, 57], [124, 73, 57])
1	0.6095698205199117	0.7895686880714705	([219, 57], [219, 73, 57])
1	0.6168583727979167	0.7897589114681296	([502, 235], [502, 435, 423])
1	0.7721065349932528	0.7897915446360513	([362, 280], [370, 362, 280])
1	0.6979760735669384	0.7899456206042853	([584, 330], [605, 589, 330])
1	0.786933705352475	0.7902210595995359	([176, 83], [176, 113, 111])
1	0.7669830024119217	0.7903673313937359	([552, 437], [552, 504, 491])
1	0.7474865434207937	0.7906889996213657	([494, 426], [494, 493, 426])
1	0.7878461962937994	0.7908113322010516	([373, 298], [373, 321, 320])
1	0.756566862676048	0.7911975125247491	([605, 109], [605, 109, 64])
1	0.7870350617120643	0.791882454391903	([153, 23], [154, 153, 23])
1	0.7160203620571592	0.7920204583658744	([405, 236], [437, 405, 236])
1	0.7915070928415048	0.7920671366956193	([236, 54], [236, 103, 94])
1	0.79094488144649	0.7925349350745929	([329, 100], [329, 100, 88])
1	0.7640648613337931	0.7928550043090182	([581, 65], [595, 581, 71])
1	0.7279931552381992	0.7938265463207884	([427, 222], [427, 380, 360])
1	0.7903871011044492	0.7938299766406209	([352, 254], [352, 254, 249])
1	0.7299942856779631	0.7940762162615695	([329, 57], [329, 33, 11])
1	0.7890527622094519	0.7943498871890544	([238, 78], [238, 222, 91])
1	0.5732060338341809	0.7948070940334493	([235, 75], [235, 108, 75])
1	0.7238977260104014	0.7950667490759916	([599, 2], [599, 547, 26])
1	0.7393066745765206	0.7952314297838929	([328, 147], [328, 164, 120])
1	0.7935548153970028	0.7952471248681902	([502, 82], [506, 502, 59])
1	0.7894317115754005	0.7952895788742452	([209, 103], [209, 149, 103])
1	0.7686984999121506	0.7955908513188683	([596, 427], [589, 588, 427])
1	0.7916589070820469	0.7956201364598854	([110, 19], [110, 59, 24])
1	0.7689178225751647	0.7957161034453242	([433, 274], [433, 274, 238])
1	0.7579646775507985	0.7966167506299029	([596, 239], [603, 601, 67])
1	0.7524282985301576	0.7967080974547043	([603, 67], [596, 544, 239])
1	0.7831812247356212	0.7972460921446111	([185, 72], [185, 161, 72])
1	0.7717159784054439	0.79728721278233	([430, 62], [430, 218, 28])
1	0.7914528731692916	0.7977189999135342	([172, 27], [172, 115, 111])
1	0.7549033848448302	0.7978103689613554	([326, 143], [326, 199, 195])
1	0.7944685449400927	0.7978182763635935	([578, 23], [578, 540, 26])
1	0.7667314722489993	0.7982090206627095	([604, 82], [586, 82, 39])
1	0.7647175131451097	0.7982787668950392	([343, 157], [343, 329, 157])
1	0.7780016283872658	0.7984682736405619	([158, 60], [158, 106, 98])
1	0.6109627511670087	0.7984682736405619	([230, 93], [230, 158, 106])
1	0.7889017696345729	0.7986217008464137	([501, 326], [501, 433, 428])
1	0.7924176465011912	0.7990413176561152	([489, 365], [489, 365, 329])
1	0.578440722385002	0.7994993751657815	([230, 158], [247, 230, 158])
1	0.7995585827728199	0.8000346392330577	([427, 22], [427, 329, 215])
1	0.7391448665928428	0.8000721231642006	([479, 242], [480, 479, 242])
1	0.7685654336075343	0.8001640168095475	([325, 28], [325, 204, 180])
1	0.7814019671653302	0.8002218368157933	([493, 281], [505, 493, 281])
1	0.7900824465919072	0.800573237402734	([310, 190], [310, 269, 229])
1	0.7082417092243214	0.8006934828786981	([583, 283], [583, 329, 4])
1	0.7925189514234259	0.8007896990466998	([271, 144], [271, 192, 183])
1	0.7789780022636562	0.801408491000572	([574, 27], [595, 576, 27])
1	0.7933584578776317	0.8015420762516519	([584, 7], [584, 242, 7])
1	0.5772837999038465	0.8016227079855209	([230, 184], [230, 184, 166])
1	0.7810672182077791	0.8017247613920647	([169, 55], [169, 125, 102])
1	0.7947031091065885	0.8018166097887507	([568, 49], [577, 65, 49])
1	0.8012873952070197	0.8019136910878135	([306, 148], [306, 269, 148])
1	0.7387761868915717	0.8019688689338622	([388, 242], [388, 375, 242])
1	0.7046113433560388	0.8020356672259489	([283, 140], [283, 265, 140])
1	0.7978036131872185	0.8020412738302868	([342, 190], [342, 269, 257])
1	0.7991205891167616	0.8020765945461176	([280, 121], [280, 175, 161])
1	0.7823856886035981	0.8026610855859122	([594, 63], [605, 594, 63])
1	0.7714493384791477	0.8028665172968804	([564, 453], [564, 513, 453])
1	0.7814207009186038	0.8029708960102276	([592, 499], [592, 544, 497])
1	0.7978092534923809	0.8031438759226661	([293, 18], [293, 236, 3])
1	0.7712105816897241	0.8033561803414615	([266, 130], [266, 196, 148])
1	0.7727767039329994	0.8034995401422232	([591, 19], [591, 278, 2])
1	0.7851563862135543	0.8036768198582293	([515, 63], [515, 330, 239])
1	0.7970090661787763	0.8036951533936535	([594, 22], [594, 63, 22])
1	0.6965491851453366	0.8038153926712662	([529, 283], [581, 577, 283])
1	0.7571984433671017	0.8039390427266148	([414, 269], [414, 410, 269])
1	0.7966198694153821	0.8039487756387365	([486, 189], [486, 449, 189])
1	0.8029526749619276	0.8045491590283284	([584, 469], [584, 553, 540])
1	0.4790602612771756	0.80457199640413	([309, 232], [321, 309, 232])
1	0.802926686091648	0.8046986687161872	([589, 476], [589, 476, 330])
1	0.8002811726312056	0.8048028368306768	([502, 107], [502, 107, 64])
1	0.7798289208969243	0.8048028368306768	([506, 59], [540, 502, 64])
1	0.49578985282540783	0.804875770049334	([277, 276], [525, 329, 276])
1	0.7926630577723297	0.8050533013922598	([458, 274], [462, 458, 242])
1	0.8010954477975837	0.8054428445049725	([394, 282], [394, 345, 282])
1	0.7896304686229025	0.8055350597107525	([590, 23], [602, 590, 23])
1	0.7938636161090983	0.8055771367844743	([550, 439], [550, 549, 439])
1	0.8032936304743589	0.8056348964455424	([582, 435], [582, 435, 429])
1	0.8021229885493611	0.8060093684837916	([412, 165], [412, 374, 217])
1	0.7782300410589914	0.8063358104167745	([106, 11], [106, 50, 11])
1	0.7997441050913127	0.8065023280887232	([325, 142], [325, 207, 130])
1	0.8027984305993217	0.8070488888629855	([171, 34], [171, 124, 34])
1	0.8062899159476249	0.807126295767854	([398, 263], [398, 394, 263])
1	0.7985496668701317	0.8072868060724667	([248, 130], [248, 217, 130])
1	0.8005606581309136	0.8073079602079266	([506, 274], [506, 442, 274])
1	0.7391430248434279	0.8073932569068466	([242, 38], [242, 64, 38])
1	0.8009923430997531	0.807817623345138	([373, 177], [380, 373, 177])
1	0.7566816150307061	0.8079397341768688	([426, 176], [426, 242, 219])
1	0.8066091518416312	0.8079778303938869	([589, 62], [589, 427, 62])
1	0.7876103866863988	0.808050578178138	([166, 36], [217, 166, 36])
1	0.8027633920187079	0.8087909251702207	([328, 5], [328, 275, 8])
1	0.7896123728516815	0.8089550789497252	([413, 306], [413, 391, 306])
1	0.7872270708265962	0.809541153646799	([161, 21], [161, 77, 21])
1	0.8059354784863828	0.8100361516592379	([579, 21], [579, 578, 21])
1	0.8026070166083579	0.810573284428986	([539, 100], [539, 464, 329])
1	0.8001110183917369	0.8105893959722472	([541, 105], [605, 541, 500])
1	0.78147736363345	0.8111234587353156	([571, 44], [571, 100, 56])
1	0.7895131381098758	0.8112691019169752	([428, 65], [428, 275, 23])
1	0.8034769507358309	0.811412897712407	([321, 141], [334, 321, 141])
1	0.7347787159598774	0.8114572406638898	([553, 222], [569, 553, 519])
1	0.8077789965079663	0.8116842608103608	([456, 168], [467, 456, 168])
1	0.8082349467807131	0.8118758102973125	([301, 112], [325, 299, 112])
1	0.7983010059768716	0.8122246559463722	([356, 171], [380, 356, 171])
1	0.7478088873573245	0.8129540365316295	([387, 315], [387, 357, 285])
1	0.8104355254193524	0.8132690326464326	([507, 241], [507, 479, 242])
1	0.8085844357719654	0.8132699485836614	([425, 113], [425, 173, 113])
1	0.8078797099236061	0.8133285948568053	([347, 145], [347, 202, 150])
1	0.8015620643575841	0.8137027451633672	([579, 174], [579, 174, 96])
1	0.8134155170581596	0.8139972237197602	([583, 436], [583, 436, 426])
1	0.8099704098201256	0.8140375190783378	([573, 387], [573, 494, 387])
1	0.8071081839523168	0.8144492383017543	([583, 95], [583, 426, 70])
1	0.8053046503982603	0.81467683967169	([241, 79], [241, 182, 79])
1	0.8031021865873501	0.8147212786621998	([331, 165], [331, 239, 165])
1	0.8029587289050556	0.8147820376102005	([440, 264], [440, 379, 283])
1	0.8091698994786067	0.8148869739183635	([453, 145], [453, 438, 140])
1	0.8138100574320549	0.8150238321592261	([439, 89], [479, 439, 53])
1	0.8139671258261341	0.8152446256138017	([578, 119], [578, 119, 26])
1	0.7805246932779788	0.8155751907596174	([548, 62], [548, 62, 24])
1	0.8124095226374378	0.8155751907596174	([520, 24], [548, 520, 24])
1	0.7645005680176874	0.815625926347215	([559, 210], [584, 559, 210])
1	0.8113525497250254	0.8158253054723825	([512, 34], [556, 507, 34])
1	0.7795078646004566	0.8160133988985435	([501, 66], [580, 503, 501])
1	0.815907257305739	0.8162193416063295	([500, 5], [605, 500, 27])
1	0.8087686502170941	0.8164167362647333	([599, 214], [583, 214, 174])
1	0.7868499372577692	0.8164167362647333	([579, 96], [583, 579, 174])
1	0.777656113526768	0.8167889966237958	([576, 54], [576, 54, 29])
1	0.7340461046933586	0.8167988331846814	([593, 228], [593, 299, 228])
1	0.8047523033624967	0.8168398454857823	([198, 71], [198, 153, 71])
1	0.8000839688513313	0.8169206670439838	([406, 145], [406, 361, 145])
1	0.8042625864912402	0.8171715916640868	([214, 86], [214, 190, 86])
1	0.8072368435645025	0.8172640053843719	([594, 181], [570, 500, 181])
1	0.7861648922253546	0.8178709420932663	([526, 90], [526, 522, 90])
1	0.8022814351717571	0.8180046404377626	([527, 348], [557, 475, 348])
1	0.7969308051269981	0.8181234385963593	([550, 23], [550, 510, 36])
1	0.8171445638875929	0.8181327895453846	([585, 155], [604, 585, 212])
1	0.8113162154718837	0.8186935354826327	([564, 326], [564, 525, 489])
1	0.7898035087042576	0.8187565591598561	([533, 47], [554, 524, 47])
1	0.8076032756381183	0.8188431665125322	([572, 37], [572, 539, 37])
1	0.8170253134846253	0.8188778902520194	([411, 139], [438, 411, 367])
0	0.0	0.818881221293736	([159], [159, 81])
1	0.807594411382223	0.8188866995444433	([516, 89], [516, 229, 81])
1	0.8064492675170583	0.8189351294265176	([570, 130], [570, 130, 104])
1	0.7807097598908798	0.8189351294265176	([521, 104], [570, 521, 104])
1	0.8112011206380819	0.8189868330569792	([501, 149], [501, 120, 66])
1	0.795289133202646	0.8192273207583478	([479, 53], [479, 242, 149])
1	0.811279359574192	0.8194587562486871	([470, 58], [470, 58, 24])
1	0.8109769433433507	0.8196259734693515	([533, 19], [503, 71, 3])
1	0.8154678221977163	0.8196617969936513	([499, 156], [499, 275, 242])
1	0.813788939379849	0.8196632993266901	([394, 206], [394, 353, 206])
1	0.8089130498076427	0.8197474440508844	([541, 125], [541, 115, 64])
1	0.815201187805234	0.8201962453725901	([519, 101], [519, 485, 460])
1	0.5942830586271656	0.8202601574527466	([440, 223], [440, 264, 236])
1	0.8063186888621918	0.8203013844724306	([425, 24], [425, 283, 64])
1	0.8066904706620166	0.8203651686115846	([550, 269], [550, 511, 269])
1	0.8169043578231593	0.8206186321120378	([518, 374], [518, 477, 374])
1	0.8020738316051116	0.8206211489941765	([365, 123], [328, 260, 123])
1	0.8120128481190636	0.8206908563943638	([585, 331], [585, 263, 212])
1	0.8044585690002595	0.8206986026697748	([439, 216], [439, 420, 216])
1	0.8049068887765611	0.8209003303607725	([604, 182], [604, 212, 66])
1	0.8125735207433037	0.8212038135343447	([492, 76], [492, 330, 76])
1	0.795817312592875	0.821211908170757	([497, 285], [497, 416, 285])
1	0.8174937849022449	0.8213737467583925	([482, 171], [482, 356, 329])
1	0.799990899304441	0.821383651060292	([492, 26], [493, 492, 26])
1	0.8133480657572638	0.8214466035595462	([467, 333], [467, 375, 362])
1	0.7945690286044391	0.8216059973048442	([562, 46], [573, 562, 46])
1	0.8181234219363982	0.8216288670726208	([410, 30], [445, 410, 372])
1	0.7874657947369303	0.8216950700538315	([552, 5], [552, 546, 5])
1	0.7756710651914627	0.8217647327025229	([373, 122], [373, 259, 147])
1	0.8148652459761411	0.8218591185830967	([287, 148], [312, 306, 148])
1	0.8190431994013299	0.8219890330040867	([356, 40], [356, 328, 40])
1	0.7843709069412158	0.8220356697037887	([598, 180], [598, 593, 180])
1	0.8170564004593867	0.822061274517206	([444, 55], [470, 444, 55])
1	0.8189733315448111	0.8221159772099292	([474, 82], [474, 325, 42])
1	0.8220413134793227	0.8221159772099292	([566, 42], [566, 474, 42])
1	0.7649261078565064	0.8222300357711748	([554, 53], [573, 537, 52])
1	0.8013335504795539	0.8224692950992218	([565, 30], [566, 551, 30])
1	0.8133754213567832	0.8228057681864891	([393, 45], [393, 330, 43])
1	0.8067978311624766	0.8231412765534116	([498, 99], [522, 498, 33])
1	0.8059018497552807	0.8236488051441319	([417, 34], [417, 143, 81])
1	0.8147090804587562	0.8236488051441319	([387, 81], [417, 387, 81])
1	0.795960436270258	0.8237087798489157	([508, 23], [508, 493, 80])
1	0.8234924227403331	0.8241554313439554	([526, 268], [526, 470, 416])
1	0.8218936552253718	0.8241933292810064	([536, 79], [575, 536, 79])
1	0.8233299055081191	0.8242242737677071	([489, 50], [560, 489, 50])
1	0.8184646570953119	0.8242242737677071	([560, 57], [560, 556, 50])
1	0.8217502603210103	0.8247142044356734	([555, 43], [559, 555, 43])
1	0.8103163626020871	0.8249191038237498	([580, 332], [580, 332, 248])
1	0.7987199916818065	0.8250782082325147	([417, 143], [404, 365, 123])
1	0.8046929915891393	0.8251093762986899	([598, 18], [598, 278, 180])
1	0.8002334985594655	0.8251663359887117	([364, 102], [364, 308, 143])
1	0.8015975430381049	0.8253475268096141	([480, 102], [541, 519, 31])
1	0.7933694554640098	0.8253475268096141	([486, 101], [541, 530, 31])
1	0.805127907261235	0.8254897304764551	([370, 20], [370, 314, 31])
1	0.7809632942477732	0.8255067014098711	([567, 85], [567, 553, 82])
1	0.7939098424006517	0.8256075041342416	([393, 174], [393, 335, 209])
1	0.8255822864295528	0.8256398740180653	([603, 488], [603, 488, 428])
1	0.8027151035787277	0.8257064543138936	([556, 34], [507, 34, 25])
1	0.8220565039371349	0.8257940442357743	([532, 392], [532, 500, 392])
1	0.8112218519331693	0.8259390019716711	([445, 30], [566, 449, 445])
1	0.8239971694789162	0.8261216754919917	([371, 78], [371, 225, 109])
1	0.8076050644028804	0.8261216754919917	([382, 109], [382, 371, 109])
1	0.8253205012560664	0.8265392922034683	([591, 143], [591, 581, 143])
1	0.7625611830552781	0.8266530798561231	([454, 271], [454, 378, 271])
1	0.7995967693504044	0.8268593487222924	([598, 425], [598, 595, 425])
1	0.821839986527775	0.8274010701850989	([419, 94], [419, 94, 58])
1	0.8196426392122014	0.827478528618506	([341, 42], [341, 97, 42])
1	0.8031542082447178	0.8276359571644734	([597, 462], [597, 504, 491])
1	0.8066187098544291	0.8278127585102113	([451, 78], [518, 451, 78])
1	0.8267989871530881	0.8278821991762133	([461, 202], [461, 417, 143])
1	0.8127586492587999	0.8280170816086626	([439, 261], [439, 268, 261])
1	0.7833210915186622	0.8281790909911273	([532, 306], [532, 472, 328])
1	0.8111707482458395	0.8283773140520801	([352, 35], [374, 352, 249])
1	0.8245684374995157	0.8284395373487787	([545, 303], [545, 502, 246])
1	0.8274986487045513	0.8284696411889724	([331, 80], [331, 329, 57])
1	0.6145408295846958	0.828540220310877	([230, 18], [315, 230, 18])
1	0.7946567111525719	0.8286148691193618	([444, 35], [352, 268, 129])
1	0.7904709270144872	0.8286486419424755	([560, 208], [560, 208, 120])
1	0.8019501016596655	0.828670809493207	([188, 33], [188, 130, 33])
1	0.8249260676905646	0.8286809681464006	([592, 165], [594, 592, 165])
1	0.7922722520888051	0.8288351225693026	([472, 54], [571, 472, 54])
1	0.826090341469336	0.8288523347228743	([493, 178], [493, 213, 178])
1	0.8235585803855717	0.8290959995139823	([477, 221], [477, 255, 213])
1	0.8084055657843604	0.8291462177004442	([458, 158], [458, 158, 145])
1	0.8254150196054625	0.8292325334111653	([459, 197], [459, 357, 197])
1	0.8179328894594223	0.829454991556482	([598, 359], [598, 278, 254])
1	0.8279323726074326	0.8295935490302739	([578, 304], [578, 378, 304])
1	0.8282383534721947	0.8298044067112456	([579, 380], [579, 518, 469])
1	0.7952741025414903	0.8300222869152509	([481, 137], [527, 481, 142])
1	0.8120083330148947	0.8300568842872248	([446, 44], [446, 417, 44])
1	0.7983321645999424	0.8300584369539185	([333, 79], [333, 239, 79])
1	0.8125805345452294	0.8301433710976031	([462, 187], [462, 278, 187])
1	0.8283961710829171	0.830262319432408	([461, 312], [461, 387, 375])
1	0.8194771711466736	0.8302855295011026	([413, 130], [413, 306, 248])
1	0.8122816772017116	0.8302932776958664	([512, 345], [512, 345, 82])
1	0.8158543903973172	0.83029764203383	([469, 198], [469, 383, 239])
1	0.7867031201714396	0.8304112591229835	([448, 132], [448, 202, 198])
1	0.8035095634439167	0.8305141646304466	([506, 172], [506, 274, 172])
1	0.8221236571920681	0.8306661655410258	([472, 246], [472, 422, 246])
1	0.8269584644989106	0.8306981550019636	([394, 50], [427, 394, 173])
1	0.8243786799196693	0.8309448733538666	([448, 294], [448, 329, 328])
1	0.8215462975465012	0.8312060004005536	([268, 74], [268, 251, 74])
1	0.7998414067090915	0.8316708866275058	([564, 33], [564, 557, 33])
1	0.7931365413080768	0.8316775413335736	([599, 171], [599, 214, 171])
1	0.8246718262299854	0.8319877858410787	([533, 196], [533, 145, 89])
1	0.8212099962330909	0.8324580134197417	([449, 46], [499, 496, 46])
1	0.7869566610939088	0.8325559697803214	([519, 160], [519, 160, 101])
1	0.8305032098457623	0.8332429035050481	([577, 179], [577, 179, 22])
1	0.8121556183203825	0.8332565308602288	([500, 142], [500, 238, 142])
1	0.8300732368069492	0.8334746152579698	([447, 191], [447, 411, 191])
1	0.7854246649267986	0.8334861741190772	([547, 247], [547, 247, 173])
1	0.8313495395444084	0.8336289884213263	([423, 141], [423, 411, 141])
1	0.8210323572972519	0.8336348572898853	([520, 150], [503, 150, 40])
1	0.8237077865078136	0.8337474789035195	([497, 208], [497, 489, 208])
1	0.8240289439887546	0.8337617395388855	([541, 343], [553, 541, 343])
1	0.8063733789921997	0.8337617395388855	([562, 343], [562, 553, 343])
1	0.8134701260652281	0.8339705113395586	([407, 103], [407, 357, 278])
1	0.8216020554365109	0.8340060405113631	([527, 164], [527, 446, 172])
1	0.8319749876443324	0.8341705915435836	([351, 53], [497, 479, 53])
1	0.8110005300550366	0.8345074654896306	([454, 101], [485, 454, 357])
1	0.8300530951913953	0.8345730216783656	([550, 86], [550, 384, 364])
1	0.8084869110697637	0.8346706970383005	([482, 74], [482, 103, 52])
1	0.8283597022346841	0.834844078405457	([460, 51], [586, 460, 66])
1	0.8328340553452996	0.8348748478724739	([377, 25], [457, 377, 217])
1	0.8244731303844369	0.8349079478193038	([385, 128], [385, 133, 128])
1	0.8320074976518078	0.8349296516511733	([512, 165], [512, 242, 157])
1	0.7901117921772517	0.8350181081105287	([499, 187], [499, 242, 187])
1	0.8313295457925436	0.835028802168402	([405, 203], [535, 446, 405])
1	0.8090036741715704	0.8355647475557397	([473, 160], [484, 473, 160])
1	0.8278088918277594	0.8356697422959164	([463, 144], [463, 384, 144])
1	0.7906589301900551	0.8361356871222223	([387, 33], [387, 99, 81])
1	0.8298845336227777	0.8363165915009619	([440, 52], [440, 417, 52])
1	0.8334577991912911	0.8363781341968891	([455, 170], [461, 455, 170])
1	0.8300372751993788	0.8364704920534553	([481, 19], [481, 52, 19])
1	0.8253698104063294	0.8365499712314001	([550, 384], [550, 353, 278])
1	0.5961036181658952	0.836625626644267	([501, 223], [501, 440, 421])
1	0.8301000895183429	0.8369635763587272	([423, 75], [466, 423, 75])
1	0.8346738307839073	0.837135832946864	([562, 189], [562, 189, 130])
1	0.8366545871710874	0.8371421290800154	([316, 159], [316, 238, 159])
1	0.8322459050751175	0.8371586312573974	([511, 158], [511, 494, 210])
1	0.836991124223516	0.8374425273850992	([566, 381], [584, 566, 381])
1	0.8366486663953683	0.8374528324351042	([452, 68], [452, 451, 78])
1	0.8345681702706966	0.8374768250729009	([354, 85], [367, 354, 85])
1	0.8306582128449539	0.8374768250729009	([388, 85], [388, 367, 85])
1	0.808798759539578	0.8374978671754351	([529, 153], [529, 225, 116])
1	0.8320148036695452	0.8378383294207924	([585, 103], [585, 103, 32])
1	0.8309468051437325	0.8378570312642417	([414, 95], [482, 414, 95])
1	0.8235548366456069	0.8379239789184572	([478, 40], [478, 430, 26])
1	0.8139558225237954	0.838836403413302	([464, 32], [531, 464, 32])
1	0.8246153697951182	0.8390239245044684	([535, 203], [418, 405, 335])
1	0.8323457736217114	0.8392349071167825	([516, 277], [543, 516, 277])
1	0.8181758946640629	0.8393351062399959	([587, 362], [587, 362, 349])
1	0.8082048950793379	0.8398321186650383	([565, 152], [565, 152, 54])
1	0.8366551145837504	0.8400103296699652	([566, 191], [566, 557, 191])
1	0.8263048890014821	0.8400421036374668	([259, 34], [259, 238, 34])
1	0.832017873409967	0.8403418558351128	([487, 121], [487, 278, 135])
1	0.8406330161737635	0.8410732080160204	([503, 126], [513, 503, 126])
1	0.8251623427702813	0.8411306409884143	([481, 302], [481, 422, 302])
1	0.8381131379823605	0.8416835114356054	([516, 354], [516, 440, 354])
1	0.8241605128973759	0.841701840669084	([418, 159], [458, 418, 159])
1	0.8273967611796783	0.8417832233824195	([387, 240], [387, 301, 300])
1	0.6174807537795918	0.84184424215817	([588, 235], [588, 313, 295])
1	0.8345655227499812	0.842162761528199	([534, 265], [534, 509, 265])
1	0.8278289260085084	0.8426826798331011	([504, 84], [504, 472, 84])
1	0.8219265672742114	0.8432617276843207	([565, 249], [565, 329, 249])
1	0.8389660654813729	0.8433313966451585	([510, 192], [510, 330, 284])
1	0.8382857633850793	0.8433734767485322	([159, 24], [159, 81, 0])
1	0.8203587677113088	0.8433734767485322	([242, 159], [222, 159, 0])
1	0.8379292256557318	0.8433734767485322	([602, 159], [602, 159, 0])
1	0.7994649162263071	0.8436251607587295	([494, 20], [551, 494, 20])
1	0.8325881565527254	0.843651916039337	([441, 95], [441, 388, 95])
1	0.8335513665776243	0.8441302729858983	([552, 193], [552, 238, 193])
1	0.8412330806089209	0.8443109197146397	([598, 224], [598, 283, 224])
1	0.804004048311208	0.8453083566798225	([537, 271], [537, 490, 271])
1	0.8322845765115078	0.8454451020511846	([537, 323], [537, 344, 323])
1	0.8020518504310056	0.8456560266156298	([532, 224], [532, 449, 392])
1	0.8045373776389004	0.8459287030700727	([537, 163], [537, 166, 52])
1	0.8400597770314683	0.8466280750574471	([468, 124], [468, 437, 239])
1	0.8464598394829017	0.8466849523594493	([563, 378], [563, 448, 378])
1	0.8429185230420095	0.8473542831334069	([533, 369], [533, 444, 390])
1	0.6355110333283566	0.8479165877559184	([592, 230], [592, 503, 271])
1	0.8298918736910632	0.8482384522303376	([559, 297], [605, 559, 297])
1	0.846208446622803	0.8520121247996969	([456, 10], [456, 434, 47])
1	0.8476561381455249	0.8548335623944374	([555, 188], [555, 188, 176])
1	0.6079297524182589	0.8631591949816577	([594, 223], [594, 240, 223])
1	0.49564465781950084	0.8888651285545996	([248, 247], [288, 256, 233])
0	0.0	1.0	([226], [226, 0])
0	0.0	1.0	([227], [227, 0])
0	0.0	inf	([0], [])
