0	0.0	0.023122937853689785	([121], [121, 24])
0	0.0	0.02767446266814637	([35], [35, 6])
0	0.0	0.030283493304419797	([52], [52, 39])
0	0.0	0.03922644293166606	([31], [31, 23])
0	0.0	0.04656404426557929	([10], [10, 7])
0	0.0	0.20701327996193614	([34], [34, 33])
0	0.0	0.215038649115298	([152], [152, 151])
0	0.0	0.21842470907906944	([129], [129, 128])
0	0.0	0.21919815907965004	([156], [156, 155])
0	0.0	0.2277547357070323	([176], [176, 175])
0	0.0	0.23264169616145644	([126], [126, 125])
0	0.0	0.23305304986263092	([182], [182, 181])
0	0.0	0.23471836040595098	([143], [143, 142])
0	0.0	0.23518849268124414	([33], [33, 32])
0	0.0	0.23607069926598492	([61], [61, 60])
0	0.0	0.23651491651671333	([147], [147, 146])
0	0.0	0.23746746582744074	([138], [138, 137])
0	0.0	0.23793321175086277	([197], [197, 196])
0	0.0	0.23815567834929788	([159], [159, 158])
0	0.0	0.23910693493145682	([180], [180, 179])
0	0.0	0.24041715783197867	([165], [165, 164])
0	0.0	0.24046320762241774	([161], [161, 160])
0	0.0	0.24116090199023307	([193], [193, 192])
0	0.0	0.24174174102401955	([150], [150, 149])
0	0.0	0.24203743330969377	([162], [162, 161])
0	0.0	0.2428637393299065	([120], [120, 119])
0	0.0	0.2429025289220066	([89], [89, 88])
0	0.0	0.2429978062547195	([157], [157, 156])
0	0.0	0.24324922515030026	([178], [178, 177])
0	0.0	0.24391796151150988	([158], [158, 157])
0	0.0	0.24539671379000524	([85], [85, 84])
0	0.0	0.24622149433722607	([63], [63, 62])
0	0.0	0.24671812070505422	([148], [148, 147])
0	0.0	0.24700653533951586	([118], [118, 117])
0	0.0	0.24824607531228804	([146], [146, 145])
0	0.0	0.24889216880854767	([179], [179, 178])
0	0.0	0.25028344378533673	([172], [172, 171])
0	0.0	0.25030935371586216	([78], [78, 77])
0	0.0	0.25052820493017613	([142], [142, 141])
0	0.0	0.25246290602692956	([145], [145, 144])
0	0.0	0.2531672277618961	([127], [127, 126])
0	0.0	0.25321802162203877	([107], [107, 106])
0	0.0	0.25355212309964054	([199], [199, 198])
0	0.0	0.2537757185104891	([110], [110, 109])
0	0.0	0.2541988366458138	([74], [74, 73])
0	0.0	0.25468765952773237	([77], [77, 76])
0	0.0	0.255735379364544	([88], [88, 87])
0	0.0	0.25592647879517116	([130], [130, 129])
0	0.0	0.25620798061025507	([164], [164, 163])
0	0.0	0.25620931100634015	([80], [80, 79])
0	0.0	0.2563425003359828	([139], [139, 138])
0	0.0	0.25647559397808367	([99], [99, 98])
0	0.0	0.25799841476807867	([141], [141, 140])
0	0.0	0.25826143538011354	([62], [62, 61])
0	0.0	0.26064545264957556	([124], [124, 123])
0	0.0	0.2606831175503148	([103], [103, 102])
0	0.0	0.26145683730332175	([136], [136, 135])
0	0.0	0.26282695393657884	([174], [174, 173])
0	0.0	0.2629793314388393	([100], [100, 99])
0	0.0	0.26313294513775976	([101], [101, 100])
0	0.0	0.26393277007279864	([97], [97, 95])
0	0.0	0.2646696426598776	([98], [98, 97])
0	0.0	0.2646944654238587	([58], [58, 57])
0	0.0	0.2647310186799659	([64], [64, 63])
0	0.0	0.2659109071017991	([91], [91, 90])
0	0.0	0.2669700339127669	([108], [108, 107])
0	0.0	0.26719614332395414	([94], [94, 93])
0	0.0	0.2672732788601962	([151], [151, 150])
0	0.0	0.2673808554745746	([196], [196, 195])
0	0.0	0.26744689094590635	([140], [140, 139])
0	0.0	0.2676689740989825	([68], [68, 67])
0	0.0	0.2677496549319266	([185], [185, 184])
0	0.0	0.268192580753231	([144], [144, 143])
0	0.0	0.26850881063277	([189], [189, 188])
0	0.0	0.26896939143843746	([96], [96, 95])
0	0.0	0.26936022120134845	([102], [102, 101])
0	0.0	0.2695288415321903	([198], [198, 197])
0	0.0	0.2705096952001519	([75], [75, 74])
0	0.0	0.2705741809132967	([2], [2, 0])
0	0.0	0.2715926039030556	([125], [125, 124])
0	0.0	0.2723611426262207	([137], [137, 136])
0	0.0	0.27280164570385873	([195], [195, 194])
0	0.0	0.2742715860754095	([191], [191, 190])
0	0.0	0.2744562233951433	([163], [163, 162])
0	0.0	0.2746581407864415	([188], [188, 187])
0	0.0	0.2751961406040409	([187], [187, 186])
0	0.0	0.2756137913127341	([104], [104, 103])
0	0.0	0.2792432698854845	([49], [49, 48])
0	0.0	0.2793002806190155	([177], [177, 176])
0	0.0	0.27956068812310186	([166], [166, 165])
0	0.0	0.2801574510387697	([194], [194, 193])
0	0.0	0.2802965261000502	([173], [173, 172])
0	0.0	0.2806353626003589	([149], [149, 148])
0	0.0	0.28071217896113715	([175], [175, 174])
0	0.0	0.28188547226597344	([82], [82, 81])
0	0.0	0.2822757962814562	([171], [171, 170])
0	0.0	0.2828103318585701	([200], [200, 199])
0	0.0	0.28316294100493605	([186], [186, 185])
0	0.0	0.28326841395368835	([131], [131, 130])
0	0.0	0.28363019525674354	([155], [155, 154])
0	0.0	0.2837309609148918	([192], [192, 191])
0	0.0	0.28458850943475494	([116], [116, 115])
0	0.0	0.2854388199359499	([184], [184, 183])
0	0.0	0.28570567082290427	([154], [154, 153])
0	0.0	0.2863629724439429	([122], [122, 119])
0	0.0	0.28696273159496927	([81], [81, 80])
0	0.0	0.2884315911870261	([190], [190, 189])
0	0.0	0.2905992161830247	([133], [133, 132])
0	0.0	0.2906376427508465	([60], [60, 59])
0	0.0	0.29194568014303196	([117], [117, 116])
0	0.0	0.2920563583307619	([115], [115, 114])
0	0.0	0.29316403968294374	([59], [59, 58])
0	0.0	0.2937895289761799	([114], [114, 113])
0	0.0	0.2957889176705814	([79], [79, 78])
0	0.0	0.2964097385824103	([86], [86, 85])
0	0.0	0.29732165458412196	([167], [167, 166])
0	0.0	0.2980912534490567	([95], [95, 94])
0	0.0	0.29817677517313834	([153], [153, 152])
0	0.0	0.29957191996412186	([109], [109, 108])
0	0.0	0.2998552777942894	([132], [132, 131])
0	0.0	0.3003825097158095	([123], [123, 122])
0	0.0	0.3004286894606505	([87], [87, 86])
0	0.0	0.3011056269837627	([181], [181, 180])
0	0.0	0.30299334892686186	([113], [113, 112])
0	0.0	0.3033159282189896	([73], [73, 72])
0	0.0	0.30369269215930134	([170], [170, 169])
0	0.0	0.30539275386214654	([119], [119, 118])
0	0.0	0.30602900152182366	([90], [90, 89])
0	0.0	0.3066673724420164	([47], [47, 46])
0	0.0	0.30751828148831295	([183], [183, 182])
0	0.0	0.30862458760840145	([111], [111, 110])
0	0.0	0.3090782171363191	([76], [76, 75])
0	0.0	0.3096178543825412	([128], [128, 127])
0	0.0	0.31051981565245584	([169], [169, 167])
0	0.0	0.3159662826652682	([112], [112, 111])
0	0.0	0.31634009415181047	([160], [160, 159])
0	0.0	0.31927876628307134	([168], [168, 167])
0	0.0	0.3266734897422972	([92], [92, 91])
0	0.0	0.3295647620509701	([134], [134, 133])
0	0.0	0.33227361897387353	([72], [72, 70])
0	0.0	0.33233244891580027	([105], [105, 104])
0	0.0	0.3328402274957503	([56], [56, 55])
0	0.0	0.332913404279306	([106], [106, 105])
0	0.0	0.3345366298294245	([67], [67, 66])
0	0.0	0.3386062122179874	([69], [69, 68])
0	0.0	0.3411000585126702	([55], [55, 54])
0	0.0	0.34157703744253004	([50], [50, 49])
0	0.0	0.3416548886937607	([4], [4, 1])
0	0.0	0.347475329707202	([93], [93, 92])
0	0.0	0.35336272619460224	([71], [71, 70])
0	0.0	0.3585225131272748	([66], [66, 64])
0	0.0	0.3586891757888257	([51], [51, 40])
0	0.0	0.3624729740456933	([48], [48, 47])
0	0.0	0.36473132098254674	([135], [135, 134])
0	0.0	0.36674846952649	([30], [30, 29])
0	0.0	0.3688924739024332	([44], [44, 43])
0	0.0	0.37305304056211036	([57], [57, 56])
0	0.0	0.37483999505419346	([84], [84, 82])
0	0.0	0.38076642517434034	([32], [32, 30])
0	0.0	0.38425983600721575	([45], [45, 44])
0	0.0	0.3849495502860346	([54], [54, 53])
0	0.0	0.3874894139850674	([70], [70, 69])
0	0.0	0.39030737465565035	([83], [83, 82])
0	0.0	0.39253250213425295	([40], [51, 50])
0	0.0	0.3943891183341296	([43], [43, 41])
0	0.0	0.403078531393448	([41], [44, 42])
0	0.0	0.40654902921302827	([37], [37, 36])
0	0.0	0.4089026411825814	([28], [28, 27])
0	0.0	0.40897624096137736	([9], [9, 3])
0	0.0	0.4109316277354828	([29], [30, 27])
0	0.0	0.41115124022983035	([3], [9, 8])
0	0.0	0.41993420199075215	([65], [65, 25])
0	0.0	0.4279977086894534	([46], [46, 45])
0	0.0	0.4374967648967767	([38], [38, 37])
0	0.0	0.4427413024328522	([53], [66, 65])
0	0.0	0.4454172620046454	([25], [53, 36])
0	0.0	0.44773727640783695	([42], [42, 38])
0	0.0	0.47808652411916047	([36], [36, 34])
1	0.4840008303309077	0.4842670493372565	([32, 28], [32, 30, 28])
1	0.4667438280398147	0.5054169992001062	([45, 38], [45, 43, 42])
0	0.0	0.5055943552224469	([27], [27, 3])
0	0.0	0.5137329413971633	([1], [4, 3])
1	0.5354446167954962	0.5691118164927553	([41, 36], [42, 41, 37])
1	0.46334480960313307	0.5691118164927553	([53, 42], [53, 42, 37])
0	0.0	0.605094092065679	([8], [51, 26])
1	0.612038500885983	0.6425689709816316	([44, 29], [44, 34, 33])
1	0.5546089931948115	0.6557780151351188	([69, 53], [69, 64, 54])
1	0.5355575013381705	0.6585274678527223	([55, 51], [54, 53, 43])
1	0.6531047195281816	0.6608032789019355	([179, 160], [179, 171, 160])
1	0.6621001793825705	0.6642481158040716	([105, 4], [111, 105, 4])
1	0.6714056186505167	0.6717011473851029	([133, 116], [133, 127, 116])
1	0.6482654327494158	0.6734797101044148	([90, 68], [90, 79, 70])
1	0.6705413295256889	0.6761873706421259	([68, 41], [68, 63, 41])
1	0.6759831204170992	0.6769280735561753	([200, 171], [200, 182, 180])
1	0.6515714694032885	0.6772751528090569	([196, 160], [196, 180, 179])
0	0.0	0.683068050924336	([26], [183, 5])
1	0.6832799713247033	0.6851607100097603	([192, 164], [192, 190, 164])
1	0.6776830231928641	0.6852032937090472	([105, 90], [105, 100, 98])
1	0.6640485823097807	0.6923272692444653	([54, 32], [54, 43, 32])
0	0.0	0.6925515990480554	([5], [113, 2])
1	0.6905540990338624	0.6925726434184438	([94, 67], [94, 79, 67])
1	0.6787921257451138	0.6946731119426575	([64, 46], [64, 56, 46])
1	0.6951608450841431	0.6952134399037047	([159, 139], [159, 155, 136])
1	0.6933768833787932	0.6953967037206351	([96, 4], [111, 102, 96])
1	0.6906471429440472	0.6963751698143108	([46, 3], [46, 32, 27])
1	0.6799612665160344	0.7028133762097966	([198, 163], [198, 194, 163])
1	0.5784366269696154	0.7030591682321644	([105, 53], [105, 92, 90])
1	0.689945536379562	0.7043857128375605	([178, 156], [178, 170, 166])
1	0.7015955917752105	0.708750754731654	([86, 27], [86, 81, 28])
1	0.6900865367518231	0.7141220962390105	([59, 3], [81, 76, 29])
1	0.6800009486870525	0.7151056761170878	([114, 41], [114, 108, 60])
1	0.637566546313483	0.7151834427475848	([71, 28], [59, 55, 46])
1	0.7038935773462587	0.716694171678103	([163, 138], [163, 159, 138])
1	0.6946773467204042	0.7177480992192082	([200, 158], [200, 172, 171])
1	0.6653413461336204	0.718517729708264	([103, 66], [103, 94, 66])
1	0.6928292870754055	0.7236397786410805	([113, 28], [108, 60, 50])
1	0.7106329429164322	0.7241284791283985	([129, 99], [129, 107, 99])
1	0.7177294284220819	0.7249456102269227	([123, 36], [123, 108, 36])
1	0.6894363894367824	0.725015514351923	([196, 135], [197, 196, 136])
1	0.7025046175267712	0.7257936854580317	([72, 30], [72, 64, 30])
1	0.6842954731252777	0.7259610270184582	([197, 136], [200, 158, 136])
1	0.7100466292380041	0.728144417977022	([91, 54], [91, 79, 50])
1	0.5731014936333911	0.7283743016510291	([92, 53], [92, 91, 54])
1	0.7231756001209299	0.7299208659509021	([131, 61], [131, 108, 50])
1	0.700258264417069	0.7310078074081404	([199, 141], [199, 158, 154])
1	0.7259351499982122	0.731509672770893	([87, 30], [95, 87, 79])
1	0.7075916144727459	0.73279334913231	([139, 103], [139, 123, 103])
1	0.7266977475776699	0.7330447847666187	([159, 100], [159, 130, 100])
1	0.7306808825071938	0.733373031025964	([115, 44], [115, 104, 44])
1	0.7082089983426592	0.7344763634598885	([96, 63], [96, 89, 63])
1	0.7275779737316803	0.7354295269689373	([135, 93], [135, 108, 99])
1	0.7341703579196784	0.735761914309105	([174, 135], [196, 174, 160])
1	0.7319665310888149	0.7362106914690442	([154, 102], [154, 135, 93])
1	0.6690022881708384	0.7379136611753837	([111, 60], [102, 96, 41])
1	0.7283084622815394	0.7381905070021103	([110, 64], [110, 96, 75])
1	0.7011607123226365	0.7382490870991011	([103, 34], [100, 94, 34])
1	0.7127238175150105	0.7388146874656198	([170, 133], [171, 159, 132])
1	0.7392790824932897	0.7396395821971301	([172, 131], [174, 172, 131])
1	0.7254971524510979	0.7397808509231627	([135, 44], [135, 104, 93])
1	0.7097421384789593	0.7407591225753917	([114, 78], [114, 112, 76])
1	0.7421839921915963	0.7424300706292495	([139, 54], [139, 103, 54])
1	0.7290381370640574	0.7461835230261237	([111, 30], [111, 72, 30])
1	0.6710982786611982	0.7461835230261237	([72, 4], [111, 72, 60])
1	0.7454921286359159	0.7466462135686869	([116, 87], [116, 103, 99])
1	0.7425837781926997	0.7490048308494137	([138, 68], [138, 124, 98])
1	0.7485554795743822	0.7491330408401556	([169, 140], [169, 164, 140])
1	0.7480740337655892	0.7495414286580415	([136, 48], [136, 99, 48])
1	0.7414764182307249	0.7509275140722557	([155, 94], [155, 143, 136])
1	0.700132603243312	0.7513270546747066	([116, 27], [116, 109, 27])
1	0.7315781181086769	0.7517447739572698	([43, 0], [112, 101, 0])
1	0.7441138471195377	0.7517447739572698	([141, 0], [141, 101, 0])
1	0.7244533317722819	0.752094332946483	([143, 100], [143, 135, 100])
1	0.6772334061783345	0.7526573355577905	([137, 70], [137, 129, 70])
1	0.7214547180199075	0.753083533880133	([126, 58], [123, 68, 58])
1	0.7495348343494563	0.753651490549902	([164, 114], [169, 164, 41])
1	0.7207245593185878	0.7536673666167917	([124, 32], [124, 100, 34])
1	0.6812683300556194	0.7546862931560312	([133, 4], [133, 102, 101])
1	0.715066238515527	0.7549222439105323	([123, 29], [123, 99, 89])
1	0.7503616812845952	0.7554261034849536	([185, 115], [185, 170, 115])
1	0.7461353658392627	0.7555543266577278	([190, 41], [191, 187, 114])
1	0.7381098076192371	0.7572076892481607	([93, 33], [101, 93, 33])
1	0.6645939849432159	0.7575626099117138	([153, 26], [200, 153, 132])
1	0.7062906099584307	0.7578606681014934	([173, 54], [178, 133, 132])
1	0.7467597062139947	0.7589302632542142	([150, 104], [150, 137, 103])
1	0.7593808432771753	0.7596385430499017	([133, 78], [133, 101, 94])
1	0.7389522358369552	0.7611847849178724	([187, 114], [196, 135, 46])
1	0.7568031109489476	0.7611847849178724	([199, 46], [199, 196, 46])
1	0.7616152545275583	0.7633246775424403	([168, 116], [179, 173, 126])
1	0.7608438268300924	0.7641626286380391	([158, 60], [158, 96, 93])
1	0.7117370180404659	0.764229053677127	([93, 3], [93, 46, 33])
1	0.7320921812225751	0.7647950876858167	([154, 66], [154, 141, 66])
1	0.7508364815332974	0.765011497890439	([177, 108], [177, 137, 135])
1	0.7500544743076347	0.7655954907764724	([182, 109], [182, 157, 147])
1	0.7640555231888855	0.7662681377017646	([119, 33], [119, 60, 56])
1	0.5476497839046404	0.7675606949459572	([71, 40], [71, 56, 49])
1	0.7646154020874139	0.7675857083848779	([178, 104], [178, 132, 104])
1	0.7557712932189767	0.767838829575467	([192, 127], [192, 173, 126])
1	0.7315154644554226	0.7682043392463016	([142, 63], [142, 128, 100])
1	0.7550595716934759	0.7684646008487398	([177, 48], [177, 108, 102])
1	0.7452483680690325	0.769426807704016	([128, 69], [128, 104, 69])
1	0.7537806403726305	0.7697839847569979	([164, 70], [164, 149, 70])
1	0.7676710841697905	0.7698472662808767	([149, 27], [149, 135, 27])
1	0.7671697018752877	0.7703072507712067	([198, 47], [198, 136, 128])
1	0.7524756155079294	0.7718796638611894	([193, 122], [193, 171, 133])
1	0.7528041453664454	0.7726896510230462	([161, 48], [161, 136, 123])
1	0.769212002016386	0.7737346759679513	([126, 45], [136, 126, 45])
1	0.7623317131886462	0.7740295057789796	([175, 107], [179, 175, 107])
1	0.7249273218084952	0.7753656088493632	([112, 0], [43, 42, 0])
1	0.7761492004125944	0.7762724192380148	([172, 43], [172, 136, 43])
1	0.7206069182328905	0.7775828749789283	([184, 111], [184, 136, 119])
1	0.7722711198802288	0.7810247848642898	([188, 63], [167, 159, 63])
1	0.7537259066160613	0.7831095062376535	([193, 30], [193, 118, 111])
1	0.773683035143621	0.7834506915457871	([172, 71], [172, 131, 71])
1	0.7760280362451727	0.785983655989446	([175, 87], [175, 107, 99])
1	0.776678405449133	0.7861151351655382	([152, 58], [152, 138, 58])
1	0.7369124772063166	0.7871124820081864	([91, 0], [91, 46, 43])
1	0.6746810326629566	0.7874843225969476	([131, 9], [131, 66, 32])
1	0.7501593118051703	0.7879680639065032	([192, 64], [200, 192, 64])
1	0.7714370492389133	0.790723533031924	([165, 62], [165, 102, 77])
1	0.7846072509419834	0.7912555138139377	([191, 50], [191, 137, 70])
1	0.7568229954432711	0.7928331799738061	([185, 34], [185, 115, 114])
1	0.7728150438896765	0.7932825602082929	([156, 33], [156, 94, 69])
1	0.7214853604461033	0.7933311503810204	([171, 3], [171, 116, 107])
1	0.7278609718778556	0.7962323949510206	([150, 28], [150, 108, 70])
1	0.7566466233314499	0.798898494035325	([170, 30], [170, 95, 48])
1	0.5558160798544268	0.8023091456861037	([134, 40], [134, 63, 51])
1	0.7837068072171884	0.8058933089828353	([184, 75], [184, 119, 41])
1	0.5710716104078859	0.8073765689130895	([168, 40], [168, 134, 98])
1	0.7085848028735044	0.8126794413640631	([190, 28], [188, 170, 30])
1	0.6226763426897737	0.8217113095853488	([200, 26], [200, 51, 41])
1	0.7029777140830702	0.825859758500769	([75, 2], [75, 42, 30])
1	0.696493156491163	0.8290979738739314	([42, 2], [113, 75, 28])
1	0.6954225499944049	0.8388936570191841	([115, 3], [115, 93, 34])
1	0.7124825231946242	0.8403488630811428	([187, 29], [187, 123, 58])
1	0.4984224839767545	0.8522589475111826	([83, 25], [83, 65, 36])
1	0.7117158564988239	0.9069287699542856	([174, 2], [174, 42, 33])
1	0.6567206551139935	0.9076140548459368	([111, 1], [72, 30, 4])
1	0.505629645367625	0.9134461895890167	([28, 9], [28, 27, 3])
1	0.6269646830970133	0.9142602461194407	([66, 9], [131, 27, 9])
1	0.5413978380130429	0.9165165263771066	([29, 4], [30, 27, 3])
1	0.6951513383393009	0.9234147417457502	([81, 5], [183, 81, 33])
0	0.0	0.9298669086971502	([23], [31, 25])
0	0.0	0.9392228076340884	([7], [10, 4])
0	0.0	0.9480442292213571	([39], [52, 40])
0	0.0	0.9615126649682791	([0], [36, 35])
1	0.6655935739639518	0.9651478270229926	([169, 1], [169, 110, 1])
0	0.0	0.96904862048422	([24], [121, 120])
1	0.9775605632749187	0.9995691979522913	([31, 30], [60, 31, 25])
1	0.99717810349016	0.9998579200336675	([31, 26], [49, 31, 26])
0	0.0	1.0	([11], [11, 0])
0	0.0	1.0	([12], [12, 0])
0	0.0	1.0	([13], [13, 0])
0	0.0	1.0	([14], [14, 0])
0	0.0	1.0	([15], [15, 0])
0	0.0	1.0	([16], [16, 0])
0	0.0	1.0	([17], [17, 0])
0	0.0	1.0	([18], [18, 0])
0	0.0	1.0	([19], [19, 0])
0	0.0	1.0	([20], [20, 0])
0	0.0	1.0	([21], [21, 0])
0	0.0	1.0	([22], [22, 0])
0	0.0	inf	([6], [])
