0	0.0	0.026296183485603572	([233], [233, 182])
0	0.0	0.026309672300340967	([187], [187, 176])
0	0.0	0.1950381557668051	([445], [445, 444])
0	0.0	0.21082512696182895	([352], [352, 351])
0	0.0	0.22184585628635806	([345], [345, 344])
0	0.0	0.22733584350020547	([58], [58, 57])
0	0.0	0.2279684819356098	([434], [434, 433])
0	0.0	0.22924406060588068	([348], [348, 347])
0	0.0	0.23042613762621542	([281], [281, 280])
0	0.0	0.23437344366787297	([3], [3, 2])
0	0.0	0.2373419253446114	([2], [2, 1])
0	0.0	0.24049423340068898	([435], [435, 434])
0	0.0	0.24060801170112386	([387], [387, 386])
0	0.0	0.24264445452099337	([422], [422, 421])
0	0.0	0.24310597280620994	([63], [63, 62])
0	0.0	0.2461491431101091	([293], [293, 292])
0	0.0	0.24625735500975737	([420], [420, 419])
0	0.0	0.24790182985759074	([438], [438, 437])
0	0.0	0.24877672468123876	([428], [428, 427])
0	0.0	0.24942610464790832	([412], [412, 411])
0	0.0	0.2495427768810549	([125], [125, 124])
0	0.0	0.25040724623115773	([61], [61, 60])
0	0.0	0.2516997918325327	([408], [408, 407])
0	0.0	0.2519921734232108	([264], [264, 263])
0	0.0	0.2520931788572296	([342], [342, 341])
0	0.0	0.25291635155042436	([414], [414, 413])
0	0.0	0.253797099536214	([415], [415, 414])
0	0.0	0.2540766053100065	([338], [338, 337])
0	0.0	0.2547542788245525	([370], [370, 369])
0	0.0	0.25478890171348223	([258], [258, 257])
0	0.0	0.2552221933693097	([418], [418, 417])
0	0.0	0.2572786472996484	([262], [262, 261])
0	0.0	0.2573304713940541	([343], [343, 342])
0	0.0	0.2576461561583459	([280], [280, 279])
0	0.0	0.2577594776265278	([369], [369, 368])
0	0.0	0.2585213835185503	([371], [371, 370])
0	0.0	0.25870513886696783	([385], [385, 384])
0	0.0	0.25929146683470494	([423], [423, 422])
0	0.0	0.25963023460556184	([330], [330, 329])
0	0.0	0.2597889651360244	([313], [313, 312])
0	0.0	0.2609938268344253	([444], [444, 443])
0	0.0	0.2611764594149807	([306], [306, 305])
0	0.0	0.26167444808515156	([426], [426, 425])
0	0.0	0.2623469798999483	([427], [427, 426])
0	0.0	0.2625347012141545	([318], [318, 317])
0	0.0	0.26259250698334413	([431], [431, 430])
0	0.0	0.2628848370091838	([45], [45, 44])
0	0.0	0.26293832227167646	([346], [346, 345])
0	0.0	0.26307421998521113	([416], [416, 415])
0	0.0	0.2633015909628519	([424], [424, 423])
0	0.0	0.26356326775836497	([266], [266, 265])
0	0.0	0.2637087329851897	([392], [392, 391])
0	0.0	0.26461919317182886	([384], [384, 383])
0	0.0	0.2648261428568724	([240], [240, 239])
0	0.0	0.26486505065000426	([362], [362, 361])
0	0.0	0.26487008393599726	([421], [421, 420])
0	0.0	0.26530377172716285	([440], [440, 439])
0	0.0	0.26611078734486665	([432], [432, 431])
0	0.0	0.2663811695749899	([122], [122, 121])
0	0.0	0.2664534576930458	([298], [298, 297])
0	0.0	0.2664832763555015	([329], [329, 328])
0	0.0	0.26650911217987966	([439], [439, 438])
0	0.0	0.2671192886220809	([436], [436, 435])
0	0.0	0.26750163356996326	([397], [397, 396])
0	0.0	0.2679815659336709	([101], [101, 100])
0	0.0	0.2682459150006647	([373], [373, 372])
0	0.0	0.2684032017112006	([447], [447, 446])
0	0.0	0.2684845416489055	([401], [401, 400])
0	0.0	0.2685626721479286	([62], [62, 61])
0	0.0	0.26920923915989703	([319], [319, 318])
0	0.0	0.26923803623934345	([359], [359, 358])
0	0.0	0.26968685037278534	([295], [295, 294])
0	0.0	0.27019113794866445	([443], [443, 442])
0	0.0	0.2704014189076214	([375], [375, 374])
0	0.0	0.27063229412253814	([357], [357, 356])
0	0.0	0.2710300145660307	([322], [322, 321])
0	0.0	0.27118242233504286	([367], [367, 366])
0	0.0	0.2712268245044027	([278], [278, 277])
0	0.0	0.27159355533344215	([341], [341, 340])
0	0.0	0.2716352668899822	([310], [310, 309])
0	0.0	0.27166792559507874	([393], [393, 392])
0	0.0	0.27179288954158914	([289], [289, 288])
0	0.0	0.2718140668404707	([257], [257, 256])
0	0.0	0.27188977825880595	([308], [308, 307])
0	0.0	0.2720186440335303	([48], [48, 47])
0	0.0	0.27214582322453373	([256], [256, 255])
0	0.0	0.2724844187025334	([309], [309, 308])
0	0.0	0.27279828572575454	([430], [430, 429])
0	0.0	0.2734944649915675	([303], [303, 302])
0	0.0	0.2735262610874882	([44], [44, 43])
0	0.0	0.2742793255066648	([448], [448, 447])
0	0.0	0.275030928595231	([374], [374, 373])
0	0.0	0.2757419855323247	([56], [56, 55])
0	0.0	0.27581099606182247	([5], [5, 4])
0	0.0	0.2763335306948018	([263], [263, 262])
0	0.0	0.27635236720276374	([4], [4, 3])
0	0.0	0.27656481972939656	([344], [344, 343])
0	0.0	0.27658897974776786	([19], [19, 18])
0	0.0	0.27711127504271754	([253], [253, 252])
0	0.0	0.2776137498838556	([441], [441, 440])
0	0.0	0.2776513834156954	([20], [20, 19])
0	0.0	0.2776751324739742	([442], [442, 441])
0	0.0	0.27769454203353755	([261], [261, 260])
0	0.0	0.2777410665142724	([242], [242, 241])
0	0.0	0.27813027102601096	([406], [406, 405])
0	0.0	0.27815235881072503	([358], [358, 357])
0	0.0	0.27846595137615626	([437], [437, 436])
0	0.0	0.2785771891358937	([349], [349, 348])
0	0.0	0.27863555536046786	([54], [54, 53])
0	0.0	0.278796699208909	([363], [363, 362])
0	0.0	0.2792586669682389	([23], [23, 22])
0	0.0	0.2800967580949063	([320], [320, 319])
0	0.0	0.28018628114315597	([339], [339, 338])
0	0.0	0.28072596655849064	([283], [283, 282])
0	0.0	0.28080356900969894	([10], [10, 9])
0	0.0	0.28152713668756446	([361], [361, 360])
0	0.0	0.28228158530970693	([68], [68, 67])
0	0.0	0.28240246506452804	([24], [24, 23])
0	0.0	0.28255153319366605	([368], [368, 367])
0	0.0	0.2828086721829284	([331], [331, 330])
0	0.0	0.2830407455945088	([132], [132, 131])
0	0.0	0.2831725704259547	([272], [272, 271])
0	0.0	0.28397399534801204	([340], [340, 339])
0	0.0	0.2839798953187204	([316], [316, 315])
0	0.0	0.2839971579090031	([324], [324, 323])
0	0.0	0.2843375924510214	([321], [321, 320])
0	0.0	0.2843667270829691	([335], [335, 334])
0	0.0	0.28441923353415666	([290], [290, 289])
0	0.0	0.2845191862052081	([88], [88, 87])
0	0.0	0.28465442551935993	([402], [402, 401])
0	0.0	0.2846825551825212	([279], [279, 278])
0	0.0	0.2847173755770475	([285], [285, 284])
0	0.0	0.2847810025984159	([133], [133, 132])
0	0.0	0.28525011734075484	([312], [312, 311])
0	0.0	0.2860672266471505	([9], [9, 8])
0	0.0	0.2860723327529368	([332], [332, 331])
0	0.0	0.2864336664645047	([255], [255, 254])
0	0.0	0.28651121872318075	([18], [18, 17])
0	0.0	0.2866050343512942	([323], [323, 322])
0	0.0	0.28691447351072946	([396], [396, 395])
0	0.0	0.2871544915250681	([302], [302, 301])
0	0.0	0.2876997253117629	([399], [399, 398])
0	0.0	0.28782577137256343	([400], [400, 399])
0	0.0	0.2880062275980072	([267], [267, 266])
0	0.0	0.28815392944381746	([419], [419, 418])
0	0.0	0.28838946869306586	([395], [395, 394])
0	0.0	0.2890483480557825	([301], [301, 300])
0	0.0	0.289222203194318	([126], [126, 125])
0	0.0	0.2894166863963323	([403], [403, 402])
0	0.0	0.2900068268941103	([8], [8, 7])
0	0.0	0.2900244134301994	([407], [407, 406])
0	0.0	0.29049371340414243	([381], [381, 380])
0	0.0	0.2907673478662014	([259], [259, 258])
0	0.0	0.29124483193746376	([425], [425, 424])
0	0.0	0.2913402285146858	([25], [25, 24])
0	0.0	0.29135488550615346	([413], [413, 412])
0	0.0	0.29172281179704995	([52], [52, 51])
0	0.0	0.2919521520496277	([377], [377, 376])
0	0.0	0.29201683936523	([404], [404, 403])
0	0.0	0.29201767726468963	([376], [376, 375])
0	0.0	0.2922855725477829	([273], [273, 272])
0	0.0	0.2924657709762363	([325], [325, 324])
0	0.0	0.2930477337804505	([292], [292, 291])
0	0.0	0.2930853964065738	([394], [394, 393])
0	0.0	0.2932106194169033	([124], [124, 123])
0	0.0	0.2938767991484169	([27], [27, 26])
0	0.0	0.2939897807008754	([251], [251, 250])
0	0.0	0.2940530079192676	([351], [351, 350])
0	0.0	0.2945669306739073	([252], [252, 251])
0	0.0	0.29459840434021184	([80], [80, 79])
0	0.0	0.2950695439187886	([337], [337, 336])
0	0.0	0.2951494267622196	([417], [417, 416])
0	0.0	0.2953210619548236	([6], [6, 5])
0	0.0	0.29617527527962195	([315], [315, 314])
0	0.0	0.2962015650233814	([353], [353, 352])
0	0.0	0.2965670362445096	([382], [382, 381])
0	0.0	0.29702510442671926	([121], [121, 120])
0	0.0	0.29710972768617255	([328], [328, 327])
0	0.0	0.2971474687998005	([254], [254, 253])
0	0.0	0.2975948320337706	([67], [67, 66])
0	0.0	0.2976547396961444	([347], [347, 346])
0	0.0	0.2977806709404737	([378], [378, 377])
0	0.0	0.29779482350977843	([268], [268, 267])
0	0.0	0.29781361569464443	([409], [409, 408])
0	0.0	0.29792702080790107	([336], [336, 335])
0	0.0	0.29794546990119625	([410], [410, 409])
0	0.0	0.29840099835368067	([47], [47, 46])
0	0.0	0.298511956056037	([314], [314, 313])
0	0.0	0.29871158039599915	([304], [304, 303])
0	0.0	0.29917536493145935	([391], [391, 390])
0	0.0	0.2995605374339147	([380], [380, 379])
0	0.0	0.29958898896960545	([291], [291, 290])
0	0.0	0.29992205443524095	([139], [139, 138])
0	0.0	0.3000292825479002	([429], [429, 428])
0	0.0	0.3000665146496772	([243], [243, 242])
0	0.0	0.30013085155174807	([271], [271, 270])
0	0.0	0.300213360196784	([235], [235, 234])
0	0.0	0.30048188103508927	([360], [360, 359])
0	0.0	0.30066464026644796	([296], [296, 295])
0	0.0	0.30083165525977235	([130], [130, 129])
0	0.0	0.301107029579451	([7], [7, 6])
0	0.0	0.30147123420264976	([305], [305, 304])
0	0.0	0.3015360547451916	([116], [116, 115])
0	0.0	0.3019010140265246	([307], [307, 306])
0	0.0	0.30191111070302273	([103], [103, 102])
0	0.0	0.3019528127935988	([389], [389, 388])
0	0.0	0.302028994279711	([288], [288, 287])
0	0.0	0.30244424016045857	([286], [286, 285])
0	0.0	0.30244450723173544	([12], [12, 11])
0	0.0	0.3026677360833169	([237], [237, 236])
0	0.0	0.30274151909979324	([123], [123, 122])
0	0.0	0.3029129986980744	([11], [11, 10])
0	0.0	0.30327693639593045	([366], [366, 365])
0	0.0	0.3033332789887793	([411], [411, 410])
0	0.0	0.303335411171407	([15], [15, 14])
0	0.0	0.30378018332907036	([265], [265, 264])
0	0.0	0.30430356270321907	([446], [446, 445])
0	0.0	0.3043299109297039	([17], [17, 16])
0	0.0	0.30477201046488683	([276], [276, 275])
0	0.0	0.3048922814368026	([87], [87, 86])
0	0.0	0.30553046885771257	([115], [115, 114])
0	0.0	0.3060616758620148	([114], [114, 113])
0	0.0	0.30636738201670577	([356], [356, 355])
0	0.0	0.30640552988947856	([244], [244, 243])
0	0.0	0.3070511306972427	([365], [365, 364])
0	0.0	0.30724898186345695	([433], [433, 432])
0	0.0	0.30781707527923813	([131], [131, 130])
0	0.0	0.30796715675296066	([53], [53, 52])
0	0.0	0.30843315592559073	([57], [57, 56])
0	0.0	0.3084769500996311	([49], [49, 48])
0	0.0	0.30909660822818946	([60], [60, 59])
0	0.0	0.3091377058611133	([246], [246, 244])
0	0.0	0.3095314174092333	([405], [405, 404])
0	0.0	0.31033069653925843	([372], [372, 371])
0	0.0	0.3103472784934023	([287], [287, 286])
0	0.0	0.31039749988253035	([16], [16, 15])
0	0.0	0.310509742752822	([327], [327, 326])
0	0.0	0.31068625503190833	([14], [14, 13])
0	0.0	0.3111188038547508	([117], [117, 116])
0	0.0	0.3114517280764756	([297], [297, 296])
0	0.0	0.3115462744348895	([274], [274, 273])
0	0.0	0.31169434594479206	([383], [383, 382])
0	0.0	0.3131400320750411	([102], [102, 101])
0	0.0	0.313167754226255	([65], [65, 64])
0	0.0	0.3136213504742587	([78], [78, 77])
0	0.0	0.31387457845628525	([112], [112, 111])
0	0.0	0.3138756233500717	([284], [284, 283])
0	0.0	0.3139131165564624	([390], [390, 388])
0	0.0	0.3147470145345912	([145], [145, 144])
0	0.0	0.31561821054811157	([135], [135, 134])
0	0.0	0.31567532772994567	([146], [146, 145])
0	0.0	0.316350308715491	([140], [140, 139])
0	0.0	0.316966920415095	([247], [247, 246])
0	0.0	0.3171861865437743	([118], [118, 117])
0	0.0	0.31723612152392106	([120], [120, 119])
0	0.0	0.31733425715816815	([379], [379, 378])
0	0.0	0.3185938248276588	([55], [55, 54])
0	0.0	0.3189602052022091	([275], [275, 274])
0	0.0	0.3190189257988209	([354], [354, 353])
0	0.0	0.3190747964925593	([21], [21, 20])
0	0.0	0.31922515277832536	([46], [46, 45])
0	0.0	0.3192391751598681	([59], [59, 58])
0	0.0	0.31989766608079206	([22], [22, 21])
0	0.0	0.3199160348690302	([110], [110, 109])
0	0.0	0.32049090931696894	([236], [236, 235])
0	0.0	0.3207720536233094	([89], [89, 87])
0	0.0	0.3209664321124634	([185], [185, 183])
0	0.0	0.32157825380778565	([141], [141, 140])
1	0.29823595241101775	0.3216161806264482	([264, 260], [264, 263, 260])
0	0.0	0.32172276552654505	([79], [79, 78])
0	0.0	0.3219051825984149	([111], [111, 110])
0	0.0	0.3219627945885982	([152], [152, 150])
0	0.0	0.32202600841396567	([388], [388, 387])
0	0.0	0.3221860655404515	([69], [69, 68])
0	0.0	0.3230357746170529	([72], [72, 71])
0	0.0	0.3230634852508764	([119], [119, 118])
0	0.0	0.3235948506061205	([127], [127, 126])
0	0.0	0.32382912939425884	([71], [71, 70])
0	0.0	0.3239572963621031	([355], [356, 354])
0	0.0	0.32400433645880355	([97], [97, 96])
0	0.0	0.3240098091241956	([249], [249, 247])
0	0.0	0.32423251752770255	([94], [94, 93])
0	0.0	0.3247117348570196	([134], [134, 133])
0	0.0	0.32582725595094975	([317], [317, 316])
0	0.0	0.3258370372554858	([150], [150, 149])
0	0.0	0.3258738517303618	([350], [350, 349])
0	0.0	0.3259235811094314	([66], [66, 64])
0	0.0	0.32603865826255934	([51], [51, 50])
0	0.0	0.3270040194495238	([26], [26, 25])
0	0.0	0.3270780297003743	([73], [73, 72])
0	0.0	0.327207868481754	([34], [34, 33])
0	0.0	0.3275376046193145	([138], [138, 137])
0	0.0	0.3277510850031892	([398], [398, 397])
0	0.0	0.32785214867478646	([100], [100, 99])
0	0.0	0.3286190531057041	([136], [136, 135])
0	0.0	0.32873093986629776	([231], [231, 172])
0	0.0	0.32888577737496205	([70], [70, 69])
0	0.0	0.3288973593342644	([270], [270, 269])
0	0.0	0.3289714844975495	([149], [149, 148])
0	0.0	0.32945481430532464	([334], [334, 333])
0	0.0	0.3296271814758161	([364], [364, 363])
0	0.0	0.3298867259679373	([50], [50, 49])
0	0.0	0.33012412219153636	([96], [96, 95])
0	0.0	0.33045907072563735	([239], [240, 237])
0	0.0	0.33062595599299505	([260], [260, 259])
0	0.0	0.33084427670076044	([128], [128, 127])
0	0.0	0.3311255235207098	([85], [85, 84])
0	0.0	0.3315513595802843	([106], [106, 105])
0	0.0	0.3316569851618686	([13], [13, 12])
0	0.0	0.3333975903154344	([269], [269, 268])
0	0.0	0.3335475585336285	([129], [129, 128])
0	0.0	0.333989411937827	([250], [250, 249])
0	0.0	0.3341493334328634	([153], [153, 152])
0	0.0	0.33704321528395703	([86], [87, 85])
0	0.0	0.3373785252559937	([33], [33, 32])
1	0.3364811218624201	0.3384470498994977	([50, 46], [50, 49, 46])
0	0.0	0.33852564526180695	([161], [161, 160])
0	0.0	0.33908290293668686	([333], [333, 332])
0	0.0	0.33935465745233967	([326], [326, 325])
0	0.0	0.34008331918991624	([277], [277, 276])
0	0.0	0.3418910539977509	([95], [95, 94])
0	0.0	0.34245011240186357	([113], [113, 107])
0	0.0	0.34252629668711193	([282], [282, 281])
0	0.0	0.34256182797610724	([109], [111, 106])
0	0.0	0.34267445727228396	([137], [137, 136])
0	0.0	0.34367060628705476	([241], [249, 248])
0	0.0	0.3437937050321801	([311], [311, 310])
0	0.0	0.34799304710986756	([166], [166, 164])
0	0.0	0.34853510507421864	([148], [148, 147])
0	0.0	0.34899868943078355	([99], [99, 98])
0	0.0	0.3504342602325244	([64], [64, 63])
0	0.0	0.35100147282690103	([98], [98, 97])
0	0.0	0.3514404471482236	([90], [90, 89])
0	0.0	0.3554488906432642	([77], [77, 76])
0	0.0	0.35694250711679326	([32], [32, 30])
0	0.0	0.3571848285044323	([174], [174, 173])
0	0.0	0.3584033796302681	([31], [31, 30])
0	0.0	0.3600790426637131	([105], [105, 103])
0	0.0	0.360260016370904	([30], [30, 29])
0	0.0	0.3625301978477586	([84], [84, 83])
0	0.0	0.36275675547921177	([300], [300, 298])
0	0.0	0.36311826165785277	([156], [156, 154])
0	0.0	0.3639390890473357	([154], [154, 153])
0	0.0	0.3681343317689836	([39], [39, 37])
0	0.0	0.3684501686158394	([173], [173, 172])
0	0.0	0.37035185362880807	([294], [294, 293])
0	0.0	0.37269536503282186	([450], [450, 448])
0	0.0	0.373279446586352	([175], [175, 174])
0	0.0	0.3738382979803514	([83], [83, 82])
0	0.0	0.37390172155134127	([177], [177, 175])
0	0.0	0.37634779591950585	([248], [241, 240])
0	0.0	0.37915927138792976	([238], [238, 237])
0	0.0	0.38039258415075006	([41], [41, 37])
0	0.0	0.3804822403097151	([143], [143, 141])
0	0.0	0.38101599895918103	([93], [105, 104])
0	0.0	0.38193209284443624	([107], [143, 142])
0	0.0	0.3842439283962449	([449], [449, 448])
0	0.0	0.3850399411639723	([147], [156, 155])
0	0.0	0.38506922425193174	([75], [75, 74])
0	0.0	0.38698604365863154	([29], [29, 27])
0	0.0	0.38706112663381553	([386], [386, 385])
0	0.0	0.39015053767745234	([37], [37, 36])
0	0.0	0.3906803618731043	([42], [42, 41])
0	0.0	0.39103035542677905	([234], [246, 245])
0	0.0	0.39626489231341794	([36], [37, 33])
0	0.0	0.396828947683467	([104], [93, 92])
0	0.0	0.3970952633676352	([43], [43, 42])
0	0.0	0.39768550765320254	([108], [108, 107])
0	0.0	0.3989351446699715	([81], [81, 80])
1	0.3902505698379211	0.3995550730954755	([133, 126], [133, 131, 128])
0	0.0	0.4004355809364175	([40], [40, 39])
0	0.0	0.40153112747984343	([232], [232, 172])
0	0.0	0.40236363631632294	([1], [1, 0])
0	0.0	0.4025281070024662	([158], [158, 156])
0	0.0	0.40692465435524733	([245], [300, 299])
0	0.0	0.4100308512990579	([0], [29, 28])
1	0.3968529964115499	0.4127268416238126	([41, 34], [41, 37, 33])
0	0.0	0.41286331745847116	([155], [158, 157])
0	0.0	0.41531823684057256	([171], [171, 168])
1	0.4087824790524517	0.41609031839045085	([90, 86], [90, 89, 87])
0	0.0	0.4169223856575372	([38], [38, 37])
0	0.0	0.4170636360812006	([157], [148, 146])
0	0.0	0.4171304351596346	([76], [77, 74])
0	0.0	0.4179054774019125	([180], [180, 165])
0	0.0	0.4199043101898561	([179], [179, 177])
0	0.0	0.42090654099741664	([35], [35, 34])
0	0.0	0.42312472605927043	([189], [189, 180])
0	0.0	0.4262813841954879	([92], [109, 107])
0	0.0	0.4295238259197569	([191], [191, 181])
0	0.0	0.43285432735872204	([178], [178, 177])
0	0.0	0.433348462264943	([186], [186, 151])
0	0.0	0.4335055264047668	([144], [144, 143])
0	0.0	0.43538937992567667	([451], [451, 0])
0	0.0	0.43682350547112053	([299], [234, 232])
0	0.0	0.43784133677574827	([170], [170, 162])
0	0.0	0.44773358836812077	([91], [91, 88])
0	0.0	0.4479547325613043	([159], [159, 158])
0	0.0	0.4537885818339006	([142], [152, 151])
0	0.0	0.4544654831290157	([163], [163, 159])
0	0.0	0.4557669176284394	([74], [75, 73])
1	0.4325774190522218	0.4561538972483053	([147, 145], [148, 147, 146])
0	0.0	0.4569028545614073	([151], [163, 38])
0	0.0	0.4621110951467611	([162], [170, 169])
0	0.0	0.46299919962576763	([188], [188, 178])
0	0.0	0.46395360680598746	([172], [179, 165])
0	0.0	0.4735625229204162	([169], [170, 165])
0	0.0	0.47652742559513295	([82], [82, 79])
0	0.0	0.4799210109503713	([165], [165, 157])
1	0.4615960143212151	0.4843184007959697	([76, 72], [76, 75, 73])
0	0.0	0.48754851399242394	([160], [161, 159])
0	0.0	0.4930207900480683	([181], [181, 177])
0	0.0	0.4941806155260787	([168], [168, 159])
0	0.0	0.5166197676642545	([164], [166, 157])
1	0.49057439970894395	0.5211167829789599	([43, 26], [43, 42, 27])
1	0.5340042010570262	0.5545646496708335	([96, 76], [96, 90, 76])
1	0.563008358759839	0.569291932209143	([44, 24], [44, 43, 26])
0	0.0	0.5706677316096634	([183], [185, 38])
1	0.5633151555438592	0.5821568700732931	([137, 117], [137, 124, 117])
1	0.552556116520002	0.5894169639876126	([90, 81], [85, 82, 80])
1	0.5850363463613791	0.5935712017874822	([76, 66], [76, 72, 66])
1	0.5834689803629179	0.6003284181819183	([172, 158], [232, 172, 158])
1	0.6016038121090665	0.6036216534221609	([81, 71], [81, 77, 71])
1	0.5929010991324456	0.6042293925307848	([439, 427], [439, 435, 427])
1	0.51810043218857	0.6072247497383613	([92, 75], [93, 92, 75])
1	0.582546649891599	0.6082006868252583	([239, 172], [240, 234, 232])
1	0.5963671514999137	0.6082880717435132	([112, 83], [112, 94, 93])
1	0.552992590337281	0.612856736339815	([232, 168], [232, 172, 171])
1	0.5791600771096646	0.6130017986278191	([82, 67], [82, 76, 66])
1	0.6120267345763756	0.6132059224217837	([412, 401], [412, 407, 403])
1	0.5962750748971198	0.6146332754614375	([112, 94], [109, 106, 93])
1	0.6018549249349028	0.6163487263464718	([97, 85], [97, 95, 88])
1	0.6064546960624985	0.6168200000545679	([94, 79], [94, 89, 86])
1	0.6051987118844513	0.6186255112876214	([102, 83], [102, 97, 85])
1	0.6077679406690161	0.6212646507228485	([355, 347], [355, 352, 347])
1	0.5900525339644193	0.6266469459875721	([98, 91], [98, 95, 91])
1	0.6084546617186308	0.634341397432251	([139, 120], [139, 132, 124])
1	0.6327070539945271	0.6376450310937494	([284, 266], [284, 282, 266])
1	0.6272744788598283	0.6406085020250692	([372, 350], [372, 358, 350])
1	0.6354260174941387	0.6416181339357699	([405, 376], [405, 390, 377])
1	0.522158416670757	0.6444492563578738	([91, 75], [91, 84, 78])
1	0.6309250454200533	0.654558884365914	([168, 118], [168, 142, 140])
1	0.6066892497505514	0.6580125895757709	([175, 159], [175, 172, 159])
1	0.6522014908582998	0.6583627542757248	([140, 81], [153, 144, 140])
1	0.6392716038306557	0.6590919970921718	([172, 30], [172, 158, 30])
1	0.6606936319561997	0.6620269343779192	([174, 42], [174, 172, 36])
1	0.6396133778028373	0.6626416051083563	([177, 41], [177, 171, 41])
1	0.6603851302737098	0.6647430027121608	([335, 288], [335, 334, 291])
1	0.6550523324425641	0.6649404113138289	([334, 290], [334, 333, 286])
1	0.664517907198039	0.66524879771292	([76, 20], [76, 45, 37])
1	0.6054613022591768	0.6656992517864735	([171, 29], [172, 171, 41])
1	0.6666746867877484	0.6697058169164098	([147, 59], [147, 79, 74])
1	0.6555477865214249	0.6701022659007638	([134, 106], [134, 122, 106])
1	0.6641306721207954	0.6701520361742769	([145, 109], [145, 143, 107])
1	0.6610848842995882	0.6708397595556503	([326, 294], [326, 311, 309])
1	0.6094025119099313	0.6712809789441317	([112, 74], [112, 94, 74])
1	0.6618097844515552	0.6716017275710625	([128, 76], [144, 138, 76])
1	0.6712662230724037	0.6724940646186164	([350, 336], [350, 349, 336])
1	0.5969543807852485	0.672543427917385	([175, 39], [175, 172, 30])
1	0.6674520934916407	0.6738285088085185	([332, 292], [333, 332, 292])
1	0.6659643805544546	0.6741068073718917	([389, 354], [389, 373, 354])
1	0.5953838095706442	0.6742679735196361	([168, 27], [168, 158, 27])
1	0.6530810938282386	0.6754831943430126	([120, 91], [127, 120, 119])
1	0.6539271239102517	0.6783529295082806	([141, 94], [141, 117, 94])
1	0.644994460970108	0.6787916625905259	([81, 16], [81, 31, 16])
1	0.6723824576337558	0.6804730645269207	([53, 21], [53, 45, 21])
1	0.6022372450020762	0.6823589272144538	([143, 107], [143, 136, 123])
1	0.6719012700570286	0.6833968452689492	([355, 146], [355, 350, 146])
1	0.6448560197198235	0.6839131072249782	([134, 81], [140, 134, 125])
1	0.6576331430285146	0.6839919892098375	([168, 21], [168, 26, 21])
1	0.6550511778750032	0.6840626189630573	([147, 95], [147, 118, 95])
1	0.6661508958899063	0.6840777200072332	([354, 337], [354, 351, 337])
1	0.6758502989472757	0.6844336671040987	([393, 371], [393, 386, 377])
1	0.6843759899022684	0.685357696585174	([171, 150], [171, 158, 154])
1	0.6733425575938444	0.6856920781752388	([147, 46], [147, 59, 56])
1	0.6858374106532917	0.6859064698105505	([75, 19], [76, 75, 19])
1	0.6816901530167798	0.6860164658318042	([57, 13], [57, 44, 22])
1	0.6825672724241525	0.6862360035726809	([291, 147], [291, 284, 282])
1	0.6736952773660535	0.6863155033203363	([93, 16], [93, 75, 16])
1	0.6858421364071404	0.686405469112838	([271, 249], [271, 270, 249])
1	0.624655435887176	0.6874520945252627	([76, 37], [76, 66, 50])
1	0.6745070050798295	0.6882800310010868	([155, 76], [155, 147, 144])
1	0.6754824556506809	0.6885464722573602	([92, 14], [92, 14, 6])
1	0.6793641184114951	0.6903161268232878	([84, 65], [84, 79, 65])
1	0.6873604544213487	0.6905046548498304	([146, 106], [146, 140, 117])
1	0.6750126270587832	0.6907849864566181	([74, 10], [92, 74, 5])
1	0.6311041073804632	0.6921678897829243	([148, 76], [148, 146, 74])
1	0.6446296018390095	0.6931853013311758	([234, 160], [234, 177, 175])
1	0.6453222465511346	0.6934349382230321	([160, 149], [160, 158, 149])
1	0.6698320372386939	0.6940091044183323	([92, 6], [75, 22, 16])
1	0.6919492185527676	0.6940621742583267	([284, 251], [284, 266, 265])
1	0.671599127649891	0.6950471379477131	([93, 26], [93, 26, 23])
1	0.6509251083465727	0.6954320326329466	([109, 59], [109, 94, 59])
1	0.6144028760884049	0.6956907674026068	([177, 160], [177, 172, 159])
1	0.6910878850436054	0.6962514120315461	([74, 24], [76, 74, 24])
1	0.6478989860896041	0.6969986985627714	([333, 286], [332, 313, 308])
1	0.6976303685731758	0.6976754697740595	([339, 147], [339, 289, 147])
1	0.6911284472260142	0.6978759148001316	([124, 83], [124, 115, 83])
1	0.6861858446518473	0.6979886589591635	([405, 356], [405, 375, 373])
1	0.6974242828990801	0.6979886589591635	([424, 375], [424, 405, 375])
1	0.5578407068978004	0.6982712534147594	([147, 74], [147, 95, 79])
1	0.6562243271429437	0.6982818955456458	([156, 43], [158, 156, 34])
1	0.6869507996883883	0.6986490753246944	([441, 147], [441, 432, 147])
1	0.6501066634021931	0.6996143303014963	([164, 130], [164, 130, 116])
1	0.6835128830351187	0.7000580851064712	([388, 171], [388, 382, 171])
1	0.6923323157330296	0.7018907640158041	([350, 286], [347, 335, 333])
1	0.6584795789622876	0.7020556389749226	([154, 26], [154, 153, 25])
1	0.6994511251929086	0.7032138222364805	([88, 62], [88, 78, 68])
1	0.6143903364701755	0.704103623164629	([153, 92], [154, 148, 74])
1	0.6489957191911311	0.7042568358288649	([155, 25], [155, 76, 45])
1	0.642213919339435	0.7044116731234679	([82, 29], [82, 76, 24])
1	0.580008978655028	0.7048343362161098	([164, 31], [156, 153, 25])
1	0.665397658610936	0.7055661752571154	([143, 97], [143, 137, 103])
1	0.7000961854364858	0.7057785161136598	([268, 237], [268, 251, 237])
1	0.6994597481473993	0.7058997188186908	([73, 21], [73, 57, 21])
1	0.6850125277514191	0.7068515829621991	([396, 369], [396, 385, 382])
1	0.703891076122207	0.7074828680316048	([339, 76], [450, 447, 76])
1	0.6504403632171054	0.7076122477573286	([282, 147], [283, 250, 249])
1	0.6849208402817571	0.7084496527372085	([112, 13], [112, 93, 16])
1	0.700329340411941	0.7085662284157727	([52, 19], [56, 52, 19])
1	0.6787107179738863	0.7097234048469118	([354, 145], [354, 172, 145])
1	0.7004837624267505	0.7111922233301439	([332, 252], [332, 283, 252])
1	0.6748589417204859	0.7116829736920369	([355, 158], [355, 158, 152])
1	0.6992472454962955	0.7131488766892896	([403, 362], [403, 377, 361])
1	0.711383718581211	0.7131488766892896	([398, 361], [403, 398, 361])
1	0.664131751390917	0.7136057215848178	([286, 81], [286, 269, 266])
1	0.6410648205676355	0.7143082906899481	([92, 50], [92, 74, 50])
1	0.703641242641013	0.7146940215438781	([419, 374], [419, 391, 389])
1	0.6939996582748752	0.7151271498951498	([420, 332], [420, 407, 332])
1	0.6863278523995991	0.7157700640935248	([377, 147], [377, 359, 358])
1	0.7090879225960993	0.7157700640935248	([420, 359], [420, 377, 359])
1	0.7008837824177458	0.7163614576808668	([449, 1], [450, 449, 0])
1	0.5877770526799927	0.7163614576808668	([450, 0], [451, 449, 0])
1	0.713189638725385	0.7164540388074228	([288, 253], [288, 283, 253])
1	0.6995593948884378	0.7166995496163177	([138, 61], [147, 138, 59])
1	0.6925769671826268	0.7170175293436031	([82, 0], [82, 24, 0])
1	0.7064256345512216	0.7170237467387528	([131, 101], [134, 131, 101])
1	0.7060904628684568	0.7177077893740912	([234, 154], [234, 232, 157])
1	0.6767682275630131	0.7184379953563405	([141, 64], [141, 77, 64])
1	0.6453716192190191	0.7189465182454167	([168, 97], [168, 118, 97])
1	0.6443730375998328	0.71983637050986	([141, 75], [153, 141, 75])
1	0.6897006674324412	0.7198708520478887	([282, 160], [335, 287, 282])
1	0.7191808754353288	0.7212208506332617	([73, 1], [93, 73, 6])
1	0.7027815288647589	0.7216988351615643	([146, 58], [146, 74, 70])
1	0.6928724869152609	0.7218323990433088	([236, 156], [236, 234, 156])
1	0.7181908356454487	0.7218576338368621	([358, 287], [358, 340, 333])
1	0.7059491039674347	0.7220239378464153	([141, 23], [153, 141, 23])
1	0.7162491589602205	0.7220666613813731	([295, 273], [295, 286, 278])
1	0.6616689479413187	0.7221691756442847	([160, 13], [160, 156, 13])
1	0.7045986954491622	0.7224557531739594	([309, 268], [309, 288, 282])
1	0.6815090690918102	0.7224676560885618	([158, 125], [158, 139, 125])
1	0.7079313973680457	0.7224676560885618	([157, 139], [158, 157, 139])
1	0.6925733067002673	0.7225715183264778	([353, 143], [353, 335, 287])
1	0.6853988145532136	0.724066508500069	([107, 44], [107, 74, 44])
1	0.7195450960267553	0.7245109234277352	([289, 172], [354, 337, 289])
1	0.6883874513386747	0.7251783172538199	([143, 20], [152, 143, 20])
1	0.7184020559801176	0.7257825110856982	([235, 152], [235, 160, 156])
1	0.6625123769195692	0.7259774581469222	([172, 109], [172, 157, 145])
1	0.7233421536109665	0.7260637530815278	([358, 174], [381, 374, 174])
1	0.664843253652769	0.7261020790237547	([147, 12], [150, 146, 9])
1	0.7012056161180288	0.7261677815308019	([376, 286], [376, 359, 356])
1	0.7040495434768902	0.7262428300806305	([154, 59], [154, 143, 59])
1	0.6748150272059246	0.7263281127298468	([152, 16], [152, 79, 23])
1	0.6871217195152958	0.7266581011556899	([269, 236], [269, 260, 236])
1	0.6495964677084104	0.7266982646210712	([147, 0], [147, 17, 0])
1	0.707708201629457	0.7277503928204585	([375, 292], [375, 359, 336])
1	0.7066250464706447	0.7279309564727271	([360, 332], [360, 358, 332])
1	0.609442872389446	0.7280479892416462	([136, 92], [128, 118, 114])
1	0.6994002374151226	0.7291427036327911	([387, 318], [407, 392, 332])
1	0.6936034575889347	0.729265613370976	([140, 73], [146, 140, 73])
1	0.7277465468067205	0.7293195815454201	([139, 22], [154, 140, 139])
1	0.6863574733954426	0.7297511752406337	([139, 82], [139, 93, 78])
1	0.6317578743785293	0.7297709849572745	([153, 81], [153, 81, 14])
1	0.7174601048416894	0.7297709849572745	([149, 14], [153, 149, 14])
1	0.6517717313926782	0.7302729058911949	([91, 11], [91, 54, 11])
1	0.6080609396747634	0.7302865941694854	([81, 31], [81, 78, 21])
1	0.6949325690387048	0.7310810717279397	([425, 335], [425, 405, 333])
1	0.6914570020144449	0.7313957656490699	([407, 331], [420, 375, 333])
1	0.7233282547212075	0.7323758210407043	([106, 15], [106, 73, 15])
1	0.6945335005046177	0.7325919802361528	([148, 21], [148, 74, 24])
1	0.7200662432907569	0.7325919802361528	([137, 24], [148, 137, 24])
1	0.721714869188613	0.7328503258464295	([140, 104], [140, 117, 104])
1	0.7271692457728751	0.7332775368016152	([107, 14], [107, 72, 14])
1	0.7088725275103976	0.7332834608133871	([450, 336], [450, 425, 337])
1	0.668243386699947	0.7335204212046682	([83, 25], [83, 51, 48])
1	0.6991667957874995	0.7335264528096113	([447, 339], [339, 147, 74])
1	0.692147304344292	0.7335437407132062	([171, 114], [172, 171, 114])
1	0.626854982479422	0.7335968303210942	([127, 91], [120, 111, 91])
1	0.6992604961540969	0.7336127874514219	([104, 62], [104, 102, 62])
1	0.7165195712748852	0.7344844592008836	([154, 1], [154, 22, 12])
1	0.7166956685365193	0.7346412711060026	([450, 372], [450, 425, 372])
1	0.7303518036480854	0.7348066295467439	([433, 364], [433, 431, 365])
1	0.6601757471919855	0.734898183513518	([160, 42], [177, 160, 42])
1	0.7222329193146702	0.7353250591273024	([422, 354], [422, 412, 401])
1	0.7184779585686762	0.7357726876553637	([239, 143], [274, 248, 239])
1	0.726508476997945	0.7357898963709752	([140, 89], [140, 136, 89])
1	0.6728768603623092	0.7358152390598056	([143, 49], [143, 49, 45])
1	0.7340455201335552	0.7360273509095939	([302, 271], [302, 293, 280])
1	0.7361295948160309	0.736136170253952	([438, 352], [438, 423, 354])
1	0.7259384894813066	0.736136170253952	([442, 354], [442, 438, 354])
1	0.7236443794681912	0.7365349740293646	([338, 248], [354, 350, 248])
1	0.678128218435584	0.7367578780620524	([274, 143], [287, 277, 143])
1	0.6786847823649862	0.7369501811273441	([234, 82], [234, 82, 24])
1	0.7157577519741738	0.7375766266088871	([443, 334], [443, 429, 339])
1	0.7160372712965981	0.7385176208090236	([450, 355], [450, 448, 355])
1	0.6706618927070136	0.7385431818692845	([335, 160], [282, 250, 234])
1	0.7051773044794045	0.7385944167423151	([412, 354], [412, 408, 354])
1	0.7381518576622346	0.7386707832872919	([448, 3], [449, 448, 1])
1	0.7051361419416818	0.7387004659820919	([427, 341], [427, 425, 335])
1	0.6906060867426703	0.7387115866811073	([143, 6], [143, 20, 14])
1	0.7137200371578659	0.7387515237307297	([355, 256], [355, 256, 253])
1	0.721145858983606	0.7388346539842574	([436, 282], [436, 430, 282])
1	0.7116593279444559	0.7389166323206007	([406, 355], [406, 396, 355])
1	0.7345648886997885	0.7393872569670465	([298, 262], [309, 298, 262])
1	0.7169504286223914	0.7396996920870661	([422, 336], [425, 422, 336])
1	0.685223726047946	0.739740413246493	([296, 76], [296, 289, 274])
1	0.7350675300574852	0.7399324512060059	([383, 181], [384, 383, 181])
1	0.7381871518815452	0.7399325607695793	([298, 242], [298, 289, 242])
1	0.7365685464268407	0.7399325607695793	([336, 242], [336, 289, 242])
1	0.7315608123731705	0.7401945053772513	([326, 270], [326, 292, 291])
1	0.7360367132264538	0.7401945053772513	([406, 326], [406, 326, 291])
1	0.6929776323468283	0.7401969754643439	([115, 62], [115, 104, 94])
1	0.7321438917351863	0.7407485326074211	([78, 4], [143, 78, 4])
1	0.7367480238825156	0.7408570517681864	([447, 418], [447, 433, 428])
1	0.7222669250569447	0.7414280808370404	([371, 297], [371, 332, 297])
1	0.7347784398093256	0.7419042892435647	([406, 291], [406, 375, 291])
1	0.7391469554830051	0.7419631047790226	([360, 284], [360, 333, 328])
1	0.6959964280538673	0.7420103735572477	([355, 237], [358, 355, 332])
1	0.623994188994816	0.7420868903527256	([365, 283], [365, 358, 332])
1	0.7401677589998008	0.742376434432011	([421, 345], [421, 345, 333])
1	0.7412494462988134	0.7424519568212323	([156, 88], [156, 140, 88])
1	0.6347654674778302	0.7426996008462315	([168, 71], [168, 97, 71])
1	0.7094514458174709	0.7430155192658869	([439, 350], [439, 419, 350])
1	0.742924041077179	0.7434029282237903	([136, 47], [136, 60, 54])
1	0.7169254697330787	0.7439196732052105	([355, 315], [355, 332, 327])
1	0.6998670074151925	0.7445599015595861	([377, 82], [374, 359, 234])
1	0.7395017942190207	0.7446487074470479	([136, 60], [140, 136, 60])
1	0.6441814626705813	0.7447030829481784	([432, 365], [431, 425, 335])
1	0.6446433512723493	0.7451612037940802	([249, 147], [428, 421, 334])
1	0.7313591147706624	0.7457719415315538	([381, 30], [381, 231, 174])
1	0.7414370332230029	0.7457951370837266	([98, 45], [98, 90, 45])
1	0.6060213725139748	0.7464233475065601	([450, 74], [241, 234, 153])
1	0.7440292612720639	0.7466286863381024	([127, 32], [232, 135, 127])
1	0.6815613240134695	0.7468252883883691	([353, 147], [377, 291, 290])
1	0.5495369378440713	0.7470049392217614	([177, 171], [450, 74, 2])
1	0.7412090863887535	0.7478052073956595	([429, 361], [429, 419, 374])
1	0.6670787203051902	0.7478745058416542	([354, 248], [350, 286, 248])
1	0.66326889106072	0.748010906596648	([354, 172], [289, 269, 172])
1	0.7336676492116233	0.748421417990468	([437, 287], [437, 428, 287])
1	0.6749276946536039	0.7486311301595201	([287, 143], [341, 287, 143])
1	0.7469753215503483	0.7488040435818403	([363, 300], [389, 363, 300])
1	0.7486123561903223	0.7488040435818403	([402, 300], [402, 389, 300])
1	0.6993533501919803	0.7497330411745731	([437, 343], [447, 437, 343])
1	0.7270524624700639	0.750421188729463	([363, 282], [373, 363, 282])
1	0.6595117227700646	0.7505160386586334	([350, 75], [450, 152, 1])
1	0.6813571858394786	0.750519479241461	([287, 92], [287, 274, 143])
1	0.6925983758518289	0.7506920975159611	([83, 7], [83, 17, 1])
1	0.7430155718972297	0.7508173062891162	([396, 295], [406, 396, 326])
1	0.7470254972542953	0.7508635916688449	([336, 141], [341, 336, 143])
1	0.7437079007125018	0.7509116574512017	([156, 102], [173, 156, 102])
1	0.7370268115596523	0.7510811240981319	([244, 83], [272, 244, 83])
1	0.7187633869331735	0.7513159391654036	([389, 312], [389, 354, 330])
1	0.6284090246991708	0.7516227505771065	([91, 53], [91, 86, 11])
1	0.7093487763781386	0.7516548395648189	([381, 174], [374, 234, 181])
1	0.7243122745663158	0.7516548395648189	([384, 177], [383, 374, 181])
1	0.7051847897484343	0.7517691096981975	([231, 102], [156, 102, 99])
1	0.7467731366536621	0.7517691096981975	([158, 99], [158, 156, 99])
1	0.7279047696328246	0.7519542664581637	([395, 329], [408, 395, 329])
1	0.7285065479875955	0.7521069628932475	([370, 294], [370, 363, 300])
1	0.7064690496654507	0.7521564507838705	([424, 76], [450, 424, 418])
1	0.7372496291013361	0.7521909535795286	([326, 242], [326, 294, 242])
1	0.7012164849750566	0.7523342901164085	([306, 260], [308, 285, 278])
1	0.7301142776923711	0.7524172976113433	([437, 357], [437, 429, 357])
1	0.7513036780593467	0.7528305392587523	([362, 278], [362, 317, 295])
1	0.7238104662856633	0.753285887021683	([427, 145], [427, 341, 143])
1	0.7514593999417443	0.7533633717802792	([404, 315], [415, 384, 315])
1	0.725153657422508	0.7535277548938858	([398, 320], [390, 359, 332])
1	0.7523207842257887	0.7536363092283952	([325, 258], [325, 297, 291])
1	0.7499272502281565	0.7540182821161183	([362, 317], [365, 362, 278])
1	0.7283040028807659	0.7541723222562079	([289, 156], [289, 249, 143])
1	0.7415047453536129	0.7545058298848064	([173, 115], [173, 156, 115])
1	0.7258463852719935	0.7545154910392436	([244, 146], [244, 243, 139])
1	0.7206448363459986	0.7548215828332804	([402, 321], [402, 321, 319])
1	0.7316427185415972	0.7548215828332804	([397, 319], [402, 397, 319])
1	0.7441283872410036	0.7550601531292259	([318, 234], [318, 296, 234])
1	0.7229062732293585	0.7555326944095689	([350, 273], [350, 293, 273])
1	0.7480716187583166	0.7559789552441075	([100, 37], [100, 87, 37])
1	0.7396318275825161	0.7569904132724139	([135, 50], [135, 78, 70])
1	0.6974980229173732	0.7574931580111418	([270, 146], [270, 246, 241])
1	0.7559203467199649	0.7576304665911676	([399, 297], [403, 399, 317])
1	0.7491929142509878	0.757651763413912	([340, 20], [340, 150, 20])
1	0.7403886485476482	0.7580297072732034	([393, 278], [403, 393, 278])
1	0.7308288284274536	0.7584663543809048	([242, 45], [242, 234, 45])
1	0.6890001795753945	0.7589701023806693	([244, 107], [244, 139, 107])
1	0.7361255492678794	0.7591705322978087	([382, 307], [402, 382, 307])
1	0.7554544212048697	0.7596680803449055	([350, 130], [350, 130, 114])
1	0.7512876850568498	0.7599283447556457	([292, 107], [292, 277, 143])
1	0.7501581537873367	0.7599818283613193	([409, 143], [409, 376, 329])
1	0.7392193490660094	0.7613035941127858	([368, 281], [373, 368, 281])
1	0.6374432798607005	0.7616323606994473	([269, 91], [269, 248, 172])
1	0.755702283764954	0.7616427062202427	([259, 130], [350, 259, 248])
1	0.7416819934158381	0.7616484247792654	([337, 235], [337, 252, 235])
1	0.7557133487503013	0.7617800488965962	([379, 313], [403, 379, 313])
1	0.7227967417137952	0.7617800488965962	([417, 313], [417, 403, 313])
1	0.7527387663735174	0.7620362375421581	([319, 257], [319, 302, 257])
1	0.7505584929170205	0.7620764422735823	([301, 240], [371, 301, 292])
1	0.7493972730595423	0.7620764422735823	([366, 301], [371, 366, 301])
1	0.7584688883980427	0.7623139269998569	([295, 243], [295, 273, 269])
1	0.7619401111257279	0.7623637648284833	([276, 136], [276, 241, 136])
1	0.761174165962489	0.7632350223048928	([443, 144], [443, 144, 73])
1	0.6699541174926309	0.7634278739499226	([274, 92], [287, 111, 72])
1	0.6573352898415112	0.7634498649179005	([382, 168], [380, 361, 360])
1	0.7551353721728147	0.7641500156802974	([171, 133], [171, 135, 133])
1	0.728068405726207	0.7641500156802974	([232, 135], [232, 171, 135])
1	0.591681294088563	0.7642100260841885	([168, 142], [168, 140, 26])
1	0.7637509618150536	0.7653573892136029	([340, 94], [340, 150, 94])
1	0.7586875214094527	0.7657698120401747	([179, 72], [179, 171, 72])
1	0.5926699280902452	0.7661992550191031	([148, 91], [149, 91, 11])
1	0.7544150407299618	0.7662439195443661	([241, 105], [354, 241, 236])
1	0.7041145300371884	0.7664290784256013	([304, 175], [304, 291, 236])
1	0.6487845321171193	0.7666001463855278	([164, 116], [164, 155, 130])
1	0.7667873720937493	0.7668296062585884	([350, 53], [350, 74, 67])
1	0.6991133529272116	0.7670547952787671	([314, 171], [314, 305, 171])
1	0.6216553141104944	0.7671179632000471	([92, 40], [92, 50, 40])
1	0.7553521135225982	0.7671986975752294	([438, 284], [438, 428, 286])
1	0.7612178670212297	0.7674631612386617	([242, 148], [242, 174, 148])
1	0.6979514651173824	0.7674631612386617	([294, 174], [294, 242, 174])
1	0.7456106426596795	0.7676486606586356	([391, 323], [390, 383, 324])
1	0.6922264003508951	0.7678766590389765	([354, 59], [354, 105, 77])
1	0.7457186865300365	0.7682699736983601	([131, 27], [120, 76, 67])
1	0.7008449890972616	0.7692884573801437	([278, 82], [278, 251, 241])
1	0.7697427382487319	0.7699456925720581	([354, 279], [354, 312, 293])
1	0.7662385892724797	0.7700518825776947	([117, 7], [117, 24, 15])
1	0.6946436162495095	0.7703767625804258	([323, 76], [323, 296, 293])
1	0.749579044341613	0.7710981942183976	([371, 240], [371, 286, 248])
1	0.761365659509621	0.7716966117334194	([314, 264], [322, 300, 279])
1	0.5849862980684969	0.7717103605748533	([248, 91], [248, 172, 149])
1	0.7658865019199103	0.7717103605748533	([338, 149], [338, 248, 149])
1	0.7512982704022257	0.7726782038604126	([412, 175], [412, 392, 360])
1	0.7725349798753289	0.7728008000823726	([265, 120], [265, 234, 120])
1	0.7471323286534366	0.7728902714831994	([304, 265], [317, 304, 265])
1	0.7496017021752462	0.7729663992827807	([426, 265], [426, 289, 286])
1	0.7712068026790827	0.7731950019450337	([278, 103], [278, 253, 112])
1	0.5305615684630439	0.7733424464051014	([191, 42], [231, 191, 42])
1	0.7428206764869384	0.7738926820552422	([416, 325], [416, 363, 325])
1	0.7573591596766491	0.773997377867649	([116, 33], [116, 100, 33])
1	0.494959721407799	0.7740237859206917	([93, 90], [179, 165, 157])
1	0.769858948171373	0.7744749584543041	([327, 109], [327, 254, 249])
1	0.7468515909329563	0.7744791675577407	([242, 96], [242, 148, 74])
1	0.728258744608696	0.7744791675577407	([251, 74], [251, 242, 74])
1	0.7586505645875244	0.7745102244584195	([401, 273], [401, 312, 295])
1	0.7522207703816309	0.7745952976162406	([383, 158], [383, 378, 158])
1	0.7629771293182475	0.7746711897912345	([386, 280], [386, 362, 357])
1	0.7692390104679397	0.7752877210684276	([356, 171], [388, 356, 332])
1	0.6981071290029672	0.7753925188929739	([254, 112], [250, 152, 141])
1	0.757785830112706	0.7755844091952734	([251, 145], [251, 232, 145])
1	0.7760506392660684	0.7760996646139937	([266, 102], [266, 257, 102])
1	0.7570984911904972	0.7765195560046754	([395, 271], [395, 392, 275])
1	0.7337643051193838	0.7774914783672809	([172, 85], [172, 145, 85])
1	0.7723346723238524	0.77786223770529	([255, 144], [255, 241, 144])
1	0.766072114434162	0.7782653119539663	([339, 237], [339, 329, 237])
1	0.756393866828678	0.7786111955217172	([267, 109], [249, 234, 109])
1	0.7319181009370723	0.7789480431668262	([375, 93], [375, 282, 250])
1	0.7559705946286018	0.779475990681618	([432, 102], [432, 356, 102])
1	0.7763477743544	0.7794906625810004	([427, 273], [427, 288, 273])
1	0.7775913879502577	0.7797102695051309	([448, 155], [448, 155, 13])
1	0.7658294519617062	0.7799956335997859	([250, 70], [250, 112, 94])
1	0.7798456689281869	0.7799956335997859	([265, 94], [265, 250, 94])
1	0.7109000151325493	0.7802934977437879	([373, 76], [424, 373, 289])
1	0.7417332124120256	0.7806796391321389	([306, 239], [306, 282, 259])
1	0.6433728655569445	0.7807820926243111	([276, 164], [276, 251, 232])
1	0.7326616198566194	0.7810922701398897	([86, 35], [102, 86, 35])
1	0.6946672261951262	0.7814811534629691	([399, 76], [399, 373, 361])
1	0.7532236472854711	0.7815094751723058	([130, 39], [130, 126, 39])
1	0.6531430147434831	0.7816014670690985	([249, 168], [249, 243, 171])
1	0.7000898025025234	0.7816282260493594	([175, 87], [175, 173, 87])
1	0.7661402766770345	0.7818264263261961	([333, 106], [333, 282, 106])
1	0.7564572164839747	0.7818264263261961	([282, 90], [350, 282, 106])
1	0.7740109482776544	0.7820069559982041	([284, 134], [284, 278, 134])
1	0.692207961042938	0.7824875364710494	([355, 102], [355, 158, 88])
1	0.6812014674022446	0.78273194599153	([314, 147], [314, 283, 261])
1	0.7515200304262425	0.7829995136175628	([240, 118], [240, 118, 102])
1	0.7772240698855781	0.783161737490484	([405, 244], [405, 268, 244])
1	0.7552600807831343	0.7834185272723616	([237, 47], [237, 172, 20])
1	0.753424923296183	0.7834454603643728	([335, 144], [336, 335, 144])
1	0.7631425769145006	0.7840029504795671	([152, 36], [158, 152, 36])
1	0.7683217023398184	0.7844175767386194	([288, 152], [288, 250, 247])
1	0.7774336381177324	0.7845913747172022	([334, 110], [334, 292, 107])
1	0.6775416015986995	0.7846847600886965	([168, 7], [168, 33, 7])
1	0.7405486135337542	0.784700740299455	([279, 173], [279, 268, 173])
1	0.781781426625312	0.7854142931529448	([291, 73], [375, 291, 73])
1	0.7758042575861744	0.7858584548581853	([279, 60], [279, 236, 235])
1	0.4996542148372772	0.7859161331059022	([171, 170], [188, 178, 170])
1	0.7747363974360301	0.7865162622944218	([436, 107], [436, 376, 107])
1	0.7606886951662669	0.7882544479949266	([248, 125], [266, 248, 110])
1	0.7792654791146646	0.7883646784659895	([354, 11], [354, 24, 11])
1	0.7833005281976912	0.7885171012554798	([253, 44], [253, 112, 44])
1	0.7495671854069479	0.7887757127057492	([298, 127], [262, 240, 127])
1	0.7870239478534382	0.7888892978073461	([265, 65], [355, 265, 65])
1	0.6770707245033024	0.7892989164150629	([274, 76], [424, 289, 284])
1	0.7786858625532919	0.7896147844828929	([347, 153], [347, 153, 75])
1	0.7211074709488602	0.7899029620942354	([450, 247], [450, 247, 152])
1	0.777953943057243	0.7913069924409322	([261, 93], [293, 275, 93])
1	0.654167527060686	0.7913822550577334	([160, 84], [160, 156, 84])
1	0.785694846263175	0.7914473629417985	([435, 55], [435, 422, 74])
1	0.791603391756361	0.7916067573258612	([320, 74], [320, 297, 289])
1	0.7648309205020837	0.7916149974411093	([441, 16], [441, 146, 73])
1	0.787347479222114	0.791778861867806	([433, 136], [433, 356, 112])
1	0.7907181844229155	0.7920240408559697	([284, 22], [284, 234, 175])
1	0.7634760646491432	0.7920240408559697	([284, 175], [284, 237, 234])
1	0.7770931244115664	0.7920382613299328	([267, 61], [267, 109, 61])
1	0.7776467843933127	0.7923543162546075	([253, 129], [253, 140, 112])
1	0.7761209802880747	0.7940660893132258	([247, 85], [247, 85, 79])
1	0.7809852023166696	0.7942316237043121	([252, 53], [252, 150, 74])
1	0.7788366202809799	0.7950211505816642	([433, 174], [433, 381, 364])
1	0.7884543795694867	0.7952936160808645	([281, 133], [298, 281, 242])
1	0.7877143550532785	0.7954840474702715	([441, 232], [441, 405, 268])
1	0.7850791348828273	0.7957168228609738	([440, 8], [443, 440, 8])
1	0.7925224148767728	0.7959875219444373	([396, 272], [396, 368, 272])
1	0.7840002841272818	0.7960955057511064	([341, 15], [341, 143, 6])
1	0.7951997617109197	0.796129894494075	([446, 25], [446, 144, 2])
1	0.7472404531508579	0.7961625489704748	([349, 138], [349, 283, 138])
1	0.7948596179754441	0.7962243845267987	([281, 104], [281, 133, 123])
1	0.7469326078043639	0.7962983526012313	([293, 93], [375, 346, 93])
1	0.791422870383746	0.7964114505649265	([399, 239], [399, 323, 239])
1	0.5981468316224072	0.7968509689005248	([333, 161], [333, 234, 159])
1	0.7884212402837576	0.7971581912035716	([351, 109], [351, 109, 86])
1	0.7900243736256893	0.7975450901972649	([416, 93], [416, 405, 93])
1	0.7920343597733004	0.7978722796061712	([291, 34], [291, 73, 25])
1	0.789222604776859	0.7985142016461195	([386, 145], [386, 360, 145])
1	0.7770131505428606	0.7990155728952552	([385, 33], [385, 381, 173])
1	0.6681770869395707	0.7993303927980142	([410, 168], [410, 382, 308])
1	0.7977449217583694	0.7995097486324618	([181, 129], [181, 159, 138])
1	0.7929962963801692	0.7998070616675511	([341, 54], [341, 250, 54])
1	0.786914292261677	0.7999916783476859	([445, 80], [445, 80, 13])
1	0.7840916299860539	0.7999916783476859	([445, 4], [445, 439, 13])
1	0.8004052492015737	0.8004530209379523	([342, 59], [342, 297, 74])
1	0.7979782123916634	0.8012246940808005	([329, 126], [329, 266, 248])
1	0.6458516856995781	0.8021090491981661	([269, 81], [286, 106, 77])
1	0.7415996691817526	0.8025458398439328	([362, 83], [362, 243, 83])
1	0.7925814436994044	0.8026232144337334	([331, 120], [331, 323, 102])
1	0.7465232269820767	0.8026232144337334	([411, 102], [355, 331, 102])
1	0.7928145504293732	0.8031654655865221	([248, 48], [248, 110, 48])
1	0.8035161221542244	0.8045997748595198	([246, 49], [246, 119, 109])
1	0.7932389336161687	0.805784343033869	([359, 57], [334, 107, 74])
1	0.8024481581724833	0.8063829138234998	([428, 14], [439, 428, 14])
1	0.8044432175061599	0.8064466977918026	([316, 181], [323, 316, 181])
1	0.8063281401084562	0.8068042420451064	([430, 9], [449, 430, 9])
1	0.8051245934048105	0.8069530496787706	([445, 239], [445, 286, 285])
1	0.8038601933311534	0.8078389110145334	([342, 103], [342, 137, 103])
1	0.6386724800712481	0.8089703820840768	([326, 91], [326, 248, 234])
1	0.806984020313226	0.8096798895470683	([414, 73], [414, 280, 73])
1	0.7163153075098401	0.8102838351975021	([430, 82], [426, 377, 282])
1	0.7851755152455613	0.8105272350420517	([368, 99], [368, 260, 172])
1	0.8052765626670219	0.8112724157617298	([435, 134], [435, 284, 281])
1	0.6912723416926109	0.8118131787809757	([403, 160], [403, 335, 283])
1	0.8110887978218432	0.8126668629394389	([429, 12], [448, 429, 12])
1	0.774213236773874	0.8135059090356265	([439, 90], [439, 90, 8])
1	0.7717925425201458	0.8150321374286738	([268, 46], [268, 83, 46])
1	0.779603841632787	0.8154184955120866	([373, 51], [348, 146, 79])
1	0.5092382927696267	0.8160728084048718	([169, 28], [170, 169, 28])
1	0.8130115546554528	0.8163699025042956	([316, 42], [316, 181, 175])
1	0.8057169185020908	0.8170377780337282	([361, 124], [361, 265, 116])
1	0.8080871371347009	0.8175639568665826	([315, 117], [315, 237, 117])
1	0.7953732627529108	0.819590747299198	([434, 63], [434, 266, 172])
1	0.6324730932370459	0.8213991188730733	([248, 164], [251, 164, 116])
1	0.49351883576007577	0.8216034183455458	([231, 191], [191, 181, 172])
1	0.808103522336211	0.8216767009156813	([368, 119], [372, 368, 119])
1	0.7867068418673929	0.8265763111568801	([321, 90], [321, 241, 134])
1	0.8149432657499172	0.8265930721399684	([436, 177], [436, 381, 331])
1	0.8112164214448877	0.8267513549018449	([380, 125], [380, 158, 125])
1	0.81206969539344	0.8287933706476256	([390, 49], [407, 390, 49])
1	0.8309092004719507	0.8315807135821291	([305, 65], [319, 305, 65])
1	0.4860866327545403	0.8346245010681114	([451, 449], [163, 159, 36])
1	0.8328315126443768	0.8374080883393916	([409, 38], [409, 244, 38])
1	0.6520891457862319	0.8381742523404181	([364, 91], [364, 326, 263])
1	0.5250759864980646	0.838842322484253	([188, 40], [188, 178, 40])
1	0.4790594434591881	0.8417970186511051	([188, 170], [170, 165, 157])
1	0.8308939316629895	0.8418102682773964	([383, 132], [389, 383, 132])
1	0.5027975230494324	0.8444781856339743	([169, 104], [169, 104, 28])
1	0.844304110861456	0.8466639734451685	([391, 16], [391, 241, 232])
1	0.683571612599114	0.8686646448870716	([304, 160], [304, 244, 172])
1	0.6414554397462584	0.8704928002827713	([180, 164], [180, 164, 30])
1	0.49925209881017085	0.8834846143524746	([169, 155], [169, 155, 105])
1	0.59783517027036	0.8907758677360476	([183, 179], [185, 183, 38])
1	0.5064112988974053	0.8918984419235966	([162, 35], [170, 162, 35])
1	0.5266459488653992	0.9066028245057144	([238, 162], [237, 162, 35])
1	0.4758015086039797	0.9073972643445198	([186, 108], [186, 151, 108])
1	0.5719613769467153	0.9097948990565733	([180, 161], [180, 161, 160])
1	0.4940436094856798	0.915931820134477	([245, 189], [245, 189, 180])
1	0.6027971777041262	0.9185362833491512	([185, 180], [185, 180, 179])
1	0.49059216842798364	0.921351708018218	([188, 142], [188, 170, 142])
1	0.5154707392591393	0.924743620688001	([451, 299], [451, 448, 300])
0	0.0	0.9635269954252021	([28], [234, 233])
0	0.0	0.9638967311568549	([176], [176, 175])
0	0.0	1.0	([167], [167, 0])
0	0.0	1.0	([184], [184, 0])
0	0.0	1.0	([190], [190, 0])
0	0.0	1.0	([192], [192, 0])
0	0.0	1.0	([193], [193, 0])
0	0.0	1.0	([194], [194, 0])
0	0.0	1.0	([195], [195, 0])
0	0.0	1.0	([196], [196, 0])
0	0.0	1.0	([197], [197, 0])
0	0.0	1.0	([198], [198, 0])
0	0.0	1.0	([199], [199, 0])
0	0.0	1.0	([200], [200, 0])
0	0.0	1.0	([201], [201, 0])
0	0.0	1.0	([202], [202, 0])
0	0.0	1.0	([203], [203, 0])
0	0.0	1.0	([204], [204, 0])
0	0.0	1.0	([205], [205, 0])
0	0.0	1.0	([206], [206, 0])
0	0.0	1.0	([207], [207, 0])
0	0.0	1.0	([208], [208, 0])
0	0.0	1.0	([209], [209, 0])
0	0.0	1.0	([210], [210, 0])
0	0.0	1.0	([211], [211, 0])
0	0.0	1.0	([212], [212, 0])
0	0.0	1.0	([213], [213, 0])
0	0.0	1.0	([214], [214, 0])
0	0.0	1.0	([215], [215, 0])
0	0.0	1.0	([216], [216, 0])
0	0.0	1.0	([217], [217, 0])
0	0.0	1.0	([218], [218, 0])
0	0.0	1.0	([219], [219, 0])
0	0.0	1.0	([220], [220, 0])
0	0.0	1.0	([221], [221, 0])
0	0.0	1.0	([222], [222, 0])
0	0.0	1.0	([223], [223, 0])
0	0.0	1.0	([224], [224, 0])
0	0.0	1.0	([225], [225, 0])
0	0.0	1.0	([226], [226, 0])
0	0.0	1.0	([227], [227, 0])
0	0.0	1.0	([228], [228, 0])
0	0.0	1.0	([229], [229, 0])
0	0.0	1.0	([230], [230, 0])
0	0.0	inf	([182], [])
