0	0.0	0.05101494087591432	([230], [230, 225])
0	0.0	0.20452755848807808	([722], [722, 721])
0	0.0	0.22223254212226531	([716], [716, 715])
0	0.0	0.2233332045690633	([32], [32, 31])
0	0.0	0.2235896548431	([708], [708, 707])
0	0.0	0.2272826005112556	([719], [719, 718])
0	0.0	0.22908475838837064	([664], [664, 663])
0	0.0	0.22914129133598032	([501], [501, 500])
0	0.0	0.23077850495138022	([623], [623, 622])
0	0.0	0.23250559070016913	([711], [711, 710])
0	0.0	0.23301040827529765	([617], [617, 616])
0	0.0	0.23326060296003048	([620], [620, 619])
0	0.0	0.23378415960527635	([717], [717, 716])
0	0.0	0.23427123491329335	([406], [406, 405])
0	0.0	0.23497882079779	([597], [597, 596])
0	0.0	0.23525568324537932	([718], [718, 717])
0	0.0	0.23561527952646188	([527], [527, 526])
0	0.0	0.23634213761621078	([3], [3, 2])
0	0.0	0.237282671878644	([504], [504, 503])
0	0.0	0.23813943621540967	([151], [151, 150])
0	0.0	0.2381551900869905	([479], [479, 478])
0	0.0	0.23976500730607272	([539], [539, 538])
0	0.0	0.23979635237119362	([144], [144, 143])
0	0.0	0.24000686954900927	([511], [511, 510])
0	0.0	0.24026377659769338	([699], [699, 698])
0	0.0	0.24100289327755509	([613], [613, 612])
0	0.0	0.24172446740971587	([156], [156, 155])
0	0.0	0.24261876194300952	([140], [140, 139])
0	0.0	0.24346478968741056	([330], [330, 329])
0	0.0	0.24370607448830067	([715], [715, 714])
0	0.0	0.24376146096575838	([488], [488, 487])
0	0.0	0.2437946808875834	([457], [457, 456])
0	0.0	0.24430268850795017	([208], [208, 207])
0	0.0	0.24485450184218943	([515], [515, 514])
0	0.0	0.24580179680773626	([154], [154, 153])
0	0.0	0.24584988460070736	([707], [707, 706])
0	0.0	0.24589490662480887	([724], [724, 723])
0	0.0	0.24647652697079478	([589], [589, 588])
0	0.0	0.24666040343102674	([366], [366, 365])
0	0.0	0.2471499460599156	([346], [346, 345])
0	0.0	0.24716421711123443	([401], [401, 400])
0	0.0	0.24754856514809073	([63], [63, 62])
0	0.0	0.2476872411407248	([133], [133, 132])
0	0.0	0.247707617150625	([657], [657, 656])
0	0.0	0.24776678993510443	([600], [600, 599])
0	0.0	0.24796273421391624	([453], [453, 452])
0	0.0	0.24820312699658764	([398], [398, 397])
0	0.0	0.24824834666221807	([477], [477, 476])
0	0.0	0.24871088272599656	([403], [403, 402])
0	0.0	0.24939739346218961	([354], [354, 353])
0	0.0	0.24960728605910062	([710], [710, 709])
0	0.0	0.249650030525039	([212], [212, 211])
0	0.0	0.24967053244400456	([161], [161, 160])
0	0.0	0.2498250227479083	([712], [712, 711])
0	0.0	0.25010827712546796	([508], [508, 507])
0	0.0	0.2504590811984422	([136], [136, 135])
0	0.0	0.250481391163281	([102], [102, 101])
0	0.0	0.25080186932643733	([723], [723, 722])
0	0.0	0.2509899638805656	([634], [634, 633])
0	0.0	0.2510610782923827	([333], [333, 332])
0	0.0	0.2510720387409509	([325], [325, 324])
0	0.0	0.2512187883042653	([599], [599, 598])
0	0.0	0.2516247158033099	([446], [446, 445])
0	0.0	0.25189842885227304	([370], [370, 369])
0	0.0	0.25230077522759603	([189], [189, 188])
0	0.0	0.25245142975056406	([450], [450, 449])
0	0.0	0.25283389806886725	([473], [473, 472])
0	0.0	0.2531959557725551	([288], [288, 287])
0	0.0	0.25323929106316745	([615], [615, 614])
0	0.0	0.2532605638271754	([585], [585, 584])
0	0.0	0.2535487925983215	([271], [271, 270])
0	0.0	0.25380396684239	([388], [388, 387])
0	0.0	0.2538100787913132	([393], [393, 392])
0	0.0	0.2540638834018918	([372], [372, 371])
0	0.0	0.25421035488680066	([525], [525, 524])
0	0.0	0.25421870745291647	([672], [672, 671])
0	0.0	0.2546978436880952	([557], [557, 556])
0	0.0	0.2553818094907905	([709], [709, 708])
0	0.0	0.25547123712287345	([334], [334, 333])
0	0.0	0.2555574247722159	([94], [94, 93])
0	0.0	0.2559554184620089	([139], [139, 138])
0	0.0	0.2560189981440926	([95], [95, 94])
0	0.0	0.25602264003064074	([396], [396, 395])
0	0.0	0.25605087390682574	([147], [147, 146])
0	0.0	0.25626594440784284	([209], [209, 208])
0	0.0	0.25646801758635096	([395], [395, 394])
0	0.0	0.25660894583228794	([661], [661, 660])
0	0.0	0.2566582004390307	([275], [275, 274])
0	0.0	0.25673336300825345	([631], [631, 630])
0	0.0	0.25677521934998715	([470], [470, 469])
0	0.0	0.2570963712595038	([282], [282, 281])
0	0.0	0.2574770207001504	([430], [430, 429])
0	0.0	0.2575101889842553	([704], [704, 703])
0	0.0	0.25779472156087496	([130], [130, 129])
0	0.0	0.2579441782098899	([611], [611, 610])
0	0.0	0.2581156831202918	([297], [297, 296])
0	0.0	0.25813888105398175	([497], [497, 496])
0	0.0	0.2581492818123259	([25], [25, 24])
0	0.0	0.2582964099581773	([300], [300, 299])
0	0.0	0.25835923319188253	([474], [474, 473])
0	0.0	0.2585761927986674	([522], [522, 521])
0	0.0	0.2586710298270562	([506], [506, 505])
0	0.0	0.25879833513652356	([536], [536, 535])
0	0.0	0.25893377390912364	([361], [361, 360])
0	0.0	0.25898100056057294	([349], [349, 348])
0	0.0	0.2592539527061216	([323], [323, 322])
0	0.0	0.25948461093905884	([336], [336, 335])
0	0.0	0.2595321634431875	([348], [348, 347])
0	0.0	0.2595793354764802	([555], [555, 554])
0	0.0	0.2598323519323149	([269], [269, 268])
0	0.0	0.26007745658380216	([609], [609, 608])
0	0.0	0.260321758461127	([531], [531, 530])
0	0.0	0.26034533558792256	([196], [196, 195])
0	0.0	0.2605172780762727	([455], [455, 454])
0	0.0	0.2606026514775162	([491], [491, 490])
0	0.0	0.2606059801434541	([283], [283, 282])
0	0.0	0.26063161649266975	([359], [359, 358])
0	0.0	0.26072377051311457	([535], [535, 534])
0	0.0	0.260743233123648	([703], [703, 702])
0	0.0	0.2609530160087924	([519], [519, 518])
0	0.0	0.2611344105343809	([379], [379, 378])
0	0.0	0.26133805651086733	([145], [145, 144])
0	0.0	0.26154263454404914	([503], [503, 502])
0	0.0	0.26157935817082234	([667], [667, 666])
0	0.0	0.26166666242484904	([596], [596, 595])
0	0.0	0.2618981739416893	([318], [318, 317])
0	0.0	0.26216404433093804	([560], [560, 559])
0	0.0	0.26218458744420614	([484], [484, 483])
0	0.0	0.2622243421812678	([552], [552, 551])
0	0.0	0.2622637292912613	([475], [475, 474])
0	0.0	0.2623126892826598	([493], [493, 492])
0	0.0	0.2625692821747839	([630], [630, 629])
0	0.0	0.2626156956003482	([263], [263, 262])
0	0.0	0.2626513978837774	([572], [572, 571])
0	0.0	0.2628661867850616	([279], [279, 278])
0	0.0	0.2629582479495267	([567], [567, 566])
0	0.0	0.26332320326625164	([627], [627, 626])
0	0.0	0.26333791408021745	([276], [276, 275])
0	0.0	0.2636491402676106	([319], [319, 318])
0	0.0	0.2636982392673209	([414], [414, 413])
0	0.0	0.26397434598260255	([113], [113, 112])
0	0.0	0.2643348149858204	([655], [655, 654])
0	0.0	0.264376161225183	([233], [233, 232])
0	0.0	0.26443223432346596	([486], [486, 485])
0	0.0	0.2644552747746398	([595], [595, 594])
0	0.0	0.26451541959372965	([197], [197, 196])
0	0.0	0.26457107440897504	([544], [544, 543])
0	0.0	0.26489575078042216	([410], [410, 409])
0	0.0	0.2650465011314315	([568], [568, 567])
0	0.0	0.2651298929329838	([545], [545, 544])
0	0.0	0.2652000111628731	([636], [636, 635])
0	0.0	0.2652024550434313	([142], [142, 141])
0	0.0	0.26544007493619026	([290], [290, 289])
0	0.0	0.26549166322915607	([434], [434, 433])
0	0.0	0.2655160945132208	([580], [580, 579])
0	0.0	0.2655867243370816	([619], [619, 618])
0	0.0	0.265788282945912	([574], [574, 573])
0	0.0	0.26592084892885787	([380], [380, 379])
0	0.0	0.26592328199810983	([464], [464, 463])
0	0.0	0.2660477469440519	([564], [564, 563])
0	0.0	0.26610766612667996	([298], [298, 297])
0	0.0	0.26647247520194767	([483], [483, 482])
0	0.0	0.26650809706193945	([495], [495, 494])
0	0.0	0.2666049002515585	([606], [606, 605])
0	0.0	0.2666636758501594	([356], [356, 355])
0	0.0	0.26677601412011015	([375], [375, 374])
0	0.0	0.26678611893267606	([351], [351, 350])
0	0.0	0.2668416026443987	([666], [666, 665])
0	0.0	0.26685589957687095	([195], [195, 194])
0	0.0	0.26687432354188506	([260], [260, 259])
0	0.0	0.26693647878725707	([451], [451, 450])
0	0.0	0.26697471669733586	([662], [662, 661])
0	0.0	0.26721042477519186	([266], [266, 265])
0	0.0	0.26721669235139656	([594], [594, 593])
0	0.0	0.2677862057261997	([256], [256, 255])
0	0.0	0.2679349401445788	([285], [285, 284])
0	0.0	0.2680439251399627	([587], [587, 586])
0	0.0	0.2681141734292644	([714], [714, 713])
0	0.0	0.2681416126114619	([117], [117, 116])
0	0.0	0.2685461246491063	([465], [465, 464])
0	0.0	0.2685868170151733	([206], [206, 205])
0	0.0	0.26868128720595197	([234], [234, 233])
0	0.0	0.26886755782783706	([656], [656, 655])
0	0.0	0.2693542428894788	([281], [281, 280])
0	0.0	0.26945915604337045	([313], [313, 312])
0	0.0	0.2694628999602309	([148], [148, 147])
0	0.0	0.2694874789471513	([584], [584, 583])
0	0.0	0.26976478447939384	([247], [247, 246])
0	0.0	0.269775184295473	([468], [468, 467])
0	0.0	0.26999898157977864	([320], [320, 319])
0	0.0	0.269999907681029	([185], [185, 184])
0	0.0	0.2701533048921464	([111], [111, 110])
0	0.0	0.2702736696819133	([194], [194, 193])
0	0.0	0.2703921634718523	([575], [575, 574])
0	0.0	0.27042140969913125	([499], [499, 498])
0	0.0	0.27044528993804057	([324], [324, 323])
0	0.0	0.2707475813086821	([514], [514, 513])
0	0.0	0.2710949165289868	([529], [529, 528])
0	0.0	0.27117186203160304	([328], [328, 327])
0	0.0	0.2713135079462643	([548], [548, 547])
0	0.0	0.27132291318950896	([146], [146, 145])
0	0.0	0.271426482320699	([700], [700, 699])
0	0.0	0.27150706001324926	([119], [119, 118])
0	0.0	0.2715320737499163	([306], [306, 305])
0	0.0	0.27180509930269536	([643], [643, 642])
0	0.0	0.2720233584422027	([326], [326, 325])
0	0.0	0.2720386139168466	([198], [198, 197])
0	0.0	0.2720629864425	([521], [521, 520])
0	0.0	0.2720795428789021	([262], [262, 261])
0	0.0	0.2721896750947745	([245], [245, 244])
0	0.0	0.2723047019895772	([702], [702, 701])
0	0.0	0.2724202825825523	([141], [141, 140])
0	0.0	0.27247086758129463	([343], [343, 342])
0	0.0	0.27257044519804063	([344], [344, 343])
0	0.0	0.2725989343252667	([460], [460, 459])
0	0.0	0.2726767312930806	([608], [608, 607])
0	0.0	0.27285580211768656	([312], [312, 311])
0	0.0	0.27299663608556674	([248], [248, 247])
0	0.0	0.2730377493372955	([550], [550, 549])
0	0.0	0.2730573529243394	([579], [579, 578])
0	0.0	0.2730795870163726	([345], [345, 344])
0	0.0	0.27309115050456706	([549], [549, 548])
0	0.0	0.27325584526062124	([210], [210, 209])
0	0.0	0.273573604676077	([713], [713, 712])
0	0.0	0.2736257191308191	([420], [420, 419])
0	0.0	0.27367786578304226	([593], [593, 592])
0	0.0	0.2740805510120895	([424], [424, 423])
0	0.0	0.27422833519786527	([254], [254, 253])
0	0.0	0.27424316077739425	([368], [368, 367])
0	0.0	0.27442940545101596	([530], [530, 529])
0	0.0	0.2745197614244871	([411], [411, 410])
0	0.0	0.27488416369309787	([126], [126, 125])
0	0.0	0.2750517480632515	([373], [373, 372])
0	0.0	0.2751251422539344	([476], [476, 475])
0	0.0	0.275172902600016	([134], [134, 133])
0	0.0	0.275540549120047	([292], [292, 291])
0	0.0	0.2756499794509838	([524], [524, 523])
0	0.0	0.27570963390217806	([472], [472, 471])
0	0.0	0.27590722579757215	([129], [129, 128])
0	0.0	0.2760622154705624	([392], [392, 391])
0	0.0	0.27608372532471415	([339], [339, 338])
0	0.0	0.27612477104725425	([603], [603, 602])
0	0.0	0.27613586553451075	([639], [639, 638])
0	0.0	0.276196627811129	([583], [583, 582])
0	0.0	0.27625877105010765	([12], [12, 11])
0	0.0	0.27633222178354144	([626], [626, 625])
0	0.0	0.27642647097407147	([441], [441, 440])
0	0.0	0.2764269587811957	([296], [296, 295])
0	0.0	0.2767222821774672	([541], [541, 540])
0	0.0	0.27691484567770114	([645], [645, 644])
0	0.0	0.2773389698596592	([698], [698, 697])
0	0.0	0.2774658003801941	([706], [706, 705])
0	0.0	0.2775361090583023	([7], [7, 6])
0	0.0	0.2776762655355072	([115], [115, 114])
0	0.0	0.27775723426241555	([509], [509, 508])
0	0.0	0.2779727775831015	([569], [569, 568])
0	0.0	0.277994658605434	([409], [409, 408])
0	0.0	0.27823303692323703	([89], [89, 88])
0	0.0	0.27831001541006856	([255], [255, 254])
0	0.0	0.27867800471532017	([252], [252, 251])
0	0.0	0.27869372382095686	([551], [551, 550])
0	0.0	0.27892858860802194	([421], [421, 420])
0	0.0	0.2790279687703374	([335], [335, 334])
0	0.0	0.2790751262232371	([670], [670, 669])
0	0.0	0.279249596964897	([652], [652, 651])
0	0.0	0.27949238243496494	([143], [143, 142])
0	0.0	0.2797050590410763	([302], [302, 301])
0	0.0	0.27982688337810174	([542], [542, 541])
0	0.0	0.27995990319032876	([438], [438, 437])
0	0.0	0.28000796634017855	([378], [378, 377])
0	0.0	0.2800824700343477	([81], [81, 80])
0	0.0	0.28017337116273194	([188], [188, 187])
0	0.0	0.28020787155902105	([577], [577, 576])
0	0.0	0.2802464880601844	([562], [562, 561])
0	0.0	0.28029433617074	([439], [439, 438])
0	0.0	0.28029483099064806	([118], [118, 117])
0	0.0	0.2803670279501268	([181], [181, 180])
0	0.0	0.28038254720785466	([675], [675, 674])
0	0.0	0.28056981568969314	([498], [498, 497])
0	0.0	0.28062973332568714	([122], [122, 121])
0	0.0	0.2808782076461619	([565], [565, 564])
0	0.0	0.2809104394786168	([350], [351, 349])
0	0.0	0.28108272688508945	([203], [203, 202])
0	0.0	0.28116878203787543	([413], [413, 412])
0	0.0	0.28117330272822866	([124], [124, 123])
0	0.0	0.28122105089897576	([45], [45, 44])
0	0.0	0.2812326087324673	([199], [199, 198])
0	0.0	0.2812452268012177	([284], [284, 283])
0	0.0	0.2812796592315906	([249], [249, 248])
0	0.0	0.28133354155991397	([516], [516, 515])
0	0.0	0.2814063988669013	([649], [649, 648])
0	0.0	0.2814378676203225	([537], [537, 536])
0	0.0	0.28152438759674386	([561], [561, 560])
0	0.0	0.28162690856128625	([461], [461, 460])
0	0.0	0.2817148454148642	([651], [651, 650])
0	0.0	0.2817771893208417	([369], [369, 368])
0	0.0	0.28178260093724095	([462], [462, 461])
0	0.0	0.28180353671709785	([376], [376, 375])
0	0.0	0.2818845523068608	([270], [270, 269])
0	0.0	0.282019631547541	([614], [614, 613])
0	0.0	0.2822299972399955	([201], [201, 200])
0	0.0	0.2822514906669191	([602], [602, 601])
0	0.0	0.282359963815953	([616], [616, 615])
0	0.0	0.2824400080345304	([646], [646, 645])
0	0.0	0.28249053422126374	([355], [355, 354])
0	0.0	0.2827288800450788	([394], [394, 393])
0	0.0	0.28272912339032474	([581], [581, 580])
0	0.0	0.2829708238000454	([578], [578, 577])
0	0.0	0.2830355200804737	([638], [638, 637])
0	0.0	0.2830624887199533	([287], [287, 286])
0	0.0	0.28307042532701576	([265], [265, 264])
0	0.0	0.2831054872998049	([412], [412, 411])
0	0.0	0.2831258730362958	([159], [159, 157])
0	0.0	0.28338362735850453	([445], [445, 444])
0	0.0	0.2834157898105782	([582], [582, 581])
0	0.0	0.28349979549109017	([389], [389, 388])
0	0.0	0.2835417983632568	([364], [364, 363])
0	0.0	0.283749706486355	([559], [559, 558])
0	0.0	0.28395282643698955	([337], [337, 336])
0	0.0	0.2840363727692492	([317], [317, 316])
0	0.0	0.2841008836693965	([214], [214, 213])
0	0.0	0.2842882680295047	([367], [367, 366])
0	0.0	0.2843251519464187	([273], [273, 272])
0	0.0	0.2843262511154219	([365], [365, 364])
0	0.0	0.284350334677686	([444], [444, 443])
0	0.0	0.2844428889305925	([644], [644, 643])
0	0.0	0.28448544111336166	([243], [243, 242])
0	0.0	0.2847587457341569	([632], [632, 631])
0	0.0	0.28480688157674616	([340], [340, 339])
0	0.0	0.28504696141579083	([628], [628, 627])
0	0.0	0.2850831765504165	([570], [570, 569])
0	0.0	0.28513362164071576	([387], [387, 386])
0	0.0	0.28521992581348643	([360], [360, 359])
0	0.0	0.28529567085780594	([512], [512, 511])
0	0.0	0.28547336088618014	([132], [132, 131])
0	0.0	0.28557178997667826	([520], [520, 519])
0	0.0	0.28570345196434904	([505], [505, 504])
0	0.0	0.28577316536073183	([694], [694, 693])
0	0.0	0.28579266565770106	([513], [513, 512])
0	0.0	0.285996358685287	([415], [415, 414])
0	0.0	0.28631882486599536	([286], [286, 285])
0	0.0	0.2865104461643659	([236], [236, 235])
0	0.0	0.2865293627646745	([607], [607, 606])
0	0.0	0.2867481487848569	([405], [405, 404])
0	0.0	0.28676589603358354	([654], [654, 653])
0	0.0	0.2869889112089451	([533], [533, 532])
0	0.0	0.28708277167433366	([605], [605, 604])
0	0.0	0.2871110480146602	([6], [6, 5])
0	0.0	0.2871180137308896	([534], [534, 533])
0	0.0	0.2871846387440056	([425], [425, 424])
0	0.0	0.2872489952834692	([660], [660, 659])
0	0.0	0.2873810283503368	([492], [492, 491])
0	0.0	0.287587949389699	([685], [685, 684])
0	0.0	0.2877999799036852	([385], [385, 384])
0	0.0	0.2878529523837408	([362], [362, 361])
0	0.0	0.28795377533144023	([8], [8, 7])
0	0.0	0.28797946381292816	([289], [289, 288])
0	0.0	0.28798789902177135	([149], [149, 148])
0	0.0	0.2881206427973443	([295], [295, 294])
0	0.0	0.2881921499276619	([705], [705, 704])
0	0.0	0.2882490047012111	([423], [423, 422])
0	0.0	0.28832054695028314	([701], [701, 700])
0	0.0	0.2884427067866153	([507], [507, 506])
0	0.0	0.2884461791829199	([267], [267, 266])
0	0.0	0.2886108202244599	([14], [14, 13])
0	0.0	0.28892704710601214	([357], [357, 356])
0	0.0	0.2890543386062417	([160], [160, 159])
0	0.0	0.2890555468694103	([363], [363, 362])
0	0.0	0.2892254058741634	([426], [426, 425])
0	0.0	0.28931495141770447	([253], [253, 252])
0	0.0	0.28955185835237646	([695], [695, 694])
0	0.0	0.28960435532008816	([418], [418, 417])
0	0.0	0.2896673443728442	([150], [150, 149])
0	0.0	0.2897406462827971	([261], [261, 260])
0	0.0	0.28976258290739504	([309], [309, 308])
0	0.0	0.28982965015002415	([158], [158, 157])
0	0.0	0.29000911747296965	([21], [21, 20])
0	0.0	0.2901327112428574	([637], [637, 636])
0	0.0	0.2901499126656583	([180], [180, 179])
0	0.0	0.2902368324388444	([315], [315, 314])
0	0.0	0.29039965001919016	([592], [592, 591])
0	0.0	0.2905214234649135	([610], [610, 609])
0	0.0	0.29057054666056886	([13], [13, 12])
0	0.0	0.29065836553160557	([374], [374, 373])
0	0.0	0.29068405872852104	([640], [640, 639])
0	0.0	0.29069921611310795	([622], [622, 621])
0	0.0	0.29079037720463846	([629], [629, 628])
0	0.0	0.29089231357542317	([641], [641, 640])
0	0.0	0.29090487480197746	([55], [55, 54])
0	0.0	0.2909250698346892	([697], [697, 696])
0	0.0	0.29093888366705384	([121], [121, 120])
0	0.0	0.2909748940282856	([566], [566, 565])
0	0.0	0.29100591364583167	([625], [625, 624])
0	0.0	0.29111703346789447	([554], [554, 553])
0	0.0	0.29172647841713173	([696], [696, 695])
0	0.0	0.2917606918860497	([383], [383, 382])
0	0.0	0.29177307808951003	([517], [517, 516])
0	0.0	0.29178208480615736	([205], [205, 204])
0	0.0	0.29201380957542217	([485], [485, 484])
0	0.0	0.2922124872505996	([573], [573, 572])
0	0.0	0.29222393668975416	([400], [400, 399])
0	0.0	0.2923293048714178	([322], [322, 321])
0	0.0	0.292514661514427	([187], [187, 186])
0	0.0	0.29253720383194054	([274], [274, 273])
0	0.0	0.292643688719581	([157], [157, 156])
0	0.0	0.29296845728391363	([186], [186, 185])
0	0.0	0.2929727122655236	([571], [571, 570])
0	0.0	0.29300398557257945	([353], [353, 352])
0	0.0	0.29313342283830235	([590], [590, 589])
0	0.0	0.2931886978876293	([390], [390, 389])
0	0.0	0.2932063736054766	([540], [540, 539])
0	0.0	0.29331585906624574	([720], [720, 719])
0	0.0	0.2933916402684406	([665], [665, 664])
0	0.0	0.29340829008321595	([691], [691, 690])
0	0.0	0.29352414304029817	([443], [443, 442])
0	0.0	0.2935956964224506	([120], [120, 119])
0	0.0	0.29396858066337356	([73], [73, 72])
0	0.0	0.29404965987108567	([280], [280, 279])
0	0.0	0.29413604717828845	([429], [429, 428])
0	0.0	0.29437167075587384	([110], [110, 109])
0	0.0	0.29446507055797755	([138], [138, 137])
0	0.0	0.2945395435095453	([332], [332, 331])
0	0.0	0.29465605575337334	([264], [264, 263])
0	0.0	0.29494996053979833	([305], [305, 304])
0	0.0	0.295012712456823	([647], [647, 646])
0	0.0	0.29504048504993546	([178], [178, 177])
0	0.0	0.29520671078405825	([79], [79, 78])
0	0.0	0.2952325207206146	([448], [448, 447])
0	0.0	0.2953485014854877	([543], [543, 542])
0	0.0	0.2953529509098822	([190], [190, 189])
0	0.0	0.295366623935925	([74], [74, 73])
0	0.0	0.295468567640126	([164], [164, 163])
0	0.0	0.29546928091115837	([242], [242, 241])
0	0.0	0.29548492280288646	([650], [650, 649])
0	0.0	0.2955916240269867	([690], [690, 689])
0	0.0	0.2956737037423033	([467], [467, 466])
0	0.0	0.296243579428349	([684], [684, 683])
0	0.0	0.2963050360827343	([621], [621, 620])
0	0.0	0.2963568243387993	([391], [391, 390])
0	0.0	0.2963713534951769	([29], [29, 28])
0	0.0	0.29657315398305445	([80], [80, 79])
0	0.0	0.29675337856706396	([272], [272, 271])
0	0.0	0.29678928477055705	([202], [202, 201])
0	0.0	0.29684598452918654	([377], [377, 376])
0	0.0	0.29684804847835505	([482], [482, 481])
0	0.0	0.29693886312749135	([386], [386, 385])
0	0.0	0.2970798875693292	([642], [642, 641])
0	0.0	0.2973762379790277	([200], [200, 199])
0	0.0	0.29742056187054217	([268], [268, 267])
0	0.0	0.2976681284433231	([382], [382, 381])
0	0.0	0.29769279687411593	([653], [653, 652])
0	0.0	0.2980404245535494	([172], [172, 171])
0	0.0	0.2984128222675712	([91], [91, 90])
0	0.0	0.2984402630739653	([442], [442, 441])
0	0.0	0.29896001701721164	([658], [658, 657])
0	0.0	0.29909687259810214	([601], [601, 600])
0	0.0	0.2993921738872935	([173], [173, 172])
0	0.0	0.2995961186516057	([447], [447, 446])
0	0.0	0.2996386222676748	([563], [563, 562])
0	0.0	0.29981757419935945	([404], [404, 403])
0	0.0	0.29985089735054427	([588], [588, 587])
0	0.0	0.2998798804613171	([692], [692, 691])
0	0.0	0.2999521839228143	([663], [663, 662])
0	0.0	0.30007253157495073	([471], [471, 470])
0	0.0	0.30012520931721526	([246], [246, 245])
0	0.0	0.3002913466806137	([235], [235, 234])
0	0.0	0.3004221082700729	([22], [22, 21])
0	0.0	0.3006318403938754	([384], [384, 383])
0	0.0	0.30066612277611376	([659], [659, 658])
0	0.0	0.30072999528525507	([618], [618, 617])
0	0.0	0.3007402256185433	([177], [177, 176])
0	0.0	0.30105525269194217	([174], [174, 173])
0	0.0	0.301191160173308	([678], [678, 677])
0	0.0	0.3012264315659415	([15], [15, 14])
0	0.0	0.30128831610813067	([686], [686, 685])
0	0.0	0.30129935578545525	([481], [481, 480])
0	0.0	0.301511145046553	([137], [137, 136])
0	0.0	0.30184119067312515	([494], [494, 493])
0	0.0	0.3021577900733721	([213], [213, 212])
0	0.0	0.30266637058868145	([523], [523, 522])
0	0.0	0.30275058282221534	([553], [553, 552])
0	0.0	0.30279542739476967	([518], [518, 517])
0	0.0	0.3028013553280796	([500], [500, 499])
0	0.0	0.3028027185763552	([682], [682, 681])
0	0.0	0.302846238746029	([624], [624, 623])
0	0.0	0.3031085201074679	([677], [677, 676])
0	0.0	0.3032273842081176	([526], [527, 525])
0	0.0	0.30325659171710706	([399], [399, 398])
0	0.0	0.303364688846376	([419], [419, 418])
0	0.0	0.30373417567350885	([466], [466, 465])
0	0.0	0.303806948374577	([586], [586, 585])
0	0.0	0.30459039865462495	([576], [576, 575])
0	0.0	0.30464732676503387	([432], [432, 431])
0	0.0	0.30476680068269907	([693], [693, 692])
0	0.0	0.3047728005103732	([49], [49, 48])
0	0.0	0.30496762225741664	([341], [341, 340])
0	0.0	0.3050037765168741	([112], [112, 111])
0	0.0	0.3051351126230914	([153], [153, 152])
0	0.0	0.305143059089449	([556], [556, 555])
0	0.0	0.3052581091750789	([408], [408, 407])
0	0.0	0.30531366606919946	([458], [458, 457])
0	0.0	0.30538290321830286	([469], [469, 468])
0	0.0	0.3054915277178564	([402], [402, 401])
0	0.0	0.30602249032477363	([77], [77, 76])
0	0.0	0.30623616781840274	([407], [407, 406])
0	0.0	0.30659380905237776	([679], [679, 678])
0	0.0	0.3065984977769768	([338], [338, 337])
0	0.0	0.3067317610567348	([329], [329, 328])
0	0.0	0.3070430054804882	([229], [229, 228])
0	0.0	0.30721488858909257	([72], [73, 71])
0	0.0	0.3073060718958959	([427], [427, 426])
0	0.0	0.30736807042692155	([502], [502, 501])
0	0.0	0.30739891341305164	([135], [135, 134])
0	0.0	0.30757715586930934	([131], [131, 130])
0	0.0	0.3077953765326853	([179], [179, 178])
0	0.0	0.3077981265438277	([591], [591, 590])
0	0.0	0.3079710913753982	([635], [635, 634])
0	0.0	0.3081309609912691	([417], [417, 416])
0	0.0	0.3082973785863861	([440], [440, 439])
0	0.0	0.30835956981710644	([88], [88, 87])
0	0.0	0.3084599722431625	([342], [342, 341])
0	0.0	0.30849335713755427	([165], [165, 164])
0	0.0	0.308787095593337	([532], [532, 531])
0	0.0	0.3088490225574375	([673], [673, 672])
0	0.0	0.3088804576612824	([681], [681, 680])
0	0.0	0.3088929740709393	([598], [598, 597])
0	0.0	0.3089763783870659	([82], [82, 81])
0	0.0	0.3091527630847169	([558], [558, 556])
0	0.0	0.3092947198922277	([463], [463, 462])
0	0.0	0.30951980527023026	([1], [1, 0])
0	0.0	0.31010507058672293	([604], [604, 603])
0	0.0	0.31019758636534434	([116], [116, 115])
0	0.0	0.3103200299858072	([431], [431, 430])
0	0.0	0.31041230953108917	([687], [687, 686])
0	0.0	0.31067419537627605	([452], [452, 451])
0	0.0	0.31072690909388023	([75], [75, 74])
0	0.0	0.3112001394645544	([478], [478, 477])
0	0.0	0.31138642209788153	([128], [128, 126])
0	0.0	0.311627639112911	([680], [680, 679])
0	0.0	0.31182956495943875	([207], [207, 206])
0	0.0	0.31203051421152417	([459], [459, 458])
0	0.0	0.31206249064225033	([314], [314, 313])
0	0.0	0.31208645179603717	([83], [83, 82])
0	0.0	0.3122867552223808	([487], [487, 486])
0	0.0	0.312713658102671	([496], [496, 495])
0	0.0	0.3129814011364618	([433], [433, 432])
0	0.0	0.31312364603471304	([352], [352, 351])
0	0.0	0.3135727039134692	([454], [454, 453])
0	0.0	0.3140042115015142	([294], [294, 293])
0	0.0	0.31408872622010936	([456], [456, 455])
0	0.0	0.31412258574215257	([257], [257, 256])
0	0.0	0.3142458603446346	([721], [721, 720])
0	0.0	0.3144147452386523	([299], [299, 298])
0	0.0	0.3145308609298203	([683], [683, 682])
0	0.0	0.31453464953270904	([674], [674, 673])
0	0.0	0.3148557215175812	([321], [321, 320])
0	0.0	0.3151760452825371	([92], [92, 91])
0	0.0	0.31533698431953955	([308], [308, 307])
0	0.0	0.31564418825897184	([71], [71, 70])
0	0.0	0.315975408963172	([416], [416, 415])
0	0.0	0.316458627652576	([57], [57, 56])
0	0.0	0.316794230036676	([331], [331, 330])
1	0.3141583028322588	0.31690989219317534	([380, 377], [380, 379, 377])
0	0.0	0.31713513372294927	([301], [301, 300])
0	0.0	0.3174674396593449	([371], [371, 370])
0	0.0	0.3182237164984853	([52], [52, 51])
0	0.0	0.31894880116797664	([327], [327, 326])
0	0.0	0.319115228085769	([304], [304, 302])
0	0.0	0.31974284640357725	([204], [204, 203])
0	0.0	0.31977087143586047	([239], [239, 238])
0	0.0	0.3199913790763937	([316], [316, 315])
0	0.0	0.32049376766448406	([192], [192, 190])
0	0.0	0.3207219217932423	([76], [77, 75])
1	0.3149567467725417	0.3213474014232162	([658, 654], [658, 657, 654])
0	0.0	0.3213726464040616	([78], [78, 77])
0	0.0	0.3214099441528566	([28], [28, 27])
0	0.0	0.3215208426152288	([97], [97, 96])
0	0.0	0.32152320105511567	([307], [307, 306])
0	0.0	0.3224278706086721	([166], [166, 165])
0	0.0	0.3230655658018972	([96], [96, 95])
0	0.0	0.3231803382590161	([347], [347, 346])
0	0.0	0.32319021613811444	([293], [293, 292])
0	0.0	0.3237750608773585	([612], [612, 611])
0	0.0	0.3242429195963605	([489], [489, 488])
0	0.0	0.32463647280911373	([69], [69, 68])
0	0.0	0.3248379086923028	([277], [277, 276])
1	0.3180402037912439	0.32526031189363114	([290, 286], [290, 288, 287])
0	0.0	0.32546972026481313	([671], [671, 670])
0	0.0	0.3257325382604425	([211], [211, 210])
0	0.0	0.32595626017288454	([2], [2, 1])
0	0.0	0.3268043724028538	([114], [114, 113])
0	0.0	0.32698158214968415	([163], [163, 162])
0	0.0	0.32726542787461876	([184], [184, 183])
0	0.0	0.32798997754629894	([104], [104, 103])
0	0.0	0.3283996967552188	([381], [381, 380])
0	0.0	0.3285604063444208	([217], [217, 215])
0	0.0	0.3290220129027329	([86], [86, 85])
0	0.0	0.32939382699095227	([103], [104, 102])
0	0.0	0.3300250095586005	([244], [244, 243])
0	0.0	0.33021459478737525	([311], [311, 310])
0	0.0	0.33024121952524793	([125], [128, 127])
0	0.0	0.33052088388137	([50], [50, 49])
0	0.0	0.3305952637967345	([152], [152, 150])
0	0.0	0.33071575133378656	([11], [11, 10])
0	0.0	0.3307643307613893	([66], [66, 64])
0	0.0	0.33076705833764874	([16], [16, 15])
0	0.0	0.3307878930374389	([107], [107, 106])
0	0.0	0.3308499962898639	([449], [449, 448])
0	0.0	0.3314396390893158	([397], [397, 396])
0	0.0	0.33184645167127985	([90], [91, 89])
0	0.0	0.33203039071012314	([435], [435, 434])
1	0.32879046060946115	0.332353934145186	([542, 538], [542, 541, 539])
0	0.0	0.3324251209394244	([43], [43, 42])
0	0.0	0.33260438202074527	([668], [668, 667])
0	0.0	0.33329759137691944	([240], [240, 239])
0	0.0	0.3336103068789715	([105], [105, 104])
0	0.0	0.3353582452919976	([193], [193, 192])
0	0.0	0.3356985790885771	([123], [123, 122])
0	0.0	0.3357426841571682	([26], [26, 25])
0	0.0	0.33588015983069947	([510], [510, 509])
0	0.0	0.3364099961344616	([676], [676, 675])
0	0.0	0.33643589042707395	([232], [232, 229])
0	0.0	0.3365700560409424	([64], [64, 63])
0	0.0	0.3368879597873716	([648], [648, 647])
0	0.0	0.3372698135568573	([291], [291, 290])
0	0.0	0.33743009693408793	([93], [93, 92])
0	0.0	0.3376726862995287	([241], [241, 239])
0	0.0	0.3381928070995627	([428], [428, 426])
0	0.0	0.3383546331590338	([84], [84, 83])
0	0.0	0.3384363963302183	([101], [101, 100])
0	0.0	0.3385408726875509	([108], [108, 107])
0	0.0	0.33856052020292443	([310], [313, 309])
0	0.0	0.338998171082367	([278], [278, 277])
0	0.0	0.33967522376559667	([538], [538, 537])
0	0.0	0.3400204801502307	([167], [167, 166])
0	0.0	0.3400878875462273	([155], [155, 154])
0	0.0	0.340120421662068	([70], [70, 68])
0	0.0	0.34129478463756563	([100], [100, 99])
0	0.0	0.3415143805130684	([490], [490, 489])
0	0.0	0.3420894839214804	([258], [258, 257])
0	0.0	0.34244082471711546	([87], [87, 86])
0	0.0	0.3424789034930409	([44], [44, 42])
0	0.0	0.34360864616108416	([669], [669, 668])
0	0.0	0.34387604672048067	([48], [48, 47])
0	0.0	0.3440768813878247	([85], [85, 84])
0	0.0	0.3462962002177919	([171], [171, 169])
0	0.0	0.34638472622056876	([46], [46, 45])
0	0.0	0.34643789013077153	([162], [163, 161])
0	0.0	0.34670134811642866	([480], [480, 479])
0	0.0	0.3469457834766317	([528], [528, 527])
0	0.0	0.3481255848229568	([18], [18, 17])
0	0.0	0.3493031729045047	([27], [27, 26])
0	0.0	0.3494831656781314	([259], [259, 258])
0	0.0	0.3503714406131648	([251], [251, 249])
0	0.0	0.35127056017215363	([10], [10, 9])
0	0.0	0.35151419518103516	([56], [56, 55])
0	0.0	0.351841058787773	([17], [17, 16])
0	0.0	0.35244622834386374	([65], [65, 64])
0	0.0	0.3525165784354876	([547], [547, 546])
0	0.0	0.3526680793168968	([51], [51, 50])
0	0.0	0.35297438219474797	([106], [106, 104])
0	0.0	0.354338189552519	([24], [24, 23])
0	0.0	0.3548143476211162	([546], [547, 545])
0	0.0	0.35491219237447985	([358], [358, 357])
0	0.0	0.3563095321195356	([20], [20, 18])
0	0.0	0.3569095112693002	([99], [99, 97])
0	0.0	0.3574776813545353	([5], [5, 4])
0	0.0	0.3575958578640407	([183], [192, 191])
0	0.0	0.3576461911458772	([436], [436, 435])
0	0.0	0.35792454469691	([30], [30, 29])
0	0.0	0.35927489829198644	([9], [9, 8])
0	0.0	0.35997479622128226	([437], [437, 436])
0	0.0	0.3614975244832951	([127], [125, 124])
0	0.0	0.36161804448710666	([169], [169, 167])
0	0.0	0.36207912975670736	([42], [42, 41])
0	0.0	0.36312824238978675	([41], [42, 40])
0	0.0	0.36357985366401496	([633], [633, 632])
0	0.0	0.3640002317329816	([67], [67, 66])
0	0.0	0.3651526401254176	([68], [69, 67])
0	0.0	0.3663992371303217	([34], [34, 33])
0	0.0	0.36654221211131666	([23], [23, 22])
0	0.0	0.36752618410988563	([4], [5, 2])
0	0.0	0.3675645602860935	([54], [55, 53])
0	0.0	0.3682115204855461	([62], [99, 98])
0	0.0	0.36862923485975285	([47], [47, 46])
0	0.0	0.36954120781986577	([109], [109, 108])
0	0.0	0.36998165768128116	([422], [422, 421])
0	0.0	0.37050796426275023	([53], [53, 52])
0	0.0	0.3711738291011426	([176], [176, 174])
0	0.0	0.37503792904753563	([58], [58, 56])
0	0.0	0.3753650906623364	([191], [183, 181])
0	0.0	0.3774347157468513	([224], [224, 216])
0	0.0	0.3810745993836703	([238], [304, 303])
0	0.0	0.38457432736819147	([689], [689, 687])
0	0.0	0.3904253683694728	([31], [31, 30])
0	0.0	0.3904476301427434	([170], [170, 169])
1	0.3807508473266637	0.3935625847250415	([678, 674], [678, 676, 675])
0	0.0	0.3937823243621831	([59], [59, 57])
0	0.0	0.3938880116924611	([19], [19, 18])
0	0.0	0.3981934364693635	([33], [33, 32])
0	0.0	0.4066367046238915	([303], [238, 236])
0	0.0	0.40699570474587876	([250], [250, 249])
0	0.0	0.4087879399752179	([228], [689, 688])
0	0.0	0.4094585862279079	([215], [215, 214])
0	0.0	0.40948588797001867	([38], [38, 36])
0	0.0	0.4123046352021408	([98], [176, 175])
0	0.0	0.413129640219388	([216], [224, 217])
0	0.0	0.41644039986917425	([35], [35, 34])
0	0.0	0.4204394717635743	([175], [62, 59])
0	0.0	0.42645114611634644	([39], [39, 36])
0	0.0	0.42860604035913863	([219], [219, 218])
0	0.0	0.42894918421860945	([237], [237, 236])
0	0.0	0.4299227828028831	([231], [231, 219])
0	0.0	0.4364754883147378	([40], [169, 168])
0	0.0	0.4369818423906301	([60], [60, 56])
0	0.0	0.4425322782972525	([220], [220, 218])
0	0.0	0.4452014877852745	([688], [237, 220])
0	0.0	0.45525427217984427	([182], [182, 181])
0	0.0	0.4577939246324222	([226], [226, 182])
0	0.0	0.4580860501459731	([222], [222, 218])
0	0.0	0.4654294021914257	([61], [61, 39])
0	0.0	0.4663526940204076	([36], [61, 37])
0	0.0	0.47654035676620304	([218], [222, 168])
0	0.0	0.49294470875665475	([37], [61, 35])
0	0.0	0.4948248395308338	([168], [62, 61])
0	0.0	0.5071337690835257	([0], [303, 221])
1	0.4964611800827203	0.5132639951405773	([61, 60], [62, 61, 60])
1	0.5128579507914106	0.5239182478632185	([129, 117], [129, 124, 117])
1	0.5351180239972141	0.5493209587298954	([65, 39], [65, 62, 61])
1	0.5481087303308437	0.5567044201735986	([204, 192], [204, 198, 193])
1	0.5595652158459069	0.5682238800895041	([228, 217], [234, 228, 217])
1	0.5151534790282558	0.5692517951461792	([58, 39], [61, 59, 58])
1	0.5697426475986094	0.5707766242270945	([53, 37], [53, 50, 37])
1	0.5572732640936634	0.5745241425116884	([98, 37], [106, 103, 37])
1	0.5631079766131442	0.574783745920118	([217, 176], [228, 217, 181])
1	0.5689235206710006	0.5755650490312371	([130, 115], [130, 124, 115])
1	0.5548686656958811	0.5755673041678117	([41, 37], [61, 41, 37])
1	0.5501144344795054	0.5815532023785205	([43, 35], [61, 43, 40])
1	0.5348148580788641	0.5821828387637947	([61, 40], [59, 51, 44])
1	0.5368021338312109	0.5826775398232504	([234, 177], [229, 217, 177])
1	0.5663408205463375	0.5862470935309406	([38, 33], [38, 36, 33])
1	0.5640497343834469	0.5862470935309406	([36, 34], [39, 36, 33])
1	0.5717697936076378	0.5883656759831309	([233, 180], [233, 217, 180])
1	0.5942137205442514	0.600883482677347	([209, 189], [207, 204, 192])
1	0.5540862812175757	0.6009087456588679	([39, 33], [40, 39, 33])
1	0.5774140722914175	0.6010001809764914	([210, 188], [210, 209, 188])
1	0.6019846619767832	0.6043184702365852	([700, 676], [699, 698, 676])
1	0.5968340914884688	0.6085881194827045	([33, 8], [33, 24, 8])
1	0.5898910686881998	0.6087085721204004	([117, 57], [117, 111, 109])
1	0.6109539705242487	0.6141123602380333	([34, 10], [34, 29, 10])
1	0.5557533768701308	0.6144627535373962	([235, 214], [235, 229, 214])
1	0.6058826653886182	0.6151317581602052	([105, 38], [105, 98, 97])
1	0.6155602835212521	0.6192660344986276	([52, 33], [52, 43, 41])
1	0.6130927564150713	0.6205282927716135	([38, 27], [38, 33, 27])
1	0.618425962973659	0.6239939918001111	([28, 1], [30, 28, 1])
1	0.61699181752124	0.6240228059470391	([213, 187], [213, 206, 189])
1	0.6123486308250281	0.6241807584827826	([262, 242], [262, 251, 249])
1	0.6237009982747169	0.6256504791278837	([503, 487], [503, 502, 487])
1	0.5466186106220229	0.6272872464014182	([233, 215], [224, 217, 170])
1	0.6301689478207763	0.6328457599219737	([113, 60], [113, 109, 57])
1	0.6098296186146777	0.6341704069088376	([214, 186], [214, 213, 186])
1	0.6128138240559626	0.6345474523071494	([97, 39], [97, 87, 86])
1	0.605011598801904	0.6353849600062756	([39, 17], [39, 30, 17])
1	0.6278063453938034	0.6364920709381975	([236, 187], [236, 214, 213])
1	0.5238384012554358	0.6366740014227177	([224, 170], [215, 214, 167])
1	0.6190721740066442	0.6375795911581418	([235, 184], [235, 214, 184])
1	0.6366676871173402	0.6388238044012267	([472, 452], [472, 468, 452])
1	0.6328396091551012	0.6393943369747908	([92, 35], [100, 92, 88])
1	0.6329014116129644	0.6409219498615935	([275, 260], [275, 270, 260])
1	0.6361639944695764	0.6438335824131178	([84, 60], [84, 75, 60])
1	0.6329289289077661	0.6473684922905572	([174, 15], [180, 174, 13])
1	0.6169637840912884	0.6478025589197717	([100, 35], [87, 80, 35])
1	0.5412583366075042	0.6481832110777908	([35, 4], [35, 33, 3])
1	0.5731540763362246	0.6483181780713636	([98, 60], [98, 90, 60])
1	0.48255097015745685	0.6497662086768548	([61, 38], [46, 40, 33])
1	0.6328701296970158	0.6498338603008114	([498, 479], [498, 493, 479])
1	0.6407105489800189	0.651597688086776	([172, 20], [180, 172, 21])
1	0.6363844994616484	0.6523845256059672	([177, 12], [179, 171, 16])
1	0.6239420559084708	0.6546845726549679	([60, 23], [60, 34, 33])
1	0.6123928363845887	0.6559485312649175	([178, 10], [228, 180, 22])
1	0.6108185576322155	0.6562001415597145	([228, 22], [232, 178, 15])
1	0.651402534191299	0.659316212796124	([181, 14], [181, 174, 15])
1	0.5904561237854025	0.6593776212584971	([84, 39], [86, 68, 65])
1	0.6381210526481604	0.6595640557177949	([549, 523], [549, 539, 538])
1	0.6444300868467752	0.6597854652459647	([166, 35], [192, 191, 35])
1	0.6232384926879047	0.6602182080678862	([703, 665], [703, 698, 676])
1	0.6608541245603936	0.6610975077928847	([146, 134], [146, 139, 134])
1	0.6641498652186407	0.6652561929544588	([108, 59], [108, 61, 59])
1	0.6642556008339403	0.6652561929544588	([104, 61], [108, 104, 61])
1	0.5423799311124451	0.6657877710148747	([108, 37], [108, 96, 59])
1	0.6565094175378713	0.6664294137237894	([548, 525], [548, 537, 525])
1	0.5863942713408412	0.6668549574745848	([109, 57], [113, 104, 61])
1	0.6613160878074469	0.6668549574745848	([130, 61], [130, 113, 61])
1	0.632397935515835	0.6698293416983152	([36, 16], [36, 33, 28])
1	0.6686508188063127	0.6706808167298902	([166, 60], [190, 183, 166])
1	0.6723612313317988	0.6724981738225881	([110, 55], [110, 109, 56])
1	0.6665836753268998	0.6733688800199972	([661, 628], [661, 651, 622])
1	0.6698838236499753	0.6735501962445902	([439, 403], [439, 432, 403])
1	0.6531707070782036	0.6742231180519531	([426, 399], [426, 409, 405])
1	0.6515639929386163	0.6742606628476381	([197, 163], [195, 186, 169])
1	0.6485317466516615	0.6756407244894349	([206, 60], [166, 60, 32])
1	0.6553282066785	0.6758311488894669	([123, 59], [123, 114, 109])
1	0.653875451807732	0.6763152362525652	([122, 91], [116, 108, 101])
1	0.663321821485292	0.6783160891347664	([427, 398], [427, 409, 408])
1	0.6427831910070403	0.6794020421044408	([269, 238], [269, 258, 241])
1	0.6757249687352062	0.6794190621067152	([352, 326], [352, 341, 340])
1	0.6773296745217665	0.6804567383265362	([614, 582], [614, 597, 582])
1	0.6692987228808278	0.6821470630816389	([593, 552], [593, 587, 559])
1	0.6732968628299224	0.6829747975465269	([189, 146], [189, 166, 151])
1	0.6808436286082478	0.6849632014976177	([133, 96], [133, 113, 105])
1	0.6684676498468479	0.6853297492115593	([114, 34], [114, 100, 99])
1	0.6851502613503556	0.6858913830295558	([601, 572], [601, 587, 572])
1	0.677976010798231	0.6859639477142778	([161, 134], [164, 161, 134])
1	0.6815299333162755	0.6875687312066088	([724, 662], [724, 697, 676])
1	0.6776162385251518	0.6879378741246892	([414, 390], [414, 403, 390])
1	0.6816168135693169	0.6885041204922291	([194, 152], [194, 186, 166])
1	0.6644479428522411	0.6886613138765724	([551, 518], [551, 550, 518])
1	0.6821280456479365	0.688902166537933	([622, 588], [622, 618, 588])
1	0.671635072154114	0.689213461218449	([398, 367], [398, 382, 378])
1	0.6837618125247721	0.6899415063110454	([625, 582], [625, 614, 613])
1	0.6887840106102645	0.6904356256663366	([592, 557], [593, 592, 560])
1	0.6878013024147155	0.6921900404232417	([199, 159], [199, 197, 159])
1	0.6354690910825312	0.6923514784649546	([191, 35], [164, 134, 60])
1	0.6792423020676643	0.6930350066994128	([122, 102], [122, 114, 102])
1	0.6869461024702068	0.6933390249478838	([545, 511], [545, 535, 511])
1	0.6827828224142689	0.6934476755687168	([326, 286], [326, 314, 293])
1	0.6842207759368687	0.6940357469497102	([664, 619], [664, 648, 622])
1	0.6901362145188794	0.6952567541727382	([267, 60], [267, 259, 60])
1	0.6920814263254716	0.6981559245664835	([206, 154], [211, 206, 154])
1	0.6917632664954609	0.6988273673043414	([368, 333], [368, 348, 333])
1	0.68980799489604	0.6988595473746042	([627, 600], [627, 615, 605])
1	0.6719936588458796	0.6991595433590044	([104, 50], [104, 61, 54])
1	0.6974706357540076	0.7019728331853986	([185, 141], [189, 185, 141])
1	0.6898938738726407	0.7020862243033372	([651, 598], [651, 622, 616])
1	0.6915137546036165	0.7029560669417555	([455, 392], [447, 431, 430])
1	0.6987101122305058	0.703070991369297	([596, 547], [596, 571, 557])
1	0.6902375256871384	0.7032134598876437	([240, 191], [240, 233, 211])
1	0.6843887662732746	0.7037472020316891	([327, 279], [327, 305, 279])
1	0.6891036586700116	0.7042767701016488	([214, 145], [188, 166, 151])
1	0.6872792808409368	0.704388285946885	([629, 601], [629, 618, 601])
1	0.6991810288105338	0.7047476203820069	([586, 549], [586, 564, 563])
1	0.702397386989219	0.7055462674164149	([316, 274], [316, 299, 298])
1	0.6847882514927986	0.7056723738446046	([535, 496], [535, 519, 499])
1	0.6985149505390018	0.7060322764748542	([478, 442], [478, 457, 454])
1	0.702880117678475	0.7062076355808561	([432, 370], [432, 403, 370])
1	0.699621009674745	0.7074127785679705	([109, 2], [109, 52, 34])
1	0.6804678722025237	0.707529729601575	([119, 81], [122, 119, 80])
1	0.6990974753994061	0.7077539916433659	([126, 85], [126, 107, 101])
1	0.6877026382507321	0.7082314958357981	([287, 242], [287, 274, 242])
1	0.7045061778815286	0.7083286370536959	([516, 465], [516, 487, 474])
1	0.6819665302340738	0.7087312579824419	([445, 396], [455, 445, 396])
1	0.6967439815014547	0.709079292565368	([651, 560], [651, 583, 560])
1	0.708246751443362	0.7091950722026826	([410, 361], [410, 398, 361])
1	0.6864472196761239	0.7102446414770512	([524, 498], [524, 520, 498])
1	0.6947422632410822	0.7104010566511906	([165, 135], [165, 143, 135])
1	0.6718967195947952	0.7107498169882589	([232, 59], [233, 211, 59])
1	0.7063645872931775	0.7110203890798459	([477, 413], [497, 477, 413])
1	0.6609398907106351	0.711178410906003	([151, 34], [151, 139, 54])
1	0.7057013357938516	0.7122651189451605	([308, 260], [308, 273, 260])
1	0.6839754750460585	0.7122651189451605	([308, 60], [308, 289, 273])
1	0.7018907223162052	0.7122651189451605	([325, 273], [325, 308, 273])
1	0.7050196889769756	0.7126908836924185	([394, 348], [394, 371, 356])
1	0.7023276521665648	0.7132805780937774	([254, 194], [254, 236, 194])
1	0.7064151184314105	0.7133120744980612	([459, 424], [459, 448, 424])
1	0.7120167634938942	0.7133882872501651	([446, 412], [446, 432, 412])
1	0.6973778039732588	0.7140364271113223	([628, 552], [628, 590, 552])
1	0.6963946647464547	0.7141665969721794	([598, 540], [598, 596, 540])
1	0.7120396507811243	0.7146331680506408	([286, 246], [286, 265, 258])
1	0.7059178251279868	0.7149862710107586	([80, 26], [80, 68, 30])
1	0.7137477773583393	0.715311549249485	([609, 543], [609, 598, 543])
1	0.6614710736345708	0.7154577913328374	([211, 59], [211, 192, 61])
1	0.7045414087881876	0.7154792571340134	([402, 359], [402, 389, 382])
1	0.7135027191916794	0.7154850067923956	([314, 267], [323, 314, 271])
1	0.6864584917005596	0.7154976053908292	([68, 30], [68, 60, 23])
1	0.6916495207929525	0.7154976053908292	([71, 23], [71, 68, 23])
1	0.7112293999677783	0.7156856460206056	([421, 381], [421, 406, 381])
1	0.7129729934297472	0.7164901637018122	([434, 393], [434, 412, 408])
1	0.7055798049524495	0.7167212827386212	([125, 79], [125, 79, 64])
1	0.7101939784115318	0.7171185641780994	([599, 553], [600, 576, 566])
1	0.7043828050652304	0.7173052467861415	([555, 499], [555, 520, 519])
1	0.7005436590424373	0.7173547349141182	([127, 70], [127, 87, 70])
1	0.6835674942375123	0.7176656173143227	([403, 357], [403, 375, 370])
1	0.7159926678982116	0.7178209521248099	([574, 525], [574, 564, 525])
1	0.7062721392763793	0.7178828049795315	([448, 397], [448, 419, 406])
1	0.707401816019685	0.718142111268415	([159, 30], [167, 159, 30])
1	0.695563477796525	0.7182189243600705	([475, 427], [475, 454, 446])
1	0.7164018570301058	0.7189477274860171	([481, 398], [481, 423, 398])
1	0.7065226331608753	0.7189947291346537	([428, 372], [419, 401, 395])
1	0.6991337897569988	0.7194657601494303	([525, 494], [525, 519, 499])
1	0.704550597588056	0.7194715983916317	([341, 287], [341, 322, 284])
1	0.711346764427894	0.7195132543210014	([632, 580], [632, 613, 602])
1	0.7178933845328759	0.7196303887165073	([381, 344], [381, 369, 344])
1	0.697113629845133	0.7197495885656123	([496, 455], [496, 480, 455])
1	0.7020402890297037	0.7197650380104038	([471, 60], [471, 448, 447])
1	0.7078069414555157	0.7198764169771452	([573, 529], [573, 556, 551])
1	0.7196880587019424	0.7199312530117404	([446, 388], [448, 446, 397])
1	0.7155038023714725	0.7200718673607925	([124, 40], [124, 114, 40])
1	0.7059111214346179	0.7202117643168838	([150, 62], [150, 137, 62])
1	0.6986475552523863	0.720438911128568	([652, 612], [665, 652, 612])
1	0.7121487073916113	0.7206449408957298	([156, 59], [211, 197, 59])
1	0.7024302157639121	0.7207553230305718	([597, 538], [609, 597, 538])
1	0.701694620381479	0.7209487132476814	([330, 267], [330, 314, 300])
1	0.716914820764249	0.7209529803860635	([540, 490], [540, 512, 490])
1	0.7206294548583222	0.7213299232623842	([404, 354], [404, 378, 363])
1	0.6105740072821857	0.72144512403969	([232, 15], [186, 167, 9])
1	0.7079922347387262	0.7220787171264306	([662, 582], [662, 615, 606])
1	0.7149315485880343	0.7223049301598835	([706, 638], [706, 665, 638])
1	0.6126180158857806	0.7223400122786037	([277, 39], [277, 258, 256])
1	0.7212439520585084	0.7224050507210289	([120, 69], [133, 120, 69])
1	0.6967940449236989	0.7227965603052449	([65, 28], [65, 35, 34])
1	0.7226047416172182	0.7230143569394898	([459, 391], [459, 449, 391])
1	0.69784839523114	0.7231893510540297	([165, 27], [165, 35, 3])
1	0.7039581941190456	0.7235728486874712	([544, 494], [544, 518, 494])
1	0.7223179877059529	0.7237481169798452	([340, 294], [340, 335, 294])
1	0.7159396164287816	0.7241607414323816	([111, 0], [111, 52, 34])
1	0.7223843325611703	0.7242506335328809	([429, 369], [429, 408, 369])
1	0.7075084867739027	0.7242743053983266	([435, 378], [435, 417, 371])
1	0.722507155486603	0.7243688978832041	([151, 80], [151, 124, 80])
1	0.7080643506299944	0.724468275973008	([212, 135], [212, 165, 164])
1	0.6921208993667427	0.7247777878980438	([337, 60], [339, 330, 267])
1	0.7227673807425367	0.7250002275897258	([83, 25], [83, 54, 46])
1	0.7114832409104118	0.7252376691679504	([400, 331], [400, 362, 331])
1	0.7215620432770775	0.7253925566562784	([634, 570], [634, 625, 582])
1	0.7247287123232367	0.7253957201018463	([654, 563], [664, 654, 587])
1	0.7182773751984431	0.7254007386916779	([307, 248], [322, 307, 248])
1	0.6851238658086787	0.7254947168168139	([497, 409], [477, 446, 431])
1	0.7238051532576258	0.7254947168168139	([482, 431], [482, 477, 431])
1	0.7137453149484152	0.7255907424647574	([207, 32], [207, 185, 32])
1	0.6947160891047736	0.7259078815087799	([629, 567], [629, 602, 590])
1	0.7041265818587017	0.7263151964476886	([155, 74], [155, 74, 59])
1	0.7056949828385808	0.7264648612606798	([516, 428], [516, 474, 441])
1	0.7118974718353674	0.7265787855381652	([357, 289], [357, 330, 267])
1	0.7068457217959044	0.7277971038085869	([630, 544], [630, 628, 544])
1	0.7159030337618405	0.7278995189646581	([620, 518], [628, 620, 518])
1	0.7180915273544239	0.7280072020408771	([529, 497], [529, 526, 497])
1	0.6847918904008552	0.7281591056415238	([563, 494], [563, 551, 494])
1	0.7191946927866291	0.7282379867621228	([440, 385], [440, 426, 385])
1	0.7136275461057374	0.728287979293084	([164, 29], [164, 156, 29])
1	0.7257713532426012	0.7283356494503698	([546, 497], [546, 523, 497])
1	0.7190320344373277	0.7283446342889716	([196, 127], [197, 196, 120])
1	0.7262929360266427	0.7284182165315445	([372, 260], [372, 326, 324])
1	0.7284720028567916	0.7287246080899652	([279, 194], [279, 239, 194])
1	0.7175638624463948	0.728773784328905	([426, 359], [431, 426, 359])
1	0.7195433760595953	0.728773784328905	([442, 359], [442, 431, 359])
1	0.6968207303469076	0.728806051252356	([362, 60], [362, 337, 329])
1	0.7136589169472692	0.7290609712371979	([296, 259], [299, 280, 259])
1	0.7233059752757133	0.7293633432350909	([452, 371], [452, 408, 391])
1	0.7108386637936496	0.7294136893931442	([328, 236], [328, 288, 287])
1	0.7286706115762466	0.7297397213651912	([97, 24], [97, 68, 24])
1	0.7251492666365741	0.7298664890470611	([104, 8], [104, 50, 8])
1	0.7232349663932286	0.7301908784581259	([348, 271], [348, 327, 314])
1	0.7088210457327504	0.7305233982132716	([186, 131], [186, 151, 131])
1	0.7163024640987218	0.7311395337464692	([210, 142], [210, 190, 142])
1	0.7102139169941025	0.7312443335487672	([517, 476], [517, 501, 489])
1	0.7204807530224868	0.7314959022969496	([188, 3], [188, 167, 0])
1	0.7211009196616714	0.7314987815374366	([629, 523], [629, 620, 518])
1	0.7090902065504356	0.7315606919173785	([524, 427], [524, 514, 427])
1	0.710866211986112	0.7316497708705152	([602, 524], [602, 551, 550])
1	0.7042724850349756	0.7316681608632216	([618, 545], [618, 594, 545])
1	0.7295041731394807	0.731889070034019	([624, 540], [624, 589, 540])
1	0.7085526741940466	0.7319560157988254	([481, 423], [454, 446, 398])
1	0.7119282469146088	0.7320516588082758	([158, 122], [158, 151, 122])
1	0.716176082844464	0.7320798925432184	([119, 49], [119, 65, 62])
1	0.6711606073013179	0.7322062654931448	([193, 101], [101, 62, 1])
1	0.6965985283423518	0.732301964972015	([201, 119], [201, 194, 159])
1	0.711717147752885	0.7323107260958489	([595, 529], [600, 595, 529])
1	0.728382705422545	0.7325238827153042	([583, 490], [589, 583, 490])
1	0.7274446310117523	0.732578867098002	([453, 350], [443, 423, 404])
1	0.7316748525454894	0.733001476040481	([371, 258], [371, 310, 289])
1	0.7222872399719388	0.7331294798737295	([139, 77], [139, 77, 59])
1	0.7244409524797786	0.7331856244068833	([154, 25], [169, 154, 25])
1	0.7283897161614579	0.7332545582397659	([310, 247], [310, 280, 247])
1	0.7294320667468026	0.7333499019394525	([490, 401], [490, 481, 401])
1	0.6883890335670013	0.733655547966635	([154, 85], [154, 85, 84])
1	0.730592988989317	0.733672144081129	([645, 531], [645, 546, 544])
1	0.7292725224858149	0.733672144081129	([645, 546], [645, 628, 544])
1	0.7094629896197914	0.7337647130574276	([242, 151], [242, 239, 157])
1	0.7334891344552845	0.7339654948636417	([144, 45], [144, 114, 112])
1	0.7265405822680184	0.7340683518614161	([160, 119], [160, 156, 119])
1	0.7145754886011264	0.7340785860488995	([248, 162], [248, 241, 162])
1	0.7244277955900994	0.7341004496753882	([372, 324], [372, 354, 343])
1	0.7073165859131576	0.7343945228838685	([607, 542], [607, 579, 563])
1	0.7335998171251854	0.7347519571408246	([453, 389], [453, 389, 346])
1	0.7145184825749856	0.7348262632871809	([136, 49], [136, 86, 54])
1	0.72774164654432	0.7350253708249443	([343, 241], [343, 278, 241])
1	0.7277807159201218	0.7350368828303946	([132, 27], [165, 132, 130])
1	0.7151701809831037	0.735115543637549	([608, 523], [608, 594, 523])
1	0.7094581468486891	0.7351728347290345	([269, 191], [269, 240, 238])
1	0.7249222154187178	0.735263988578015	([389, 318], [389, 372, 318])
1	0.7314646157035003	0.735300965984814	([273, 201], [273, 267, 194])
1	0.7118528052578937	0.7353504389910249	([593, 530], [593, 552, 544])
1	0.7212678778460508	0.735417679708862	([618, 512], [618, 545, 514])
1	0.7345291708991815	0.735417679708862	([613, 514], [618, 613, 514])
1	0.710549758118605	0.7355440831951989	([197, 120], [196, 161, 154])
1	0.7203411592111234	0.7355798978782827	([406, 328], [406, 373, 346])
1	0.7149433868086338	0.7355827129638824	([617, 519], [618, 617, 512])
1	0.720866253068837	0.7361019587320626	([467, 418], [467, 447, 435])
1	0.7332735141814429	0.7361489088753544	([551, 434], [551, 497, 494])
1	0.7199332704417638	0.7361489088753544	([572, 497], [572, 551, 497])
1	0.7261849375811461	0.7362009798876168	([428, 345], [434, 428, 345])
1	0.728010018831763	0.736255985774138	([631, 558], [631, 558, 540])
1	0.7270494625227163	0.736255985774138	([631, 535], [631, 589, 540])
1	0.7249059915509322	0.7363017348357738	([196, 92], [196, 127, 92])
1	0.7212406872103596	0.7363525301889836	([98, 30], [98, 75, 30])
1	0.7234784949286573	0.7364069039351341	([257, 197], [257, 246, 197])
1	0.7280771694080723	0.7364827742717746	([559, 495], [559, 517, 509])
1	0.7048951172248599	0.7368096180001437	([610, 534], [610, 554, 544])
1	0.687227300383439	0.7369672475838444	([186, 36], [186, 36, 28])
1	0.672452687011228	0.7369993646064948	([341, 35], [416, 341, 339])
1	0.728835767682621	0.7369996174700183	([548, 459], [548, 540, 459])
1	0.7326138654028298	0.7370116074429153	([482, 379], [482, 476, 379])
1	0.7222227676107711	0.737012097386873	([158, 28], [122, 80, 30])
1	0.7296150223700663	0.7370234845412955	([654, 545], [654, 563, 560])
1	0.724631951221409	0.737068401790075	([375, 294], [375, 343, 338])
1	0.7060609098083825	0.7371249217172257	([582, 513], [582, 557, 513])
1	0.7272237381985547	0.7372470816320881	([489, 407], [489, 471, 407])
1	0.733663597798397	0.7376219850494644	([564, 449], [564, 523, 449])
1	0.7228031799218139	0.7376964878960843	([121, 47], [122, 121, 47])
1	0.7063184730750909	0.7379696733295394	([88, 7], [106, 88, 7])
1	0.7371210117405076	0.7380537402737415	([545, 466], [545, 540, 469])
1	0.5682595334052678	0.7380662595473664	([124, 38], [127, 58, 57])
1	0.7268975566689161	0.7381697324845635	([337, 239], [337, 292, 239])
1	0.6837767569587332	0.738325457657366	([241, 61], [277, 269, 61])
1	0.7374023935075043	0.7384200251945928	([581, 514], [613, 581, 563])
1	0.7360018415876998	0.7384762656938395	([576, 516], [576, 516, 490])
1	0.7236345884566462	0.7385928215553997	([190, 114], [190, 114, 59])
1	0.738036269232417	0.7386887001466679	([403, 308], [403, 375, 294])
1	0.7079338399976046	0.7387106442996888	([156, 89], [156, 89, 59])
1	0.579740670164612	0.7387933328415023	([191, 38], [191, 61, 38])
1	0.5810635862662378	0.7387933328415023	([191, 39], [191, 61, 39])
1	0.5987615976360192	0.7387933328415023	([258, 39], [269, 191, 61])
1	0.6932168122087535	0.7389243451895954	([447, 60], [501, 471, 468])
1	0.7245836740196347	0.7391523497901912	([641, 548], [641, 638, 557])
1	0.7086895701136926	0.7391659387575622	([204, 138], [204, 196, 127])
1	0.7370956558194934	0.7392382526764261	([542, 474], [542, 519, 478])
1	0.7159447863878189	0.7392382526764261	([565, 478], [565, 542, 478])
1	0.7298909910588632	0.7393989933695055	([354, 292], [354, 312, 305])
1	0.7374470536893233	0.7394015020187197	([304, 59], [304, 280, 269])
1	0.7061074973505191	0.7396094887755069	([633, 579], [633, 612, 604])
1	0.7322292616999214	0.739696377184161	([207, 136], [208, 207, 136])
1	0.7375513792164853	0.740265411823794	([517, 398], [517, 506, 398])
1	0.7193358155712356	0.7402919991485448	([563, 427], [602, 563, 542])
1	0.7055570766441542	0.7403095403021569	([724, 645], [724, 662, 651])
1	0.7364773884086171	0.7404230801973692	([238, 110], [238, 206, 110])
1	0.733003187685283	0.7405750475683012	([338, 274], [338, 306, 292])
1	0.7209870382317849	0.7405764685618466	([494, 408], [494, 481, 408])
1	0.7378549402908325	0.7406949515168006	([703, 608], [703, 648, 608])
1	0.7291616014019139	0.7413325513615131	([550, 446], [550, 461, 446])
1	0.7381387822641192	0.7413711147063548	([506, 416], [506, 471, 429])
1	0.7406236751066589	0.7413904898897539	([162, 64], [162, 152, 89])
1	0.7298254348249225	0.7414811270453617	([527, 438], [540, 527, 469])
1	0.7102854838286813	0.7415276310454033	([163, 68], [163, 137, 68])
1	0.7413994329629299	0.7417269245389563	([577, 498], [577, 557, 546])
1	0.73192953442926	0.7418042918284253	([388, 325], [388, 387, 325])
1	0.7364169562146359	0.7418842786132305	([387, 300], [387, 325, 300])
1	0.7348880430815233	0.7419537255803791	([165, 82], [165, 94, 82])
1	0.7304125276841048	0.7419537255803791	([147, 94], [165, 147, 94])
1	0.7273814896219513	0.7421305202732514	([524, 460], [524, 493, 477])
1	0.6910703873135529	0.742239610651075	([487, 368], [511, 472, 399])
1	0.6934061675007173	0.7422572071634315	([382, 60], [382, 337, 330])
1	0.7254178787873146	0.7422572071634315	([441, 337], [441, 382, 337])
1	0.7359918057589806	0.7422899832880487	([666, 610], [666, 648, 619])
1	0.7379972468835477	0.7424247329705649	([252, 195], [252, 244, 195])
1	0.7412348188428453	0.7425594922707028	([606, 532], [606, 597, 538])
1	0.7114793732548059	0.7426603549747776	([665, 584], [665, 612, 588])
1	0.7356413561759113	0.7427342932101602	([525, 406], [526, 525, 396])
1	0.7279274183535628	0.7427925018337973	([537, 483], [537, 518, 497])
1	0.7416832890926024	0.7429075244119054	([374, 295], [394, 374, 295])
1	0.7113489179836472	0.7430089802379866	([705, 620], [705, 640, 620])
1	0.709452293336113	0.7430395843743738	([427, 294], [427, 255, 244])
1	0.7275465450336056	0.7430447590217025	([686, 13], [690, 686, 16])
1	0.7364923682971306	0.7432364187544265	([362, 242], [362, 259, 242])
1	0.7216409050270657	0.743281330776802	([603, 528], [603, 594, 523])
1	0.740955039335614	0.743286709954963	([657, 553], [657, 588, 572])
1	0.7094246324655193	0.7432967195265773	([246, 196], [247, 213, 196])
1	0.6893093028515833	0.7433971705405493	([615, 472], [615, 614, 513])
1	0.7226346041918209	0.7435309877287851	([638, 557], [650, 638, 557])
1	0.7432788871349804	0.7436332851256806	([421, 288], [421, 406, 288])
1	0.7210287870824502	0.7436656867026801	([656, 565], [656, 633, 579])
1	0.7296728281794416	0.7436748228418384	([446, 340], [446, 387, 385])
1	0.738635679993379	0.743788540267086	([492, 362], [492, 487, 368])
1	0.7366141270736112	0.7438423264008631	([552, 455], [552, 544, 455])
1	0.7270961230452843	0.7439027286843355	([564, 482], [564, 482, 449])
1	0.7287301143824128	0.7439290468656369	([259, 155], [259, 236, 155])
1	0.7305148603323993	0.7440262345628175	([621, 515], [621, 589, 503])
1	0.7394097501296949	0.7440839845192891	([355, 59], [367, 355, 59])
1	0.7128003323145685	0.7445060305355566	([361, 291], [368, 331, 291])
1	0.7371124942058765	0.7445587048371948	([404, 59], [430, 404, 371])
1	0.7389356656309627	0.7445743763933782	([201, 29], [201, 186, 29])
1	0.693411481708206	0.7446328606525865	([509, 427], [503, 492, 427])
1	0.6653559057714094	0.7449978842935634	([416, 35], [341, 293, 284])
1	0.7248119639038746	0.7450505450825153	([544, 456], [545, 544, 473])
1	0.7402698696729414	0.7451131100128725	([160, 97], [160, 97, 68])
1	0.7297242605041107	0.745182385042509	([345, 246], [345, 293, 279])
1	0.74279776716488	0.745189289073949	([194, 87], [194, 165, 87])
1	0.7417311943420732	0.7455977061065504	([479, 382], [479, 469, 382])
1	0.7267555160537481	0.7456093439246652	([638, 512], [638, 622, 512])
1	0.7434853450060684	0.7457762333840057	([658, 513], [658, 621, 513])
1	0.7183076407002721	0.7462639029274397	([397, 302], [397, 364, 302])
1	0.7286639994267459	0.7463335071126607	([694, 11], [686, 675, 15])
1	0.5746922066748187	0.7463434996292717	([98, 38], [124, 105, 56])
1	0.7454889847216165	0.7464134949752539	([284, 229], [284, 244, 229])
1	0.7098879065089293	0.7464345449911571	([196, 26], [196, 92, 80])
1	0.7417040385506232	0.7465813328039445	([517, 448], [517, 470, 448])
1	0.7267540519918856	0.7466800974132665	([158, 72], [158, 154, 84])
1	0.7334240434721581	0.746780614049705	([484, 421], [484, 477, 426])
1	0.7392202553560294	0.7469052632849216	([539, 480], [539, 516, 515])
1	0.739038333807432	0.7471553717153869	([378, 246], [378, 340, 246])
1	0.7460546354764052	0.7473906568604789	([159, 66], [159, 153, 66])
1	0.7406842726324039	0.7473924854817069	([522, 432], [522, 479, 432])
1	0.7466237636911708	0.7474364761861756	([708, 626], [708, 700, 626])
1	0.7360839121729907	0.747437080249214	([338, 59], [338, 329, 59])
1	0.7463477559040989	0.7478071606478383	([439, 366], [439, 399, 392])
1	0.7404427175724729	0.7478246035972407	([544, 431], [544, 494, 431])
1	0.7441294499287422	0.7479007809155601	([423, 316], [423, 420, 316])
1	0.7429221786222656	0.748099663012792	([296, 228], [296, 249, 244])
1	0.721503005421053	0.7481343651035335	([200, 72], [200, 196, 92])
1	0.7295025350948087	0.7485532066472746	([655, 581], [655, 614, 599])
1	0.7413316090021091	0.7488299129817574	([337, 191], [337, 240, 239])
1	0.7373997702180943	0.7488992338373726	([178, 136], [178, 166, 136])
1	0.7194804085407379	0.7491020139027342	([658, 562], [658, 600, 562])
1	0.7265598897168852	0.7491062443750569	([339, 251], [339, 267, 251])
1	0.7051874348900377	0.749121347628162	([541, 60], [541, 511, 501])
1	0.7478088787997219	0.7491344249515669	([408, 278], [408, 357, 278])
1	0.7265460194830745	0.7491722348849812	([555, 463], [555, 544, 463])
1	0.7341947753914535	0.7492742011224899	([350, 247], [350, 291, 278])
1	0.7269047838894364	0.749441669724736	([446, 312], [436, 382, 312])
1	0.6999880238848224	0.7494710368068865	([274, 159], [274, 247, 197])
1	0.7172517002962449	0.7494779410388088	([529, 435], [529, 497, 427])
1	0.7490631042798837	0.7496426035231359	([685, 228], [685, 681, 228])
1	0.7365892081045509	0.7496433743967615	([431, 59], [404, 402, 59])
1	0.6893336049563678	0.7497597883312653	([550, 461], [537, 483, 476])
1	0.7259177057779317	0.7503670554965866	([646, 555], [646, 631, 558])
1	0.7336785300810647	0.7505013496313393	([125, 29], [125, 96, 1])
1	0.739079947302031	0.7505114468026923	([704, 513], [724, 630, 614])
1	0.7484766868103047	0.750605637957229	([588, 504], [588, 522, 508])
1	0.7489969793653617	0.750605637957229	([632, 508], [632, 588, 508])
1	0.7199044112180445	0.7506106316550439	([526, 397], [525, 494, 396])
1	0.7492874495759456	0.7507200402819408	([574, 484], [574, 572, 484])
1	0.7307419632999391	0.7508605859513895	([469, 367], [487, 469, 367])
1	0.7477481689026126	0.7512251475396328	([578, 477], [578, 552, 477])
1	0.7269020832937114	0.7513020359832319	([534, 446], [534, 506, 492])
1	0.7483788899947056	0.7513341327166565	([575, 434], [575, 535, 434])
1	0.7461666505382518	0.7517952343694675	([445, 325], [445, 428, 394])
1	0.7505727383345346	0.752157426696754	([258, 143], [258, 203, 193])
1	0.733702132655253	0.7522152504035795	([483, 425], [483, 472, 450])
1	0.7307546084713308	0.7523244667332549	([334, 262], [334, 318, 262])
1	0.746286549127706	0.7524070456142273	([548, 430], [548, 520, 430])
1	0.7508246964362528	0.7525856758939449	([523, 423], [523, 449, 423])
1	0.7502525908701632	0.7526015092386102	([318, 228], [318, 299, 228])
1	0.7494758494161841	0.7529537628748525	([249, 198], [255, 249, 198])
1	0.7499402122466143	0.7529777946962204	([666, 540], [666, 610, 589])
1	0.6541747589739066	0.7531976132127767	([427, 228], [427, 368, 330])
1	0.7419781434321671	0.7531976132127767	([409, 330], [427, 409, 330])
1	0.5758934436012596	0.7533626428297274	([37, 9], [41, 37, 9])
1	0.7447889118150077	0.7534882805331988	([509, 402], [509, 427, 399])
1	0.7520518108289285	0.7535737846842967	([536, 451], [536, 492, 467])
1	0.7242777937778083	0.7536537903643282	([691, 232], [688, 680, 232])
1	0.7460951971077033	0.7536818934438037	([419, 323], [419, 360, 323])
1	0.7490461015418295	0.7539795901454539	([427, 143], [427, 238, 213])
1	0.7516902940954575	0.7539795901454539	([430, 238], [430, 427, 238])
1	0.7514442055196632	0.7540044277921814	([721, 0], [723, 721, 0])
1	0.7270905702357277	0.7540838124005048	([347, 266], [347, 287, 266])
1	0.7247531235137507	0.7542168446059724	([272, 132], [270, 239, 136])
1	0.751579378598999	0.7543670422866723	([95, 0], [95, 72, 0])
1	0.7258212434088999	0.7543718122940043	([244, 156], [244, 241, 156])
1	0.6841866484857775	0.7544467650120749	([501, 60], [470, 398, 382])
1	0.7385049275139196	0.7547820755465386	([448, 327], [448, 431, 327])
1	0.7403708901387132	0.7549377439584405	([254, 177], [254, 252, 177])
1	0.7501008229159222	0.7551243115990015	([519, 401], [519, 500, 401])
1	0.7345417099590659	0.7552459074361179	([386, 327], [386, 379, 327])
1	0.7449177172504376	0.755640305302419	([297, 154], [297, 276, 154])
1	0.7133483884553625	0.7557143291957824	([684, 21], [687, 684, 21])
1	0.74584567491366	0.755738973524438	([197, 81], [197, 120, 81])
1	0.7528784233321109	0.7557586343880015	([353, 274], [366, 344, 293])
1	0.736574566484905	0.755991616066782	([410, 315], [431, 410, 315])
1	0.7553807892589446	0.7560664718609051	([376, 299], [376, 335, 320])
1	0.7269465137392013	0.7563049824394353	([653, 532], [653, 611, 586])
1	0.7434877734239622	0.7564033426648071	([269, 138], [269, 191, 154])
1	0.7246880380630121	0.7566725278793348	([285, 156], [285, 280, 156])
1	0.7424791255231913	0.7569227451950571	([474, 374], [474, 446, 374])
1	0.7525957114460581	0.7569909448602872	([383, 280], [383, 365, 280])
1	0.73464129849065	0.7570326830523346	([284, 162], [284, 258, 203])
1	0.750787981752942	0.757318268644101	([440, 314], [440, 398, 364])
1	0.7496595901369738	0.7573195000979306	([674, 169], [678, 674, 228])
1	0.7491620629090148	0.7573734139806589	([667, 585], [667, 660, 585])
1	0.749655858120249	0.7574027397713287	([275, 164], [275, 260, 153])
1	0.7568999388408802	0.7574872820761298	([508, 359], [544, 508, 473])
1	0.7528242252584663	0.7575040561487878	([607, 464], [607, 535, 518])
1	0.7565169457000348	0.757805542813402	([556, 450], [556, 544, 463])
1	0.7556657229717622	0.7580078753401328	([414, 337], [427, 414, 337])
1	0.7345336833624871	0.7580838028323027	([557, 59], [639, 557, 555])
1	0.7392330232255953	0.7584021299119215	([202, 64], [202, 64, 1])
1	0.7544863329565826	0.7587444523761979	([407, 284], [407, 391, 284])
1	0.7352567781617458	0.7588357371703659	([532, 453], [532, 484, 467])
1	0.7568233846110034	0.7588970737614731	([385, 298], [385, 384, 298])
1	0.7583936349459539	0.7589259885796487	([411, 324], [411, 410, 313])
1	0.75706746534452	0.7592429342558501	([427, 51], [427, 228, 51])
1	0.757225216592737	0.7592748599491989	([246, 7], [246, 210, 196])
1	0.7288443786378398	0.7593144547467628	([428, 236], [428, 343, 328])
1	0.7479418947630657	0.7594000502741269	([471, 365], [471, 365, 351])
1	0.7520994558319551	0.7598076161606664	([549, 445], [549, 461, 445])
1	0.7412708934027483	0.7599549514900152	([261, 163], [261, 253, 163])
1	0.7229413235841957	0.759957579907113	([471, 338], [471, 367, 351])
1	0.7442407684047609	0.7599632255041272	([635, 468], [635, 614, 468])
1	0.7569091312103764	0.7599643530759854	([245, 164], [245, 236, 164])
1	0.4650599569193737	0.7599698386946293	([226, 216], [226, 216, 182])
1	0.7488556497278229	0.7600119227491912	([291, 189], [291, 245, 238])
1	0.7519411364736329	0.7600788061867331	([287, 199], [287, 242, 199])
1	0.707535626487878	0.7601459059589849	([687, 19], [675, 674, 228])
1	0.7544909266346856	0.7602346040975628	([358, 257], [387, 358, 325])
1	0.7526410677485951	0.7602965123215637	([439, 287], [439, 425, 287])
1	0.7539317921751808	0.7605243780942484	([488, 59], [514, 488, 469])
1	0.7481258811035831	0.760769200996708	([240, 34], [240, 209, 187])
1	0.7552455788721494	0.7610810612750659	([279, 150], [314, 150, 133])
1	0.7507921093482919	0.7611759428136261	([302, 232], [295, 266, 232])
1	0.7457524018081592	0.761372750758235	([723, 34], [723, 681, 0])
1	0.6847829364556153	0.7613913837061466	([679, 427], [669, 660, 427])
1	0.5290263906498408	0.7615924248439867	([221, 19], [221, 175, 19])
1	0.747762088923632	0.7618330988627506	([575, 467], [582, 501, 483])
1	0.7130003816717965	0.761922103669915	([518, 391], [518, 485, 390])
1	0.7598229501480941	0.7621060589848577	([268, 140], [268, 211, 191])
1	0.7431424759561671	0.7621894494423047	([334, 210], [334, 269, 210])
1	0.7366072194145047	0.7622623303245553	([277, 151], [277, 238, 151])
1	0.7620430272328882	0.7623671799918739	([466, 377], [466, 438, 377])
1	0.7521636767876356	0.7623702857454892	([520, 384], [520, 419, 404])
1	0.745955551154251	0.7623703202916763	([367, 239], [367, 309, 303])
1	0.7577265774918371	0.7626036839436726	([511, 334], [511, 368, 334])
1	0.7122211736916461	0.76269636248683	([496, 385], [496, 413, 385])
1	0.7401425069256201	0.7628461498525055	([327, 152], [327, 241, 212])
1	0.7554403612008782	0.7630204129635313	([318, 160], [318, 280, 160])
1	0.759585947657309	0.7632551220197378	([510, 397], [510, 473, 468])
1	0.7534201161560178	0.7633408583035821	([336, 211], [336, 267, 243])
1	0.7404834841945002	0.7634038185082993	([582, 431], [582, 492, 467])
1	0.7418247091131942	0.7638407539832496	([530, 413], [530, 452, 413])
1	0.7631743255312861	0.7639675902950732	([246, 72], [246, 159, 84])
1	0.7487137735448877	0.7640410391332922	([282, 165], [282, 248, 165])
1	0.7496040797041569	0.764257744743018	([315, 147], [315, 267, 147])
1	0.7624493757379298	0.7648993676420114	([293, 155], [293, 252, 155])
1	0.7428915807095722	0.7649694091442246	([682, 180], [682, 681, 18])
1	0.7500123845327761	0.7650732017707563	([703, 511], [703, 615, 608])
1	0.7643373242033509	0.7653596215366135	([642, 521], [642, 590, 556])
1	0.7541913467675037	0.7655609099444752	([517, 228], [517, 425, 228])
1	0.7604079045400567	0.765898165116754	([289, 157], [289, 277, 157])
1	0.7509466923341058	0.7660342888068857	([271, 128], [271, 209, 126])
1	0.7144995438009197	0.7662304857477672	([423, 264], [423, 341, 316])
1	0.7552203067320493	0.7662355509089678	([619, 471], [619, 516, 515])
1	0.7562460908246906	0.7663036428212786	([294, 122], [275, 167, 153])
1	0.7634192981191321	0.7663623706681907	([432, 298], [434, 432, 298])
1	0.7541264608555599	0.7664186465231865	([541, 423], [541, 478, 423])
1	0.738185105124222	0.766431344669911	([387, 257], [387, 325, 260])
1	0.7606353575850487	0.7670815866445251	([452, 335], [452, 357, 335])
1	0.7495098326868751	0.7674953106330237	([597, 452], [616, 597, 452])
1	0.7629946180934215	0.7677262461024208	([584, 415], [584, 526, 513])
1	0.7645991010048461	0.7677665486982757	([93, 13], [93, 31, 13])
1	0.7668636389697201	0.7680157614584374	([290, 211], [290, 252, 211])
1	0.7623749599152981	0.7682637781565137	([406, 246], [406, 327, 325])
1	0.7315030987402223	0.7682855738367098	([282, 72], [282, 165, 158])
1	0.7534728160266749	0.7683280358395849	([514, 59], [488, 439, 431])
1	0.7632447511003215	0.7684452155222797	([434, 296], [432, 342, 339])
1	0.7663157522999624	0.7684744492610895	([393, 283], [393, 325, 288])
1	0.7612467567929211	0.7689441650003577	([413, 297], [413, 358, 312])
1	0.7518523065510133	0.7691650394886647	([357, 200], [357, 289, 203])
1	0.7623789580152838	0.769231102784237	([467, 337], [481, 467, 337])
1	0.7563614845274905	0.7695944768091154	([462, 317], [462, 441, 317])
1	0.7476816331317726	0.7696529984265099	([533, 436], [533, 460, 436])
1	0.7040403868277643	0.7700905441920418	([427, 30], [427, 51, 30])
1	0.766617164556447	0.7702883649085368	([683, 173], [683, 680, 173])
1	0.7658102319954253	0.7703695319405864	([316, 217], [316, 285, 217])
1	0.755025657607556	0.7705896957472129	([311, 196], [311, 263, 255])
1	0.7497560797970362	0.7707052018230295	([324, 146], [324, 253, 146])
1	0.7505775638507274	0.7708161906383829	([314, 133], [279, 241, 150])
1	0.7673073170098998	0.7713189221169412	([376, 248], [376, 328, 248])
1	0.7708299761632722	0.7718070189171562	([278, 130], [278, 137, 130])
1	0.7621233529605665	0.7720190337015792	([293, 202], [303, 293, 202])
1	0.7685871045184216	0.7720286092331277	([241, 79], [253, 241, 79])
1	0.7529313457298579	0.7721483889188532	([601, 478], [601, 549, 478])
1	0.7617252365251448	0.772388018342181	([262, 118], [278, 262, 130])
1	0.7477482547412727	0.7725192223844067	([325, 134], [325, 273, 134])
1	0.7659453051260136	0.7733322211093597	([454, 274], [454, 350, 274])
1	0.7523409445758457	0.7736355817896372	([473, 238], [473, 427, 368])
1	0.7389339900323862	0.7738481194476148	([664, 430], [669, 664, 430])
1	0.7704017058243592	0.773927830666716	([286, 125], [286, 172, 125])
1	0.7685098141368977	0.7740304501079124	([699, 510], [699, 622, 515])
1	0.770925950896264	0.7740652039121357	([289, 123], [289, 280, 123])
1	0.7678466180478783	0.7741271897360017	([349, 193], [349, 294, 241])
1	0.7485937891765593	0.7743067338753763	([276, 120], [276, 154, 130])
1	0.7436987536174234	0.7757512400211601	([460, 280], [460, 378, 325])
1	0.7545954652083514	0.776098692210993	([364, 139], [364, 270, 236])
1	0.7696209453296649	0.7764634410353272	([385, 253], [393, 385, 253])
1	0.7687131404706632	0.7764872710183415	([455, 305], [455, 390, 305])
1	0.7677435349764588	0.7765988284540396	([325, 155], [325, 288, 155])
1	0.7461958876913238	0.7767031940925186	([329, 154], [329, 262, 203])
1	0.7657421270130002	0.7771317692868198	([697, 229], [697, 692, 229])
1	0.7738084695362629	0.7771875344708651	([595, 406], [595, 474, 406])
1	0.6622229725056892	0.7772563806993907	([307, 35], [303, 202, 192])
1	0.7647189598801467	0.7773338768850275	([291, 66], [291, 160, 159])
1	0.7675093444774167	0.7773531729548145	([429, 229], [429, 324, 259])
1	0.7664286288580073	0.7777763292003845	([285, 86], [285, 268, 86])
1	0.7717839642950504	0.7779114311731692	([614, 430], [614, 513, 430])
1	0.7707499799805502	0.7781128782892125	([665, 1], [723, 665, 1])
1	0.6597221349420881	0.7781128782892125	([724, 1], [724, 723, 1])
1	0.7578463778295678	0.7781776852842729	([407, 34], [444, 407, 345])
1	0.7771354133900207	0.7783775073345205	([546, 422], [546, 516, 420])
1	0.754666387930321	0.7785087970764685	([294, 94], [294, 122, 94])
1	0.7749168775775285	0.7786202137262923	([535, 386], [535, 457, 432])
1	0.7470879085544934	0.7787728031131459	([169, 104], [213, 169, 104])
1	0.7261010704978907	0.7789527046033435	([663, 428], [663, 522, 518])
1	0.7355493674693352	0.7790830707082331	([670, 233], [691, 670, 179])
1	0.7362881707255513	0.7799403755460388	([721, 617], [721, 703, 617])
1	0.7742947267851049	0.7799855712446576	([606, 465], [606, 602, 465])
1	0.7685676744810717	0.7800908139147611	([335, 151], [335, 239, 238])
1	0.7748544376311102	0.7809834740814395	([685, 591], [685, 667, 591])
1	0.761606849061406	0.7811067671184485	([366, 191], [366, 357, 191])
1	0.7586206718074215	0.7812936274629463	([484, 326], [484, 374, 326])
1	0.7537795165786749	0.7814995959138609	([661, 34], [695, 661, 34])
1	0.7763038186445084	0.782398763998058	([382, 286], [382, 314, 253])
1	0.7748820032954681	0.7834073933308076	([578, 417], [578, 555, 417])
1	0.7546417447735395	0.7834684808964493	([478, 323], [478, 375, 323])
1	0.7780337880154237	0.7837223959329243	([461, 262], [461, 370, 262])
1	0.7739861152891881	0.7839340449524745	([604, 382], [604, 517, 470])
1	0.7690196788169538	0.7842685220554608	([419, 276], [419, 323, 311])
1	0.7688419447986358	0.7845146615287588	([642, 480], [642, 617, 590])
1	0.7662103666882891	0.7846046262268112	([312, 127], [330, 312, 127])
1	0.7790792993229473	0.7846926654491908	([676, 236], [676, 477, 428])
1	0.7824500107258374	0.7851837073065232	([535, 354], [535, 398, 386])
1	0.7752187886955348	0.7852579919846442	([698, 502], [698, 616, 509])
1	0.7769527282941103	0.7853707459060467	([350, 40], [350, 336, 63])
1	0.7541539535791806	0.785965662354208	([522, 10], [522, 390, 362])
1	0.7823665171246857	0.78635630332531	([551, 385], [551, 526, 385])
1	0.7852894168177509	0.7863807173163879	([576, 419], [594, 576, 419])
1	0.7608147266836454	0.7863834923183329	([330, 87], [330, 197, 194])
1	0.5730258884466034	0.7864355556360109	([237, 39], [258, 237, 186])
1	0.756122924760736	0.7868233039326277	([414, 135], [414, 364, 135])
1	0.6337271604846905	0.7868637378638025	([479, 35], [479, 416, 408])
1	0.7842675714881264	0.7871298756358488	([549, 317], [549, 435, 391])
1	0.7551697352125888	0.787289798732651	([493, 308], [493, 401, 399])
1	0.7440259368158527	0.7873473182624244	([724, 537], [724, 623, 537])
1	0.7743751453988659	0.7874156403203071	([619, 236], [676, 672, 236])
1	0.7879027586521679	0.788178885972542	([606, 437], [606, 549, 437])
1	0.7772657305335207	0.7883377983307773	([518, 285], [518, 397, 287])
1	0.7849536221030631	0.7884519323795214	([662, 31], [700, 662, 0])
1	0.7684652691195389	0.7884995765779275	([492, 271], [492, 362, 327])
1	0.7741486142251072	0.7886382979198744	([476, 275], [476, 394, 370])
1	0.7763130232213628	0.7887036390839188	([309, 118], [309, 282, 118])
1	0.7849225218807054	0.7889601451282258	([605, 422], [605, 518, 422])
1	0.7842219794782683	0.7897820531640563	([453, 197], [453, 343, 197])
1	0.776244452187938	0.7898408715960906	([336, 105], [350, 191, 45])
1	0.7846959650654339	0.7900767688010041	([566, 346], [566, 481, 346])
1	0.7828300436194423	0.7900809740742621	([351, 141], [351, 261, 141])
1	0.7710613816758862	0.7904583657314803	([287, 65], [287, 161, 65])
1	0.7897194318285754	0.7912256644926301	([323, 90], [323, 287, 65])
1	0.7614246537537825	0.7913411646251794	([292, 75], [292, 201, 119])
1	0.783621403417595	0.7917910043265608	([554, 278], [554, 487, 338])
1	0.7606936683204407	0.7922599208020218	([520, 34], [520, 511, 34])
1	0.7422672107437291	0.7922599208020218	([444, 34], [723, 511, 34])
1	0.776949504185021	0.7923122077728109	([664, 25], [664, 662, 31])
1	0.79222396742703	0.7923122077728109	([699, 31], [699, 664, 31])
1	0.7886665823441029	0.7927786575525618	([516, 314], [516, 441, 314])
1	0.788953720497528	0.792838283675257	([696, 605], [696, 663, 605])
1	0.7872467255853943	0.7929638339068414	([405, 202], [405, 318, 194])
1	0.6954350546921308	0.7930078091773606	([641, 60], [649, 474, 470])
1	0.7867637349601476	0.7932239957503807	([265, 96], [265, 159, 152])
1	0.7868571973321932	0.7933248744567063	([460, 243], [460, 338, 280])
1	0.7894171669975493	0.793554228877714	([375, 166], [375, 322, 166])
1	0.771338579676957	0.7939235465304517	([426, 161], [426, 232, 214])
1	0.7795426864099234	0.7940218945381399	([371, 118], [371, 262, 245])
1	0.7644640033227307	0.7942938990291247	([458, 299], [458, 374, 299])
1	0.6061145997976143	0.7952421024750026	([162, 38], [162, 38, 27])
1	0.7263920914874731	0.7955705001013439	([642, 59], [557, 408, 367])
1	0.7703545037940402	0.7958093469497093	([181, 99], [181, 138, 99])
1	0.7950472218703071	0.7959017191528227	([424, 87], [424, 87, 32])
1	0.7689965790205783	0.795946646377586	([374, 66], [409, 349, 159])
1	0.7818492952560127	0.7959478491716659	([354, 121], [354, 343, 121])
1	0.7911657308560704	0.7960113796067414	([331, 69], [331, 287, 69])
1	0.7294677813604342	0.7960691999263184	([418, 61], [399, 267, 61])
1	0.7812710520892977	0.7964117260991016	([359, 122], [359, 273, 122])
1	0.7922424983150741	0.7965420569960668	([496, 61], [496, 446, 61])
1	0.7842556455114744	0.7967130410458626	([373, 70], [373, 290, 260])
1	0.7809816307524742	0.7969020876530423	([658, 358], [658, 514, 481])
1	0.7808712540461011	0.7969799848510738	([420, 10], [428, 420, 180])
1	0.7533964053999371	0.7969861835640744	([284, 30], [284, 61, 30])
1	0.7778672838595249	0.7971594228600815	([410, 24], [410, 199, 159])
1	0.7863663544382266	0.7973573198890711	([635, 429], [635, 468, 408])
1	0.766881549864248	0.7973903089748839	([334, 54], [334, 210, 138])
1	0.7442543203601432	0.7975861511388744	([428, 126], [428, 350, 265])
1	0.7340177196062762	0.7976997842375343	([322, 66], [322, 166, 158])
1	0.7963584028018567	0.7982754237161301	([388, 72], [388, 377, 72])
1	0.7706286900448522	0.798435280313551	([332, 31], [332, 212, 31])
1	0.7886608345454759	0.7986598945040903	([369, 145], [369, 254, 154])
1	0.7025778838051335	0.7986614218122702	([701, 60], [701, 625, 504])
1	0.7884930324438928	0.7989591757997035	([553, 363], [553, 422, 421])
1	0.7853621465444909	0.7990425449408953	([429, 193], [429, 337, 193])
1	0.7978534476530015	0.7990978451030133	([312, 26], [312, 290, 26])
1	0.7913371537483026	0.7994681272198044	([403, 85], [403, 346, 141])
1	0.7974425126914122	0.7994681272198044	([482, 141], [482, 403, 141])
1	0.7981517122347116	0.7997007561626841	([517, 249], [517, 272, 249])
1	0.7829928593608659	0.8000227647388221	([321, 95], [321, 152, 64])
1	0.796894681558611	0.800415090469408	([392, 68], [392, 371, 68])
1	0.7999687078838379	0.8009462684337346	([318, 100], [318, 316, 100])
1	0.7926278035645831	0.8009462684337346	([404, 100], [404, 316, 100])
1	0.7891456023721183	0.8009570275218066	([333, 115], [333, 212, 135])
1	0.780758283943237	0.8010459415276159	([604, 318], [604, 446, 388])
1	0.7768748389254762	0.8014281916838564	([424, 26], [424, 280, 160])
1	0.7697494696810753	0.8017625490729064	([664, 235], [664, 428, 235])
1	0.748648595188194	0.8017684865224164	([362, 10], [575, 522, 434])
1	0.8003119828045119	0.8021555790412729	([660, 197], [660, 427, 197])
1	0.8011323546679717	0.802348499131577	([707, 49], [707, 703, 49])
1	0.8008406117884186	0.8024875662249721	([319, 82], [319, 316, 82])
1	0.8023750931586034	0.8027033653707059	([363, 144], [363, 228, 192])
1	0.7867888252747164	0.803015667950449	([655, 61], [664, 655, 61])
1	0.799594859106261	0.8032090786946917	([550, 302], [550, 414, 344])
1	0.8027325118488245	0.8038489905447105	([368, 90], [368, 90, 55])
1	0.7224883652808344	0.8038989998133544	([683, 59], [683, 654, 623])
1	0.7942079704621655	0.803993559401823	([512, 192], [512, 472, 398])
1	0.7865501309186858	0.8052754821057021	([442, 92], [446, 442, 92])
1	0.8020971733207969	0.805299183958493	([383, 65], [383, 296, 65])
1	0.7785960719962238	0.8053246249115811	([387, 82], [387, 313, 82])
1	0.7745934111100257	0.8053422959068254	([703, 3], [708, 703, 3])
1	0.789057273107096	0.8056193272420485	([431, 164], [431, 281, 160])
1	0.7949447156916244	0.8059040685363776	([702, 7], [702, 510, 502])
1	0.8013651421998051	0.8062063748199688	([440, 65], [440, 296, 280])
1	0.7860904921144908	0.8066461536448882	([698, 429], [698, 509, 429])
1	0.7926091884143082	0.8072268051542799	([472, 189], [472, 407, 192])
1	0.7953395920389207	0.80727611108376	([667, 103], [667, 426, 5])
1	0.7712926645829796	0.807482936612826	([676, 29], [676, 236, 29])
1	0.8030347210944822	0.8079320473097898	([369, 94], [369, 318, 94])
1	0.7899674301892617	0.8085722193381663	([484, 148], [484, 302, 152])
1	0.797840550378174	0.8088197947270354	([457, 251], [457, 384, 343])
1	0.7776536688732868	0.809154930499285	([405, 93], [405, 194, 61])
1	0.8094079195160876	0.8099990592934231	([683, 363], [683, 657, 363])
1	0.7991886528513236	0.8100382705236219	([704, 359], [704, 512, 502])
1	0.8032635216848403	0.8102294750214633	([425, 128], [425, 318, 128])
1	0.6132030525406378	0.8102661722498544	([310, 38], [310, 155, 125])
1	0.7943169202870672	0.8102831926203533	([415, 251], [415, 361, 312])
1	0.8057195816489898	0.8102912309890618	([620, 71], [620, 71, 1])
1	0.5469561365356731	0.8106333447397152	([218, 217], [231, 219, 218])
1	0.8101490815504909	0.8106975168586863	([339, 85], [339, 249, 201])
1	0.8032728221138468	0.8107065101966661	([482, 195], [482, 325, 155])
1	0.7980100608153248	0.8108913761056351	([422, 162], [430, 422, 162])
1	0.809687633760047	0.8118971023508753	([434, 83], [434, 328, 83])
1	0.783028917375556	0.8123124319650338	([471, 146], [471, 331, 111])
1	0.7761776182269803	0.8128686088791094	([353, 65], [353, 342, 65])
1	0.8008130804542476	0.8130099294639044	([504, 209], [467, 364, 292])
1	0.6848497009560518	0.8132464702603104	([120, 36], [120, 36, 28])
1	0.8128876210874024	0.8132935710857766	([571, 293], [571, 463, 293])
1	0.8035505908725638	0.813379505340505	([703, 341], [703, 469, 366])
1	0.8043271396365232	0.8138283476803683	([535, 122], [535, 354, 294])
1	0.8042881018364845	0.8139445311910961	([715, 198], [715, 205, 198])
1	0.7975425654864443	0.8139445311910961	([715, 8], [715, 704, 205])
1	0.7788712026013086	0.8139746207697189	([495, 257], [495, 345, 294])
1	0.8018820455112149	0.8144309153974686	([661, 328], [661, 514, 328])
1	0.7913235496857183	0.814463622242966	([573, 353], [573, 544, 353])
1	0.7841299281101829	0.814972145282906	([699, 211], [699, 334, 211])
1	0.7936561741553001	0.8149745854035478	([716, 351], [716, 510, 471])
1	0.814664432674115	0.8155890177144259	([655, 264], [655, 513, 264])
1	0.8015944115869724	0.8166356753791558	([557, 41], [557, 59, 57])
1	0.7941880962041356	0.8168700490173967	([419, 116], [419, 288, 116])
1	0.8071843725280373	0.8169322922989828	([497, 75], [461, 289, 125])
1	0.8060176112151046	0.8170738869060217	([398, 25], [398, 264, 25])
1	0.799136542237253	0.8173249281828051	([625, 51], [665, 624, 51])
1	0.811665843180325	0.8173417615642692	([612, 138], [713, 705, 138])
1	0.6100421991358084	0.8175755310116343	([720, 37], [720, 664, 61])
1	0.8135455929510659	0.8176328154231669	([408, 96], [408, 327, 96])
1	0.7798407890548598	0.8178561058891398	([701, 193], [701, 193, 189])
1	0.8104586203710518	0.8184691404155294	([509, 133], [509, 391, 318])
1	0.8052661038834139	0.8184691549994828	([609, 319], [609, 455, 396])
1	0.8071404092032175	0.8188567124927663	([703, 214], [703, 670, 214])
1	0.8115386923085721	0.8190431061791844	([666, 317], [666, 518, 488])
1	0.804506802717997	0.8197593711082026	([607, 67], [607, 494, 476])
1	0.8109045436676166	0.8199084086901258	([450, 93], [452, 450, 93])
1	0.8142711764914898	0.820117478909971	([663, 42], [663, 620, 1])
1	0.8080654381615116	0.8202733206614966	([563, 242], [563, 430, 242])
1	0.7946377044311094	0.8204340363932062	([473, 112], [473, 453, 112])
1	0.7871183002184425	0.8212459668634403	([429, 8], [429, 193, 8])
1	0.8193947052191813	0.8213655060592281	([604, 212], [604, 318, 199])
1	0.8053868523499679	0.8213688700264531	([500, 106], [500, 354, 139])
1	0.8185418081186635	0.8214713248006281	([464, 1], [464, 427, 248])
1	0.8075243966291689	0.8218283060365745	([513, 140], [513, 327, 140])
1	0.8189745992142855	0.822039141985245	([594, 214], [594, 431, 214])
1	0.8177980088400003	0.8222258220163062	([495, 64], [495, 257, 195])
1	0.8097355770096327	0.8223716632442644	([463, 79], [463, 400, 79])
1	0.8176538955831575	0.8226669758195567	([630, 136], [619, 602, 136])
1	0.8083279150204489	0.8227460770439295	([502, 40], [672, 502, 497])
1	0.8053883214132878	0.8228857670481066	([504, 98], [504, 209, 193])
1	0.8182687141309939	0.8229409232228964	([558, 205], [672, 558, 178])
1	0.8193594283421657	0.8234179229214658	([718, 336], [718, 617, 504])
1	0.8144138078660559	0.8235437168267897	([667, 152], [667, 427, 152])
1	0.814414692878908	0.8236942218790263	([652, 131], [665, 652, 131])
1	0.8043336606524739	0.8237807139597684	([608, 24], [608, 430, 427])
1	0.8175067760050948	0.823875354249476	([597, 78], [597, 78, 25])
1	0.7887662717652303	0.8239073120811299	([309, 48], [309, 278, 48])
1	0.80669719682663	0.824230331473793	([705, 113], [705, 503, 337])
1	0.8040226692988584	0.824299204509613	([573, 120], [573, 242, 195])
1	0.7987957743636316	0.824565737850252	([595, 69], [604, 545, 69])
1	0.8062737469978846	0.8246657918132902	([538, 71], [521, 446, 71])
1	0.8225607582767174	0.8248575827651574	([621, 293], [621, 516, 239])
1	0.8125532016124605	0.8251672931199483	([507, 127], [507, 127, 98])
1	0.802029075832847	0.8251712192004639	([585, 88], [585, 500, 88])
1	0.814394197955835	0.8254220322523985	([625, 215], [625, 472, 215])
1	0.8211178102604947	0.8255634823867595	([379, 24], [379, 343, 24])
1	0.8136677304988353	0.8257590682094192	([719, 330], [713, 330, 207])
1	0.8043881453399632	0.8257869680270074	([413, 74], [413, 298, 74])
1	0.8258153895831118	0.8258849695089372	([520, 210], [520, 502, 210])
1	0.7955640654698649	0.8260711127052928	([651, 47], [651, 362, 236])
1	0.8128824385815504	0.8264761015908785	([693, 101], [693, 101, 16])
1	0.8156567478675701	0.8272241082059667	([623, 62], [705, 623, 126])
1	0.8249467660068995	0.8273185353688165	([719, 57], [719, 656, 25])
1	0.8257713234181691	0.827517475130785	([710, 55], [710, 661, 1])
1	0.6046458524070537	0.8279981604272458	([435, 38], [435, 310, 158])
1	0.7912133846225514	0.8283067789357871	([706, 114], [706, 676, 8])
1	0.5266089145089206	0.8286081675736617	([228, 181], [222, 218, 168])
1	0.6863907081220004	0.8287398838294695	([650, 35], [650, 357, 331])
1	0.8237325623723938	0.8288556822570288	([485, 101], [485, 364, 101])
1	0.7995747947394642	0.8296056953187305	([609, 70], [609, 573, 70])
1	0.8002235757918137	0.8296471462946002	([583, 316], [583, 424, 328])
1	0.8252684603524608	0.8301355300914639	([622, 55], [622, 457, 452])
1	0.8289204135988449	0.8305333972020446	([654, 202], [654, 633, 202])
1	0.8184161130044096	0.8306828206053295	([593, 270], [593, 453, 270])
1	0.8031471883076043	0.8310543880689852	([593, 133], [593, 570, 133])
1	0.829909340115804	0.8311314972963071	([478, 184], [478, 278, 202])
1	0.8138653849545819	0.8311314972963071	([633, 125], [633, 478, 202])
1	0.8222884330283561	0.8312752879568166	([590, 201], [593, 590, 201])
1	0.8183005157390971	0.8314525540538724	([462, 90], [496, 462, 90])
1	0.8047207823869679	0.8327121103091886	([568, 243], [568, 395, 243])
1	0.6950457394390878	0.8327196131177065	([713, 36], [713, 126, 34])
1	0.8291155881723247	0.8329824502320822	([610, 272], [610, 558, 272])
1	0.8216683071921123	0.8333111972370602	([675, 88], [675, 213, 88])
1	0.8042938913094378	0.8333813782334542	([352, 81], [390, 352, 81])
1	0.8321904054138948	0.8334143340095186	([551, 74], [551, 413, 380])
1	0.8087685894628263	0.8334644918419374	([722, 335], [722, 480, 431])
1	0.8169086228421121	0.8336074148266236	([547, 91], [547, 485, 120])
1	0.8122539084217312	0.8336622371882129	([498, 45], [700, 517, 45])
1	0.8291798264611225	0.8336818468171711	([489, 131], [489, 278, 211])
1	0.8313345308096505	0.8337697263450948	([589, 128], [613, 589, 128])
1	0.8145267480573533	0.8338344620462976	([521, 151], [521, 440, 151])
1	0.8115993559673885	0.8342101404197978	([645, 290], [645, 343, 290])
1	0.8324838455285902	0.834245236558146	([644, 73], [644, 523, 73])
1	0.8308620144909337	0.8345899399117567	([576, 80], [618, 576, 80])
1	0.5581367098634353	0.8348736203693431	([224, 4], [224, 214, 170])
1	0.8268314246710052	0.8352834848699717	([686, 143], [686, 170, 143])
1	0.5948879928361843	0.8355129334454796	([240, 37], [240, 41, 37])
1	0.830930177142257	0.8355365897389454	([615, 139], [615, 242, 192])
1	0.8200351305344818	0.8359541603890898	([618, 87], [669, 618, 87])
1	0.8347467528114445	0.8364048305428662	([590, 132], [590, 201, 132])
1	0.8283963586130766	0.8364663753213386	([563, 0], [662, 628, 0])
1	0.8198975985327793	0.8365706375392978	([469, 77], [469, 236, 133])
1	0.8333155818933895	0.8366339039734977	([567, 79], [567, 523, 79])
1	0.83139480007105	0.8370122746161845	([563, 44], [563, 424, 78])
1	0.83593591036951	0.8383683475396222	([570, 45], [570, 517, 336])
1	0.8278764300529088	0.8384228731207424	([711, 188], [711, 188, 151])
1	0.59947668078921	0.8385984498650663	([489, 37], [489, 436, 365])
1	0.8369458928810181	0.8386986733810966	([577, 267], [577, 405, 318])
1	0.8287120901864101	0.840113467565883	([376, 11], [376, 290, 244])
1	0.8380267577446031	0.8408367290818334	([556, 77], [556, 527, 77])
1	0.8394677289983963	0.8409153750220332	([437, 43], [437, 408, 43])
1	0.8263429761277136	0.8412187799101871	([587, 94], [631, 422, 31])
1	0.8396770206412189	0.8415554680972979	([717, 191], [724, 717, 191])
1	0.8253055846603822	0.8422541837184295	([587, 309], [625, 587, 309])
1	0.839860116375048	0.8424826921679651	([712, 107], [712, 450, 107])
1	0.8236456589794534	0.8435700383920768	([645, 253], [645, 468, 376])
1	0.7676940521523934	0.8435767364173161	([636, 228], [681, 636, 531])
1	0.8186605915290579	0.8450136239973809	([564, 197], [564, 411, 197])
1	0.8271149317302751	0.8454116440846638	([714, 243], [714, 623, 243])
1	0.8486336569407721	0.8495356907025782	([635, 89], [635, 427, 52])
1	0.824927020857942	0.8499011134253399	([639, 100], [658, 639, 100])
1	0.8543165283982693	0.8587485957638253	([546, 85], [546, 471, 85])
1	0.5893247013056624	0.8681301498777322	([436, 37], [489, 67, 55])
1	0.5531549888666294	0.8789573803423429	([546, 37], [546, 436, 85])
1	0.4655254576337337	0.8793523209619076	([232, 231], [236, 220, 218])
1	0.6045800223010049	0.8834459363345245	([668, 38], [668, 58, 38])
0	0.0	0.9040886678020721	([225], [230, 220])
1	0.5166691029360402	0.9061115883419688	([221, 175], [303, 221, 175])
1	0.49533336342747347	0.9123676681431594	([250, 222], [249, 222, 169])
1	0.5158947615963435	0.9223652970434595	([688, 221], [688, 221, 18])
1	0.9811529177364526	0.9914930241761862	([230, 229], [232, 230, 220])
0	0.0	1.0	([223], [223, 0])
0	0.0	1.0	([227], [227, 0])
0	0.0	inf	([221], [])
