0	0.0	0.19007987930405645	([12], [12, 11])
0	0.0	0.191307925096329	([59], [59, 58])
0	0.0	0.19298232281820768	([28], [28, 27])
0	0.0	0.1951275008330217	([27], [27, 26])
0	0.0	0.1998826345025295	([4], [4, 3])
0	0.0	0.2002486244117328	([26], [26, 25])
0	0.0	0.20161614157998367	([24], [24, 23])
0	0.0	0.2018386595578746	([61], [61, 60])
0	0.0	0.2038787260903183	([86], [86, 85])
0	0.0	0.20439829941004065	([11], [11, 10])
0	0.0	0.20450956456551447	([33], [33, 32])
0	0.0	0.2068009460675139	([437], [437, 436])
0	0.0	0.2097720632552985	([25], [25, 24])
0	0.0	0.2150530425407024	([510], [510, 509])
0	0.0	0.21532333004275067	([13], [13, 12])
0	0.0	0.21688236417291448	([18], [18, 17])
0	0.0	0.21754553011212277	([294], [294, 293])
0	0.0	0.21800789535647253	([379], [379, 378])
0	0.0	0.21811828236330963	([21], [21, 20])
0	0.0	0.21833907817234335	([504], [504, 503])
0	0.0	0.21853879783714933	([506], [506, 505])
0	0.0	0.21998051508039873	([60], [60, 59])
0	0.0	0.2204501192207391	([20], [20, 19])
0	0.0	0.22075755905515196	([425], [425, 424])
0	0.0	0.2216384300022817	([505], [506, 504])
0	0.0	0.2216472266114518	([23], [23, 22])
0	0.0	0.22324441217542185	([265], [265, 264])
0	0.0	0.22398312982035043	([293], [294, 292])
0	0.0	0.22420043824017277	([79], [79, 77])
0	0.0	0.22455194229949577	([377], [377, 376])
0	0.0	0.22472396748429777	([22], [22, 21])
0	0.0	0.22473628027879575	([29], [29, 28])
0	0.0	0.22474175784538938	([42], [42, 41])
0	0.0	0.22535483521797897	([445], [445, 444])
0	0.0	0.22668747571397396	([30], [30, 29])
0	0.0	0.22710477114931518	([222], [222, 221])
0	0.0	0.22737929777954902	([436], [436, 435])
0	0.0	0.22768868094581227	([503], [503, 502])
0	0.0	0.2277689804046993	([221], [222, 220])
0	0.0	0.22794495847783514	([44], [44, 43])
0	0.0	0.22813082684073754	([81], [81, 80])
0	0.0	0.2288800771630439	([85], [85, 84])
0	0.0	0.22895993748692936	([410], [410, 409])
0	0.0	0.2297753397186927	([283], [283, 282])
0	0.0	0.2298448200583936	([390], [390, 389])
0	0.0	0.23038187233045984	([378], [378, 377])
0	0.0	0.23130813021231528	([440], [440, 439])
0	0.0	0.2314430038868997	([302], [302, 301])
0	0.0	0.2314922294444852	([354], [354, 353])
0	0.0	0.23275099597190504	([434], [434, 433])
0	0.0	0.23339145020960597	([581], [581, 580])
0	0.0	0.233731624215688	([31], [31, 29])
0	0.0	0.23476830588338338	([9], [9, 8])
0	0.0	0.23505407810531373	([439], [439, 438])
0	0.0	0.2356651274276002	([529], [529, 528])
0	0.0	0.23577456233233293	([448], [448, 447])
0	0.0	0.23591624893687588	([421], [421, 420])
0	0.0	0.2365051616804044	([414], [414, 413])
0	0.0	0.2373618533340875	([70], [70, 69])
0	0.0	0.23780581416692476	([468], [468, 467])
0	0.0	0.23917091153354927	([19], [19, 17])
0	0.0	0.24020697838697772	([317], [317, 316])
0	0.0	0.24044548240766458	([171], [171, 170])
0	0.0	0.24045776052519394	([264], [264, 261])
0	0.0	0.24125791031862923	([32], [32, 31])
0	0.0	0.24229798261685667	([430], [430, 429])
0	0.0	0.2426119687530223	([263], [263, 262])
0	0.0	0.24266320832955993	([187], [187, 186])
0	0.0	0.24301784186722689	([290], [290, 289])
0	0.0	0.24317429358047868	([526], [526, 525])
0	0.0	0.24351896508998358	([57], [57, 56])
0	0.0	0.24378224144222085	([262], [263, 261])
0	0.0	0.24437755928868046	([446], [446, 445])
0	0.0	0.24453929812969882	([188], [188, 186])
0	0.0	0.24465870223913805	([16], [16, 15])
0	0.0	0.24532464369639073	([431], [431, 430])
0	0.0	0.24538985686831624	([489], [489, 488])
0	0.0	0.24593619424662724	([435], [436, 434])
0	0.0	0.24626053938706077	([491], [491, 490])
0	0.0	0.2462781228279231	([295], [295, 294])
0	0.0	0.24694323935784868	([325], [325, 324])
0	0.0	0.2471093060067007	([291], [291, 290])
0	0.0	0.24749515101239122	([257], [257, 256])
0	0.0	0.24754337287947742	([138], [138, 137])
0	0.0	0.2476068687613197	([433], [433, 432])
0	0.0	0.24781791829802133	([335], [335, 334])
0	0.0	0.24789266133809346	([542], [542, 541])
0	0.0	0.24795457575557447	([268], [268, 267])
0	0.0	0.24817116628927005	([261], [261, 260])
0	0.0	0.24828504334651294	([313], [313, 312])
0	0.0	0.248775082100154	([438], [438, 436])
0	0.0	0.2492695180680537	([340], [340, 339])
0	0.0	0.24974052342551395	([429], [430, 428])
0	0.0	0.2497437903460155	([401], [401, 400])
0	0.0	0.24980408571097096	([205], [205, 204])
0	0.0	0.250055552120626	([509], [510, 508])
0	0.0	0.2503103887212458	([554], [554, 553])
0	0.0	0.25052862379672264	([267], [267, 266])
0	0.0	0.250960869313174	([413], [413, 412])
0	0.0	0.25108051881021154	([391], [391, 390])
0	0.0	0.25168869095464225	([80], [80, 77])
0	0.0	0.2517181656948565	([463], [463, 462])
0	0.0	0.25195594190557064	([492], [492, 491])
0	0.0	0.2520976100190736	([182], [182, 181])
0	0.0	0.2521025961861064	([568], [568, 567])
0	0.0	0.2523415342489682	([78], [78, 77])
0	0.0	0.2526154606752374	([56], [56, 55])
0	0.0	0.2527012678978691	([490], [490, 489])
0	0.0	0.2527629674123149	([176], [176, 175])
0	0.0	0.2527761973943472	([327], [327, 326])
0	0.0	0.25335572179912275	([87], [87, 83])
0	0.0	0.2534619806651379	([334], [334, 333])
0	0.0	0.25365136409303424	([17], [17, 16])
0	0.0	0.25370071576411857	([580], [581, 579])
0	0.0	0.2537915244031815	([115], [115, 114])
0	0.0	0.25379740487780417	([478], [478, 477])
0	0.0	0.2540328713092452	([299], [299, 298])
0	0.0	0.25423994411890827	([15], [15, 14])
0	0.0	0.25440311597353493	([407], [407, 406])
0	0.0	0.2545383040687985	([120], [120, 119])
0	0.0	0.2546225196205915	([10], [10, 9])
0	0.0	0.254666426348759	([515], [515, 514])
0	0.0	0.25470594912910527	([237], [237, 236])
0	0.0	0.2548984992622772	([202], [202, 201])
0	0.0	0.25505876656465715	([392], [392, 391])
0	0.0	0.2553176591531167	([462], [462, 461])
0	0.0	0.2555258564115174	([483], [483, 482])
0	0.0	0.255762994869075	([427], [427, 426])
0	0.0	0.25586544084401286	([167], [167, 166])
0	0.0	0.2558697554315061	([170], [170, 169])
0	0.0	0.25619438867048333	([455], [455, 454])
0	0.0	0.25637163979434907	([485], [485, 484])
0	0.0	0.2563747582639813	([406], [406, 405])
0	0.0	0.2565220450385995	([217], [217, 216])
0	0.0	0.2565381857939096	([300], [300, 299])
0	0.0	0.2566088028136813	([46], [46, 45])
0	0.0	0.2569395399160123	([432], [433, 431])
0	0.0	0.2573198755742413	([375], [375, 374])
0	0.0	0.25750081849238665	([266], [266, 265])
0	0.0	0.257760510628419	([104], [104, 103])
0	0.0	0.2579878606092126	([164], [164, 163])
0	0.0	0.25809238684915375	([309], [309, 308])
0	0.0	0.25809351615949705	([346], [346, 345])
0	0.0	0.25858872580989667	([197], [197, 196])
0	0.0	0.258591429702289	([527], [527, 526])
0	0.0	0.2586590779321714	([278], [278, 277])
0	0.0	0.25885313898184104	([96], [96, 95])
0	0.0	0.2590982771477341	([316], [316, 313])
0	0.0	0.2591059478310086	([385], [385, 384])
0	0.0	0.2591638067612282	([43], [44, 42])
0	0.0	0.25923543475137484	([544], [544, 542])
0	0.0	0.25934850267183923	([51], [51, 50])
0	0.0	0.2594056922148708	([40], [40, 39])
0	0.0	0.2594334754982008	([579], [579, 578])
0	0.0	0.2595890025679472	([363], [363, 362])
0	0.0	0.25959762630530137	([301], [302, 298])
0	0.0	0.25975998470161893	([83], [83, 82])
0	0.0	0.25981131882835334	([8], [8, 7])
0	0.0	0.25981905302905917	([336], [336, 335])
0	0.0	0.2599538066371585	([36], [36, 35])
0	0.0	0.2600323573255692	([250], [250, 249])
0	0.0	0.2601303151784141	([7], [7, 6])
0	0.0	0.26039249124639835	([326], [326, 325])
0	0.0	0.26043322604726926	([183], [183, 182])
0	0.0	0.26058435948804254	([464], [464, 463])
0	0.0	0.2606302087545049	([126], [126, 125])
0	0.0	0.26065604751288374	([582], [582, 581])
0	0.0	0.2606685653779767	([524], [524, 523])
0	0.0	0.260712972693646	([271], [271, 270])
0	0.0	0.26074133062083443	([194], [194, 193])
0	0.0	0.26092892147909863	([502], [502, 501])
0	0.0	0.2611893240331046	([204], [204, 203])
0	0.0	0.26127299352694844	([198], [198, 197])
0	0.0	0.26134310590548443	([286], [286, 285])
0	0.0	0.2615637163073902	([298], [298, 297])
0	0.0	0.26162215644827563	([122], [122, 121])
0	0.0	0.26162304112438867	([123], [123, 122])
0	0.0	0.26176262192388644	([149], [149, 148])
0	0.0	0.26203012704645207	([530], [530, 529])
0	0.0	0.2625357460327895	([135], [135, 134])
0	0.0	0.2626061940808927	([315], [315, 313])
0	0.0	0.2627430702376027	([14], [14, 13])
0	0.0	0.26274856531491647	([562], [562, 561])
0	0.0	0.26275250336540046	([473], [473, 472])
0	0.0	0.2627812825889164	([522], [522, 521])
0	0.0	0.2629362276575657	([545], [545, 544])
0	0.0	0.26301188597241	([6], [6, 5])
0	0.0	0.2630573397596436	([215], [215, 214])
0	0.0	0.26327723738901515	([329], [329, 328])
0	0.0	0.26340179837462663	([344], [344, 343])
0	0.0	0.2634158093194287	([116], [116, 115])
0	0.0	0.2635018708249569	([133], [133, 131])
0	0.0	0.2635642376568652	([400], [400, 399])
0	0.0	0.26363734694554913	([319], [319, 318])
0	0.0	0.2636396608933257	([98], [98, 96])
0	0.0	0.26367160762186165	([50], [50, 49])
0	0.0	0.2638669178651673	([481], [481, 480])
0	0.0	0.2639056104091733	([561], [561, 560])
0	0.0	0.2639266011524252	([134], [134, 133])
0	0.0	0.2642012051030017	([72], [72, 71])
0	0.0	0.2642121451338042	([461], [461, 460])
0	0.0	0.2643335749798132	([89], [89, 88])
0	0.0	0.26444585623026357	([107], [107, 106])
0	0.0	0.26479360234997235	([376], [376, 374])
0	0.0	0.26488754512476376	([284], [284, 283])
0	0.0	0.26536267376508654	([466], [466, 465])
0	0.0	0.2655602540345216	([52], [52, 51])
0	0.0	0.2656517832059736	([543], [543, 542])
0	0.0	0.26574089156080627	([131], [133, 132])
0	0.0	0.26584045767132464	([195], [195, 194])
0	0.0	0.2659609961622979	([560], [560, 559])
0	0.0	0.2660107207346225	([3], [3, 2])
0	0.0	0.26625672529422645	([282], [282, 281])
0	0.0	0.26635750308829675	([82], [82, 81])
0	0.0	0.2665114473451229	([53], [53, 52])
0	0.0	0.26658075267542064	([333], [335, 332])
0	0.0	0.2666393399499812	([94], [94, 93])
0	0.0	0.2667750649971824	([118], [118, 117])
0	0.0	0.26681355237211285	([242], [242, 241])
0	0.0	0.2672165431640014	([88], [88, 87])
0	0.0	0.2674973480154019	([303], [303, 302])
0	0.0	0.26779507188220336	([514], [514, 513])
0	0.0	0.26793346992745687	([538], [538, 537])
0	0.0	0.26813571208117054	([255], [255, 254])
0	0.0	0.26829611701111505	([457], [457, 456])
0	0.0	0.2685801864820939	([297], [297, 296])
0	0.0	0.26860933557468386	([35], [35, 34])
0	0.0	0.2691987090384312	([482], [482, 481])
0	0.0	0.2692217115078325	([519], [519, 518])
0	0.0	0.2694317140296096	([528], [528, 527])
0	0.0	0.26955790146050335	([151], [151, 150])
0	0.0	0.26965111467820607	([409], [409, 408])
1	0.2671383459696919	0.2698048284090048	([301, 300], [302, 301, 300])
0	0.0	0.26997957374639686	([408], [408, 407])
0	0.0	0.27009186055508183	([136], [136, 134])
0	0.0	0.270204901993679	([343], [343, 342])
0	0.0	0.27059061121177047	([364], [364, 363])
0	0.0	0.27059338147811396	([418], [418, 417])
0	0.0	0.2706311386959488	([475], [475, 474])
0	0.0	0.27078027639001123	([318], [318, 317])
0	0.0	0.2709658531716116	([76], [76, 75])
0	0.0	0.27135848416136304	([97], [97, 96])
0	0.0	0.27141840888916285	([71], [71, 69])
0	0.0	0.27163260262035216	([488], [488, 487])
0	0.0	0.27175557256697497	([498], [498, 497])
0	0.0	0.2723469930366705	([380], [380, 379])
0	0.0	0.272656507485796	([459], [459, 458])
0	0.0	0.2726849790510995	([45], [45, 44])
0	0.0	0.2729712316093156	([173], [173, 172])
0	0.0	0.2730046803820494	([277], [277, 276])
0	0.0	0.2731338739621523	([34], [34, 33])
0	0.0	0.2731804387351832	([175], [175, 174])
0	0.0	0.27321388140115843	([190], [190, 189])
0	0.0	0.27340238585817717	([109], [109, 108])
0	0.0	0.2737675490213833	([174], [174, 173])
0	0.0	0.2740503871705193	([228], [228, 227])
0	0.0	0.27421934193280345	([447], [448, 445])
0	0.0	0.274404919706753	([102], [102, 101])
0	0.0	0.27441993130534964	([419], [419, 418])
0	0.0	0.2746327920043536	([112], [112, 111])
0	0.0	0.27465567612841385	([507], [507, 506])
0	0.0	0.27504416526831316	([280], [280, 279])
0	0.0	0.27507606346000096	([199], [199, 198])
0	0.0	0.2752005317035487	([441], [441, 440])
0	0.0	0.2755672506492467	([386], [386, 385])
0	0.0	0.2756291014339261	([219], [219, 218])
0	0.0	0.27569972839259205	([496], [496, 495])
0	0.0	0.2757482510673798	([508], [508, 507])
0	0.0	0.2759037890732641	([243], [243, 242])
0	0.0	0.2760202122661937	([403], [403, 402])
0	0.0	0.2760828234211628	([117], [117, 114])
0	0.0	0.2764148038421535	([487], [487, 486])
0	0.0	0.2764539322282027	([314], [314, 313])
0	0.0	0.2765204557054217	([180], [180, 179])
0	0.0	0.27656371131996144	([254], [254, 253])
0	0.0	0.2768233106749422	([108], [108, 107])
0	0.0	0.276865653849512	([384], [384, 383])
0	0.0	0.277219798029064	([93], [93, 92])
0	0.0	0.27748509577220815	([160], [160, 159])
0	0.0	0.2774910380685753	([308], [308, 307])
0	0.0	0.27779072124924914	([225], [225, 224])
0	0.0	0.2779859770658283	([105], [105, 104])
0	0.0	0.2781161830736705	([140], [140, 139])
0	0.0	0.27831112593989943	([137], [137, 136])
0	0.0	0.2784991795744098	([424], [425, 423])
0	0.0	0.2785416686825233	([555], [555, 554])
0	0.0	0.27861833957614873	([211], [211, 210])
0	0.0	0.2786850525546269	([368], [368, 367])
0	0.0	0.2788256877788449	([411], [411, 410])
0	0.0	0.278998903086513	([479], [479, 478])
0	0.0	0.27920530751968703	([533], [533, 532])
0	0.0	0.27949528421852216	([128], [128, 127])
0	0.0	0.27956030866287296	([41], [41, 40])
0	0.0	0.2797191572290168	([103], [103, 102])
0	0.0	0.2797960853022997	([249], [249, 248])
0	0.0	0.28001548047813	([426], [426, 425])
0	0.0	0.2801225985648943	([296], [296, 295])
0	0.0	0.28043669124188203	([374], [374, 373])
0	0.0	0.2806720320010205	([412], [412, 411])
0	0.0	0.2807384284092828	([125], [125, 124])
0	0.0	0.28093428317862623	([536], [536, 535])
0	0.0	0.28113211433159246	([74], [74, 73])
0	0.0	0.28117521129829787	([570], [570, 569])
0	0.0	0.28153244600870136	([207], [207, 206])
0	0.0	0.2815880493979737	([471], [471, 470])
0	0.0	0.2817237874034932	([353], [353, 352])
0	0.0	0.28216893111081137	([106], [106, 105])
0	0.0	0.28229008878841305	([402], [402, 401])
0	0.0	0.2825135982173649	([276], [276, 275])
0	0.0	0.2825238669564433	([469], [469, 468])
0	0.0	0.2827568657018316	([569], [569, 568])
0	0.0	0.2827785946304562	([153], [153, 152])
0	0.0	0.2828127088215931	([531], [531, 530])
0	0.0	0.28292251689931763	([351], [351, 350])
0	0.0	0.2829383421786564	([389], [389, 388])
0	0.0	0.28304546590140706	([556], [556, 555])
0	0.0	0.28336062404674206	([213], [213, 212])
0	0.0	0.28349123749571686	([208], [208, 207])
0	0.0	0.28375983882489925	([517], [517, 516])
0	0.0	0.2841878355336797	([423], [423, 422])
0	0.0	0.28425021210900103	([5], [5, 4])
0	0.0	0.28456529615493703	([172], [172, 171])
0	0.0	0.28457227387371253	([583], [583, 582])
0	0.0	0.2846126851090676	([162], [162, 161])
0	0.0	0.28464384566003964	([558], [558, 557])
0	0.0	0.2847008563844323	([338], [338, 337])
0	0.0	0.28471702027322376	([352], [352, 351])
0	0.0	0.2850453666443487	([77], [77, 76])
0	0.0	0.28518370688202305	([163], [163, 162])
0	0.0	0.28519739757200213	([547], [547, 546])
0	0.0	0.28529055359232336	([398], [398, 397])
0	0.0	0.2856399728514607	([292], [292, 291])
0	0.0	0.2856880868332542	([218], [218, 217])
0	0.0	0.28573689262136076	([476], [476, 475])
0	0.0	0.2857757263850071	([324], [324, 323])
0	0.0	0.2860321307616404	([549], [549, 548])
0	0.0	0.28615108023476576	([467], [467, 466])
0	0.0	0.28645665484441407	([166], [166, 165])
0	0.0	0.2866002728831607	([513], [513, 512])
0	0.0	0.2869846737864162	([99], [99, 97])
0	0.0	0.28706302974419573	([256], [256, 255])
0	0.0	0.2871239527114083	([383], [383, 382])
0	0.0	0.28714692957098853	([532], [532, 531])
0	0.0	0.28715406703693963	([323], [323, 322])
0	0.0	0.2872239922879862	([216], [216, 215])
0	0.0	0.28723730303058587	([372], [372, 371])
0	0.0	0.28724677833421364	([320], [320, 319])
0	0.0	0.2874339779409098	([165], [165, 164])
0	0.0	0.28769268981524726	([154], [154, 153])
1	0.2772924654277059	0.2879644190724899	([136, 131], [136, 134, 131])
0	0.0	0.2879785993884246	([201], [201, 200])
0	0.0	0.2883045502485531	([339], [340, 338])
0	0.0	0.2883243426889798	([534], [534, 533])
0	0.0	0.28833537949559823	([241], [241, 240])
0	0.0	0.28844726536521226	([270], [270, 269])
1	0.2860318859790116	0.28878376580264187	([317, 315], [317, 316, 315])
0	0.0	0.2888371281828866	([234], [234, 233])
0	0.0	0.28915759500951393	([152], [152, 151])
0	0.0	0.289278430961541	([452], [452, 451])
0	0.0	0.2893703267735613	([200], [200, 199])
0	0.0	0.28950948017573913	([48], [48, 47])
0	0.0	0.2895303945266792	([287], [287, 286])
0	0.0	0.2896004105888324	([114], [114, 113])
0	0.0	0.2896677729831142	([388], [388, 387])
0	0.0	0.28983374106562754	([573], [573, 572])
0	0.0	0.2898544008342407	([285], [285, 284])
0	0.0	0.2899009246074852	([274], [274, 273])
0	0.0	0.2900648021509116	([397], [397, 396])
0	0.0	0.2901094399516608	([169], [169, 168])
0	0.0	0.29014070560788296	([158], [158, 156])
0	0.0	0.2908600606959833	([537], [538, 536])
0	0.0	0.2909281542313991	([518], [518, 517])
0	0.0	0.2910012688736463	([168], [168, 167])
0	0.0	0.2911657895170136	([576], [576, 575])
0	0.0	0.2912686055393623	([359], [359, 358])
0	0.0	0.2913011116461192	([306], [306, 305])
0	0.0	0.2919252372493367	([465], [465, 464])
0	0.0	0.29199629108463204	([470], [470, 469])
0	0.0	0.2921134298337938	([206], [206, 205])
0	0.0	0.2922415366421625	([567], [567, 566])
0	0.0	0.29232877271169905	([577], [577, 576])
0	0.0	0.29238741374560057	([428], [428, 427])
0	0.0	0.2925341016564626	([347], [347, 346])
0	0.0	0.29255667321893336	([54], [54, 53])
0	0.0	0.2930136530954552	([90], [90, 89])
0	0.0	0.29308496593264466	([566], [566, 565])
0	0.0	0.29312263478299533	([350], [350, 349])
0	0.0	0.2932302257623848	([450], [450, 449])
0	0.0	0.29327012647084644	([571], [571, 570])
0	0.0	0.2933858347541938	([184], [184, 183])
0	0.0	0.29346992033974234	([575], [575, 574])
0	0.0	0.2935895710627585	([146], [146, 145])
0	0.0	0.2938424674918622	([142], [142, 141])
0	0.0	0.2939141153910236	([395], [395, 394])
0	0.0	0.2939632267905159	([449], [449, 448])
0	0.0	0.2943211188995379	([203], [203, 202])
0	0.0	0.29434214600689873	([251], [251, 250])
0	0.0	0.2944826272306448	([520], [520, 519])
0	0.0	0.29467980809345123	([442], [442, 441])
0	0.0	0.29488764197034734	([552], [552, 551])
0	0.0	0.29525314244610223	([310], [310, 309])
0	0.0	0.29529874456354993	([480], [480, 479])
0	0.0	0.2953554968883739	([240], [240, 239])
0	0.0	0.29544868911403616	([345], [345, 344])
0	0.0	0.2955852133035184	([210], [210, 209])
0	0.0	0.2957471664938925	([157], [157, 156])
0	0.0	0.29576586327329385	([370], [370, 369])
0	0.0	0.2959102409500009	([456], [456, 455])
0	0.0	0.29594363530485285	([192], [192, 191])
0	0.0	0.29607239099575716	([238], [238, 237])
0	0.0	0.29616311612885887	([381], [381, 380])
0	0.0	0.2963811935418791	([75], [87, 86])
0	0.0	0.29685736656097717	([272], [272, 271])
0	0.0	0.29687721942850837	([232], [232, 231])
0	0.0	0.296921352204579	([58], [61, 57])
0	0.0	0.29710635684830194	([258], [258, 257])
0	0.0	0.2971086926105993	([356], [356, 355])
0	0.0	0.2974810613874059	([564], [564, 563])
0	0.0	0.297517683071756	([196], [196, 195])
0	0.0	0.2975642454619788	([84], [75, 74])
0	0.0	0.2976855964165075	([362], [362, 361])
0	0.0	0.2978724424699363	([540], [540, 539])
0	0.0	0.2981195296519204	([511], [511, 508])
0	0.0	0.29815178143810905	([394], [394, 393])
0	0.0	0.2986550452113905	([477], [477, 476])
0	0.0	0.2988352242878435	([548], [548, 547])
0	0.0	0.2990573833189022	([178], [178, 177])
0	0.0	0.29907673741488733	([349], [349, 348])
0	0.0	0.29912079021680676	([337], [337, 336])
0	0.0	0.29948535851661734	([535], [535, 534])
0	0.0	0.2996732267460352	([341], [341, 340])
0	0.0	0.29988098848249606	([497], [497, 496])
0	0.0	0.30026524891554207	([565], [565, 564])
0	0.0	0.30037242681737186	([132], [131, 130])
0	0.0	0.3008639312624647	([39], [39, 38])
0	0.0	0.30120134714565266	([416], [416, 415])
0	0.0	0.3013072622868774	([49], [49, 48])
0	0.0	0.301875836464725	([521], [521, 520])
0	0.0	0.30250848332149766	([415], [415, 414])
0	0.0	0.3025636890149307	([101], [101, 100])
0	0.0	0.30288027086424957	([147], [147, 146])
0	0.0	0.3032545792863915	([235], [235, 234])
0	0.0	0.30352939739351287	([443], [443, 442])
0	0.0	0.30373059659742	([550], [550, 549])
0	0.0	0.30388053239980567	([189], [189, 188])
0	0.0	0.3039415313416803	([382], [382, 381])
0	0.0	0.30413094175915384	([155], [155, 154])
0	0.0	0.3045902399421002	([321], [321, 320])
0	0.0	0.3047037141816636	([493], [493, 492])
0	0.0	0.3053256041757401	([73], [73, 72])
0	0.0	0.305501564805241	([348], [348, 347])
0	0.0	0.305563709184682	([47], [47, 46])
0	0.0	0.3058445304741882	([417], [417, 416])
0	0.0	0.30608433616211467	([289], [289, 288])
0	0.0	0.30610839215128804	([214], [215, 213])
0	0.0	0.3061406739137622	([144], [144, 143])
0	0.0	0.30622300374529643	([495], [495, 494])
0	0.0	0.3064370197928201	([444], [444, 443])
0	0.0	0.3065841697912777	([553], [553, 552])
0	0.0	0.30684999910858085	([269], [269, 268])
0	0.0	0.30696130235383806	([332], [332, 331])
0	0.0	0.30706762610872074	([68], [68, 67])
0	0.0	0.3071152307932213	([224], [224, 223])
0	0.0	0.3071673614445366	([143], [143, 142])
0	0.0	0.30718098088295764	([572], [572, 564])
0	0.0	0.30744721490674876	([186], [186, 185])
0	0.0	0.3084344128027938	([494], [494, 493])
0	0.0	0.3086161910469553	([373], [373, 372])
0	0.0	0.30898556339979205	([239], [239, 237])
0	0.0	0.3101536957604312	([512], [512, 511])
0	0.0	0.3107070301359	([484], [484, 483])
0	0.0	0.31079458953812156	([559], [559, 558])
0	0.0	0.3112209967641505	([288], [288, 287])
0	0.0	0.31127666471225696	([231], [231, 230])
0	0.0	0.3115893849543392	([305], [305, 304])
0	0.0	0.3121162475809372	([578], [578, 577])
0	0.0	0.3122481591229581	([66], [66, 65])
0	0.0	0.31229559252688394	([247], [247, 246])
0	0.0	0.31230332030874186	([366], [366, 365])
0	0.0	0.3124549744364758	([486], [486, 485])
0	0.0	0.31256502162153	([474], [474, 473])
0	0.0	0.31283567305597676	([281], [281, 280])
0	0.0	0.3133297811281001	([387], [387, 386])
0	0.0	0.3136234557351926	([546], [546, 545])
0	0.0	0.3136824370595685	([253], [253, 252])
1	0.3002892793932521	0.3137953585349181	([84, 83], [87, 86, 82])
0	0.0	0.31380161941412804	([516], [516, 515])
0	0.0	0.3138359425959998	([113], [113, 112])
0	0.0	0.31411589942029106	([367], [367, 366])
0	0.0	0.3142073343935922	([499], [499, 498])
0	0.0	0.3145926732411283	([328], [328, 327])
0	0.0	0.3151702337643314	([185], [185, 184])
0	0.0	0.31520468269913726	([472], [472, 471])
0	0.0	0.31549912816861053	([244], [244, 243])
0	0.0	0.3156012342619668	([307], [307, 305])
0	0.0	0.31597130473013724	([145], [145, 144])
0	0.0	0.3164732023221795	([422], [422, 421])
0	0.0	0.3169462504955464	([121], [121, 120])
0	0.0	0.3169919374695431	([209], [209, 208])
0	0.0	0.3170249019891597	([420], [420, 419])
0	0.0	0.3171255979249575	([246], [246, 245])
0	0.0	0.31713021345775466	([355], [355, 354])
0	0.0	0.3174209344289028	([65], [65, 64])
0	0.0	0.31749189843377307	([541], [542, 540])
0	0.0	0.3177275201463845	([453], [453, 452])
0	0.0	0.31789431539753804	([159], [159, 158])
0	0.0	0.3179860173116372	([525], [525, 524])
0	0.0	0.31891215517555066	([230], [230, 229])
0	0.0	0.3190025442089383	([393], [393, 392])
0	0.0	0.3194900425190617	([148], [148, 147])
0	0.0	0.31950386701335803	([404], [404, 403])
0	0.0	0.3199841955444113	([460], [460, 459])
0	0.0	0.3205279069321759	([451], [451, 450])
0	0.0	0.32071359127446275	([38], [39, 36])
0	0.0	0.3211780037943944	([181], [181, 180])
0	0.0	0.32160006477798464	([399], [399, 398])
0	0.0	0.3219673710692101	([454], [454, 453])
0	0.0	0.3223850166524732	([275], [275, 274])
0	0.0	0.3224523772910898	([62], [62, 56])
0	0.0	0.3225812140761712	([369], [369, 368])
0	0.0	0.32304554967553356	([139], [139, 138])
0	0.0	0.32387292830884384	([396], [396, 395])
0	0.0	0.32390274310227724	([501], [501, 500])
0	0.0	0.3239445370545264	([304], [304, 303])
0	0.0	0.3240345967878209	([365], [365, 364])
0	0.0	0.32429041560191696	([191], [191, 190])
0	0.0	0.3244175397092433	([358], [358, 357])
0	0.0	0.3249124397366018	([360], [360, 359])
0	0.0	0.32517047751627	([563], [563, 562])
0	0.0	0.32538830016417414	([220], [220, 219])
0	0.0	0.32575138444228396	([129], [129, 128])
0	0.0	0.3258253541001963	([248], [248, 247])
0	0.0	0.3262033239940147	([124], [124, 123])
0	0.0	0.3264655579738308	([405], [405, 404])
0	0.0	0.3269343559063989	([342], [342, 341])
0	0.0	0.3272228269932438	([312], [312, 311])
0	0.0	0.32725811015317396	([361], [361, 360])
0	0.0	0.327394190331799	([177], [177, 176])
0	0.0	0.3283545176393428	([539], [539, 538])
0	0.0	0.3283890983980699	([223], [223, 220])
0	0.0	0.3283943044315861	([130], [130, 129])
0	0.0	0.3287682863625809	([458], [458, 457])
0	0.0	0.32922836074917455	([500], [500, 499])
0	0.0	0.32969675107894353	([574], [574, 573])
0	0.0	0.32974483540628896	([259], [259, 258])
0	0.0	0.3299866401520027	([245], [245, 244])
0	0.0	0.3302057103850583	([161], [161, 160])
0	0.0	0.3304071131435509	([523], [523, 522])
0	0.0	0.33074473245643315	([100], [100, 99])
1	0.33006934739003113	0.33075472781046084	([38, 35], [39, 38, 36])
0	0.0	0.3310526614083021	([193], [193, 192])
0	0.0	0.33110025764012513	([371], [371, 370])
0	0.0	0.3312914208757151	([273], [273, 272])
0	0.0	0.33172587853678986	([279], [279, 278])
0	0.0	0.3321698361699654	([156], [156, 155])
0	0.0	0.3324459949721577	([357], [357, 356])
0	0.0	0.33261330505103565	([233], [233, 232])
0	0.0	0.3326554970560597	([150], [150, 149])
0	0.0	0.3331171731395942	([236], [236, 235])
0	0.0	0.33319577109783943	([111], [111, 110])
0	0.0	0.3339348538741551	([141], [141, 140])
0	0.0	0.33425647899837435	([322], [322, 321])
0	0.0	0.33437936328200296	([92], [92, 91])
0	0.0	0.33511511431314994	([95], [95, 94])
0	0.0	0.3353827369725066	([119], [119, 118])
0	0.0	0.33562842732736015	([260], [260, 259])
0	0.0	0.33602545091198416	([551], [551, 550])
0	0.0	0.33728674630448185	([252], [252, 251])
1	0.30764738217720516	0.3379121742975519	([572, 571], [571, 568, 567])
0	0.0	0.3426894073758439	([67], [67, 66])
0	0.0	0.3430989802362172	([63], [63, 62])
0	0.0	0.343556944146794	([227], [227, 226])
0	0.0	0.3435920088817938	([127], [127, 126])
0	0.0	0.3440518451526827	([330], [330, 329])
0	0.0	0.34559194576614866	([64], [64, 63])
0	0.0	0.34593374911057045	([229], [229, 228])
0	0.0	0.3461578953239849	([179], [179, 178])
0	0.0	0.34752795463322367	([91], [91, 89])
0	0.0	0.34771884200846753	([557], [557, 556])
0	0.0	0.3478579632035789	([2], [2, 1])
0	0.0	0.34802927712246473	([226], [226, 225])
0	0.0	0.3491268720580318	([212], [212, 211])
0	0.0	0.3495095911342175	([69], [69, 68])
1	0.3221694562592966	0.35065377189363145	([287, 279], [286, 285, 280])
0	0.0	0.3513960487106231	([311], [311, 310])
0	0.0	0.35144691828978636	([110], [110, 109])
0	0.0	0.35897287479545353	([55], [55, 54])
0	0.0	0.3592116338082125	([331], [331, 330])
1	0.3516731078967977	0.3644568324166827	([42, 35], [42, 39, 35])
1	0.3524152199082442	0.3751994717153067	([310, 304], [310, 309, 305])
0	0.0	0.3766858225411138	([1], [1, 0])
1	0.37133549193398374	0.3802380975071805	([40, 33], [40, 38, 34])
1	0.3675147162433453	0.384602217425821	([121, 110], [121, 120, 110])
1	0.38012848273065414	0.3847632554884136	([556, 548], [556, 553, 550])
1	0.3762083366397008	0.3875903260814142	([404, 398], [404, 403, 399])
1	0.3847627958783919	0.3911751486170012	([63, 54], [63, 62, 55])
1	0.3506073685813459	0.3958562399268679	([90, 76], [90, 89, 76])
1	0.4026074425194893	0.40600826880038204	([246, 243], [246, 245, 243])
1	0.3982965966373277	0.4084454322843106	([269, 259], [269, 266, 259])
1	0.40916511149983614	0.4170385358743816	([123, 109], [125, 123, 109])
1	0.3850936098207855	0.4173279592105703	([35, 15], [35, 31, 15])
1	0.3732073175982549	0.41804392373367977	([126, 110], [125, 122, 121])
1	0.4145081802781567	0.4208816337546889	([34, 14], [34, 31, 16])
1	0.4173185532621896	0.4231882322937002	([33, 13], [33, 22, 13])
1	0.42011820086729057	0.42509506521027335	([244, 237], [244, 242, 241])
1	0.4070727628605819	0.42873193794580394	([66, 50], [65, 63, 53])
1	0.40921801921918205	0.4319459916537071	([144, 138], [144, 141, 140])
1	0.42751674891871577	0.43416890241892875	([371, 361], [371, 369, 361])
1	0.4341903732032613	0.4382344327557432	([163, 153], [163, 160, 153])
1	0.40237067493710377	0.43829203393482674	([91, 74], [91, 87, 75])
1	0.4369700808003216	0.43981330021714615	([289, 283], [289, 288, 283])
1	0.4258780138746858	0.4424291660792959	([515, 499], [512, 507, 500])
1	0.44258175267639355	0.4453354509936016	([361, 357], [361, 360, 357])
1	0.4355366836975636	0.44746903478739514	([354, 346], [354, 350, 349])
1	0.4444969275783616	0.4498855491984693	([96, 90], [96, 95, 90])
1	0.4492138858183258	0.45252445463359003	([519, 497], [519, 514, 498])
1	0.41919373640863405	0.4566813421915381	([373, 360], [372, 369, 361])
1	0.44216658985941293	0.45726111477031206	([521, 511], [521, 520, 512])
1	0.44591469956024193	0.46075900900855193	([523, 510], [523, 521, 507])
1	0.4485224491394456	0.46109873522398703	([47, 35], [47, 46, 35])
1	0.45841073926220943	0.4660067163596178	([322, 307], [322, 321, 307])
1	0.4621760679281064	0.4665041025632858	([213, 207], [213, 210, 208])
1	0.453928793658545	0.46965609576706285	([443, 423], [443, 442, 423])
1	0.4647451788512138	0.47010002578668875	([71, 62], [71, 68, 62])
1	0.4694428632511834	0.47139190088699345	([323, 308], [323, 322, 308])
1	0.46131775428083577	0.4731808092071734	([46, 4], [47, 46, 2])
1	0.46809285928069205	0.4737400240481077	([194, 175], [194, 185, 178])
1	0.4729506103471739	0.47380850697793075	([331, 320], [331, 330, 321])
1	0.46861689032493115	0.4745706195035016	([69, 56], [69, 68, 56])
1	0.4736583280935428	0.47882879999333383	([156, 141], [157, 156, 144])
1	0.47524354839551264	0.48012965054905454	([195, 176], [195, 194, 175])
1	0.4721160986370625	0.48024963684984917	([159, 145], [159, 154, 145])
1	0.4793334680832323	0.4803799136291909	([203, 187], [203, 202, 187])
1	0.460904069371799	0.48143713520860426	([157, 138], [155, 148, 147])
1	0.4767609313339948	0.48370948630101407	([94, 71], [94, 91, 71])
1	0.47855946653400616	0.48449773096211574	([158, 142], [158, 156, 142])
1	0.42265306629534233	0.48638256755170384	([50, 0], [47, 35, 6])
1	0.48057891643382694	0.48777227737260054	([273, 255], [274, 273, 255])
1	0.4854373433710303	0.4884328572475276	([475, 168], [493, 480, 168])
1	0.4828598608713847	0.4894442402150298	([309, 287], [309, 306, 287])
1	0.4645255975921976	0.4895236989407675	([316, 293], [316, 312, 298])
1	0.46696303641953113	0.49057646942819816	([58, 40], [58, 57, 45])
1	0.49077268329121754	0.4913662739724951	([226, 209], [226, 218, 210])
1	0.49002806742939026	0.4915325936765142	([103, 65], [104, 103, 66])
1	0.46773834472825626	0.491845970781465	([308, 277], [309, 308, 277])
1	0.4871834431427913	0.4918508187394402	([348, 330], [348, 341, 337])
1	0.48332128913135997	0.4942293794549893	([532, 514], [532, 522, 520])
1	0.4918908784597176	0.496823596927414	([484, 169], [484, 478, 169])
1	0.49344491249107747	0.4970703065422615	([496, 457], [496, 492, 457])
1	0.48907187803891683	0.4983075011883803	([477, 170], [485, 469, 167])
1	0.4818831281388345	0.49880912969256064	([307, 275], [307, 305, 286])
1	0.48462027159701526	0.49891424537037665	([73, 47], [73, 68, 47])
1	0.4973638964434343	0.5001764996501763	([200, 185], [200, 195, 193])
1	0.4984836117758561	0.5003309259839607	([129, 114], [130, 129, 114])
1	0.48350396069700124	0.5004976017774214	([151, 109], [147, 146, 126])
1	0.46154531091822987	0.5026464746628982	([102, 67], [93, 74, 67])
1	0.4977513639120045	0.5032756075486116	([481, 162], [475, 466, 168])
1	0.5004437384344631	0.5036579076429749	([260, 250], [260, 257, 256])
1	0.48513852288869425	0.5049365434776621	([493, 168], [493, 478, 169])
1	0.49005868266102953	0.5052718292936037	([549, 531], [549, 539, 533])
1	0.5013690776511165	0.5063982087186751	([98, 69], [98, 90, 72])
1	0.47520426651520326	0.507729676705934	([202, 183], [202, 194, 188])
1	0.5018621736953561	0.5077650318715623	([456, 367], [462, 456, 367])
1	0.46182042014128893	0.5079627420039813	([104, 66], [102, 101, 65])
1	0.5021802517081958	0.5085246182234588	([234, 224], [234, 228, 227])
1	0.5036628016389278	0.509060748106283	([490, 165], [465, 463, 165])
1	0.5089800752960648	0.5104036042085001	([153, 127], [153, 146, 145])
1	0.4853341382217252	0.5108770365188527	([149, 123], [149, 147, 122])
1	0.49626307990212004	0.510948053145698	([324, 276], [324, 309, 307])
1	0.4822146950744935	0.511783646893996	([146, 126], [146, 139, 128])
1	0.5139570631131758	0.5141241344995896	([336, 319], [336, 331, 319])
1	0.5137389830408853	0.5141367818620145	([323, 279], [323, 307, 276])
1	0.5131107482198183	0.5156317191330486	([418, 395], [418, 410, 395])
1	0.4884951117753909	0.5172347811203636	([138, 116], [129, 126, 110])
1	0.516995854931051	0.5174745813263394	([229, 197], [229, 197, 173])
1	0.5154307456519199	0.5174876414561865	([196, 149], [196, 166, 160])
1	0.5022723061563126	0.5181484803809041	([468, 171], [475, 468, 171])
1	0.5009322173288644	0.5181896794811245	([479, 164], [479, 460, 169])
1	0.5091976647583618	0.5182067828640369	([364, 152], [364, 152, 124])
1	0.49401169889805513	0.5187180049498509	([472, 172], [478, 472, 172])
1	0.5143062481410684	0.5192880819738799	([229, 173], [230, 229, 196])
1	0.49826900646034006	0.519613874593262	([459, 153], [467, 459, 153])
1	0.509641231686237	0.5203302048165027	([541, 510], [541, 534, 523])
1	0.5068765627222719	0.5206570913954541	([454, 369], [456, 453, 366])
1	0.5145073667031234	0.5206570913954541	([465, 366], [465, 456, 366])
1	0.5049413993045853	0.5208411768097311	([148, 106], [148, 147, 106])
1	0.5173265666617088	0.5209650428777606	([105, 53], [105, 103, 53])
1	0.513440327862034	0.5226549552587533	([557, 520], [557, 547, 532])
1	0.5035616770124263	0.5227189585090326	([364, 124], [470, 364, 169])
1	0.5147156805689107	0.5230616797222732	([230, 167], [230, 195, 151])
1	0.519709941230455	0.5230865795134851	([420, 391], [420, 407, 391])
1	0.5096252864763509	0.5231134386525347	([228, 195], [229, 173, 161])
1	0.515862312714984	0.5232845803781798	([366, 167], [465, 366, 168])
1	0.5215066214170142	0.524374062239496	([471, 365], [471, 458, 365])
1	0.5233437751297368	0.5245916942253808	([472, 66], [472, 456, 455])
1	0.49341438999627885	0.5247030652994824	([150, 107], [150, 149, 123])
1	0.515257950056358	0.524853924550806	([417, 393], [418, 417, 393])
1	0.5231868794530362	0.5249067813583705	([337, 314], [337, 329, 322])
1	0.5217720816907938	0.5259030993365126	([554, 519], [557, 554, 519])
1	0.5163812796387653	0.5260877385944523	([461, 363], [461, 455, 363])
1	0.49784229100816	0.5272604980253178	([76, 58], [76, 72, 70])
1	0.5209416679227106	0.527305700714786	([451, 404], [452, 451, 400])
1	0.5208266258303483	0.5273654581510144	([452, 402], [451, 417, 393])
1	0.5008089889296158	0.5274449224963291	([400, 0], [451, 400, 0])
1	0.5245399112612565	0.5279074646068326	([402, 64], [402, 400, 0])
1	0.5209312220276505	0.5284948234372914	([457, 107], [463, 457, 165])
1	0.5067921414417895	0.5286288438712031	([455, 362], [461, 453, 366])
1	0.5086420646834083	0.5289398674593264	([453, 401], [453, 452, 402])
1	0.49582996026111187	0.5291037457438942	([229, 161], [228, 210, 198])
1	0.5088923111998519	0.5295294985782989	([402, 369], [402, 400, 366])
1	0.5072989255599788	0.5295294985782989	([400, 362], [453, 402, 366])
1	0.5219988605765424	0.5297854374487125	([357, 329], [357, 348, 329])
1	0.5210025268584615	0.5300160903789617	([558, 514], [557, 549, 514])
1	0.5171587574491514	0.5310184073176039	([403, 371], [403, 401, 361])
1	0.5183221514255916	0.5314652746591195	([229, 125], [229, 161, 125])
1	0.5241659513622723	0.5315455105271227	([169, 106], [169, 152, 106])
1	0.5163561201721885	0.53155302309862	([406, 385], [408, 406, 385])
1	0.4993897021093644	0.5316812226273513	([462, 364], [455, 365, 66])
1	0.5151431011126786	0.5317573204266768	([364, 232], [364, 362, 327])
1	0.5171454593815079	0.5318249336592786	([400, 228], [453, 400, 366])
1	0.5306997819205381	0.5324788104655149	([175, 109], [175, 149, 109])
1	0.47332517354049575	0.5325428463437762	([69, 0], [69, 67, 55])
1	0.5320735768863347	0.5326112641298326	([480, 362], [480, 458, 362])
1	0.5026862990178437	0.5326341359390646	([401, 361], [402, 401, 364])
1	0.5291638853679272	0.5332545428997401	([405, 373], [405, 395, 373])
1	0.5224159947780042	0.5335424064032029	([482, 368], [482, 458, 368])
1	0.5219363852326451	0.5343197137591845	([368, 230], [364, 363, 230])
1	0.5157651916681207	0.5343896995805709	([495, 369], [495, 455, 365])
1	0.533384367651528	0.534439143566151	([326, 107], [326, 325, 105])
1	0.5276974152841606	0.5348654044092463	([228, 163], [228, 176, 165])
1	0.5328059222079556	0.5351372959670286	([455, 227], [455, 229, 227])
1	0.5244174459753781	0.5351482962199507	([537, 501], [544, 537, 501])
1	0.531898759591129	0.5352766012644671	([177, 126], [177, 148, 126])
1	0.5184200372806901	0.5356998905042177	([459, 230], [464, 455, 363])
1	0.5300871818726398	0.536658609952344	([455, 197], [460, 455, 229])
1	0.47557188853007953	0.5370987363947127	([452, 66], [460, 163, 107])
1	0.4895718464457263	0.5378060933241965	([454, 228], [457, 453, 228])
1	0.5114393682221416	0.5378330242279321	([327, 232], [459, 230, 228])
1	0.5056607063097773	0.5380943762922412	([334, 312], [335, 334, 316])
1	0.5352020018825266	0.5381674762170602	([561, 517], [561, 549, 548])
1	0.5254741966697354	0.5382507248425331	([404, 370], [404, 393, 372])
1	0.5355422731292819	0.539316896889811	([228, 124], [228, 165, 147])
1	0.5288422198116337	0.5394012938978666	([197, 64], [197, 105, 64])
1	0.5149052349067151	0.5395453663584272	([367, 229], [494, 490, 229])
1	0.5003714235547356	0.5399248042033257	([494, 229], [460, 229, 151])
1	0.5381036619358497	0.5401243364716353	([364, 194], [364, 194, 151])
1	0.5316909152035864	0.5407664914703965	([574, 518], [574, 557, 520])
1	0.5269281218495565	0.541257959046563	([75, 3], [90, 75, 3])
1	0.5383369392782494	0.5414841291723892	([420, 90], [420, 90, 3])
1	0.5377422233506639	0.5414841291723892	([420, 45], [441, 420, 3])
1	0.4890018145812332	0.5415922324830903	([231, 172], [231, 210, 197])
1	0.5405581422602912	0.5416610411958749	([441, 390], [441, 420, 390])
1	0.5403622578824359	0.541938074390558	([370, 325], [370, 364, 325])
1	0.5330230777489395	0.5420143813301712	([455, 126], [455, 126, 107])
1	0.5321323452365999	0.5428133948177326	([461, 106], [461, 454, 106])
1	0.533887707104635	0.542814191978174	([453, 53], [453, 401, 53])
1	0.514764307378336	0.5428867234616145	([328, 228], [364, 328, 325])
1	0.5280994660270075	0.5429421793298731	([237, 202], [237, 222, 202])
1	0.5377260052886925	0.5430226625869791	([356, 323], [369, 356, 324])
1	0.5409119570560212	0.543093263620889	([416, 359], [416, 398, 396])
1	0.526062536143062	0.5433897107666427	([232, 66], [366, 362, 232])
1	0.5119735943252942	0.543732312301391	([403, 49], [403, 400, 67])
1	0.5423309916764537	0.5437631779016436	([401, 225], [401, 368, 228])
1	0.5414988787858509	0.5438673537782733	([369, 104], [454, 369, 104])
1	0.5292413228036712	0.5439728861579779	([517, 454], [517, 497, 454])
1	0.5328448075442632	0.5444842119643721	([498, 370], [498, 455, 370])
1	0.5276820421315602	0.5444922559267189	([367, 326], [367, 362, 326])
1	0.5381170055428349	0.5446686630780276	([269, 239], [269, 251, 239])
1	0.49789620748362007	0.5447242115157341	([361, 0], [400, 397, 371])
1	0.5188549624925061	0.5449983743761015	([362, 108], [492, 362, 108])
1	0.5337669248303936	0.5452384035244541	([236, 220], [237, 236, 222])
1	0.5076227492665025	0.5458641731118413	([362, 327], [361, 357, 327])
1	0.545712591924939	0.5464468007612608	([567, 513], [567, 561, 513])
1	0.5266840116647569	0.5468198783580202	([368, 324], [364, 356, 328])
1	0.538645162458621	0.5468296934744976	([402, 229], [455, 402, 229])
1	0.545042020415288	0.5469786401745886	([324, 229], [367, 325, 229])
1	0.5442333189994855	0.5478275289817057	([281, 250], [281, 270, 267])
1	0.5302871571032284	0.5479347958159594	([327, 195], [327, 231, 195])
1	0.5433761262594979	0.5481302854845405	([394, 68], [452, 394, 63])
1	0.5456548376944002	0.5484182721404193	([402, 329], [402, 363, 329])
1	0.5465011722417611	0.5484182721404193	([454, 329], [454, 363, 329])
1	0.5279811927516583	0.5485350372146098	([325, 105], [325, 230, 229])
1	0.5340904822056107	0.5487487973786135	([311, 269], [311, 287, 280])
1	0.5420492511188123	0.5488299326422866	([281, 270], [288, 281, 270])
1	0.5442838649005101	0.548907733623351	([236, 203], [236, 220, 203])
1	0.5372959544434495	0.5490990205328535	([441, 3], [441, 432, 5])
1	0.522341318603589	0.549277682135594	([442, 5], [442, 38, 4])
1	0.5278974573171484	0.5493760123055953	([290, 271], [290, 281, 271])
1	0.5395905790184771	0.5496462552826962	([514, 228], [514, 496, 228])
1	0.5361310097770123	0.5501429582457231	([454, 154], [454, 146, 106])
1	0.5199361458223133	0.5502373684673534	([446, 385], [446, 413, 385])
1	0.5464292591784436	0.5504954878724788	([273, 227], [273, 247, 227])
1	0.524141113872149	0.5504954878724788	([453, 247], [453, 247, 227])
1	0.5490765646393133	0.5506227948899999	([430, 8], [433, 430, 8])
1	0.5084565478443391	0.5508153305624023	([237, 222], [236, 234, 224])
1	0.5497827039346944	0.5509229022294513	([367, 51], [367, 229, 66])
1	0.5340521496669219	0.5513035425518346	([158, 118], [158, 139, 118])
1	0.49267640809294944	0.5513785295916623	([76, 5], [76, 57, 43])
1	0.5292310612081351	0.5515042646978988	([165, 64], [455, 165, 107])
1	0.5381792333837825	0.5515572343622102	([298, 268], [298, 281, 267])
1	0.5211215005647676	0.5521732307683213	([326, 0], [361, 327, 324])
1	0.5454797065812489	0.5522846932260512	([227, 127], [227, 166, 149])
1	0.5481309282672042	0.5527003790450202	([564, 535], [564, 560, 535])
1	0.5494150730170181	0.5530562139302846	([428, 43], [431, 428, 43])
1	0.5493591639028159	0.5531586888315222	([255, 211], [255, 246, 211])
1	0.511354912996289	0.5533761753967857	([393, 355], [393, 372, 355])
1	0.5522394370088547	0.5533985748518584	([359, 203], [359, 358, 207])
1	0.5411474512523923	0.553639517058697	([417, 73], [418, 417, 48])
1	0.542848171784284	0.5545370133160802	([329, 233], [329, 273, 227])
1	0.5387487895841527	0.5547001155958993	([422, 74], [417, 415, 73])
1	0.4712081410840192	0.554726371529051	([485, 167], [329, 326, 232])
1	0.5514339296526619	0.5549442437825033	([572, 534], [572, 559, 521])
1	0.553555533927932	0.5549442437825033	([576, 521], [576, 572, 521])
1	0.5524179119116038	0.5551565353388471	([238, 215], [238, 236, 220])
1	0.5504255090382663	0.5556670061459739	([422, 36], [422, 74, 36])
1	0.5274243741880017	0.5565328840748954	([79, 61], [79, 76, 61])
1	0.5477169715799777	0.5572745797578574	([457, 52], [457, 169, 107])
1	0.5552511966717115	0.5572770890250185	([146, 64], [146, 106, 105])
1	0.5414924406448663	0.5574405570613656	([419, 62], [419, 417, 47])
1	0.5251367580072486	0.5578147298716818	([222, 137], [222, 202, 137])
1	0.5345295654674321	0.5580443384463181	([382, 351], [396, 382, 351])
1	0.5554335557190597	0.5582963398300879	([358, 244], [358, 244, 207])
1	0.5466310808832912	0.5583525534399983	([169, 52], [169, 108, 52])
1	0.5515265778756571	0.5583686810668977	([561, 452], [514, 494, 456])
1	0.5350101041379156	0.5584401446002674	([557, 64], [557, 452, 402])
1	0.5372129897184457	0.5584492221404898	([189, 158], [201, 181, 156])
1	0.5585449341257055	0.5586194344961015	([395, 1], [395, 394, 1])
1	0.4957532051221457	0.5586522812191902	([442, 38], [429, 422, 6])
1	0.5516448561460261	0.558850020460971	([361, 179], [361, 227, 197])
1	0.5434161811920246	0.558850020460971	([361, 227], [367, 361, 197])
1	0.5578436246466292	0.5589441470185921	([458, 67], [458, 153, 103])
1	0.4945047645720229	0.5590018197477479	([203, 157], [181, 179, 156])
1	0.5231697948611969	0.5590784301461138	([415, 64], [415, 74, 64])
1	0.5547734978318841	0.559147720109361	([390, 340], [390, 359, 340])
1	0.52579360631088	0.5596715733145131	([452, 225], [453, 452, 225])
1	0.5556521136134039	0.560021681946642	([193, 142], [193, 175, 159])
1	0.5445395906876059	0.5600327152062381	([559, 521], [559, 549, 520])
1	0.5450598180760031	0.5611202405175008	([245, 207], [245, 236, 157])
1	0.5056764070401997	0.5611669851445575	([308, 64], [308, 273, 227])
1	0.5534336822089518	0.5612921298028282	([324, 209], [324, 234, 229])
1	0.5488853850202506	0.5613649138754427	([346, 271], [346, 319, 312])
1	0.5424574482664385	0.5614548198396885	([78, 11], [78, 61, 11])
1	0.5392908459732493	0.5616098201903804	([358, 207], [407, 385, 358])
1	0.5553054002219491	0.5618541928227511	([515, 362], [515, 498, 362])
1	0.5523821045533288	0.5619405288564396	([434, 33], [434, 431, 44])
1	0.5531317017650089	0.5619991323381562	([541, 339], [578, 564, 541])
1	0.530000990113286	0.5621252374789029	([548, 0], [557, 548, 0])
1	0.5585728134860893	0.5621368640008908	([451, 210], [456, 451, 210])
1	0.5588715834682615	0.56251562436597	([329, 122], [454, 329, 121])
1	0.5629677291504738	0.5632998268996111	([250, 183], [250, 238, 188])
1	0.5610318790204943	0.5635942074586882	([577, 500], [577, 563, 562])
1	0.5557501226869942	0.5636488982011005	([239, 223], [239, 238, 223])
1	0.5577568019801775	0.5637974241711234	([312, 262], [312, 294, 262])
1	0.56214481210163	0.5638816784331093	([563, 522], [563, 543, 522])
1	0.5472710373617932	0.564068056798587	([333, 250], [333, 317, 250])
1	0.5640728989467572	0.5649056797908575	([263, 221], [271, 263, 221])
1	0.5568993977001284	0.5649449692207067	([442, 388], [442, 421, 388])
1	0.564461831717939	0.5649614253086063	([452, 275], [452, 275, 246])
1	0.5520195493591737	0.5650970780622478	([518, 125], [518, 453, 228])
1	0.5523244826349267	0.565215396907275	([238, 188], [238, 215, 188])
1	0.5393981858854041	0.5653529280078833	([294, 265], [312, 262, 221])
1	0.5492422938066939	0.5658713939244221	([519, 226], [519, 226, 149])
1	0.546966918689709	0.5659247052986861	([348, 247], [348, 322, 254])
1	0.5577585349218197	0.5659321364772245	([327, 54], [327, 102, 54])
1	0.5658089034200339	0.5660229421526252	([264, 222], [264, 261, 222])
1	0.551802137590119	0.5660507649152402	([406, 69], [420, 406, 69])
1	0.4700472098693798	0.5667067200856767	([339, 222], [292, 281, 267])
1	0.561922904165493	0.5668436701830433	([89, 6], [89, 82, 6])
1	0.560266970890583	0.5668757798934457	([356, 210], [356, 329, 210])
1	0.544493134057382	0.567325057597101	([272, 219], [272, 235, 224])
1	0.5357558552991661	0.5674193956883531	([583, 545], [583, 570, 523])
1	0.5657028887926969	0.5675663571902817	([250, 212], [250, 215, 212])
1	0.5553295266191696	0.5679223100206768	([567, 361], [567, 557, 452])
1	0.5429855440891385	0.5680931969744731	([519, 65], [519, 457, 452])
1	0.5592861225206875	0.5682758258150523	([297, 260], [297, 296, 260])
1	0.566108423293658	0.5687388763883487	([138, 99], [138, 114, 99])
1	0.5684827901171208	0.5689345113897705	([414, 87], [442, 414, 87])
1	0.56690899164784	0.5690193105289753	([520, 451], [520, 512, 451])
1	0.5359399132740437	0.5691317150992636	([276, 127], [326, 276, 127])
1	0.5686690122734993	0.5691983744094969	([405, 157], [405, 373, 157])
1	0.5661736471934549	0.5694495737882846	([514, 356], [514, 403, 393])
1	0.5398705216174525	0.5695171144270692	([272, 66], [277, 272, 66])
1	0.5672847803194194	0.5695368126269688	([576, 544], [576, 560, 544])
1	0.5464424967827997	0.5698469130172861	([113, 99], [113, 108, 102])
1	0.5697473343087697	0.5700145216052093	([510, 187], [510, 339, 221])
1	0.550916710547166	0.5700145216052093	([578, 222], [510, 503, 221])
1	0.5604125015262131	0.5703812981556496	([210, 139], [210, 208, 141])
1	0.5611515058092345	0.5705752658606368	([359, 156], [359, 202, 156])
1	0.5629461617708792	0.5709152907589817	([512, 394], [574, 520, 451])
1	0.5609443514301844	0.57098819378999	([510, 385], [510, 385, 346])
1	0.5693300403468798	0.571008567262456	([549, 323], [557, 549, 323])
1	0.5680081507883212	0.5710551571944245	([337, 270], [337, 321, 272])
1	0.568591651164293	0.5710990895145538	([450, 46], [450, 447, 46])
1	0.540595585761634	0.5711560511897957	([521, 0], [557, 521, 513])
1	0.568816682032861	0.5713210001687516	([374, 336], [374, 358, 351])
1	0.5708381875268607	0.5713868992983495	([330, 208], [356, 330, 208])
1	0.5491344035742146	0.571501177778549	([259, 223], [269, 259, 223])
1	0.56460413429073	0.5718551387562097	([390, 220], [390, 359, 220])
1	0.5547782356157843	0.5719570705252209	([340, 260], [340, 271, 260])
1	0.5523739298806182	0.5720025930333631	([222, 90], [420, 390, 340])
1	0.5657690925646326	0.5720286547011665	([373, 130], [405, 351, 157])
1	0.5700447134732818	0.5720295478736032	([514, 52], [514, 228, 52])
1	0.5664827440383293	0.5720761326423703	([316, 263], [316, 292, 264])
1	0.567887577234553	0.5723694958685488	([445, 70], [445, 421, 70])
1	0.5355357477082676	0.573190467413222	([116, 96], [138, 116, 96])
1	0.5709964881051908	0.5733897859317765	([556, 371], [556, 514, 356])
1	0.5650981730651735	0.5734338683697923	([390, 59], [420, 390, 5])
1	0.5706149757033261	0.5736655177112179	([236, 139], [236, 208, 203])
1	0.5700237932276685	0.5746170964830277	([254, 103], [324, 254, 228])
1	0.5639822560621989	0.5747160726042639	([351, 236], [351, 319, 267])
1	0.5665422307547872	0.5749361370747976	([520, 357], [520, 452, 357])
1	0.5742940571845898	0.5750712942107139	([234, 126], [234, 230, 126])
1	0.5713066325092669	0.5754007140783552	([578, 98], [578, 221, 98])
1	0.5748887895364141	0.5757092547216902	([342, 257], [342, 337, 257])
1	0.5298885146472667	0.5761017845105666	([408, 207], [390, 339, 237])
1	0.5638271264741399	0.5761452006780245	([240, 0], [239, 232, 0])
1	0.5664269725897633	0.5763035109165752	([347, 269], [347, 307, 288])
1	0.5659888138513454	0.5766351849502194	([349, 256], [349, 308, 274])
1	0.5546799862660398	0.5776804431389055	([273, 54], [451, 274, 273])
1	0.5779291454802492	0.5780247253919859	([576, 271], [576, 271, 157])
1	0.5714374733238207	0.5780845293047067	([550, 254], [550, 308, 255])
1	0.5683007186922859	0.5781712311757402	([519, 274], [519, 362, 323])
1	0.577581922579837	0.578197174992669	([360, 144], [360, 359, 144])
1	0.5700442475555659	0.5782630717163332	([389, 57], [420, 389, 90])
1	0.5713568568920199	0.5783371521741392	([550, 48], [550, 241, 0])
1	0.5670868270326703	0.5791671376070056	([416, 91], [416, 412, 72])
1	0.5739996449626878	0.579290043840602	([404, 208], [404, 242, 206])
1	0.5690001477569565	0.5793028078188452	([520, 242], [520, 451, 273])
1	0.578290948975732	0.5795632221520909	([388, 46], [411, 388, 46])
1	0.5692349658206414	0.5796595101604081	([213, 129], [213, 202, 129])
1	0.578062644139416	0.5797099785560894	([235, 143], [225, 178, 143])
1	0.5659900865514508	0.5807089737449512	([393, 224], [393, 358, 224])
1	0.5665045510110274	0.5808583967415235	([553, 276], [556, 553, 321])
1	0.5790638583588965	0.5809648102081848	([541, 0], [548, 541, 524])
1	0.5740900074314016	0.5810175288301063	([253, 140], [253, 246, 140])
1	0.565205894490459	0.581211430668355	([387, 56], [406, 396, 69])
1	0.579934532870308	0.5812347627552095	([397, 258], [451, 397, 258])
1	0.552074275433894	0.5814952703182172	([140, 54], [140, 125, 63])
1	0.5656753371623013	0.5816959887839709	([274, 101], [329, 274, 101])
1	0.5699174561389481	0.581705615488533	([541, 96], [578, 541, 98])
1	0.5491801581455338	0.581775777050316	([523, 221], [541, 413, 98])
1	0.5783876948197137	0.5819579680481345	([252, 141], [252, 141, 100])
1	0.5816257458015879	0.582191028799885	([341, 92], [341, 330, 67])
1	0.5732433345830926	0.5825299392603291	([254, 180], [254, 230, 225])
1	0.5778859314956393	0.5826053336138974	([347, 238], [351, 347, 238])
1	0.5752489747672044	0.5827122533235618	([224, 1], [393, 224, 1])
1	0.5823272172270603	0.5829484472115462	([531, 63], [531, 403, 67])
1	0.580772178249645	0.5829520921393856	([564, 359], [564, 359, 157])
1	0.5683142215787212	0.5831964511653113	([398, 245], [398, 351, 244])
1	0.5602890019214579	0.5832347114951177	([373, 250], [373, 339, 333])
1	0.5816359222522114	0.5834824520255664	([554, 246], [554, 514, 499])
1	0.5791176523984973	0.5839233544868535	([274, 1], [274, 258, 1])
1	0.5746482260780114	0.584003847674478	([415, 341], [415, 395, 341])
1	0.576689142288309	0.5841242262038311	([566, 1], [566, 531, 1])
1	0.5749233530053756	0.5849585224391142	([531, 253], [531, 253, 67])
1	0.5825161836180814	0.5851213345140689	([499, 240], [499, 452, 240])
1	0.5748400405391584	0.5851411151960206	([250, 116], [250, 182, 157])
1	0.5838302405019311	0.5855343004935954	([349, 223], [349, 341, 223])
1	0.5637827736942579	0.586057385484438	([343, 249], [343, 320, 272])
1	0.5838111771241118	0.5861232023852609	([567, 155], [567, 517, 110])
1	0.5485298794402277	0.5864370335458234	([541, 413], [576, 510, 221])
1	0.5786704474168655	0.5866407382319893	([500, 212], [504, 500, 222])
1	0.5789252421336872	0.5867675684148179	([512, 100], [512, 451, 100])
1	0.5824963787687373	0.5868623719657747	([181, 116], [187, 181, 116])
1	0.5813178151100356	0.5868623719657747	([510, 116], [510, 187, 116])
1	0.5868246585032049	0.5868833939725211	([576, 411], [576, 510, 411])
1	0.5856894007865902	0.5871017733784165	([554, 49], [561, 554, 49])
1	0.578461255369782	0.5875303944114816	([553, 224], [522, 514, 224])
1	0.5852895373674659	0.5875400904123502	([274, 142], [274, 228, 149])
1	0.5815619423080242	0.5883283574667296	([562, 140], [566, 562, 140])
1	0.5868134834933204	0.588470203459965	([572, 236], [572, 563, 250])
1	0.5873885701304444	0.5892078762101984	([331, 219], [358, 331, 207])
1	0.5854385421071409	0.5893130642931516	([551, 329], [551, 549, 329])
1	0.5885025367659116	0.5895738808077102	([241, 93], [403, 241, 93])
1	0.5747845771566595	0.5896182796004018	([399, 145], [399, 145, 1])
1	0.5895578811681458	0.5900030901663832	([273, 119], [273, 119, 54])
1	0.5772583536032073	0.590229547816308	([278, 128], [255, 226, 128])
1	0.5827923866588725	0.5903685258858806	([185, 118], [185, 145, 118])
1	0.5832827890899974	0.5904935511739436	([575, 206], [575, 226, 206])
1	0.5795642623097408	0.5904935511739436	([575, 63], [575, 557, 226])
1	0.5903332168856548	0.5906932424190715	([372, 158], [372, 356, 208])
1	0.5856525803476379	0.590710168647749	([449, 263], [449, 263, 76])
1	0.5757720756168677	0.5913284916946718	([377, 315], [377, 354, 346])
1	0.5836725465137529	0.591665018819191	([418, 347], [418, 393, 341])
1	0.5760993895867622	0.5920079018845618	([575, 372], [575, 512, 372])
1	0.5899039527258495	0.5922534156477826	([528, 373], [564, 528, 373])
1	0.5674841626452699	0.5922787049606617	([523, 409], [523, 522, 409])
1	0.588803784368048	0.5923044469679247	([371, 191], [371, 230, 191])
1	0.5827063665517087	0.592359026178792	([406, 215], [406, 358, 207])
1	0.5897844483264575	0.5927684009526865	([318, 223], [318, 270, 268])
1	0.5890575664169752	0.5929174601991922	([343, 215], [359, 343, 215])
1	0.5891016985045504	0.5931761042345092	([571, 145], [555, 515, 145])
1	0.5461354290895111	0.5937200108351022	([564, 157], [523, 409, 359])
1	0.5730059356665868	0.5942045809039039	([574, 128], [518, 513, 128])
1	0.5928800795981949	0.5942178794041759	([583, 95], [583, 578, 98])
1	0.5934564554594457	0.5942193907629375	([502, 157], [502, 449, 220])
1	0.5873401607620876	0.5942318110784401	([449, 203], [449, 389, 220])
1	0.5882239920517961	0.5944432084673311	([550, 350], [550, 451, 350])
1	0.5858486809033218	0.594496501759539	([337, 94], [337, 272, 94])
1	0.5906856723215766	0.5946808849162187	([219, 92], [258, 219, 92])
1	0.5945892513770726	0.5946808849162187	([269, 92], [269, 258, 92])
1	0.5898272687453308	0.5947734169134204	([248, 112], [248, 247, 112])
1	0.5874264254964531	0.5948923761689433	([387, 212], [397, 387, 212])
1	0.5894428055891088	0.5951676409623589	([535, 392], [535, 528, 373])
1	0.5897101340739466	0.595583279092704	([532, 92], [532, 513, 54])
1	0.5799418559012327	0.5957399653277757	([450, 219], [450, 224, 219])
1	0.5935360166858543	0.5957496951705226	([569, 202], [569, 563, 202])
1	0.5919166636521324	0.5976729760144536	([189, 135], [189, 157, 144])
1	0.5844248586885991	0.5979686374661074	([217, 114], [217, 203, 114])
1	0.5807177132074138	0.5980285624383197	([560, 144], [576, 560, 144])
1	0.59656668492	0.5980285624383197	([580, 144], [580, 576, 144])
1	0.5781393402583659	0.5987757887296125	([530, 450], [540, 450, 418])
1	0.5906984140640958	0.5991525355953373	([523, 446], [523, 446, 407])
1	0.5939291138658302	0.5994353132106115	([360, 116], [360, 250, 202])
1	0.5955826823316552	0.5995301889076319	([559, 244], [559, 514, 228])
1	0.5868583840936922	0.5997860636886302	([568, 126], [568, 557, 327])
1	0.5834412015384196	0.6001695692439672	([583, 334], [583, 334, 268])
1	0.5758316444128827	0.6005090288615442	([569, 158], [574, 569, 158])
1	0.5970562332779028	0.6006954053754449	([441, 267], [441, 267, 90])
1	0.5828449205073643	0.6009149806880998	([575, 99], [575, 99, 54])
1	0.5954932826849599	0.6010844062528561	([482, 308], [482, 308, 231])
1	0.5990661922407161	0.601111361652012	([521, 396], [522, 521, 396])
1	0.5761324263189965	0.601345824089772	([292, 116], [313, 292, 116])
1	0.5969959458723256	0.6015560117009375	([535, 416], [535, 416, 392])
1	0.5941406354866653	0.6017514795167543	([577, 419], [577, 500, 450])
1	0.590293065851227	0.6022691562334043	([560, 208], [560, 208, 139])
1	0.5772607666266182	0.6025184910946755	([560, 399], [571, 560, 399])
1	0.5525735830564773	0.6026067735528724	([560, 66], [560, 402, 399])
1	0.5923789267166268	0.6026215907150423	([387, 318], [387, 318, 223])
1	0.5986510643090093	0.603253245438218	([347, 91], [393, 347, 341])
1	0.5860701227773305	0.6035232621875712	([573, 50], [573, 561, 50])
1	0.60328014541346	0.6036962295532091	([343, 62], [411, 343, 339])
1	0.5866210132245456	0.6042219939099791	([564, 55], [564, 449, 2])
1	0.5946207256522005	0.6042679031167273	([214, 73], [223, 214, 73])
1	0.6011430995414344	0.6042853603795346	([524, 260], [524, 260, 221])
1	0.5914529371038788	0.6044449334540306	([573, 349], [573, 359, 349])
1	0.589646470682881	0.6047128433244718	([521, 188], [522, 521, 207])
1	0.6046149241209842	0.6048084914409463	([219, 135], [219, 182, 156])
1	0.5912230844251768	0.6052148937507421	([577, 337], [577, 419, 394])
1	0.5973973702652994	0.6056565900685434	([570, 115], [570, 523, 138])
1	0.6008173104865552	0.6057797845379306	([581, 116], [581, 544, 116])
1	0.5896452709668927	0.6057971069597863	([500, 341], [512, 511, 397])
1	0.5994400722685914	0.6063427729842285	([544, 380], [544, 446, 380])
1	0.605301190278711	0.6065306649185956	([532, 382], [532, 403, 382])
1	0.5793817052455932	0.6076999851669632	([524, 351], [524, 521, 360])
1	0.6066813779460463	0.6077313115840137	([573, 406], [573, 406, 359])
1	0.6038910353099093	0.6077495131378202	([372, 97], [417, 372, 97])
1	0.5908320868602398	0.6077544632197254	([526, 219], [526, 498, 451])
1	0.5964418844235752	0.6081110531228807	([547, 387], [547, 395, 387])
1	0.6074467386810134	0.6082243998650596	([512, 217], [512, 258, 217])
1	0.5988684468396991	0.6082622489817833	([530, 223], [559, 530, 244])
1	0.5930846399605494	0.6083045571378044	([568, 200], [574, 568, 205])
1	0.5961065364722106	0.608378931265622	([575, 338], [575, 338, 322])
1	0.5807649544825295	0.6086216368351433	([570, 358], [570, 449, 408])
1	0.6080912321509708	0.6087836235579368	([580, 118], [580, 159, 144])
1	0.6053564779832216	0.6088043492450967	([522, 134], [522, 134, 129])
1	0.5986201235163642	0.6092579989969739	([182, 1], [206, 182, 1])
1	0.6084024368542793	0.6098764389738082	([535, 318], [535, 530, 318])
1	0.6092361983531248	0.6101228131521637	([248, 71], [248, 245, 71])
1	0.6105236806830832	0.6108293929437367	([269, 4], [269, 94, 4])
1	0.5834303811789192	0.6108458895791558	([507, 343], [507, 345, 343])
1	0.6047602100306295	0.61100092603657	([270, 117], [320, 270, 117])
1	0.5898705446247167	0.6113684726415881	([508, 335], [508, 339, 335])
1	0.6082423059368639	0.6118467749880101	([505, 293], [505, 413, 377])
1	0.6030313016043299	0.6119675856169257	([508, 382], [508, 502, 407])
1	0.6108900592404235	0.6119851028559937	([352, 113], [352, 113, 97])
1	0.6093033990903615	0.6121460009800607	([546, 259], [546, 386, 259])
1	0.6105458679125999	0.6126477074234672	([547, 307], [568, 547, 310])
1	0.6014539928812019	0.6130115417717467	([528, 69], [573, 528, 69])
1	0.6072164180758216	0.6130115417717467	([581, 69], [581, 573, 69])
1	0.6071305857028031	0.6134486393959002	([546, 386], [546, 353, 352])
1	0.6070540078248208	0.6134486393959002	([546, 353], [546, 521, 352])
1	0.5973162564788197	0.6135771441268103	([536, 378], [536, 508, 378])
1	0.5972009472243714	0.6136185361780326	([285, 184], [285, 248, 214])
1	0.6017972614212246	0.6137496549189176	([537, 331], [544, 537, 354])
1	0.604922745440426	0.6143054575218877	([582, 319], [582, 564, 319])
1	0.5984678852841333	0.6144050068405339	([318, 136], [318, 223, 136])
1	0.6142651905756561	0.6149312573998573	([526, 99], [526, 348, 1])
1	0.6143578909262216	0.6150264846981545	([511, 62], [511, 343, 341])
1	0.6038599866697435	0.6157566323726726	([282, 132], [282, 250, 132])
1	0.6026849168799461	0.6160536913096268	([287, 118], [308, 287, 118])
1	0.6144034321972556	0.6160653458103482	([537, 289], [537, 331, 269])
1	0.6071924674092573	0.6167622894641968	([261, 3], [449, 261, 221])
1	0.6020375526270849	0.6167961904486265	([386, 135], [386, 137, 135])
1	0.604470288814238	0.6174638777832168	([528, 347], [528, 373, 372])
1	0.6055037452600809	0.6190202856088354	([448, 262], [449, 448, 262])
1	0.6048765562662626	0.6193398585972588	([345, 83], [447, 345, 340])
1	0.609224387019808	0.6194124848640091	([374, 114], [374, 373, 114])
1	0.6180499383107779	0.6199346790360875	([535, 181], [561, 535, 181])
1	0.6160666406604656	0.6211478055008496	([378, 298], [378, 298, 260])
1	0.5790763145593777	0.6212892329094182	([580, 47], [580, 573, 47])
1	0.6179799769652259	0.6220441099094906	([580, 251], [580, 573, 251])
1	0.6156655158794663	0.6239324460466139	([526, 284], [526, 372, 284])
1	0.6157805902981623	0.6259073375273513	([542, 132], [542, 510, 132])
1	0.6145758061182305	0.6282340999801391	([542, 189], [542, 202, 189])
0	0.0	1.0	([37], [37, 0])
0	0.0	inf	([0], [])
