0	0.0	0.01568574889983352	([165], [165, 38])
0	0.0	0.017331031291031158	([126], [126, 24])
0	0.0	0.23294767858365045	([77], [77, 76])
0	0.0	0.24312621978223628	([152], [152, 151])
0	0.0	0.24479517592165814	([200], [200, 199])
0	0.0	0.24722028160701875	([92], [92, 91])
0	0.0	0.24773664429003212	([146], [146, 145])
0	0.0	0.24917141826163164	([134], [134, 133])
0	0.0	0.25021709169094086	([143], [143, 142])
0	0.0	0.2502463831646012	([31], [31, 30])
0	0.0	0.2509866499657737	([129], [129, 128])
0	0.0	0.2528864870090953	([102], [102, 101])
0	0.0	0.25292715478610794	([156], [156, 155])
0	0.0	0.25299415651534957	([46], [46, 45])
0	0.0	0.25509528856598307	([150], [150, 149])
0	0.0	0.2576209091010306	([176], [176, 175])
0	0.0	0.2585730489541527	([154], [154, 153])
0	0.0	0.2605505143435494	([96], [96, 95])
0	0.0	0.2624268635668224	([182], [182, 181])
0	0.0	0.2627555673988125	([174], [174, 173])
0	0.0	0.26307269605076933	([168], [168, 167])
0	0.0	0.263857950503182	([28], [28, 27])
0	0.0	0.26387453422456414	([178], [178, 177])
0	0.0	0.26391127850303475	([172], [172, 171])
0	0.0	0.26402291002871925	([199], [199, 198])
0	0.0	0.2655876455695359	([72], [72, 71])
0	0.0	0.26561131420716255	([101], [101, 100])
0	0.0	0.26571967469610225	([88], [88, 87])
0	0.0	0.26728168552623444	([108], [108, 107])
0	0.0	0.26780815573964695	([106], [106, 105])
0	0.0	0.2686525172139794	([179], [179, 178])
0	0.0	0.26934981839842076	([85], [85, 84])
0	0.0	0.2695079584288669	([162], [162, 161])
0	0.0	0.26970193292719785	([127], [127, 125])
0	0.0	0.2727473278790895	([142], [142, 141])
0	0.0	0.27279285673185744	([148], [148, 147])
0	0.0	0.2729152146949325	([34], [34, 33])
0	0.0	0.2734698872093411	([158], [158, 157])
0	0.0	0.27407401362153566	([89], [89, 87])
0	0.0	0.27545323353602746	([141], [141, 140])
0	0.0	0.276056120133993	([75], [75, 74])
0	0.0	0.27863729311958085	([105], [105, 104])
0	0.0	0.2787161354778338	([159], [159, 158])
0	0.0	0.27887182689688145	([83], [83, 82])
0	0.0	0.27937925921740886	([69], [69, 68])
0	0.0	0.2794644664454013	([116], [116, 115])
0	0.0	0.27999924477419097	([68], [68, 67])
0	0.0	0.28118404475799225	([131], [131, 130])
0	0.0	0.2815032341571775	([124], [124, 123])
0	0.0	0.28154949809785573	([169], [169, 168])
0	0.0	0.28198518016375057	([71], [71, 70])
0	0.0	0.28199053538242524	([82], [82, 81])
0	0.0	0.2837189907625256	([47], [47, 46])
0	0.0	0.28435333833261106	([118], [118, 117])
0	0.0	0.2848654154882909	([114], [114, 113])
0	0.0	0.2848934485330263	([138], [138, 137])
0	0.0	0.28501240997813054	([180], [180, 179])
0	0.0	0.2863659428155022	([197], [197, 196])
0	0.0	0.28735764866407454	([36], [36, 35])
0	0.0	0.28778471588136106	([44], [44, 43])
0	0.0	0.28855263901372574	([130], [130, 129])
0	0.0	0.2888321094620673	([98], [98, 97])
0	0.0	0.28886532222242833	([157], [157, 156])
0	0.0	0.288973335303429	([100], [100, 99])
0	0.0	0.2893875291994493	([193], [193, 192])
0	0.0	0.2896966426834271	([66], [66, 65])
0	0.0	0.2907224016952824	([185], [185, 184])
0	0.0	0.29191190483909607	([147], [147, 146])
0	0.0	0.29231275039208604	([45], [45, 44])
0	0.0	0.29383583790369	([188], [188, 187])
0	0.0	0.2939688386629136	([97], [97, 95])
0	0.0	0.294521856272944	([133], [133, 132])
0	0.0	0.29510869544239643	([164], [164, 163])
0	0.0	0.29524916964042847	([139], [139, 138])
0	0.0	0.2955003135213774	([93], [93, 92])
0	0.0	0.2971741652804887	([78], [78, 77])
0	0.0	0.29812701016274	([99], [99, 98])
0	0.0	0.29851832149683205	([110], [110, 109])
0	0.0	0.29905133327896805	([195], [195, 194])
0	0.0	0.29931947878120113	([111], [111, 110])
0	0.0	0.29997675458043005	([196], [196, 195])
0	0.0	0.30030857800436644	([191], [191, 190])
0	0.0	0.3009199445496337	([103], [103, 102])
0	0.0	0.30123448491315513	([80], [80, 79])
0	0.0	0.30188211766420214	([189], [189, 188])
0	0.0	0.30229236536979043	([163], [163, 162])
0	0.0	0.30247646978275294	([136], [136, 135])
0	0.0	0.3034632528139418	([198], [198, 197])
0	0.0	0.3039900103063096	([62], [62, 61])
0	0.0	0.3043379992023683	([132], [132, 131])
0	0.0	0.30435487648608667	([74], [74, 73])
0	0.0	0.30507237028344947	([153], [153, 152])
0	0.0	0.30518118952487694	([151], [151, 150])
0	0.0	0.30538460607510504	([107], [107, 106])
0	0.0	0.3069404386024402	([167], [167, 166])
0	0.0	0.30737674090855316	([161], [161, 160])
0	0.0	0.30799191083050037	([125], [125, 124])
0	0.0	0.3083746062187612	([184], [184, 183])
0	0.0	0.3084926142537332	([91], [91, 90])
0	0.0	0.3088298555715958	([7], [7, 6])
0	0.0	0.3091451070871464	([137], [137, 136])
0	0.0	0.3110328441435646	([173], [173, 172])
0	0.0	0.3139662037322889	([115], [115, 114])
0	0.0	0.3142454766897804	([194], [194, 193])
0	0.0	0.3155945977159926	([128], [128, 127])
0	0.0	0.31627170095862234	([187], [187, 186])
0	0.0	0.316410042259115	([63], [63, 62])
0	0.0	0.31648034527706886	([61], [61, 60])
0	0.0	0.3169977936501686	([37], [37, 36])
0	0.0	0.3198278313752375	([94], [94, 93])
0	0.0	0.321270003740346	([122], [122, 121])
0	0.0	0.3212948745807277	([177], [177, 176])
0	0.0	0.3214725643208518	([112], [112, 111])
0	0.0	0.3216210537276581	([109], [109, 108])
0	0.0	0.3256108929167337	([186], [186, 185])
0	0.0	0.32599935171486977	([192], [192, 191])
0	0.0	0.3271569507789307	([70], [70, 69])
0	0.0	0.327304058052814	([73], [73, 72])
0	0.0	0.3296161575256631	([190], [190, 189])
0	0.0	0.3315253699256203	([104], [104, 103])
0	0.0	0.33312407855626175	([95], [95, 94])
0	0.0	0.3341871594702132	([117], [117, 116])
0	0.0	0.33483153613313404	([57], [57, 56])
0	0.0	0.3362976408921268	([58], [58, 57])
0	0.0	0.3363426257442875	([175], [175, 174])
0	0.0	0.3367787838164746	([155], [155, 154])
0	0.0	0.3368708386759887	([170], [170, 169])
0	0.0	0.337425690692131	([65], [65, 64])
0	0.0	0.3374573538670602	([149], [149, 148])
0	0.0	0.33809286120682497	([123], [123, 122])
0	0.0	0.3393960973968412	([140], [140, 139])
0	0.0	0.34014373841781187	([121], [121, 119])
0	0.0	0.34075133374122074	([120], [120, 119])
0	0.0	0.34119546717295707	([81], [81, 80])
0	0.0	0.3435368813760339	([135], [135, 134])
0	0.0	0.3459713181077363	([171], [171, 170])
0	0.0	0.34625861883493825	([64], [64, 63])
0	0.0	0.34762138721117636	([160], [160, 159])
0	0.0	0.34843225830837876	([183], [183, 182])
0	0.0	0.3492489217235882	([119], [119, 118])
0	0.0	0.3494029322641806	([54], [54, 53])
0	0.0	0.35036324194522445	([113], [113, 112])
0	0.0	0.35389300341501573	([79], [79, 78])
0	0.0	0.3553228262414397	([4], [4, 1])
0	0.0	0.3557690804079428	([51], [51, 50])
0	0.0	0.35757091053285556	([87], [87, 86])
0	0.0	0.36061819884784807	([67], [67, 66])
0	0.0	0.364016021858677	([76], [76, 75])
0	0.0	0.36699866384747354	([86], [86, 84])
0	0.0	0.36855650298199827	([49], [49, 48])
0	0.0	0.37487399244771563	([30], [30, 29])
0	0.0	0.375411811793203	([48], [48, 40])
0	0.0	0.3784025644486867	([90], [90, 89])
0	0.0	0.3787066234740753	([27], [27, 26])
0	0.0	0.379766759525849	([35], [35, 34])
0	0.0	0.38024490821142615	([42], [42, 41])
0	0.0	0.3817205052352291	([166], [166, 164])
0	0.0	0.3833306269595254	([181], [181, 180])
0	0.0	0.38395359725660727	([55], [55, 39])
0	0.0	0.3853272253145248	([84], [84, 83])
0	0.0	0.3957489819290505	([60], [60, 58])
0	0.0	0.400631315037934	([43], [43, 42])
0	0.0	0.40391481850575667	([5], [5, 4])
0	0.0	0.40443952189342314	([2], [2, 0])
0	0.0	0.40705624342646674	([52], [52, 51])
0	0.0	0.4128213346110574	([59], [59, 39])
0	0.0	0.4183233585579462	([50], [50, 49])
0	0.0	0.4186633952234891	([145], [145, 144])
0	0.0	0.4237514494037495	([32], [32, 31])
0	0.0	0.42452515252894907	([144], [144, 143])
0	0.0	0.4269400515301868	([33], [33, 32])
0	0.0	0.43955248348682036	([10], [10, 8])
0	0.0	0.44028742575038493	([8], [10, 9])
0	0.0	0.4417129770531008	([40], [49, 47])
0	0.0	0.4431862199747662	([9], [9, 3])
0	0.0	0.44997518593649016	([29], [31, 26])
0	0.0	0.4504765016574776	([3], [8, 5])
0	0.0	0.4605017383697309	([56], [56, 55])
1	0.45433412980273447	0.4675484041572686	([29, 28], [30, 29, 28])
1	0.44448303300582015	0.4950357020231142	([51, 40], [51, 50, 49])
0	0.0	0.5046421261606494	([39], [144, 53])
0	0.0	0.5183186391012422	([53], [56, 52])
0	0.0	0.5233909750280835	([26], [26, 3])
0	0.0	0.547011948836224	([1], [32, 7])
0	0.0	0.54939908813996	([6], [6, 2])
0	0.0	0.5685649275634289	([41], [42, 37])
1	0.58720868353995	0.5888284994611663	([69, 62], [69, 66, 62])
1	0.5859229618076591	0.5976179154849235	([63, 56], [63, 60, 56])
1	0.6159612347420278	0.6186836116071661	([41, 36], [42, 41, 37])
1	0.6092929621089387	0.6196366416707338	([54, 51], [55, 54, 52])
1	0.6343314026602218	0.6758634190687328	([71, 57], [71, 65, 57])
1	0.6505363327294178	0.6909241750605722	([50, 35], [50, 44, 42])
1	0.6755622125864685	0.6926212486575182	([199, 179], [199, 196, 179])
1	0.680095273974184	0.6954566782350851	([166, 152], [166, 159, 158])
1	0.5045862291056546	0.6954905162056266	([42, 40], [49, 43, 42])
1	0.68861392825461	0.6977565927706304	([194, 172], [194, 180, 172])
1	0.6907731354136517	0.7008136827906319	([70, 50], [70, 58, 57])
1	0.6949576966279708	0.7042716034999251	([46, 33], [46, 42, 33])
1	0.6804473103711025	0.705261841065693	([54, 41], [56, 47, 43])
1	0.6926839668301287	0.7055772352411075	([159, 142], [159, 153, 151])
1	0.706660320795681	0.7086159239319479	([193, 173], [193, 181, 179])
1	0.7102867516985792	0.7109716902654032	([74, 52], [74, 70, 52])
1	0.6580526387220038	0.7133977423198988	([50, 29], [64, 52, 50])
1	0.6408472249110617	0.7136780394639486	([73, 61], [73, 69, 61])
1	0.6947885840353281	0.7156130194559001	([124, 104], [124, 116, 110])
1	0.6802780205222485	0.7158059533651876	([74, 60], [74, 62, 60])
1	0.7150797235836891	0.717181710259576	([156, 137], [156, 153, 137])
1	0.7174435174372228	0.7188004491176714	([154, 132], [154, 153, 137])
1	0.6981968656143429	0.7225195212805562	([183, 164], [183, 178, 167])
1	0.7176978616119267	0.7237638346000083	([198, 178], [198, 195, 174])
1	0.7090338427134117	0.7239985746143647	([195, 174], [198, 196, 178])
1	0.7090764059955439	0.7246932946733577	([173, 156], [173, 166, 163])
1	0.7062657056374247	0.7250237983598011	([95, 77], [95, 90, 77])
1	0.6982825092358541	0.7273287163498019	([176, 157], [176, 166, 157])
1	0.7266572240275938	0.7305614503985303	([94, 65], [94, 79, 76])
1	0.4608969692472925	0.73440974106235	([59, 58], [59, 56, 55])
1	0.7038359473310755	0.7354476698478054	([60, 44], [60, 58, 44])
1	0.6962277042208876	0.7356315817818485	([200, 164], [200, 190, 171])
1	0.7356712049811737	0.7393610668414485	([115, 66], [115, 108, 58])
1	0.733871541451455	0.743457154561831	([123, 50], [123, 67, 57])
1	0.7377456222187667	0.747851900376804	([162, 138], [164, 162, 138])
1	0.738276577016165	0.7496919220380065	([97, 72], [97, 92, 72])
1	0.7391066936294686	0.7506409405361129	([96, 50], [96, 79, 64])
1	0.7161844718840925	0.7506409405361129	([93, 64], [96, 93, 64])
1	0.7480955853037891	0.7510235207424752	([97, 63], [103, 97, 63])
1	0.7521035053002617	0.7534853895412258	([199, 159], [199, 197, 159])
1	0.7448482006643415	0.7559734402680588	([152, 127], [152, 148, 125])
1	0.7504234325008644	0.7562458908058	([166, 141], [166, 161, 141])
1	0.7454936944068474	0.7577635192218921	([200, 43], [200, 175, 169])
1	0.7410106548384735	0.760292620296967	([105, 68], [105, 94, 68])
1	0.7550442391610226	0.76099002358677	([194, 138], [194, 172, 138])
1	0.7589235974509273	0.7620219194163654	([139, 94], [139, 130, 94])
1	0.7546695057574202	0.7627191685049506	([104, 73], [104, 90, 88])
1	0.7628755207926247	0.7637626199099234	([139, 66], [136, 100, 66])
1	0.7286816577241132	0.7641860946285998	([200, 135], [200, 154, 135])
1	0.7288146844949056	0.765132315852878	([108, 58], [108, 102, 79])
1	0.6290803285130436	0.7652409163758397	([64, 29], [50, 34, 27])
1	0.7649591027897422	0.7678826023197812	([143, 30], [143, 135, 132])
1	0.759222574473115	0.7685840397028607	([154, 103], [154, 140, 103])
1	0.7474728940861505	0.7699373284414733	([69, 33], [69, 49, 47])
1	0.7276804841943215	0.7704382984174679	([123, 67], [105, 68, 64])
1	0.754480655047776	0.7711544191078757	([131, 46], [131, 124, 46])
1	0.7439569618937502	0.7721476987488823	([104, 52], [112, 104, 65])
1	0.7491352065129705	0.77351588577391	([169, 56], [169, 109, 57])
1	0.7343669147138188	0.7736707456409727	([132, 95], [133, 119, 102])
1	0.7695063253848305	0.7739149812014571	([190, 57], [193, 169, 166])
1	0.7594207772455103	0.7741288640666665	([159, 94], [159, 135, 99])
1	0.695039084269986	0.7743124263391505	([112, 56], [104, 73, 72])
1	0.7487398014879684	0.7743595647277558	([121, 70], [121, 108, 79])
1	0.7717693837453418	0.7752063931420012	([178, 127], [178, 138, 127])
1	0.771354441819344	0.7771488792535161	([183, 130], [183, 180, 130])
1	0.7135956546019364	0.7784319795048201	([136, 100], [137, 136, 100])
1	0.696997988758162	0.7795395162152629	([163, 131], [163, 158, 131])
1	0.7780405158154766	0.7795424172574026	([104, 35], [105, 104, 35])
1	0.7588673921128078	0.780065629397857	([132, 37], [132, 122, 56])
1	0.5829164720759885	0.7801661417634097	([58, 26], [58, 45, 30])
1	0.7604124907664833	0.7802244862979314	([142, 105], [142, 133, 105])
1	0.7582168955246864	0.780354925586898	([182, 45], [198, 182, 45])
1	0.7368487125600951	0.7808892252922389	([93, 46], [92, 60, 56])
1	0.7479838971204029	0.7816619173867951	([124, 33], [131, 98, 92])
1	0.7403313235880306	0.7817390446380603	([82, 37], [84, 69, 37])
1	0.7178282633221102	0.7823556818949915	([136, 41], [136, 132, 37])
1	0.7628723082018108	0.7825150017280672	([194, 155], [200, 194, 155])
1	0.780690160176289	0.7825844484752355	([168, 92], [168, 92, 80])
1	0.7782723020391962	0.782677966446813	([194, 36], [194, 164, 138])
1	0.7828927440680464	0.7830923190249987	([113, 74], [113, 104, 72])
1	0.7396109872503762	0.7833259136690598	([112, 37], [136, 125, 112])
1	0.7381027043781796	0.7847610447204695	([94, 28], [94, 65, 50])
1	0.7594536158745305	0.785451394195093	([162, 107], [169, 162, 107])
1	0.7616822707750432	0.7859250216587672	([197, 49], [197, 49, 36])
1	0.771342943987756	0.7859250216587672	([164, 36], [197, 194, 36])
1	0.7612426782362935	0.7862581357129979	([174, 134], [174, 158, 134])
1	0.770291542434593	0.7872038621062618	([146, 104], [151, 146, 90])
1	0.7506664730487019	0.7874733790153355	([174, 52], [182, 173, 37])
1	0.7840419496505606	0.7874733790153355	([181, 37], [182, 181, 37])
1	0.7393831982561139	0.7883141186777589	([175, 50], [200, 173, 37])
1	0.773785597599831	0.7883697196651084	([166, 64], [173, 162, 70])
1	0.7811079138191439	0.7884075694764312	([192, 132], [192, 172, 164])
1	0.7329894044209264	0.7890697737837636	([169, 109], [190, 60, 57])
1	0.7798111156160715	0.7890808362311604	([185, 70], [185, 70, 52])
1	0.7669299639664322	0.7890808362311604	([185, 46], [185, 174, 52])
1	0.7294290764753161	0.7891055192440044	([103, 36], [103, 57, 36])
1	0.7306143532977143	0.7899112779240364	([198, 41], [173, 99, 70])
1	0.7756481656191815	0.7902728276485027	([164, 102], [164, 159, 99])
1	0.7758794086537112	0.7902870913160821	([115, 76], [115, 76, 69])
1	0.7837147509612423	0.7903122395877558	([157, 54], [174, 157, 52])
1	0.7878279599673292	0.7904561996582901	([163, 65], [163, 159, 94])
1	0.7628789153643344	0.7908861404686419	([151, 90], [146, 141, 104])
1	0.7890780584554362	0.7911544674912235	([77, 35], [77, 76, 35])
1	0.7887781407879433	0.7914140253651212	([155, 69], [155, 149, 69])
1	0.7823162810242379	0.7920256678865737	([135, 81], [135, 95, 81])
1	0.7792094953187786	0.7925038839156605	([129, 74], [132, 122, 70])
1	0.769792251485293	0.7928710089899923	([139, 47], [160, 136, 41])
1	0.7597169310546306	0.7928710089899923	([197, 30], [164, 160, 41])
1	0.7653592479591513	0.7931006176280576	([168, 44], [168, 163, 44])
1	0.7789267533294235	0.7931615261552495	([158, 96], [158, 128, 96])
1	0.7735967347032123	0.7933641687659349	([100, 45], [100, 65, 52])
1	0.6954121035770765	0.7934193259499951	([190, 29], [169, 164, 57])
1	0.7873049506096228	0.7935177719676586	([142, 67], [142, 135, 67])
1	0.7671603689637493	0.7940010181147595	([110, 71], [123, 110, 67])
1	0.7192801886029545	0.7943121032279652	([110, 41], [110, 71, 41])
1	0.7841837026416943	0.7943610607617548	([167, 89], [167, 114, 89])
1	0.7925515104390108	0.7947527115197185	([181, 115], [181, 172, 115])
1	0.7851433993809321	0.7954624597981306	([131, 27], [131, 118, 106])
1	0.7901151984204696	0.7958565962155346	([197, 102], [200, 197, 128])
1	0.7475590443980629	0.796127936350442	([172, 103], [172, 158, 103])
1	0.7640405202760815	0.796466915944634	([160, 67], [160, 68, 67])
1	0.7792531925909306	0.7967326333561998	([153, 98], [159, 153, 98])
1	0.7904306436854812	0.7973354569108231	([128, 52], [128, 98, 52])
1	0.7978025714528136	0.7984313970499822	([166, 117], [166, 141, 117])
1	0.7695888311516845	0.7984626221856063	([147, 120], [147, 132, 121])
1	0.7975432963132143	0.7990118069552405	([121, 49], [121, 70, 57])
1	0.7890258497338128	0.7991631018330784	([160, 106], [180, 160, 106])
1	0.7271844388055785	0.7993977249579708	([162, 49], [162, 149, 49])
1	0.7781225003645311	0.7994301138278838	([199, 33], [199, 135, 47])
1	0.7547907871178406	0.7994301138278838	([192, 34], [199, 192, 47])
1	0.7741171597343482	0.8009409549974713	([78, 32], [78, 73, 32])
1	0.7553824711331044	0.8015383784131619	([156, 46], [156, 151, 46])
1	0.7829260365026403	0.8024087356654225	([176, 68], [176, 160, 154])
1	0.7966024570594885	0.80291258432258	([161, 111], [161, 131, 122])
1	0.7829970612323996	0.80291258432258	([166, 27], [161, 141, 131])
1	0.7965807661834702	0.8037218667823176	([153, 62], [153, 133, 62])
1	0.7919781233127906	0.8046902084637334	([194, 61], [196, 141, 73])
1	0.7997683843106271	0.8047298136154439	([199, 66], [199, 68, 66])
1	0.798673933706062	0.8049066181266095	([102, 51], [105, 102, 51])
1	0.7982135939159625	0.8054325839624332	([190, 145], [190, 161, 145])
1	0.7855189765947335	0.8056108348230748	([178, 43], [190, 178, 43])
1	0.7953535649079754	0.8062839028285353	([119, 83], [122, 119, 83])
1	0.7784629452615162	0.8065244643223665	([157, 81], [157, 148, 81])
1	0.6480984925803139	0.8071643705702479	([160, 9], [160, 63, 41])
1	0.7945814059845204	0.8073607052272731	([184, 148], [184, 176, 148])
1	0.8032046662015673	0.8079591489950834	([174, 93], [174, 167, 93])
1	0.7983426369685852	0.8085751575402484	([191, 125], [191, 181, 125])
1	0.7894963068812476	0.8096594459415155	([138, 68], [138, 137, 68])
1	0.7790578805557108	0.8110313999891919	([185, 112], [170, 158, 56])
1	0.7941179009914793	0.8112183449538165	([117, 62], [117, 112, 62])
1	0.786350673001823	0.8121913714057778	([196, 54], [196, 65, 54])
1	0.8100553739033671	0.8123447026649989	([179, 85], [179, 132, 85])
1	0.7551477022423124	0.8133725862794796	([187, 108], [187, 181, 108])
1	0.8084146472121698	0.8137952517124198	([146, 75], [146, 75, 64])
1	0.7435367016159711	0.8165113034450859	([121, 28], [121, 103, 33])
1	0.7882381082010946	0.8167109954881946	([176, 58], [190, 176, 58])
1	0.7756893819553152	0.8181375339562947	([168, 31], [168, 47, 31])
1	0.766042919093044	0.8186168980491456	([186, 62], [194, 186, 62])
1	0.7945916138992384	0.8190172151387383	([120, 87], [120, 100, 87])
1	0.7308096081035699	0.820995692155601	([118, 60], [118, 108, 60])
1	0.7821445697197	0.8213589644462562	([183, 81], [183, 81, 74])
1	0.7938590647234693	0.8213850922412026	([182, 120], [182, 127, 120])
1	0.6027826003329814	0.8256135979823118	([120, 26], [166, 64, 47])
1	0.8301000006464087	0.8313279137437967	([188, 77], [188, 79, 77])
1	0.6986572722303561	0.835630569570819	([110, 29], [110, 50, 36])
1	0.7663981373264221	0.8462046208601268	([141, 0], [141, 46, 33])
1	0.7358201324842516	0.8484899811007535	([138, 28], [138, 103, 35])
1	0.703249708429989	0.8529739583965532	([137, 4], [137, 45, 33])
1	0.5339501075603058	0.8540026949318342	([10, 4], [10, 8, 4])
1	0.5627905513704755	0.8540450584248299	([55, 54], [144, 65, 54])
1	0.7827821210919876	0.85954621179323	([84, 0], [84, 36, 33])
1	0.5253968595277594	0.8858998020257244	([5, 3], [9, 8, 3])
1	0.7220644562064717	0.8876503182538024	([33, 3], [33, 4, 3])
1	0.574077211153313	0.8895172609092953	([5, 0], [10, 5, 1])
1	0.6940485976003863	0.9009922897045137	([33, 4], [33, 27, 3])
1	0.6969288991843104	0.9130870436859709	([110, 6], [110, 32, 29])
1	0.7352376076759382	0.9148426834755062	([173, 5], [173, 33, 32])
1	0.6896459443064437	0.9182227098453778	([194, 4], [194, 137, 35])
1	0.7547605411197066	0.9443546239712307	([144, 10], [144, 51, 32])
1	0.5379421069494303	0.9643908174872424	([32, 8], [33, 31, 8])
0	0.0	0.9773539671700839	([24], [126, 125])
1	0.6953281841009438	0.9773558316873932	([33, 0], [33, 4, 0])
1	0.7203437122817143	0.9774945904362508	([51, 10], [51, 32, 10])
0	0.0	0.9778795869915548	([38], [165, 164])
0	0.0	1.0	([11], [11, 0])
0	0.0	1.0	([12], [12, 0])
0	0.0	1.0	([13], [13, 0])
0	0.0	1.0	([14], [14, 0])
0	0.0	1.0	([15], [15, 0])
0	0.0	1.0	([16], [16, 0])
0	0.0	1.0	([17], [17, 0])
0	0.0	1.0	([18], [18, 0])
0	0.0	1.0	([19], [19, 0])
0	0.0	1.0	([20], [20, 0])
0	0.0	1.0	([21], [21, 0])
0	0.0	1.0	([22], [22, 0])
0	0.0	1.0	([23], [23, 0])
0	0.0	1.0	([25], [25, 0])
1	0.5545456077150822	1.0	([10, 0], [30, 7, 0])
1	0.640966584660291	1.0	([63, 9], [62, 32, 0])
1	0.6854307944855487	1.0	([193, 2], [192, 32, 0])
0	0.0	inf	([0], [])
