0	0.0	0.016490650266635914	([103], [103, 9])
0	0.0	0.02636793511017509	([193], [193, 7])
0	0.0	0.04059413374241312	([18], [18, 11])
0	0.0	0.04344172084504426	([16], [16, 6])
0	0.0	0.22619689949529576	([202], [202, 201])
0	0.0	0.230104237335201	([159], [159, 158])
0	0.0	0.23919172636525782	([146], [146, 145])
0	0.0	0.2442598028984735	([132], [132, 131])
0	0.0	0.2473972406463259	([170], [170, 169])
0	0.0	0.25412623913151405	([200], [200, 199])
0	0.0	0.25589547945702606	([198], [198, 197])
0	0.0	0.25597380486823923	([135], [135, 134])
0	0.0	0.2561386837036098	([182], [182, 181])
0	0.0	0.2571549414274832	([128], [128, 127])
0	0.0	0.25826749807425065	([204], [204, 203])
0	0.0	0.25899702190360446	([205], [205, 204])
0	0.0	0.2611357839417929	([201], [201, 200])
0	0.0	0.2613639162908004	([188], [188, 187])
0	0.0	0.2641071674302699	([207], [207, 206])
0	0.0	0.26593298417230754	([123], [123, 122])
0	0.0	0.2664377984399946	([208], [208, 207])
0	0.0	0.2669957801748945	([48], [48, 47])
0	0.0	0.2674351577369081	([186], [186, 185])
0	0.0	0.2680892726733685	([151], [151, 150])
0	0.0	0.2682819633070887	([116], [116, 115])
0	0.0	0.2710963967858269	([192], [192, 5])
0	0.0	0.2716057228386846	([136], [136, 135])
0	0.0	0.2722778600050557	([190], [190, 189])
0	0.0	0.27286653550563134	([165], [165, 164])
0	0.0	0.2748632700344704	([178], [178, 177])
0	0.0	0.27501398733554316	([145], [145, 144])
0	0.0	0.2764834824904346	([130], [130, 129])
0	0.0	0.2764862103499098	([173], [173, 172])
0	0.0	0.27700429829257656	([156], [156, 155])
0	0.0	0.2774306711744493	([164], [164, 163])
0	0.0	0.27756052743273607	([158], [158, 157])
0	0.0	0.2778754458071574	([118], [118, 117])
0	0.0	0.2783627939133396	([189], [189, 188])
0	0.0	0.27841008742333145	([107], [107, 106])
0	0.0	0.27921465408923624	([166], [166, 165])
0	0.0	0.2799267461137891	([59], [59, 58])
0	0.0	0.27996252573060604	([185], [185, 184])
0	0.0	0.28084613633602173	([168], [168, 167])
0	0.0	0.28249104994396745	([197], [197, 196])
0	0.0	0.28334329418588683	([71], [71, 70])
0	0.0	0.2834448686148411	([150], [150, 149])
0	0.0	0.2848155549812794	([181], [181, 180])
0	0.0	0.28494573776341126	([112], [112, 111])
0	0.0	0.28496701041669614	([163], [163, 162])
0	0.0	0.2863872077880063	([137], [137, 136])
0	0.0	0.2875183866626432	([169], [170, 168])
0	0.0	0.2875242677649324	([87], [87, 86])
0	0.0	0.28760361959564107	([203], [203, 202])
0	0.0	0.28859806454071735	([199], [199, 198])
0	0.0	0.28872700946497165	([187], [187, 186])
0	0.0	0.2889641938328676	([206], [206, 205])
0	0.0	0.2918676991546179	([184], [184, 183])
0	0.0	0.2929969999749931	([91], [91, 90])
0	0.0	0.2934493417142412	([106], [106, 105])
0	0.0	0.293592548252711	([153], [153, 152])
0	0.0	0.2937519871447263	([105], [105, 104])
0	0.0	0.2947619968772442	([86], [86, 85])
0	0.0	0.29672533326458567	([93], [93, 92])
0	0.0	0.29699030155746164	([154], [154, 153])
0	0.0	0.29728099920868883	([149], [149, 148])
0	0.0	0.3000068126659569	([50], [50, 49])
0	0.0	0.30036933049442527	([121], [121, 120])
0	0.0	0.30167582684074645	([172], [172, 171])
0	0.0	0.30254837411930435	([73], [73, 72])
0	0.0	0.30261410635420305	([52], [52, 51])
0	0.0	0.30282982997749186	([129], [129, 128])
0	0.0	0.305238659712492	([108], [108, 107])
0	0.0	0.3055123913397719	([65], [65, 64])
0	0.0	0.3058023369034102	([51], [51, 50])
0	0.0	0.307265680442091	([68], [68, 67])
0	0.0	0.30816470230196047	([74], [74, 73])
0	0.0	0.30852434742086354	([60], [60, 59])
0	0.0	0.30949093864602406	([180], [180, 179])
0	0.0	0.3095297931861246	([179], [179, 178])
0	0.0	0.3100203976122455	([183], [183, 182])
0	0.0	0.3103186878873696	([61], [61, 60])
0	0.0	0.31106343754304205	([90], [90, 89])
0	0.0	0.3134215618694283	([125], [125, 124])
0	0.0	0.3138097945416539	([111], [111, 110])
0	0.0	0.31388994145428745	([58], [58, 57])
0	0.0	0.3143603724130313	([77], [77, 76])
0	0.0	0.3153241033903597	([64], [64, 63])
0	0.0	0.31538209867708966	([56], [56, 55])
0	0.0	0.31558253030116534	([85], [85, 84])
0	0.0	0.3164153717032997	([81], [81, 80])
0	0.0	0.3168868133416851	([177], [177, 176])
0	0.0	0.31739060717689616	([152], [152, 151])
0	0.0	0.31786072753133704	([155], [155, 154])
0	0.0	0.31848340350872	([131], [131, 130])
0	0.0	0.31868093866873365	([124], [124, 122])
0	0.0	0.3215576835127947	([66], [66, 65])
0	0.0	0.323153004437244	([138], [138, 137])
0	0.0	0.32378120132405735	([110], [110, 109])
0	0.0	0.32423281331256965	([92], [92, 91])
0	0.0	0.3253255498712401	([127], [127, 126])
0	0.0	0.3259409459582574	([72], [72, 71])
0	0.0	0.32609044978314466	([67], [67, 66])
0	0.0	0.3267818891242132	([167], [167, 166])
0	0.0	0.3275221056791051	([126], [126, 125])
0	0.0	0.3281590494095529	([57], [57, 56])
0	0.0	0.3287752090448767	([119], [119, 118])
0	0.0	0.3294650928634556	([157], [157, 156])
0	0.0	0.32997217158561815	([62], [62, 61])
0	0.0	0.3302603234025799	([115], [115, 114])
0	0.0	0.33104239338717834	([46], [46, 45])
0	0.0	0.33118178473292176	([84], [84, 83])
0	0.0	0.33145419345942173	([162], [162, 161])
0	0.0	0.33155846709393894	([95], [95, 94])
0	0.0	0.33238748434277793	([122], [122, 121])
0	0.0	0.3343004267597591	([171], [171, 170])
0	0.0	0.335259223545684	([117], [117, 116])
0	0.0	0.33571874096864307	([97], [97, 96])
0	0.0	0.3358755986335909	([134], [134, 133])
0	0.0	0.33891520369407185	([82], [82, 81])
0	0.0	0.34004784809437966	([20], [20, 19])
0	0.0	0.34061398504240614	([83], [83, 82])
0	0.0	0.3412240458512193	([55], [55, 54])
0	0.0	0.341979336279668	([133], [133, 132])
0	0.0	0.3441731545587855	([176], [176, 175])
0	0.0	0.34808242690579483	([96], [96, 95])
0	0.0	0.3488393735802596	([140], [140, 139])
0	0.0	0.3493811863208932	([120], [120, 119])
1	0.3346440904775864	0.34957005692542176	([154, 149], [154, 152, 149])
0	0.0	0.3498943341267278	([76], [76, 75])
0	0.0	0.35038971978306793	([196], [196, 195])
0	0.0	0.3510377752896497	([79], [79, 78])
0	0.0	0.3510996609407813	([49], [49, 48])
0	0.0	0.353609789675695	([70], [70, 69])
0	0.0	0.3560948002397068	([69], [69, 68])
0	0.0	0.35670043939636686	([109], [109, 108])
0	0.0	0.35737592285901554	([142], [142, 140])
0	0.0	0.3582205691459298	([78], [78, 77])
0	0.0	0.358287616227185	([94], [94, 93])
0	0.0	0.3589819728004259	([139], [140, 138])
0	0.0	0.3616680615047863	([75], [75, 74])
0	0.0	0.3639443691432646	([45], [45, 44])
0	0.0	0.3643989364843902	([63], [63, 62])
0	0.0	0.3645555951168826	([17], [17, 14])
0	0.0	0.36870077040204785	([98], [98, 97])
0	0.0	0.369285607017495	([175], [175, 174])
0	0.0	0.3694873753739594	([47], [47, 46])
0	0.0	0.37732744174111593	([174], [175, 173])
0	0.0	0.3783217300402446	([44], [45, 41])
0	0.0	0.3792187002936428	([29], [29, 1])
0	0.0	0.3803904177262914	([100], [100, 99])
0	0.0	0.38074710020682095	([113], [113, 112])
0	0.0	0.38180891040905957	([88], [88, 87])
0	0.0	0.38208615480612623	([114], [114, 113])
0	0.0	0.3841016730558548	([147], [147, 13])
0	0.0	0.38506598572299305	([101], [101, 100])
0	0.0	0.3853677860464346	([104], [142, 141])
0	0.0	0.38774531339489215	([41], [44, 42])
0	0.0	0.3883786252143591	([99], [99, 98])
1	0.39117937127254304	0.3916741788472166	([100, 97], [100, 99, 98])
0	0.0	0.39580287666623387	([54], [54, 53])
0	0.0	0.4012548725706034	([102], [102, 100])
0	0.0	0.40129955988000426	([161], [161, 160])
0	0.0	0.40781506685498403	([160], [160, 159])
0	0.0	0.40891289886579496	([144], [144, 142])
0	0.0	0.409162549120104	([191], [191, 190])
0	0.0	0.4113873597354748	([42], [45, 40])
0	0.0	0.4128920892209364	([89], [89, 88])
0	0.0	0.41316028306399644	([195], [195, 194])
0	0.0	0.41771776392126286	([80], [80, 79])
0	0.0	0.4219642511306631	([53], [53, 52])
0	0.0	0.4253845016478859	([141], [104, 102])
0	0.0	0.42653649816900846	([40], [40, 39])
1	0.4255295697675948	0.4283042690320377	([42, 41], [45, 44, 42])
0	0.0	0.4284850568046344	([27], [27, 26])
0	0.0	0.428795614754956	([143], [143, 13])
0	0.0	0.42905217928452644	([39], [144, 143])
0	0.0	0.43553416381118326	([148], [191, 5])
0	0.0	0.4390609439782502	([28], [28, 1])
0	0.0	0.4392027065279881	([23], [23, 1])
0	0.0	0.44421134665044215	([194], [194, 0])
0	0.0	0.4479073048551826	([26], [27, 1])
0	0.0	0.4629144024191162	([5], [148, 146])
0	0.0	0.46603803290035767	([25], [25, 14])
1	0.474219990389775	0.4781790101504473	([79, 67], [79, 72, 67])
0	0.0	0.4798380230262932	([24], [24, 15])
0	0.0	0.4798380230262932	([15], [24, 22])
0	0.0	0.4800061919493546	([1], [28, 25])
0	0.0	0.5094227601626165	([13], [53, 0])
1	0.5064575360152354	0.5107217415641055	([147, 144], [148, 147, 144])
0	0.0	0.5231176314210436	([0], [44, 23])
0	0.0	0.5488125245124374	([14], [23, 19])
1	0.572670800614466	0.5868735840993038	([41, 27], [44, 41, 27])
1	0.6059530628150743	0.6062845113933156	([133, 120], [133, 130, 120])
1	0.6195562312172882	0.6229399365684983	([195, 188], [195, 194, 190])
1	0.6292095245097522	0.6344953835609707	([63, 40], [63, 55, 40])
1	0.5920779152868046	0.6404798339703116	([78, 40], [69, 64, 63])
1	0.6283902463710554	0.6470751894818061	([14, 1], [28, 25, 14])
1	0.6123178545152644	0.6470751894818061	([26, 14], [28, 26, 14])
1	0.6540990502832332	0.6548701756004777	([190, 176], [190, 186, 183])
1	0.6453547690136103	0.6611817229719537	([82, 42], [82, 68, 42])
1	0.6435240559754924	0.6632297037193677	([82, 26], [96, 82, 80])
1	0.6305097080810815	0.6692810570197932	([61, 42], [61, 57, 42])
1	0.4985663265890548	0.6747169420592082	([148, 147], [147, 143, 142])
1	0.6088000823143774	0.6792623393024734	([98, 42], [95, 82, 80])
1	0.6688801684065996	0.6806561573352874	([178, 149], [178, 165, 161])
1	0.6083655210966564	0.6861240023307954	([94, 40], [95, 80, 78])
1	0.6363625518975924	0.6920278198747198	([100, 1], [95, 40, 29])
1	0.6965924985506917	0.6968762305330632	([196, 41], [196, 186, 184])
1	0.6566174741786706	0.6995104443674661	([110, 26], [110, 96, 93])
1	0.668870261519304	0.7029882123635686	([168, 137], [168, 151, 145])
1	0.669205110145979	0.7030461001435223	([208, 182], [208, 190, 182])
1	0.6959378161570562	0.705026455881842	([207, 183], [208, 207, 183])
1	0.6919228852955218	0.705214805923563	([73, 45], [73, 63, 45])
1	0.6650660988040833	0.7062313347858279	([60, 1], [69, 60, 56])
1	0.6641062580442949	0.7114207425750978	([74, 44], [74, 67, 44])
1	0.7042596745185176	0.7114207425750978	([86, 45], [86, 67, 44])
1	0.6738771729884807	0.7127522347999059	([208, 157], [208, 179, 166])
1	0.7152216720337446	0.7166721607152378	([177, 151], [177, 166, 163])
1	0.7049470691196627	0.7208552827770964	([157, 132], [157, 142, 133])
1	0.7180337422450523	0.7208552827770964	([169, 133], [169, 157, 133])
1	0.677497011242258	0.7247425100164976	([176, 153], [176, 168, 162])
1	0.6869122917702768	0.7247792104442832	([184, 41], [184, 164, 162])
1	0.7102842064809521	0.7258088458372683	([186, 139], [186, 171, 142])
1	0.6845590962645047	0.7260794534574715	([108, 44], [108, 93, 89])
1	0.7158743830376223	0.7273383431537072	([150, 105], [150, 142, 133])
1	0.7303025529394678	0.7314380560496926	([184, 144], [184, 162, 155])
1	0.7021556609796551	0.7317639644625272	([114, 70], [114, 100, 85])
1	0.7248200447754055	0.732832810130599	([150, 41], [164, 150, 133])
1	0.5381488426120209	0.7364899922748297	([99, 25], [99, 88, 67])
1	0.732808618407553	0.7373047032472142	([177, 131], [177, 151, 146])
1	0.7286869646386323	0.7401037479934056	([201, 161], [201, 196, 161])
1	0.7383989691229114	0.7401236473278278	([131, 61], [131, 102, 65])
1	0.7228792414837202	0.7402808499476783	([129, 71], [129, 101, 93])
1	0.728708299683798	0.7410142673214848	([102, 50], [102, 64, 50])
1	0.6102469484398099	0.7430397133728307	([97, 41], [97, 89, 41])
1	0.7095309077149892	0.7433325603557127	([137, 42], [133, 125, 42])
1	0.7407443504596444	0.7463830584359882	([207, 165], [207, 165, 163])
1	0.7341270161403222	0.7463830584359882	([207, 142], [207, 183, 163])
1	0.5939457830589604	0.7471053659233762	([98, 26], [98, 42, 41])
1	0.7402334890845074	0.7479006401006815	([134, 51], [134, 129, 51])
1	0.7455361564792256	0.7481349894098346	([172, 120], [172, 156, 136])
1	0.7417895790747203	0.7504395575746535	([127, 60], [131, 127, 61])
1	0.7328803301830131	0.7504535506640101	([182, 105], [182, 153, 145])
1	0.7436694820566765	0.7504610786880167	([130, 88], [130, 128, 88])
1	0.6967504221385223	0.7513492538777217	([195, 141], [195, 155, 143])
1	0.7481838353782821	0.7528361263234007	([120, 59], [120, 91, 62])
1	0.5235761827466524	0.7541304856353105	([40, 29], [100, 45, 41])
1	0.7222064712995492	0.7543322416186999	([196, 105], [196, 144, 105])
1	0.5547034554181409	0.7547752291188901	([113, 25], [113, 99, 92])
1	0.749470822227513	0.7556003467456207	([117, 57], [117, 101, 92])
1	0.7408587381399575	0.757642634806398	([171, 104], [170, 136, 105])
1	0.7273645158486333	0.7582054464538299	([166, 135], [181, 166, 135])
1	0.6924956871288813	0.7588821992868313	([169, 62], [183, 137, 62])
1	0.6365580567017997	0.7588992240630971	([126, 40], [124, 78, 74])
1	0.7539696588526946	0.7590747463316494	([136, 63], [136, 132, 63])
1	0.7559808715465592	0.7604601378122989	([155, 108], [155, 138, 108])
1	0.725248981981471	0.7604601378122989	([208, 114], [208, 138, 108])
1	0.6471613037514936	0.7612005719773385	([161, 41], [150, 108, 104])
1	0.760109456803359	0.7622612454580244	([137, 90], [137, 90, 80])
1	0.7496719185751601	0.7636873689053114	([153, 54], [161, 153, 54])
1	0.7506777005901671	0.7636873689053114	([172, 54], [172, 161, 54])
1	0.7535007568903406	0.7637554675578325	([171, 53], [171, 104, 53])
1	0.7521520999663032	0.7682117970814004	([174, 114], [182, 174, 114])
1	0.7285693713352266	0.7691434961642216	([199, 137], [197, 171, 161])
1	0.7605940727574598	0.7699582788973729	([202, 167], [202, 198, 167])
1	0.7666365192657241	0.772458994562484	([158, 87], [158, 131, 104])
1	0.6899420784448669	0.7732477243809748	([73, 29], [90, 73, 64])
1	0.7366047220390697	0.7741046863655034	([161, 23], [146, 105, 93])
1	0.7035518380153658	0.7751516349843695	([117, 19], [117, 83, 60])
1	0.6869685297341391	0.7768436518635683	([52, 29], [95, 52, 41])
1	0.714387450749957	0.7770678138426002	([177, 42], [177, 138, 131])
1	0.7647499723361295	0.7776807694633464	([200, 140], [206, 200, 140])
1	0.7753936446816849	0.7835482942922245	([156, 49], [156, 131, 61])
1	0.6832764327304466	0.7836107495836927	([179, 39], [179, 62, 45])
1	0.751015733697606	0.7847465077876173	([181, 44], [135, 120, 44])
1	0.5388037074150216	0.7847651462387703	([139, 25], [139, 104, 88])
1	0.7391485778543496	0.7860508770540776	([156, 110], [156, 131, 110])
1	0.7848767046353513	0.7863482162896304	([144, 27], [144, 104, 98])
1	0.7842796456975495	0.7875833460590161	([180, 125], [180, 135, 125])
1	0.7758238419587025	0.7877521274029424	([205, 139], [207, 205, 139])
1	0.6957821167907585	0.7894342032151138	([75, 27], [75, 44, 40])
1	0.7684749531601502	0.7901509402672252	([195, 66], [195, 172, 54])
1	0.644283211675062	0.7916339317118274	([69, 1], [100, 69, 45])
1	0.7713975098395708	0.791946716628131	([148, 50], [172, 148, 50])
1	0.7577287806385008	0.791946716628131	([176, 50], [176, 172, 50])
1	0.7862205339809917	0.7934702646427695	([190, 46], [190, 70, 62])
1	0.7329055795217853	0.7934702646427695	([190, 70], [190, 134, 62])
1	0.7814425786313923	0.7939425546527314	([148, 86], [148, 132, 86])
1	0.7880976315470066	0.7950883425503625	([165, 71], [165, 104, 71])
1	0.7894346304971906	0.7960011024677297	([162, 92], [162, 120, 104])
1	0.7799042331003786	0.799737832360249	([168, 64], [168, 137, 102])
1	0.7883399196616608	0.8013381287158845	([175, 59], [175, 59, 46])
1	0.609811627561527	0.8013381287158845	([175, 40], [175, 156, 46])
1	0.7984579166054393	0.8017858326797139	([186, 86], [186, 162, 86])
1	0.771723898246375	0.8021690179759872	([178, 87], [178, 120, 108])
1	0.7808462645345632	0.8022420159992257	([182, 27], [182, 144, 105])
1	0.5382539751814693	0.8028069888373798	([194, 191], [194, 160, 151])
1	0.7938401882625568	0.8028773245287666	([159, 116], [159, 133, 105])
1	0.7869661358848786	0.8029387221527843	([189, 107], [189, 169, 107])
1	0.6199248148714777	0.8050122229800776	([161, 26], [161, 98, 41])
1	0.8036308486584489	0.8067648410537988	([188, 117], [188, 138, 134])
1	0.7582318378871944	0.8071039822991817	([142, 47], [146, 142, 47])
1	0.8011214173091971	0.8123768977195597	([203, 49], [203, 157, 49])
1	0.7949072875169079	0.8137215795084571	([203, 82], [203, 190, 82])
1	0.7923986485754148	0.8204876159636316	([167, 69], [167, 151, 69])
1	0.7907059903829972	0.82815398378979	([192, 71], [192, 165, 161])
1	0.8159014049776507	0.8314708132343667	([195, 109], [195, 109, 54])
1	0.6057185541694621	0.8333788882049094	([53, 26], [110, 53, 42])
1	0.6468883503510832	0.8407193701478338	([133, 1], [133, 60, 42])
1	0.5166082693470764	0.8436217661385824	([101, 0], [160, 101, 69])
1	0.6753734578996189	0.8453383799734353	([49, 19], [117, 49, 46])
1	0.8395680091389149	0.846397150877415	([50, 28], [58, 50, 28])
1	0.5393865000163292	0.8558852644722865	([39, 28], [94, 39, 28])
1	0.5115476168908627	0.8742085421918864	([160, 0], [101, 53, 41])
1	0.5339943282060015	0.8866840440739246	([88, 25], [174, 99, 65])
1	0.5236111236682076	0.9108242365690656	([141, 17], [144, 141, 14])
1	0.5236185631499212	0.9133391489897565	([174, 25], [141, 140, 17])
1	0.6819271340188071	0.9212841415829736	([173, 19], [173, 117, 46])
0	0.0	0.9318786231673619	([11], [11, 1])
0	0.0	0.9365576064306539	([19], [39, 16])
0	0.0	0.955553047858264	([7], [193, 5])
1	0.6468563697645235	0.9736819153887312	([83, 19], [191, 173, 19])
0	0.0	0.9793853155689733	([9], [103, 102])
1	0.6850734625861388	0.9869042178589031	([52, 20], [83, 52, 20])
1	0.9904259632598322	0.9911591676425625	([59, 16], [153, 91, 16])
1	0.9932143830754663	0.9954665584806776	([41, 11], [44, 41, 11])
1	0.6341349951397462	0.9973169665590019	([191, 20], [51, 29, 19])
1	0.9989802006149852	0.9990630303755118	([198, 11], [198, 48, 11])
0	0.0	1.0	([2], [2, 0])
0	0.0	1.0	([3], [3, 0])
0	0.0	1.0	([4], [4, 0])
0	0.0	1.0	([8], [8, 0])
0	0.0	1.0	([10], [10, 0])
0	0.0	1.0	([12], [12, 0])
0	0.0	1.0	([22], [15, 0])
0	0.0	1.0	([21], [21, 0])
0	0.0	1.0	([30], [30, 0])
0	0.0	1.0	([31], [31, 0])
0	0.0	1.0	([32], [32, 0])
0	0.0	1.0	([33], [33, 0])
0	0.0	1.0	([34], [34, 0])
0	0.0	1.0	([35], [35, 0])
0	0.0	1.0	([36], [36, 0])
0	0.0	1.0	([37], [37, 0])
0	0.0	1.0	([38], [38, 0])
1	0.990200188799419	1.0	([16, 14], [39, 6, 0])
0	0.0	1.0	([43], [43, 0])
1	0.9887651430268168	1.0	([153, 16], [59, 16, 0])
0	0.0	inf	([6], [])
