0	0.0	0.015317819600543977	([140], [140, 56])
0	0.0	0.016727693185846357	([136], [136, 41])
0	0.0	0.018424141827845745	([141], [141, 126])
0	0.0	0.2355935249227775	([89], [89, 88])
0	0.0	0.2360613231322348	([20], [20, 19])
0	0.0	0.23712271553738876	([319], [319, 318])
0	0.0	0.23810969420212727	([170], [170, 169])
0	0.0	0.24007911950836386	([247], [247, 246])
0	0.0	0.24328903884431125	([189], [189, 188])
0	0.0	0.24466160063071757	([231], [231, 230])
0	0.0	0.24714290469987196	([256], [256, 255])
0	0.0	0.24828274074650344	([313], [313, 312])
0	0.0	0.2482854335118025	([3], [3, 2])
0	0.0	0.24863950278310332	([172], [172, 171])
0	0.0	0.25058451840597606	([10], [10, 9])
0	0.0	0.2519681327092212	([14], [14, 13])
0	0.0	0.2535766964201299	([163], [163, 162])
0	0.0	0.2537878081229262	([49], [49, 48])
0	0.0	0.2539283610073769	([187], [187, 186])
0	0.0	0.25518506151001813	([2], [2, 1])
0	0.0	0.25571314796913597	([165], [165, 164])
0	0.0	0.2557166867965932	([32], [32, 31])
0	0.0	0.2558147275494355	([318], [318, 317])
0	0.0	0.25775949169835405	([168], [168, 167])
0	0.0	0.2588519651646204	([182], [182, 181])
0	0.0	0.2591357382732379	([284], [284, 283])
0	0.0	0.25951665092603404	([110], [110, 109])
0	0.0	0.26093893326124373	([175], [175, 174])
0	0.0	0.2621522687419361	([184], [184, 183])
0	0.0	0.2632864409569502	([252], [252, 251])
0	0.0	0.2633382149597219	([176], [176, 175])
0	0.0	0.26387492929847944	([173], [173, 172])
0	0.0	0.26402552935276247	([16], [16, 15])
0	0.0	0.2653681951025576	([305], [305, 304])
0	0.0	0.2661334463570949	([5], [5, 4])
0	0.0	0.2665823928415264	([235], [235, 234])
0	0.0	0.2674380762083702	([228], [228, 227])
0	0.0	0.2677006286965035	([226], [226, 225])
0	0.0	0.2684073352518593	([91], [91, 90])
0	0.0	0.26956261576803714	([289], [289, 288])
0	0.0	0.27054037197366115	([249], [249, 248])
0	0.0	0.2710225664876639	([116], [116, 115])
0	0.0	0.271085056177688	([227], [227, 226])
0	0.0	0.271383210836397	([269], [269, 268])
0	0.0	0.27165167948875196	([105], [105, 104])
0	0.0	0.2719463514390606	([38], [38, 37])
0	0.0	0.27258648626212023	([244], [244, 243])
0	0.0	0.2732092297829792	([7], [7, 6])
0	0.0	0.2732848183066634	([206], [206, 205])
0	0.0	0.2734884069980222	([293], [293, 292])
0	0.0	0.27386588100176207	([317], [317, 316])
0	0.0	0.2743624277121856	([122], [122, 121])
0	0.0	0.2744843414532554	([162], [162, 161])
0	0.0	0.27455217862563025	([272], [272, 271])
0	0.0	0.2746464324035584	([17], [17, 16])
0	0.0	0.27582743580269226	([67], [67, 66])
0	0.0	0.27583735039445306	([311], [311, 310])
0	0.0	0.2772367988800282	([18], [18, 17])
0	0.0	0.27733098655336014	([301], [301, 300])
0	0.0	0.27753230102905235	([24], [24, 23])
0	0.0	0.277593221943938	([233], [233, 232])
0	0.0	0.27763811073646444	([246], [246, 245])
0	0.0	0.2780825947256011	([85], [85, 84])
0	0.0	0.27823099795968914	([45], [45, 44])
0	0.0	0.2789091473864512	([13], [13, 12])
0	0.0	0.2790464127343681	([309], [309, 308])
0	0.0	0.2791079245417543	([179], [179, 178])
0	0.0	0.27994305766387373	([46], [46, 45])
0	0.0	0.28019729890458367	([263], [263, 262])
0	0.0	0.2802184656943574	([83], [83, 82])
0	0.0	0.2803946826033989	([202], [202, 201])
0	0.0	0.28172551037509613	([321], [321, 320])
0	0.0	0.2825572001070547	([191], [191, 190])
0	0.0	0.28274421186960946	([307], [307, 306])
0	0.0	0.2834101006692263	([113], [113, 112])
0	0.0	0.2835646122755386	([66], [66, 65])
0	0.0	0.28359507345845736	([166], [166, 165])
0	0.0	0.28366200696752797	([28], [28, 27])
0	0.0	0.28454838577468117	([183], [183, 182])
0	0.0	0.2858443592875079	([123], [123, 122])
0	0.0	0.28590539259975817	([290], [290, 289])
0	0.0	0.2859331840096929	([81], [81, 80])
0	0.0	0.28604541659171334	([61], [61, 60])
0	0.0	0.2862799001199439	([120], [120, 119])
0	0.0	0.2863555165846856	([15], [15, 14])
0	0.0	0.28641412214842193	([320], [320, 319])
0	0.0	0.2865392555900243	([260], [260, 258])
0	0.0	0.28694838881486195	([107], [107, 106])
0	0.0	0.2873084359188226	([240], [240, 239])
0	0.0	0.2876461105064251	([6], [6, 5])
0	0.0	0.28784993193152186	([250], [250, 249])
0	0.0	0.2879394153231293	([237], [237, 236])
0	0.0	0.2879878498099782	([86], [86, 85])
0	0.0	0.2883237706108439	([178], [178, 177])
0	0.0	0.28872549642224743	([156], [156, 155])
0	0.0	0.2895579033228028	([219], [219, 218])
0	0.0	0.2896844768815982	([220], [220, 219])
0	0.0	0.2902708836743934	([315], [315, 314])
0	0.0	0.2905427778754638	([212], [212, 211])
0	0.0	0.29065443648854544	([264], [264, 263])
0	0.0	0.29084453515569386	([242], [242, 241])
0	0.0	0.2918839463583581	([192], [192, 191])
0	0.0	0.2919250533007595	([106], [106, 105])
0	0.0	0.29207762412718524	([35], [35, 34])
0	0.0	0.29211472021197	([204], [204, 203])
0	0.0	0.2933287367753956	([164], [164, 163])
0	0.0	0.29334391152541045	([43], [43, 42])
0	0.0	0.2934045808269783	([276], [276, 275])
0	0.0	0.2934148788583199	([316], [316, 315])
0	0.0	0.293720605393075	([197], [197, 196])
0	0.0	0.29459417636261037	([200], [200, 199])
0	0.0	0.29481917048906015	([299], [299, 298])
0	0.0	0.29493737231446104	([42], [42, 40])
0	0.0	0.2953129541645269	([210], [210, 209])
0	0.0	0.2954073760613155	([218], [218, 217])
0	0.0	0.29544358684422933	([253], [253, 252])
0	0.0	0.2957723310123672	([287], [287, 286])
0	0.0	0.2958038512412299	([169], [169, 168])
0	0.0	0.29585958585297806	([64], [64, 63])
0	0.0	0.29586443224140063	([267], [267, 266])
0	0.0	0.29590919194543813	([25], [25, 24])
0	0.0	0.2966551558543804	([27], [27, 26])
0	0.0	0.2971651554450805	([94], [94, 93])
0	0.0	0.2972003648054258	([102], [102, 101])
0	0.0	0.2976449799617557	([248], [248, 247])
0	0.0	0.29777104295843865	([308], [308, 307])
0	0.0	0.2978168582154807	([99], [99, 98])
0	0.0	0.2979287385967817	([1], [1, 0])
0	0.0	0.29808289937488536	([262], [262, 261])
0	0.0	0.29872684017613493	([270], [270, 269])
0	0.0	0.2991641305742713	([196], [196, 195])
0	0.0	0.29928881799263324	([292], [292, 291])
0	0.0	0.29942168131543	([215], [215, 214])
0	0.0	0.299474969574688	([79], [79, 78])
0	0.0	0.2995417114072754	([97], [97, 96])
0	0.0	0.2996733488385676	([34], [34, 33])
0	0.0	0.3005083092352931	([88], [88, 87])
0	0.0	0.3010044856539393	([241], [241, 240])
0	0.0	0.301327987713993	([314], [314, 313])
0	0.0	0.30140472530333146	([312], [312, 311])
0	0.0	0.301873489258614	([48], [48, 47])
0	0.0	0.3021492506749071	([29], [29, 27])
0	0.0	0.3026343699877622	([180], [180, 179])
0	0.0	0.30267800790778615	([303], [303, 302])
0	0.0	0.30270278183639143	([65], [65, 64])
0	0.0	0.3028783850866188	([222], [222, 221])
0	0.0	0.30309816126452666	([95], [95, 94])
0	0.0	0.30344293882702045	([39], [39, 38])
0	0.0	0.303730593378982	([181], [181, 180])
0	0.0	0.30386320992482113	([153], [153, 152])
0	0.0	0.30403643181286066	([259], [259, 258])
0	0.0	0.3041226290895717	([75], [75, 74])
0	0.0	0.3045221019075218	([257], [257, 256])
0	0.0	0.30453054581439226	([114], [114, 113])
0	0.0	0.3047283336774618	([194], [194, 193])
0	0.0	0.30498870657819227	([73], [73, 72])
0	0.0	0.3052786129358947	([30], [30, 29])
0	0.0	0.3054921198733883	([19], [19, 18])
0	0.0	0.3058479105184668	([112], [112, 111])
0	0.0	0.3059930637814681	([251], [251, 250])
0	0.0	0.3061104998298965	([160], [160, 159])
0	0.0	0.3061448398853128	([161], [161, 160])
0	0.0	0.30656798629340315	([205], [205, 204])
0	0.0	0.3068410731764649	([109], [110, 108])
0	0.0	0.30737744461006156	([121], [121, 120])
0	0.0	0.30803895517234997	([304], [304, 303])
0	0.0	0.30819791659811907	([62], [62, 61])
0	0.0	0.30829341756492706	([11], [11, 10])
0	0.0	0.3083003305433657	([209], [209, 208])
0	0.0	0.3083914278246092	([298], [298, 297])
0	0.0	0.3084126311682814	([115], [115, 114])
0	0.0	0.30852330723415966	([245], [245, 244])
0	0.0	0.30860878013855425	([198], [198, 197])
0	0.0	0.3087484428933476	([203], [203, 202])
0	0.0	0.30878264401637245	([177], [177, 176])
0	0.0	0.3089868270032217	([60], [60, 59])
0	0.0	0.3090955485500504	([185], [185, 184])
0	0.0	0.3094349134581774	([130], [130, 129])
0	0.0	0.30952152871029753	([174], [174, 173])
0	0.0	0.30960998814867874	([111], [111, 110])
0	0.0	0.3096902066015558	([201], [201, 200])
0	0.0	0.3100272011468791	([254], [254, 253])
0	0.0	0.3104387186513935	([77], [77, 76])
0	0.0	0.3105164514029029	([74], [74, 73])
0	0.0	0.31110641457894	([239], [239, 238])
0	0.0	0.3111398296383192	([188], [188, 187])
0	0.0	0.31116710005999737	([80], [80, 79])
0	0.0	0.3123401308489366	([214], [214, 213])
0	0.0	0.31272267220050515	([53], [53, 52])
0	0.0	0.31324618535316734	([234], [234, 233])
0	0.0	0.3134449712141128	([4], [4, 3])
0	0.0	0.31349198703814857	([211], [211, 210])
0	0.0	0.31375442213725313	([232], [232, 231])
0	0.0	0.31402268851724047	([221], [221, 220])
0	0.0	0.3146865137737614	([266], [266, 265])
0	0.0	0.3152381873738205	([300], [300, 299])
0	0.0	0.3158262980762399	([302], [302, 301])
0	0.0	0.3163763630191999	([223], [223, 222])
0	0.0	0.3165235688494395	([265], [265, 264])
0	0.0	0.3175055511789387	([208], [208, 207])
0	0.0	0.31778663019461695	([63], [63, 62])
0	0.0	0.31895448483673894	([92], [92, 91])
0	0.0	0.3191018197253932	([78], [78, 77])
0	0.0	0.31977244291808155	([238], [238, 237])
0	0.0	0.3200575774434093	([310], [310, 309])
0	0.0	0.3203652950574743	([119], [119, 118])
0	0.0	0.321148759167266	([68], [68, 67])
0	0.0	0.3218119268485579	([76], [76, 75])
0	0.0	0.3220852087507084	([213], [213, 212])
0	0.0	0.3221575963752776	([96], [96, 95])
0	0.0	0.3228168444616821	([230], [230, 229])
0	0.0	0.3245738371784782	([26], [26, 25])
0	0.0	0.3247752079449131	([82], [82, 81])
0	0.0	0.3255533923123464	([294], [294, 293])
0	0.0	0.3255657600616348	([12], [12, 11])
0	0.0	0.32840776705027375	([87], [87, 86])
0	0.0	0.32861263626786713	([281], [281, 280])
0	0.0	0.3287247813502484	([159], [159, 158])
0	0.0	0.3290638190037723	([52], [52, 51])
0	0.0	0.32975485240652996	([295], [295, 294])
0	0.0	0.32998304517745736	([125], [125, 124])
0	0.0	0.3307402586773959	([55], [55, 53])
0	0.0	0.3320575893868965	([186], [186, 185])
0	0.0	0.33215759406941486	([149], [149, 146])
0	0.0	0.3331994427982228	([207], [207, 206])
0	0.0	0.3343445209284148	([255], [256, 254])
0	0.0	0.3352036402764298	([199], [199, 198])
0	0.0	0.33609051929370454	([216], [216, 215])
0	0.0	0.336822655989006	([104], [104, 103])
0	0.0	0.3370756669881216	([283], [283, 282])
0	0.0	0.3371019440900335	([306], [306, 305])
0	0.0	0.3374307282033463	([171], [171, 170])
0	0.0	0.3374532376058581	([277], [277, 276])
0	0.0	0.3377933956887203	([229], [229, 228])
0	0.0	0.3381196374233502	([243], [243, 242])
0	0.0	0.3382385583699471	([151], [151, 146])
0	0.0	0.3385854509184929	([195], [195, 194])
0	0.0	0.33900171764060066	([190], [190, 189])
0	0.0	0.33956560879177583	([193], [193, 192])
0	0.0	0.3401845438814848	([33], [33, 32])
0	0.0	0.3420972252755058	([22], [22, 21])
0	0.0	0.34246441087917995	([98], [98, 97])
0	0.0	0.34247761963068774	([90], [90, 89])
0	0.0	0.34399003243467563	([288], [290, 287])
0	0.0	0.34426816636993	([278], [278, 277])
0	0.0	0.34461722566932435	([23], [23, 21])
1	0.32739090811747984	0.3451823667712418	([107, 104], [107, 106, 104])
0	0.0	0.34610172179472737	([108], [108, 107])
0	0.0	0.3461453704894159	([268], [269, 267])
0	0.0	0.347741764268926	([57], [57, 55])
0	0.0	0.348747970236135	([236], [236, 235])
0	0.0	0.34959487500517955	([258], [258, 257])
0	0.0	0.3513922026731142	([103], [103, 102])
0	0.0	0.3535561838416811	([167], [167, 166])
0	0.0	0.3540872298891149	([271], [271, 270])
0	0.0	0.35449461148690753	([297], [297, 294])
0	0.0	0.3548117807843855	([154], [154, 152])
0	0.0	0.35573815515836626	([40], [40, 39])
0	0.0	0.3560868708768177	([54], [54, 53])
0	0.0	0.3566078384254279	([69], [69, 68])
0	0.0	0.3571060423818406	([21], [21, 20])
0	0.0	0.3579673110008601	([148], [148, 145])
0	0.0	0.358385950926928	([273], [273, 272])
0	0.0	0.3615257569922729	([8], [8, 7])
0	0.0	0.3622549212840693	([31], [31, 30])
0	0.0	0.3643948274541238	([145], [145, 144])
0	0.0	0.36498304725738506	([144], [148, 147])
0	0.0	0.36639284687013157	([93], [93, 92])
0	0.0	0.3666707343607281	([261], [261, 260])
0	0.0	0.3675848723799838	([44], [44, 43])
0	0.0	0.3706017359517978	([150], [150, 146])
0	0.0	0.3707505314984429	([47], [47, 46])
0	0.0	0.3717360796172036	([36], [36, 35])
0	0.0	0.37371363288669235	([282], [282, 281])
0	0.0	0.3741411929533092	([296], [296, 295])
0	0.0	0.3745854075580304	([101], [101, 100])
0	0.0	0.37490528939808726	([280], [280, 278])
0	0.0	0.37710653219642176	([51], [51, 50])
0	0.0	0.3778625244662892	([275], [275, 273])
0	0.0	0.37862817252309233	([71], [71, 70])
0	0.0	0.3787185711160076	([225], [280, 279])
0	0.0	0.3792853631097633	([50], [50, 49])
0	0.0	0.3819399914995765	([217], [217, 216])
0	0.0	0.3828328598647796	([147], [147, 146])
0	0.0	0.3832909206507643	([118], [118, 117])
0	0.0	0.38578459445912583	([291], [291, 290])
0	0.0	0.3861999129563307	([72], [72, 71])
0	0.0	0.3868774548466288	([9], [9, 8])
0	0.0	0.3884958987741009	([132], [132, 131])
0	0.0	0.3885765652186246	([70], [70, 69])
0	0.0	0.3905094635007791	([37], [37, 36])
0	0.0	0.3912784515442257	([152], [152, 142])
0	0.0	0.3921170569380826	([124], [124, 123])
0	0.0	0.39476709106864966	([286], [286, 285])
0	0.0	0.3970125336851071	([155], [156, 147])
0	0.0	0.4015263456209982	([142], [152, 151])
1	0.3792799367394086	0.40257613784886775	([281, 273], [281, 278, 273])
1	0.38495550787164995	0.4032310045274214	([57, 52], [57, 55, 52])
0	0.0	0.4037519612563341	([285], [286, 284])
0	0.0	0.40704150874147277	([84], [86, 83])
0	0.0	0.4082522570050907	([146], [144, 143])
0	0.0	0.413249138974871	([133], [133, 125])
0	0.0	0.4139045984597984	([100], [100, 99])
0	0.0	0.41410997910996483	([157], [157, 138])
0	0.0	0.41542165534798514	([129], [129, 128])
0	0.0	0.41763011769875596	([274], [274, 273])
0	0.0	0.4249107874577476	([117], [117, 116])
0	0.0	0.42865206733403594	([224], [224, 135])
1	0.42894546134509054	0.4296175682992526	([155, 150], [155, 150, 147])
1	0.4019709402821668	0.4296175682992526	([155, 144], [156, 155, 147])
0	0.0	0.43000713361211995	([139], [139, 127])
0	0.0	0.43222008306590853	([138], [138, 127])
1	0.4187670775863634	0.4325107038061565	([216, 209], [216, 215, 210])
0	0.0	0.4382712645164654	([59], [59, 57])
0	0.0	0.44035325903833	([131], [132, 128])
0	0.0	0.442164313881464	([279], [225, 223])
0	0.0	0.44315929469339727	([135], [224, 223])
0	0.0	0.44412217139065546	([0], [59, 58])
1	0.4627769205489531	0.4686400856849447	([217, 208], [217, 216, 208])
1	0.4624790345842176	0.4696261338828879	([156, 143], [156, 148, 143])
0	0.0	0.472801179712408	([158], [135, 58])
0	0.0	0.48278010138825744	([58], [285, 139])
0	0.0	0.48375581248286786	([127], [157, 156])
0	0.0	0.49150562715586993	([143], [133, 131])
1	0.46780792653577263	0.4935201254099004	([131, 129], [132, 131, 128])
1	0.4930331249377602	0.5218404742170658	([154, 149], [154, 151, 146])
1	0.5144473310618113	0.5297260276542921	([282, 271], [282, 281, 273])
1	0.4919615236701518	0.53025639005666	([152, 143], [152, 148, 146])
1	0.5354719879678602	0.5454197138863147	([268, 260], [268, 265, 261])
1	0.5665726566719835	0.5807485721446625	([159, 155], [159, 158, 157])
1	0.5769122069244823	0.5889932966245603	([284, 268], [284, 281, 272])
1	0.6064464348079791	0.6212747142965052	([279, 151], [280, 279, 155])
1	0.6071304139760284	0.6273007619528862	([17, 5], [17, 13, 5])
1	0.623036871154199	0.6318734518626669	([310, 296], [310, 300, 299])
1	0.5966014503467232	0.6323671334479687	([275, 145], [277, 273, 145])
1	0.59870391272528	0.634549887580128	([211, 197], [211, 210, 197])
1	0.63284989566431	0.6379168264190489	([220, 205], [220, 210, 205])
1	0.6163062470955777	0.6443736430991269	([214, 198], [214, 208, 196])
1	0.647337559661054	0.6475075017436427	([251, 240], [251, 246, 243])
1	0.5593187042935892	0.6487244675075866	([128, 125], [133, 131, 125])
1	0.639776706758461	0.6491506539907701	([193, 179], [193, 187, 186])
1	0.6511303344563134	0.6513761874136909	([242, 229], [242, 237, 229])
1	0.622876200105594	0.6705477875149168	([278, 142], [278, 148, 146])
1	0.6554012722665125	0.6770302083622383	([321, 301], [321, 310, 301])
1	0.6769114084132184	0.684614916119505	([153, 129], [153, 142, 131])
1	0.6724248987894261	0.6851316860663919	([223, 193], [223, 212, 207])
1	0.5123991260881214	0.6853043519007085	([132, 117], [132, 131, 117])
1	0.6793661512916607	0.6884607264852345	([130, 114], [130, 121, 120])
1	0.6602684633916373	0.6896560135517081	([97, 81], [97, 95, 81])
1	0.6809668529303977	0.6911358650368653	([114, 95], [114, 106, 95])
1	0.6912541883263416	0.6932561396819754	([240, 142], [240, 231, 223])
1	0.657221792938768	0.6938719978930444	([116, 96], [116, 104, 102])
1	0.6890832663179736	0.6978714669287863	([194, 130], [222, 205, 194])
1	0.6771059098827057	0.6978714669287863	([226, 194], [226, 222, 194])
1	0.6899952841450262	0.698531310432789	([21, 7], [21, 15, 7])
1	0.6888838557471805	0.7007809341550039	([160, 129], [160, 152, 142])
1	0.6824323721327348	0.7007809341550039	([160, 142], [160, 158, 152])
1	0.6969634753706069	0.7047896779824497	([252, 230], [252, 246, 230])
1	0.6964508654518448	0.7054568686366122	([208, 151], [208, 198, 194])
1	0.694174932161834	0.7054775404092709	([260, 233], [260, 259, 236])
1	0.7069130573728463	0.709316797526338	([23, 6], [23, 16, 14])
1	0.6829821530921303	0.7107124254301272	([295, 258], [295, 284, 283])
1	0.7091286224118798	0.711566631000183	([192, 158], [192, 178, 167])
1	0.6928156555858429	0.7118584743989845	([250, 223], [250, 238, 236])
1	0.6879990677065635	0.7118584743989845	([259, 236], [259, 250, 236])
1	0.675049701606505	0.7132487326189941	([264, 154], [276, 267, 154])
1	0.6592740737021338	0.7137243032381045	([321, 0], [320, 316, 0])
1	0.6792814599930443	0.7139156289522657	([214, 142], [223, 214, 207])
1	0.7008032286549261	0.7158034591268075	([293, 259], [293, 285, 259])
1	0.7020003307617283	0.7171955765023056	([67, 26], [67, 50, 26])
1	0.7085289963164075	0.718681177401938	([257, 160], [268, 257, 160])
1	0.6534722442388351	0.7188658132288271	([268, 158], [277, 272, 151])
1	0.7078448280121108	0.719199810674738	([206, 159], [206, 197, 153])
1	0.6961654386605926	0.7192561041159419	([142, 106], [154, 142, 106])
1	0.7165231208973641	0.7206293776973467	([151, 113], [151, 113, 100])
1	0.6743948705441869	0.7215356740872789	([194, 142], [214, 195, 194])
1	0.7065597032927364	0.7219483521839424	([287, 251], [287, 269, 268])
1	0.7208566514817935	0.7229882383672107	([117, 86], [117, 104, 92])
1	0.7085514122006984	0.7230385184136197	([158, 125], [158, 151, 128])
1	0.7150006873088742	0.7233097936023307	([154, 43], [154, 55, 43])
1	0.7189303338242542	0.7233391531134152	([187, 163], [187, 184, 163])
1	0.7136568918830276	0.7244247719749323	([226, 175], [226, 197, 175])
1	0.7212910601887864	0.7246026640203804	([191, 153], [201, 197, 153])
1	0.720166295486771	0.724932580203249	([125, 94], [125, 116, 101])
1	0.719196872783233	0.7250048158789315	([160, 117], [160, 153, 129])
1	0.6971563112503038	0.7253662597210646	([129, 85], [129, 98, 94])
1	0.5605660788843692	0.7256028738733691	([133, 36], [133, 50, 36])
1	0.7129840594442394	0.7264602824565409	([258, 237], [258, 250, 237])
1	0.7032203379950452	0.7267748458839706	([222, 160], [220, 206, 166])
1	0.6963734686830583	0.7276515921138905	([178, 142], [194, 181, 178])
1	0.7222467805268872	0.7280423118368972	([321, 283], [321, 283, 259])
1	0.6882462394097204	0.7287449237658181	([200, 153], [222, 216, 158])
1	0.7215694322940028	0.7292038648915103	([288, 163], [288, 268, 257])
1	0.6784562186987801	0.7294371783776303	([321, 259], [321, 298, 284])
1	0.7249955393719025	0.729702895681325	([33, 15], [33, 32, 15])
1	0.72410195908157	0.7302564493210572	([233, 173], [233, 191, 181])
1	0.6847194864359487	0.7304251149931075	([151, 128], [151, 128, 97])
1	0.697704172085662	0.7309582778407141	([197, 144], [197, 149, 144])
1	0.6893362491054486	0.7309582778407141	([149, 130], [197, 153, 149])
1	0.7101043957560375	0.7317034939884683	([288, 147], [288, 271, 147])
1	0.7249435197752565	0.7318277381164638	([286, 162], [286, 268, 158])
1	0.6827043661190788	0.7323417777656852	([129, 73], [129, 85, 73])
1	0.6893021974540292	0.7324800172418644	([255, 222], [253, 233, 232])
1	0.7052917496475268	0.7330732724706709	([142, 85], [142, 97, 85])
1	0.7330829934289279	0.7331555564650095	([278, 129], [278, 153, 142])
1	0.682532940897453	0.7335176435534737	([190, 151], [193, 173, 172])
1	0.7268979027077472	0.7342813736672807	([269, 129], [278, 271, 129])
1	0.7236882293133986	0.7343368850926053	([221, 181], [221, 220, 185])
1	0.5547280851070393	0.7345679181825315	([132, 8], [132, 22, 8])
1	0.7293539659257979	0.7354337005336599	([218, 150], [209, 206, 150])
1	0.7285544514008976	0.7368576544675376	([191, 161], [222, 191, 161])
1	0.7019731603369793	0.7368576544675376	([228, 161], [228, 222, 161])
1	0.7136950762959029	0.7370484399128228	([68, 24], [68, 52, 34])
1	0.7289393644040792	0.737178643147862	([282, 226], [282, 253, 232])
1	0.7254154082913987	0.7379399071786973	([232, 167], [232, 226, 167])
1	0.7355777962381399	0.7383096553914897	([294, 256], [294, 286, 256])
1	0.6942855844055479	0.7389121038855143	([198, 143], [198, 152, 151])
1	0.7327329468631276	0.7399569513872153	([283, 166], [283, 268, 158])
1	0.710727593842966	0.7400782085661196	([237, 158], [237, 221, 208])
1	0.7282795171468551	0.7402296955902515	([148, 125], [153, 148, 125])
1	0.6658193622466579	0.7402296955902515	([151, 97], [158, 153, 125])
1	0.738904994332642	0.7406704642196305	([230, 176], [230, 219, 187])
1	0.7217157176339639	0.7408017930913302	([95, 59], [130, 99, 95])
1	0.7330531855930855	0.7413218521382822	([219, 145], [216, 214, 145])
1	0.7348267346020528	0.7422080312932597	([300, 150], [300, 293, 259])
1	0.6648952921712721	0.742224849574948	([223, 142], [194, 158, 152])
1	0.7317019417064984	0.7424084265948846	([225, 171], [225, 221, 181])
1	0.7100937948817185	0.7424084265948846	([233, 191], [233, 225, 181])
1	0.7173349531286556	0.7427789250249094	([319, 292], [319, 311, 292])
1	0.7272535262225746	0.7428943865384617	([239, 162], [239, 194, 162])
1	0.7153270605401975	0.743006439404079	([310, 254], [310, 287, 254])
1	0.743385405573028	0.7436844549823203	([39, 6], [39, 26, 6])
1	0.7426428180225724	0.7438706150891632	([229, 174], [229, 225, 174])
1	0.7284668536133581	0.744331710807291	([300, 233], [300, 286, 233])
1	0.7312485284662827	0.7447355800666975	([293, 229], [295, 293, 229])
1	0.729228381779578	0.7448854125692348	([314, 14], [319, 314, 1])
1	0.6870607325157585	0.74557471482864	([129, 47], [129, 73, 60])
1	0.6900673669540294	0.7456213924252582	([130, 59], [95, 90, 59])
1	0.7121673095140146	0.7456292207713583	([66, 20], [66, 31, 28])
1	0.5820373407757249	0.7456432269849997	([280, 155], [268, 258, 158])
1	0.7380732388616407	0.7460756503895573	([247, 217], [247, 217, 194])
1	0.7256971427949015	0.7460780439202553	([310, 166], [310, 298, 161])
1	0.7117583079976556	0.7462592139132288	([299, 266], [302, 299, 266])
1	0.7418480261861115	0.7462800063869021	([93, 5], [93, 22, 8])
1	0.7384293168372169	0.7466622052649892	([172, 129], [172, 158, 128])
1	0.7444896364259612	0.746960668588303	([153, 89], [153, 89, 84])
1	0.7115914527397408	0.7470605625373442	([214, 147], [223, 219, 154])
1	0.7316875953723296	0.7471947669620189	([259, 150], [281, 268, 150])
1	0.72885631112528	0.7473548227526102	([229, 150], [250, 229, 223])
1	0.7130337050663339	0.747398943951629	([298, 211], [298, 282, 232])
1	0.7401322210810806	0.7481255041722226	([303, 261], [303, 287, 282])
1	0.7265836563109636	0.7483013904398831	([128, 63], [128, 101, 63])
1	0.7464827722136705	0.7483844512631487	([85, 42], [85, 68, 42])
1	0.7362153601930105	0.7484936704327058	([256, 184], [256, 254, 184])
1	0.7416939003580798	0.748627138505962	([266, 211], [266, 211, 207])
1	0.7441188083139867	0.7490611444756861	([236, 178], [236, 228, 178])
1	0.718861734184441	0.7491578207095905	([249, 193], [249, 235, 229])
1	0.732824068308339	0.7492021275470945	([289, 4], [320, 291, 289])
1	0.7470948963793743	0.7495422530284367	([292, 223], [292, 252, 223])
1	0.7481990905621086	0.7500952300129956	([153, 42], [153, 142, 34])
1	0.7118692817344272	0.7501356814847472	([239, 194], [239, 231, 229])
1	0.6979751965092853	0.7502007856604351	([251, 161], [310, 254, 251])
1	0.7105486172171194	0.7502007856604351	([302, 251], [310, 302, 251])
1	0.7157528801728963	0.7503963665876837	([153, 67], [153, 67, 53])
1	0.7349429850843737	0.7513428102260241	([254, 195], [254, 251, 221])
1	0.7407420137019027	0.7517498685136124	([176, 150], [172, 162, 150])
1	0.6950691089017965	0.7524439462032751	([315, 231], [315, 300, 231])
1	0.692705435450801	0.7525314078895898	([154, 95], [142, 106, 97])
1	0.7213915934624697	0.7527072075881492	([303, 200], [303, 282, 205])
1	0.7499123739813646	0.7529119979305817	([186, 145], [204, 187, 145])
1	0.7496276665888693	0.753166067881039	([88, 25], [91, 88, 25])
1	0.751689097341236	0.753166067881039	([112, 25], [112, 91, 25])
1	0.7482765762288349	0.7544698361341469	([255, 159], [255, 222, 161])
1	0.7285874781237819	0.7553771866141019	([130, 37], [130, 59, 37])
1	0.7476988810009094	0.7554558394281453	([145, 114], [154, 145, 114])
1	0.7504340894221899	0.7562637484416206	([217, 169], [217, 204, 169])
1	0.7289506501875934	0.7562878306614951	([295, 226], [295, 258, 226])
1	0.7321652911279917	0.7565978226176336	([148, 85], [149, 148, 85])
1	0.7474117999506341	0.7566947766913725	([106, 33], [142, 106, 24])
1	0.717565819029603	0.7569021183690476	([143, 105], [143, 124, 118])
1	0.756919870131384	0.7570661447714387	([102, 57], [102, 72, 71])
1	0.7508580955870594	0.7571394002141937	([166, 0], [166, 155, 152])
1	0.714613047339051	0.757383762241855	([148, 99], [148, 99, 85])
1	0.7343954180442044	0.7577568607147341	([110, 42], [110, 86, 42])
1	0.6899417570503155	0.758031799965503	([311, 229], [297, 293, 234])
1	0.700191098063128	0.7582340834986531	([291, 221], [291, 286, 221])
1	0.729259814931493	0.7583935517889404	([147, 112], [147, 145, 112])
1	0.7578028513078865	0.7587712606316276	([299, 247], [306, 299, 247])
1	0.7278906716259013	0.7588355430414344	([313, 230], [313, 295, 230])
1	0.7522931049019045	0.7589219702990458	([92, 28], [93, 92, 28])
1	0.756455202131518	0.759028137475615	([244, 172], [244, 232, 172])
1	0.7527091185636499	0.759028137475615	([253, 172], [253, 232, 172])
1	0.7331129614524626	0.7599178535131578	([89, 2], [89, 27, 20])
1	0.7179324542911601	0.7599178535131578	([93, 22], [89, 66, 20])
1	0.739421314623732	0.7603132233186928	([91, 17], [112, 25, 4])
1	0.7355582798927301	0.7605837351756576	([299, 192], [299, 266, 211])
1	0.7234326963065523	0.7606700252121451	([63, 18], [64, 63, 19])
1	0.7350741966646874	0.7611217080503953	([105, 52], [105, 88, 65])
1	0.710948194675721	0.7616325457648382	([249, 130], [249, 202, 193])
1	0.723211804121577	0.7617187590297144	([293, 5], [321, 298, 5])
1	0.740622843096556	0.7619375863819923	([152, 39], [147, 39, 0])
1	0.6762322223410434	0.7622610910818726	([142, 26], [97, 68, 45])
1	0.7019779571367563	0.762593165814301	([218, 143], [218, 198, 191])
1	0.7605611869149027	0.762676831064589	([103, 0], [106, 12, 6])
1	0.7560361175328684	0.762676831064589	([122, 6], [106, 101, 6])
1	0.7593823925721059	0.763555819540887	([229, 113], [229, 200, 192])
1	0.7068835293761389	0.7641078078248857	([314, 180], [314, 310, 184])
1	0.6450005541821406	0.7643053127803795	([294, 142], [294, 282, 160])
1	0.7616384502423168	0.7643396000415471	([316, 268], [316, 292, 290])
1	0.74937681686423	0.7651075391617177	([313, 150], [313, 311, 250])
1	0.755892921808911	0.7654412071579205	([105, 15], [105, 98, 15])
1	0.7613173542887659	0.7654678709272629	([319, 260], [319, 292, 260])
1	0.7526924205222164	0.7655727966039049	([321, 171], [321, 171, 163])
1	0.7502120731059606	0.765731200669228	([301, 244], [321, 301, 244])
1	0.7517956322455396	0.7659924309223479	([118, 17], [118, 98, 91])
1	0.7589677134764592	0.766079325994163	([96, 49], [96, 66, 51])
1	0.7623485091788282	0.7660798485953758	([84, 21], [103, 84, 21])
1	0.7452056276839012	0.7660919422934253	([163, 1], [321, 314, 179])
1	0.7589352961117912	0.7662608082915469	([246, 154], [262, 246, 154])
1	0.7599140807761706	0.7665308463257894	([258, 191], [258, 237, 191])
1	0.737550725179521	0.7666325512764162	([98, 29], [105, 52, 25])
1	0.7342527257826792	0.7666325512764162	([121, 4], [105, 88, 25])
1	0.7381568792947665	0.7674811866385551	([303, 225], [303, 225, 205])
1	0.7476932114083694	0.7677730537188785	([310, 15], [310, 180, 15])
1	0.7422549006798445	0.7678096183559412	([306, 236], [299, 247, 194])
1	0.7549452789390186	0.7678562210193108	([321, 213], [321, 244, 213])
1	0.7428933667526473	0.7679131921978557	([130, 13], [99, 90, 13])
1	0.7529115251703464	0.76820061439152	([316, 183], [316, 310, 177])
1	0.6761425585908031	0.768664008652376	([231, 180], [231, 184, 180])
1	0.7529081832567313	0.7686905835174244	([92, 11], [92, 28, 25])
1	0.7560987870742363	0.7687824167788885	([168, 3], [321, 168, 163])
1	0.7345661915216313	0.7687824167788885	([319, 168], [321, 311, 168])
1	0.7405483064888976	0.7690756669009917	([106, 12], [106, 24, 0])
1	0.7610166467684619	0.769174283792567	([68, 7], [92, 68, 7])
1	0.754132114575878	0.7696998910656417	([309, 174], [309, 293, 229])
1	0.7692095081508579	0.7699701981651462	([150, 52], [150, 87, 66])
1	0.6853739692024488	0.7703824126595019	([154, 55], [154, 92, 28])
1	0.769449261936168	0.7706112491479502	([122, 43], [122, 90, 59])
1	0.564249237847043	0.771362145813405	([132, 54], [132, 70, 54])
1	0.7433075795441707	0.7714628639894451	([59, 1], [59, 32, 31])
1	0.7521139677857416	0.7718363596177495	([312, 242], [312, 242, 230])
1	0.767839052982558	0.7719160841416651	([314, 270], [314, 288, 259])
1	0.7622901158967149	0.772703590716218	([296, 228], [296, 228, 219])
1	0.7617888773071941	0.772703590716218	([296, 195], [307, 296, 219])
1	0.7345976989829878	0.7731554059314454	([307, 219], [296, 290, 219])
1	0.7655752968239782	0.7735193216691787	([115, 32], [115, 32, 23])
1	0.7553368246589582	0.7737793356956154	([125, 68], [125, 94, 88])
1	0.7454813916521918	0.7740440381427698	([143, 47], [143, 109, 105])
1	0.7467928755448037	0.7740693667072279	([219, 25], [219, 154, 93])
1	0.7613237083088896	0.774577111257768	([318, 119], [318, 294, 162])
1	0.758239813879075	0.7748546715736859	([192, 1], [225, 179, 5])
1	0.7469920111184711	0.7748612047241845	([131, 51], [131, 130, 46])
1	0.6898794544662197	0.7751354652265702	([142, 62], [142, 62, 28])
1	0.7580545319519508	0.775233587648569	([118, 53], [118, 109, 75])
1	0.7564129922755881	0.7752445087447755	([261, 213], [261, 258, 213])
1	0.7551996612381224	0.775284248276236	([244, 204], [244, 213, 194])
1	0.7366665751185045	0.7754341340217675	([150, 109], [150, 109, 94])
1	0.7591887252602064	0.7756709314423013	([69, 11], [92, 79, 67])
1	0.7633606034400863	0.7757029322052783	([241, 168], [241, 225, 189])
1	0.7453114869451712	0.7757393996126432	([162, 119], [159, 143, 124])
1	0.7028900650680057	0.775816126172476	([321, 143], [321, 26, 18])
1	0.7613187882805879	0.776338438980681	([262, 210], [262, 213, 210])
1	0.7176702499500893	0.776338438980681	([268, 202], [262, 258, 213])
1	0.7704742358074614	0.7763798988102089	([166, 109], [166, 152, 143])
1	0.7751831579532197	0.7763887960954445	([306, 169], [306, 169, 161])
1	0.7734821909317587	0.7764684824822972	([253, 3], [253, 233, 3])
1	0.7729737192435929	0.7765365103938102	([320, 189], [320, 208, 189])
1	0.6539915772259998	0.7770788273313686	([142, 131], [154, 147, 0])
1	0.7726360519195725	0.7774485779409386	([260, 175], [260, 227, 205])
1	0.7635002264588537	0.7775448734696344	([305, 218], [305, 302, 228])
1	0.7666534040162493	0.7777939751499606	([279, 196], [279, 219, 196])
1	0.752925185010247	0.7778157747230081	([233, 12], [253, 172, 168])
1	0.7412912655628645	0.7782616362933793	([318, 204], [318, 266, 207])
1	0.7733624889658431	0.778393735427437	([87, 1], [87, 26, 24])
1	0.7103950432658325	0.7787707372048702	([217, 12], [251, 233, 12])
1	0.7682922616750465	0.7791576717861822	([301, 198], [301, 292, 215])
1	0.7563451487255621	0.7793161625753043	([57, 2], [57, 52, 2])
1	0.7431748420091064	0.7795583034046117	([145, 11], [293, 145, 11])
1	0.7260387025964217	0.7799000981303644	([175, 15], [175, 168, 15])
1	0.779522234197542	0.7801650275519781	([226, 13], [226, 217, 13])
1	0.6503740712467739	0.7803816263737131	([150, 0], [321, 176, 143])
1	0.777721410282533	0.7805651317440814	([248, 9], [248, 176, 9])
1	0.7619398771757286	0.7806031511886642	([320, 218], [320, 314, 189])
1	0.6813003113316908	0.7807204264329173	([302, 145], [295, 267, 258])
1	0.7497399415730112	0.7813334433941675	([317, 167], [317, 310, 161])
1	0.7806932053390125	0.7815429418080045	([150, 37], [150, 52, 32])
1	0.7811539995716391	0.7816202437556156	([189, 117], [189, 161, 160])
1	0.7192928323799506	0.781657620893814	([321, 130], [321, 104, 1])
1	0.7320266410643276	0.7819097058859567	([167, 5], [189, 176, 19])
1	0.7611912084627092	0.7826621471029642	([264, 209], [262, 257, 210])
1	0.7435330978741395	0.7835763016648806	([216, 15], [219, 216, 1])
1	0.7730110589866432	0.7837958774924577	([119, 24], [119, 57, 53])
1	0.5338616674011438	0.7840189145044377	([133, 100], [133, 124, 100])
1	0.775015530899223	0.7842888444081424	([210, 29], [219, 210, 29])
1	0.7648915155801832	0.7844822421472525	([169, 7], [169, 167, 7])
1	0.7480851129865599	0.7845146659225863	([307, 165], [307, 299, 247])
1	0.7803966430460829	0.7848168342315179	([163, 94], [163, 105, 103])
1	0.7733217784565286	0.7848168342315179	([173, 105], [163, 161, 103])
1	0.7657883342248872	0.7856320557718548	([162, 12], [217, 162, 160])
1	0.6769378766506888	0.7856675525665383	([213, 148], [266, 213, 158])
1	0.7600192860495041	0.7858279540941833	([289, 119], [289, 119, 4])
1	0.7847382841998226	0.7861102466475155	([159, 2], [162, 159, 2])
1	0.776992425178043	0.7863561642370692	([304, 163], [304, 294, 163])
1	0.7687925441990979	0.7866313583500157	([194, 11], [194, 164, 10])
1	0.7527083205783975	0.7866313583500157	([261, 29], [283, 164, 10])
1	0.7540439723664153	0.786692343605462	([237, 18], [248, 237, 18])
1	0.7867607467854564	0.7867932926613381	([255, 116], [292, 255, 116])
1	0.7596524342347496	0.7874303762544973	([250, 19], [254, 250, 20])
1	0.7393307324720101	0.7874858874058687	([318, 269], [318, 292, 257])
1	0.7796737426130617	0.7879500512980678	([239, 0], [239, 184, 0])
1	0.7626451416439949	0.7881803958457005	([310, 102], [310, 161, 102])
1	0.770376511211127	0.7882941946893227	([241, 128], [241, 165, 158])
1	0.7764275867625909	0.7885461991054817	([211, 26], [211, 192, 185])
1	0.670802618252131	0.7886108303526285	([222, 130], [155, 143, 131])
1	0.7861714867636506	0.7886252962170259	([263, 198], [301, 272, 263])
1	0.7886757380110313	0.7887425616324165	([213, 129], [213, 153, 147])
1	0.7284276065204619	0.7887425616324165	([235, 153], [235, 213, 153])
1	0.7849997430293648	0.7889717322497425	([234, 119], [235, 234, 119])
1	0.7271004007675951	0.7890189259711972	([153, 5], [211, 197, 153])
1	0.769730170667985	0.7890303599192041	([113, 8], [119, 113, 8])
1	0.757250480293053	0.7894404359115978	([215, 155], [215, 210, 155])
1	0.7692213352879422	0.78949618937922	([125, 3], [125, 98, 3])
1	0.783569483870315	0.7904722831756482	([296, 109], [296, 269, 255])
1	0.775450592757462	0.7911795923064509	([269, 200], [269, 266, 200])
1	0.7758381682051793	0.7914140162299507	([228, 146], [228, 213, 146])
1	0.7887696000360269	0.7914313228346803	([220, 7], [220, 194, 7])
1	0.7392791341036159	0.7914313228346803	([235, 7], [235, 194, 7])
1	0.7872631053477785	0.7914313228346803	([299, 7], [299, 194, 7])
1	0.7818713981505795	0.7914371746476164	([253, 90], [253, 172, 128])
1	0.7644060590625671	0.7918809519832911	([292, 101], [292, 284, 116])
1	0.7863822066927955	0.7920423873892618	([228, 121], [296, 228, 121])
1	0.7646488761437604	0.7928870690533325	([302, 209], [302, 211, 209])
1	0.7498972817391346	0.792949817105677	([317, 237], [317, 307, 247])
1	0.7727656025591845	0.793111463044608	([128, 31], [128, 103, 31])
1	0.7374061388496175	0.7932804681437541	([161, 103], [163, 162, 105])
1	0.7704005468064827	0.7935154437890026	([234, 17], [234, 226, 0])
1	0.7002524876956575	0.7937180054689846	([315, 153], [315, 305, 153])
1	0.7640546634880233	0.7938212211344835	([209, 110], [225, 209, 110])
1	0.7442778216519408	0.7938212211344835	([200, 113], [225, 223, 110])
1	0.687838437253094	0.7939853704347017	([150, 94], [153, 150, 109])
1	0.7926451001297947	0.7941925563113885	([129, 11], [194, 173, 11])
1	0.7861079768854657	0.7948054696558806	([259, 24], [320, 289, 259])
1	0.7790172464660409	0.7952181210603084	([191, 16], [219, 174, 16])
1	0.727997988628891	0.7953975041235914	([238, 147], [238, 174, 147])
1	0.7615305257485945	0.7954271592499818	([291, 122], [291, 159, 124])
1	0.5173599006227269	0.7956669145422514	([132, 70], [132, 131, 70])
1	0.7822819369742627	0.7956669145422514	([145, 60], [145, 131, 70])
1	0.7818213008557188	0.7956715331310967	([206, 90], [206, 159, 90])
1	0.7740282084877635	0.7960632071754591	([307, 190], [307, 223, 190])
1	0.7659880518899995	0.7962490470273393	([211, 114], [213, 211, 114])
1	0.7757979711766256	0.7962881249306996	([165, 122], [218, 166, 165])
1	0.7773285208879359	0.7963089109314837	([199, 13], [199, 162, 13])
1	0.7574389966580957	0.7963392777030702	([182, 154], [182, 173, 147])
1	0.7346598621587108	0.7963769247011677	([156, 121], [156, 152, 129])
1	0.7939623685903964	0.7967889228031952	([275, 241], [275, 265, 241])
1	0.7765600193866016	0.7980381545514508	([236, 92], [236, 219, 92])
1	0.7779019689912253	0.7981053516855466	([298, 95], [298, 185, 130])
1	0.7841250412354697	0.79852041816316	([259, 102], [259, 161, 160])
1	0.7790063690519073	0.7985220342384313	([297, 6], [310, 297, 1])
1	0.7431627758477172	0.7987804706119929	([282, 123], [290, 158, 120])
1	0.7796300144549521	0.7992137766222992	([302, 90], [302, 206, 153])
1	0.789549343969411	0.7992683885418849	([277, 179], [277, 179, 153])
1	0.744964171463843	0.7992748689006992	([218, 122], [176, 158, 89])
1	0.7914727470960022	0.7992908196241911	([171, 14], [171, 162, 105])
1	0.7854819966592513	0.7997932058062901	([178, 91], [178, 166, 11])
1	0.7707136492547114	0.799957936718863	([269, 1], [295, 269, 1])
1	0.7552695352562947	0.800117969071759	([319, 145], [319, 145, 11])
1	0.7764347337459029	0.8002451133124049	([152, 86], [152, 125, 86])
1	0.792313957178297	0.800706520777745	([167, 110], [167, 110, 15])
1	0.8007499181862968	0.8008242242230196	([160, 68], [163, 160, 1])
1	0.7665866947060841	0.80087990756626	([185, 6], [185, 180, 6])
1	0.7862167992310313	0.8022551189750683	([61, 3], [61, 53, 3])
1	0.7815705279003432	0.8026580991759247	([269, 117], [269, 259, 117])
1	0.7463498061891612	0.803000436388341	([209, 8], [302, 209, 8])
1	0.7491835094503388	0.8040095275462344	([245, 14], [245, 179, 14])
1	0.7915885083350477	0.8041158645702136	([215, 125], [215, 155, 130])
1	0.7815102738524514	0.8045831673745786	([271, 54], [271, 129, 44])
1	0.7804295634897402	0.8048992428356329	([281, 177], [283, 281, 177])
1	0.8001742643033803	0.8051495785221188	([206, 14], [206, 179, 153])
1	0.7945500433145595	0.8060713132532314	([293, 118], [293, 129, 118])
1	0.7994496043401962	0.8061428135132064	([246, 1], [258, 246, 1])
1	0.7763270446359025	0.8063819862332569	([192, 26], [192, 167, 26])
1	0.7843309954757941	0.8077450375560179	([186, 115], [184, 112, 25])
1	0.8004151099142203	0.8079497710341538	([227, 8], [233, 227, 8])
1	0.7971473935266399	0.8092773103312118	([246, 100], [268, 246, 217])
1	0.7725559368488026	0.8096768409307328	([236, 6], [236, 235, 6])
1	0.7888187931773144	0.8098222469342136	([231, 124], [231, 180, 124])
1	0.7209423997920432	0.8099137096055861	([144, 96], [144, 96, 7])
1	0.7674350481363411	0.8099282921746038	([238, 115], [238, 226, 207])
1	0.7948242482244651	0.8107698965103232	([286, 115], [286, 154, 88])
1	0.8070342120695756	0.8110652319835345	([264, 39], [264, 154, 0])
1	0.7836386199359339	0.8114780198196924	([183, 102], [184, 183, 102])
1	0.7817831208581165	0.811800860270925	([196, 101], [196, 166, 101])
1	0.8063187152565278	0.8119903405374737	([146, 21], [193, 146, 13])
1	0.7822917207226386	0.8120264304453113	([161, 69], [161, 90, 69])
1	0.8060234873066172	0.8123293231852502	([268, 62], [281, 268, 62])
1	0.7966222755867618	0.8125007660860231	([257, 104], [257, 173, 104])
1	0.7857665196282622	0.812836737857273	([282, 103], [282, 130, 103])
1	0.8110746060298134	0.8129534034519706	([244, 81], [244, 81, 19])
1	0.7862626268262491	0.8129626924615393	([144, 54], [151, 144, 54])
1	0.809013829636501	0.8130621888203285	([299, 112], [299, 161, 112])
1	0.8098161788182593	0.8132358036807011	([208, 20], [246, 208, 20])
1	0.755909465280856	0.8134304735151664	([188, 29], [188, 106, 99])
1	0.7956603925510923	0.8142076227295253	([201, 96], [201, 153, 96])
1	0.7474487363544334	0.814556183823796	([148, 30], [148, 99, 30])
1	0.7992349707767388	0.8146920835760589	([145, 36], [145, 60, 36])
1	0.7821036217155362	0.8157033525628417	([256, 11], [319, 256, 161])
1	0.7938976785769174	0.8178982850413034	([171, 87], [171, 119, 105])
1	0.8068147465710477	0.8180305820204425	([192, 65], [192, 160, 65])
1	0.7759093201477794	0.8185126726792971	([254, 33], [254, 33, 20])
1	0.7852874970449841	0.8187818364231089	([179, 101], [287, 179, 101])
1	0.8174953388972904	0.8189832267565268	([263, 17], [263, 198, 181])
1	0.7734612006313573	0.8197802636751143	([301, 88], [301, 298, 96])
1	0.8129769788514949	0.8211970279949	([199, 28], [199, 189, 28])
1	0.7995422346188201	0.8226607911317979	([229, 51], [229, 113, 51])
1	0.8114886045934577	0.8229844579698691	([221, 108], [286, 221, 88])
1	0.7948958876439736	0.8232334750899624	([230, 23], [230, 189, 28])
1	0.8194003513317124	0.8243243978253098	([242, 148], [242, 200, 148])
1	0.7334950066853161	0.8263293546191031	([183, 85], [183, 158, 67])
1	0.8224038340164743	0.8272421321504028	([194, 36], [202, 194, 36])
1	0.5434449461837669	0.8277285873303152	([133, 50], [133, 124, 50])
1	0.8061863632267429	0.828127860291244	([288, 22], [264, 79, 22])
1	0.8140675741045421	0.8289120146836707	([272, 72], [272, 208, 72])
1	0.8198439117235483	0.829387224280605	([266, 34], [266, 102, 92])
1	0.821291333440003	0.8299974958855691	([127, 77], [129, 127, 77])
1	0.8177477231003005	0.8299974958855691	([258, 77], [258, 129, 77])
1	0.8212672747117229	0.8310467874350941	([262, 38], [262, 85, 38])
1	0.8283297760268454	0.8352185135974278	([306, 74], [306, 121, 74])
1	0.8212946390256245	0.8353597787018976	([270, 31], [270, 193, 31])
1	0.80743425841379	0.8363017547068078	([267, 87], [267, 148, 128])
1	0.8061402771124592	0.8373132890163953	([248, 86], [269, 248, 86])
1	0.8126734998495765	0.837494078363758	([276, 69], [276, 155, 62])
1	0.8216029974873498	0.8384143425913032	([241, 95], [241, 219, 174])
1	0.5045016396523445	0.8389708451014937	([274, 139], [285, 274, 159])
1	0.8248792176298282	0.8409748013094253	([209, 75], [271, 209, 75])
1	0.5506911641285646	0.840977503094333	([132, 22], [132, 54, 8])
1	0.8408096148602513	0.8409955589069481	([242, 10], [242, 237, 10])
1	0.6490798023166688	0.8446149538230031	([319, 1], [157, 138, 127])
1	0.8295572344204447	0.844780588781413	([227, 60], [227, 115, 60])
1	0.5349601007773873	0.8683382071284909	([128, 127], [296, 133, 125])
1	0.5557364961246558	0.8973171904256546	([279, 133], [295, 279, 133])
1	0.5234542944606174	0.8996527794792782	([296, 133], [224, 135, 58])
1	0.4891324264002735	0.9108396944464161	([158, 157], [285, 139, 127])
0	0.0	0.9735462310701954	([128], [132, 126])
0	0.0	0.9777338377862939	([41], [41, 40])
0	0.0	0.9806099832697707	([126], [57, 56])
0	0.0	1.0	([134], [134, 0])
0	0.0	1.0	([137], [137, 0])
0	0.0	inf	([56], [])
