0	0.0	0.047674921665183737	([134], [134, 122])
0	0.0	0.05632566480220166	([246], [246, 121])
0	0.0	0.22504983559269354	([407], [407, 406])
0	0.0	0.2359465788305953	([415], [415, 414])
0	0.0	0.2391251343723639	([332], [332, 331])
0	0.0	0.2397424170772476	([410], [410, 409])
0	0.0	0.2422436606514189	([297], [297, 296])
0	0.0	0.24311497664644804	([334], [334, 333])
0	0.0	0.2440244349543554	([393], [393, 392])
0	0.0	0.24511380233903377	([34], [34, 33])
0	0.0	0.2466184468738573	([167], [167, 166])
0	0.0	0.2479452726806867	([1], [1, 0])
0	0.0	0.2483835343069539	([294], [294, 293])
0	0.0	0.24863643876659824	([385], [385, 384])
0	0.0	0.2512421460360898	([323], [323, 322])
0	0.0	0.25164267183993116	([37], [37, 36])
0	0.0	0.25175341948314545	([306], [306, 305])
0	0.0	0.2523572209703565	([184], [184, 183])
0	0.0	0.2527627587924619	([398], [398, 397])
0	0.0	0.2563307760438846	([287], [287, 286])
0	0.0	0.2567997301639091	([77], [77, 76])
0	0.0	0.2576499166682151	([321], [321, 320])
0	0.0	0.25878018605632697	([292], [292, 291])
0	0.0	0.25889112052943913	([218], [218, 217])
0	0.0	0.2599423500731857	([23], [23, 22])
0	0.0	0.2602335320890478	([202], [202, 201])
0	0.0	0.2602621638219805	([248], [248, 247])
0	0.0	0.2609769501267897	([327], [327, 326])
0	0.0	0.26103710910528155	([409], [409, 408])
0	0.0	0.26131803404262877	([195], [195, 194])
0	0.0	0.2614835646090049	([314], [314, 313])
0	0.0	0.26160845245024256	([276], [276, 275])
0	0.0	0.26171056030878154	([352], [352, 351])
0	0.0	0.2618604944272641	([403], [403, 402])
0	0.0	0.2624270200043536	([345], [345, 344])
0	0.0	0.26283194710090657	([20], [20, 19])
0	0.0	0.2637757083884622	([209], [209, 208])
0	0.0	0.2642282977113885	([144], [144, 143])
0	0.0	0.2650888679069001	([147], [147, 146])
0	0.0	0.26598939153717316	([173], [173, 172])
0	0.0	0.2662922103058138	([377], [377, 376])
0	0.0	0.26649412109237514	([369], [369, 368])
0	0.0	0.26669927821989176	([404], [404, 403])
0	0.0	0.26675639602576107	([365], [365, 364])
0	0.0	0.26707357377925006	([170], [170, 169])
0	0.0	0.26715249285369913	([174], [174, 173])
0	0.0	0.2672735335522593	([24], [24, 23])
0	0.0	0.26739783291430036	([387], [387, 386])
0	0.0	0.26785253404897635	([414], [414, 413])
0	0.0	0.2678688791874693	([343], [343, 342])
0	0.0	0.2679023397571645	([149], [149, 148])
0	0.0	0.2679395301106919	([325], [325, 324])
0	0.0	0.268126645649386	([206], [206, 204])
0	0.0	0.26825547415730683	([368], [368, 367])
0	0.0	0.26864278222574084	([204], [206, 205])
0	0.0	0.2691494156392345	([316], [316, 315])
0	0.0	0.26930999182312365	([152], [152, 151])
0	0.0	0.2693431495503623	([389], [389, 388])
0	0.0	0.26995265082313236	([212], [212, 211])
0	0.0	0.27011265596535733	([150], [150, 149])
0	0.0	0.27033284627107657	([388], [388, 387])
0	0.0	0.27166435227253055	([304], [304, 303])
0	0.0	0.27228267987985333	([260], [260, 259])
0	0.0	0.27266050685606064	([163], [163, 162])
0	0.0	0.2729680176868205	([156], [156, 155])
0	0.0	0.2732904847340764	([383], [383, 382])
0	0.0	0.2733854449712892	([280], [280, 279])
0	0.0	0.27431994566493717	([401], [401, 400])
0	0.0	0.27436495659115245	([350], [350, 349])
0	0.0	0.2744595426487	([320], [320, 319])
0	0.0	0.27457667201621977	([370], [370, 369])
0	0.0	0.2754316827415782	([349], [349, 348])
0	0.0	0.2755234628278506	([185], [185, 183])
0	0.0	0.27552765654776573	([10], [10, 9])
0	0.0	0.2756141293925376	([281], [281, 280])
0	0.0	0.27613364892263065	([193], [193, 192])
0	0.0	0.2762212477482529	([378], [378, 377])
0	0.0	0.2762429467740666	([89], [89, 88])
0	0.0	0.2762974402082346	([290], [290, 289])
0	0.0	0.2767322887411936	([7], [7, 6])
0	0.0	0.2775414604566084	([166], [166, 165])
0	0.0	0.2778087387827273	([189], [189, 188])
0	0.0	0.27781831474515556	([16], [16, 15])
0	0.0	0.2781277509069789	([17], [17, 16])
0	0.0	0.2781893382775236	([40], [40, 39])
0	0.0	0.2782463530770529	([39], [39, 38])
0	0.0	0.27863280228922915	([30], [30, 29])
0	0.0	0.2788173542829728	([31], [31, 30])
0	0.0	0.27903964034914785	([231], [231, 230])
0	0.0	0.27904543304553164	([380], [380, 379])
0	0.0	0.27908220806764694	([318], [318, 317])
0	0.0	0.2792011598770183	([313], [313, 312])
0	0.0	0.27951739506169626	([153], [153, 152])
0	0.0	0.2800056149289527	([254], [254, 253])
0	0.0	0.28008324161379955	([210], [210, 209])
0	0.0	0.28026782023946323	([310], [310, 309])
0	0.0	0.28045397249052073	([251], [251, 250])
0	0.0	0.28076085634983855	([342], [342, 341])
0	0.0	0.2808215544907852	([158], [158, 157])
0	0.0	0.28112303612116274	([288], [288, 287])
0	0.0	0.28149093879380643	([87], [87, 86])
0	0.0	0.2816609905868986	([199], [199, 198])
0	0.0	0.2822352667680261	([386], [386, 385])
0	0.0	0.28234551067178404	([255], [255, 254])
0	0.0	0.282501107269029	([137], [137, 136])
0	0.0	0.28282209537348385	([4], [4, 3])
0	0.0	0.28331716362867715	([19], [19, 18])
0	0.0	0.28336090899519484	([217], [217, 216])
0	0.0	0.2835450593167099	([338], [338, 337])
0	0.0	0.2846522254797577	([72], [72, 71])
0	0.0	0.2848111674951082	([364], [364, 363])
0	0.0	0.284973042607266	([253], [253, 252])
0	0.0	0.28502184045484397	([413], [413, 412])
0	0.0	0.28511770280215676	([358], [358, 357])
0	0.0	0.2851490100767165	([399], [399, 398])
0	0.0	0.2854542827593918	([396], [396, 395])
0	0.0	0.2855601516591615	([244], [244, 243])
0	0.0	0.2856628365689306	([220], [220, 219])
0	0.0	0.2857809855280235	([211], [211, 210])
0	0.0	0.28586204439292556	([75], [75, 74])
0	0.0	0.2865969039408641	([273], [273, 272])
0	0.0	0.28678391920355006	([151], [151, 150])
0	0.0	0.28679734405998164	([180], [180, 179])
0	0.0	0.28701301506014637	([392], [392, 391])
0	0.0	0.2875189103237728	([11], [11, 10])
0	0.0	0.287840471897394	([236], [236, 235])
0	0.0	0.28797963438667973	([257], [257, 256])
0	0.0	0.2882242287618256	([8], [8, 7])
0	0.0	0.28837888096363856	([216], [216, 215])
0	0.0	0.2884553351851427	([302], [302, 301])
0	0.0	0.288498981913881	([197], [197, 196])
0	0.0	0.2885662942538968	([41], [41, 40])
0	0.0	0.28861983026756405	([98], [98, 97])
0	0.0	0.28871823551024195	([258], [258, 257])
0	0.0	0.2890148870570552	([101], [101, 100])
0	0.0	0.28980116134761824	([213], [213, 212])
0	0.0	0.2899196341975833	([240], [240, 239])
0	0.0	0.28999847971057346	([207], [207, 206])
0	0.0	0.2906858590112996	([249], [249, 248])
0	0.0	0.29077160052520545	([198], [198, 197])
0	0.0	0.29085421808381146	([26], [26, 25])
0	0.0	0.29114971040917914	([322], [322, 321])
0	0.0	0.2911929919008682	([6], [6, 5])
0	0.0	0.29166367423755507	([283], [283, 282])
0	0.0	0.2918064416433616	([390], [390, 389])
0	0.0	0.2918786307596293	([50], [50, 49])
0	0.0	0.29227178064731874	([214], [214, 213])
0	0.0	0.2934420091718227	([337], [337, 336])
0	0.0	0.2936745961695378	([328], [328, 327])
0	0.0	0.2936824945472178	([360], [360, 359])
0	0.0	0.29377603180540024	([336], [336, 335])
0	0.0	0.2939164853180094	([49], [49, 48])
0	0.0	0.29410442419768984	([168], [168, 167])
0	0.0	0.2948686031708928	([373], [373, 372])
0	0.0	0.294985981743085	([241], [241, 240])
0	0.0	0.29500605104241123	([208], [208, 207])
0	0.0	0.2950231740303092	([391], [391, 390])
0	0.0	0.29524405189954717	([35], [35, 34])
0	0.0	0.29559281916168845	([38], [38, 37])
0	0.0	0.2964375645629291	([22], [22, 21])
0	0.0	0.296971082172472	([282], [282, 281])
0	0.0	0.29747003012288764	([177], [177, 176])
0	0.0	0.2975548622825548	([175], [175, 174])
0	0.0	0.29756865640927055	([229], [229, 228])
0	0.0	0.2980542651001454	([250], [250, 249])
0	0.0	0.2983608531002964	([25], [25, 24])
0	0.0	0.29838104645377567	([63], [63, 62])
0	0.0	0.2986600290064235	([159], [159, 158])
0	0.0	0.2987472244076528	([226], [226, 225])
0	0.0	0.2987585029351359	([299], [299, 298])
0	0.0	0.2988211665221984	([411], [411, 410])
0	0.0	0.29909360018514497	([356], [356, 355])
0	0.0	0.29918865709852865	([347], [347, 346])
0	0.0	0.2992673211418283	([145], [145, 144])
0	0.0	0.2996233952446214	([33], [33, 32])
0	0.0	0.3000880137318887	([85], [85, 84])
0	0.0	0.3001936909889303	([225], [225, 224])
0	0.0	0.3001982884535232	([355], [355, 354])
0	0.0	0.3002004998622069	([91], [91, 90])
0	0.0	0.3006294999284732	([201], [201, 200])
0	0.0	0.30101251094372045	([43], [43, 42])
0	0.0	0.30114350734863043	([21], [21, 20])
0	0.0	0.3015484410161679	([242], [242, 241])
0	0.0	0.30179153115172974	([319], [319, 318])
0	0.0	0.30190875494400826	([88], [88, 87])
0	0.0	0.3024357764284793	([62], [62, 61])
0	0.0	0.3026916934655044	([52], [52, 51])
0	0.0	0.3026999278359525	([379], [379, 378])
0	0.0	0.30299615996782914	([64], [64, 63])
0	0.0	0.3032803388061775	([416], [416, 415])
0	0.0	0.3034876660272595	([223], [223, 222])
0	0.0	0.303629488518712	([3], [3, 2])
0	0.0	0.3038816320506316	([357], [357, 356])
0	0.0	0.30408258662472765	([47], [47, 46])
0	0.0	0.304712542168036	([262], [262, 261])
0	0.0	0.3051559527024339	([194], [194, 193])
0	0.0	0.30532689681025077	([344], [344, 343])
0	0.0	0.3054039951070963	([278], [278, 277])
0	0.0	0.3055173498478368	([181], [181, 180])
0	0.0	0.30583001657669107	([18], [18, 17])
0	0.0	0.3062063403848987	([374], [374, 373])
0	0.0	0.3062069226096172	([192], [192, 191])
0	0.0	0.30638942164871147	([70], [70, 69])
0	0.0	0.3064149340188841	([339], [339, 338])
0	0.0	0.3064617804710965	([408], [408, 407])
0	0.0	0.3065015844210044	([221], [221, 220])
0	0.0	0.30663457750022005	([239], [239, 238])
0	0.0	0.306686637321178	([46], [46, 45])
0	0.0	0.3072477590740693	([264], [264, 263])
0	0.0	0.3075241737662067	([14], [14, 13])
0	0.0	0.30785831674104114	([266], [266, 265])
0	0.0	0.30815427352053704	([271], [271, 270])
0	0.0	0.3092686247696715	([9], [9, 8])
0	0.0	0.3097138983133156	([215], [215, 214])
0	0.0	0.3097458564226559	([243], [243, 241])
0	0.0	0.30975083122617536	([27], [27, 26])
0	0.0	0.30981543160546504	([51], [51, 50])
0	0.0	0.3099968288869918	([73], [73, 72])
0	0.0	0.3100896973195139	([155], [155, 154])
0	0.0	0.3105066948604656	([245], [245, 244])
0	0.0	0.3105614184601612	([315], [315, 314])
0	0.0	0.31067878840049656	([169], [169, 168])
0	0.0	0.3109035378342077	([234], [234, 233])
0	0.0	0.3112612185800677	([59], [59, 58])
0	0.0	0.3122031282978376	([48], [48, 47])
0	0.0	0.31256876522908594	([301], [301, 300])
0	0.0	0.31268378239006694	([15], [15, 14])
0	0.0	0.31303517471682657	([375], [375, 374])
0	0.0	0.31332138205377663	([400], [400, 399])
0	0.0	0.3136344314865647	([187], [187, 186])
0	0.0	0.3137516120861961	([97], [97, 96])
0	0.0	0.3137859155298453	([111], [111, 110])
0	0.0	0.31383873300309706	([200], [200, 199])
0	0.0	0.3142353002181254	([36], [36, 35])
0	0.0	0.31436552230715364	([309], [309, 308])
0	0.0	0.31438247795918417	([268], [268, 267])
0	0.0	0.31447290039189757	([224], [224, 223])
0	0.0	0.314872333785562	([219], [219, 218])
0	0.0	0.31491903737710636	([381], [381, 380])
0	0.0	0.31499744125490664	([329], [329, 328])
0	0.0	0.31550546830019616	([406], [406, 405])
0	0.0	0.315648011594451	([341], [341, 340])
0	0.0	0.3158500511811372	([146], [146, 145])
0	0.0	0.3159455299853268	([13], [13, 12])
0	0.0	0.31645709181766957	([44], [44, 43])
0	0.0	0.3166377276575539	([346], [346, 345])
0	0.0	0.3175750432097947	([162], [162, 161])
0	0.0	0.31769205148249335	([105], [105, 104])
0	0.0	0.317870956905431	([90], [90, 89])
0	0.0	0.31826913425098985	([267], [267, 266])
0	0.0	0.3185958900749929	([340], [340, 339])
0	0.0	0.31899839914239536	([104], [104, 103])
0	0.0	0.31905172674624915	([376], [376, 375])
0	0.0	0.31914917577206786	([402], [402, 401])
0	0.0	0.31918264535259155	([256], [256, 255])
0	0.0	0.31926029041008236	([5], [5, 4])
0	0.0	0.3194031519206678	([272], [272, 271])
0	0.0	0.31955181222618834	([394], [394, 393])
0	0.0	0.31957552272037576	([12], [12, 11])
0	0.0	0.3195994935398076	([372], [372, 371])
0	0.0	0.31966388563221826	([335], [335, 334])
0	0.0	0.3198677470547056	([362], [362, 361])
0	0.0	0.32005354546310033	([171], [171, 170])
0	0.0	0.3202861424398046	([303], [303, 302])
0	0.0	0.3207452714549827	([286], [286, 285])
0	0.0	0.3208365983818052	([196], [196, 195])
0	0.0	0.3209553362787838	([141], [141, 140])
0	0.0	0.3210763815621739	([311], [311, 310])
0	0.0	0.3213412742277137	([252], [252, 251])
0	0.0	0.32136088700889387	([384], [384, 383])
0	0.0	0.3227639713984958	([397], [397, 396])
0	0.0	0.3233409753389576	([354], [354, 353])
0	0.0	0.3233597394277613	([285], [285, 284])
0	0.0	0.32349901699221445	([295], [295, 294])
0	0.0	0.32358406147919566	([2], [2, 0])
0	0.0	0.3236289732235004	([178], [178, 177])
0	0.0	0.324229084139382	([95], [95, 94])
0	0.0	0.3243226520027744	([67], [67, 66])
0	0.0	0.3243309834907281	([154], [154, 153])
0	0.0	0.3248932159243169	([235], [235, 234])
0	0.0	0.32493830335469054	([361], [361, 360])
0	0.0	0.32513030571179086	([261], [261, 260])
0	0.0	0.32521759853612714	([74], [74, 73])
0	0.0	0.32530277773946775	([330], [330, 329])
0	0.0	0.32552770680327825	([293], [293, 292])
0	0.0	0.32565127662065024	([129], [129, 119])
0	0.0	0.32586400439032437	([305], [305, 304])
0	0.0	0.3258901916558188	([179], [179, 178])
0	0.0	0.3272527454020613	([351], [351, 350])
0	0.0	0.32756003492716856	([66], [66, 65])
0	0.0	0.3280690107087491	([382], [382, 381])
0	0.0	0.3283827642022991	([289], [289, 288])
0	0.0	0.32868855217390947	([259], [259, 258])
0	0.0	0.32927455407586376	([99], [99, 98])
0	0.0	0.32934995452614013	([333], [333, 332])
0	0.0	0.3297714752196075	([405], [405, 404])
0	0.0	0.3298420646311107	([367], [367, 366])
0	0.0	0.33010801505117593	([291], [291, 290])
0	0.0	0.3302150155337545	([176], [176, 175])
0	0.0	0.3307399226940634	([263], [263, 262])
0	0.0	0.330790791094556	([284], [284, 283])
0	0.0	0.3308118923452528	([359], [359, 358])
0	0.0	0.33097615085645693	([363], [363, 362])
0	0.0	0.3321655215542889	([80], [80, 79])
0	0.0	0.3322491292534742	([138], [138, 137])
0	0.0	0.332591689026933	([29], [29, 28])
0	0.0	0.33334459826361396	([395], [395, 394])
0	0.0	0.3340265543834473	([274], [274, 273])
0	0.0	0.3341196069462798	([142], [142, 141])
0	0.0	0.33567943674427697	([100], [100, 99])
0	0.0	0.336238824714248	([45], [45, 44])
0	0.0	0.3363738202020356	([71], [71, 70])
0	0.0	0.33666474035847993	([86], [86, 85])
0	0.0	0.3368155741496673	([143], [143, 142])
0	0.0	0.33696862394004745	([42], [42, 41])
0	0.0	0.33770284211764984	([298], [298, 297])
0	0.0	0.3380070636441425	([222], [222, 221])
0	0.0	0.33869954692847365	([106], [106, 105])
0	0.0	0.3388120050711932	([308], [308, 307])
0	0.0	0.3389138059464818	([157], [157, 156])
0	0.0	0.3392123954015136	([312], [312, 311])
0	0.0	0.33950840771459456	([81], [81, 80])
0	0.0	0.3396258820359481	([107], [107, 106])
0	0.0	0.3401188693491386	([58], [59, 54])
0	0.0	0.3407087737200913	([300], [300, 299])
0	0.0	0.3414914151035222	([412], [412, 411])
0	0.0	0.342860384396526	([84], [84, 83])
0	0.0	0.34351869895252307	([277], [277, 276])
0	0.0	0.34380823102401403	([324], [324, 323])
0	0.0	0.34396068958800496	([203], [203, 202])
0	0.0	0.3443644708171009	([164], [164, 163])
0	0.0	0.34609287939024164	([103], [103, 102])
0	0.0	0.34833453329274927	([161], [161, 160])
0	0.0	0.3497308426805722	([28], [28, 27])
0	0.0	0.3507565247605899	([188], [188, 187])
0	0.0	0.3510851237146205	([148], [148, 147])
0	0.0	0.3515970781916495	([186], [186, 185])
0	0.0	0.35190202701049	([94], [94, 93])
0	0.0	0.35222029737444627	([279], [279, 278])
0	0.0	0.3525658259321522	([230], [231, 229])
0	0.0	0.35294677907562433	([32], [32, 31])
0	0.0	0.35336090795227454	([160], [160, 159])
0	0.0	0.35497413490218	([237], [237, 236])
0	0.0	0.35525128570202386	([296], [296, 295])
0	0.0	0.35577732308418686	([366], [366, 363])
0	0.0	0.35677122310187537	([227], [227, 226])
0	0.0	0.35785122679979053	([317], [317, 316])
0	0.0	0.3584866737691375	([172], [172, 171])
1	0.3552094849203017	0.35897730660156113	([330, 326], [330, 329, 326])
0	0.0	0.360896798430221	([348], [348, 347])
0	0.0	0.36270770921592443	([65], [65, 64])
0	0.0	0.363735910466972	([205], [204, 203])
0	0.0	0.36432250072656336	([307], [307, 306])
0	0.0	0.3647602268850042	([265], [265, 264])
0	0.0	0.3651828171599637	([275], [275, 274])
0	0.0	0.3660761635659441	([61], [61, 60])
0	0.0	0.3687574499184287	([238], [238, 236])
0	0.0	0.3712995718617151	([92], [92, 91])
0	0.0	0.37398584086506503	([270], [270, 268])
0	0.0	0.3744807322791167	([93], [93, 91])
0	0.0	0.37604382517560925	([371], [371, 370])
0	0.0	0.3813549041835348	([76], [76, 75])
0	0.0	0.3863900055037993	([165], [165, 164])
0	0.0	0.38673854949924136	([182], [182, 180])
0	0.0	0.3870988347926191	([228], [228, 227])
0	0.0	0.3883803168557177	([140], [141, 138])
0	0.0	0.3886486453198239	([79], [79, 78])
0	0.0	0.39424807707089266	([326], [326, 325])
0	0.0	0.39512600557182925	([69], [70, 66])
0	0.0	0.396708146883289	([183], [183, 182])
0	0.0	0.39704065194464244	([331], [331, 330])
0	0.0	0.3980608115764582	([60], [60, 59])
0	0.0	0.40082866618016155	([139], [139, 138])
1	0.40094468596067906	0.4028852223185097	([140, 139], [141, 140, 138])
0	0.0	0.4035555244432512	([115], [115, 109])
0	0.0	0.40620940342267536	([116], [116, 55])
0	0.0	0.4077124964428976	([78], [78, 76])
0	0.0	0.41079078176314093	([353], [353, 352])
0	0.0	0.4119442458558578	([54], [54, 53])
0	0.0	0.41433964700470965	([55], [116, 56])
0	0.0	0.4159309391786344	([109], [115, 113])
0	0.0	0.4175798843520497	([269], [269, 268])
0	0.0	0.4224885792840333	([135], [135, 119])
0	0.0	0.4243848360939632	([102], [103, 101])
0	0.0	0.4270975795691678	([247], [247, 245])
0	0.0	0.4286447379940725	([110], [110, 108])
0	0.0	0.43312208243873607	([132], [132, 112])
0	0.0	0.43411333147544096	([53], [53, 52])
0	0.0	0.4361122162760242	([133], [133, 126])
0	0.0	0.43630126599815905	([83], [83, 81])
0	0.0	0.4379059011355063	([126], [133, 132])
0	0.0	0.4408827306805149	([82], [82, 81])
0	0.0	0.44100297095639285	([113], [109, 108])
0	0.0	0.44331254932986325	([0], [58, 57])
0	0.0	0.44332639345618785	([108], [108, 107])
0	0.0	0.4438125154199122	([112], [133, 116])
0	0.0	0.4478443464562113	([56], [126, 68])
0	0.0	0.4490264292217021	([191], [191, 188])
0	0.0	0.45479103554987016	([96], [115, 56])
0	0.0	0.4601466434805798	([130], [130, 82])
0	0.0	0.46524368318824944	([57], [69, 68])
1	0.45975295234176755	0.47488269839490904	([102, 100], [104, 102, 100])
0	0.0	0.47754381787629635	([233], [234, 231])
1	0.4740833546643957	0.47953205925187237	([361, 354], [361, 358, 354])
1	0.47816838086015134	0.4796125108635228	([55, 54], [115, 56, 55])
1	0.46343282001202507	0.4796125108635228	([115, 55], [116, 56, 55])
0	0.0	0.48502903048681556	([136], [136, 135])
1	0.46146569438267293	0.4874555750031954	([111, 107], [111, 110, 108])
0	0.0	0.4942174727938293	([119], [139, 132])
1	0.4905788875422118	0.5456670484801561	([113, 112], [115, 113, 109])
0	0.0	0.5505733661162692	([232], [232, 227])
1	0.5281729053585423	0.5533189278314258	([181, 175], [182, 181, 175])
1	0.5219275525302379	0.5556270178692713	([108, 103], [108, 107, 106])
1	0.5332513111024121	0.5755708240678463	([233, 229], [234, 233, 229])
1	0.5718233273054536	0.6020247048816384	([78, 63], [78, 75, 64])
1	0.5054554236263427	0.6041291973986894	([115, 53], [115, 55, 53])
1	0.569382440988314	0.6106623124866909	([101, 92], [101, 97, 96])
1	0.6039043056726846	0.6118979188146355	([137, 107], [137, 135, 107])
1	0.6177953602962751	0.6179634172794415	([175, 162], [175, 170, 162])
1	0.5691605723152656	0.6205678293937279	([92, 78], [93, 86, 79])
1	0.6171719472349184	0.6257985868884758	([27, 17], [27, 26, 17])
1	0.6334524404868008	0.6396362893151057	([97, 88], [97, 94, 88])
1	0.5516603692004787	0.6398260458386477	([237, 232], [234, 232, 229])
1	0.6362298223893175	0.6419683440878703	([375, 232], [375, 371, 370])
1	0.6150626412238879	0.6429261583007738	([107, 93], [107, 99, 95])
1	0.6434546075204653	0.6468360544081132	([59, 47], [59, 51, 49])
1	0.6227076165124054	0.6489304339857647	([220, 212], [220, 216, 213])
1	0.6194217436416785	0.6498402277483364	([336, 322], [336, 331, 322])
1	0.6127417151256529	0.6499532701242419	([113, 58], [135, 113, 58])
1	0.5965495785206584	0.6506345335350829	([111, 54], [135, 111, 54])
1	0.6535850465958243	0.6566230185470239	([106, 59], [106, 92, 53])
1	0.6468839372826828	0.6572830815833031	([136, 105], [137, 136, 105])
1	0.6541922399834742	0.6602754714350091	([173, 158], [173, 170, 158])
1	0.60988200014364	0.662885336858774	([136, 92], [137, 106, 105])
1	0.6050222933312706	0.6632815771371761	([180, 163], [180, 176, 163])
1	0.6626886055972206	0.6646783016651352	([13, 0], [13, 8, 0])
1	0.6599636817109029	0.6663089331492907	([141, 129], [141, 139, 129])
1	0.6049287388759073	0.6677735980247155	([92, 53], [108, 106, 53])
1	0.650170743644303	0.6695116528373063	([189, 161], [189, 177, 168])
1	0.6584932412512201	0.6700275816384326	([321, 302], [321, 312, 302])
1	0.5845177543876906	0.670252848265919	([135, 57], [92, 78, 63])
1	0.6676897435224902	0.6711102674246734	([77, 51], [77, 63, 62])
1	0.6463311452020716	0.6724787118174164	([139, 102], [139, 129, 108])
1	0.66940295085221	0.6753945705309989	([363, 342], [363, 353, 347])
1	0.6215174908948012	0.6775967463033997	([102, 91], [102, 98, 96])
1	0.6175365321777523	0.6777245563999197	([318, 300], [318, 310, 307])
1	0.6712018241570927	0.6781643275276427	([145, 102], [145, 142, 139])
1	0.6674318008142436	0.6800269614531679	([365, 341], [365, 363, 338])
1	0.6791286679229819	0.6805240323594438	([33, 13], [33, 24, 13])
1	0.6746138038157876	0.6820356111948946	([399, 379], [399, 391, 387])
1	0.6472938949173597	0.6824461377816273	([31, 15], [31, 22, 16])
1	0.657132907724257	0.6845674398563172	([80, 60], [80, 75, 67])
1	0.6738650593421183	0.6847832184710779	([295, 256], [295, 284, 282])
1	0.6647767326616298	0.6848548430178543	([101, 60], [104, 102, 80])
1	0.687312334922565	0.6883691267931229	([216, 194], [216, 210, 199])
1	0.684573621942422	0.6885292254166437	([26, 8], [26, 17, 8])
1	0.6477789177708654	0.6902643592746998	([102, 80], [107, 101, 60])
1	0.4888935731406765	0.6906161092183644	([96, 95], [115, 109, 56])
1	0.6758729217333415	0.6914407120465226	([101, 83], [101, 92, 87])
1	0.6482569119579086	0.6924351148817465	([102, 58], [106, 102, 54])
1	0.6653900426771274	0.6948024684480537	([103, 73], [108, 103, 62])
1	0.690011536404918	0.6953287652544952	([67, 46], [67, 60, 51])
1	0.6438159222890463	0.6960928259016762	([102, 42], [102, 54, 52])
1	0.6742430499366027	0.6966263469144304	([95, 48], [95, 89, 41])
1	0.6769372157586757	0.6982469143636564	([107, 81], [107, 76, 65])
1	0.6672577064206643	0.6985542414016426	([100, 75], [100, 83, 78])
1	0.6663661929825867	0.699924138050287	([102, 68], [102, 69, 68])
1	0.6774308254576644	0.7015806625385181	([47, 30], [47, 38, 25])
1	0.7018735033448157	0.7035644334328555	([179, 159], [179, 165, 161])
1	0.6880670270438896	0.7037579802304348	([289, 253], [290, 289, 254])
1	0.6845676878251359	0.7037852317109712	([140, 104], [140, 104, 78])
1	0.6598798929367974	0.704021212402044	([213, 192], [213, 212, 192])
1	0.6992441200805808	0.7043321148940169	([158, 95], [158, 150, 142])
1	0.7002353448714549	0.7043321148940169	([162, 142], [162, 158, 142])
1	0.7038823019281488	0.7043465410445308	([183, 160], [183, 171, 165])
1	0.682532587503927	0.7045270411852169	([102, 25], [102, 42, 32])
1	0.6885752073007418	0.7048318743096827	([191, 173], [191, 184, 173])
1	0.679848961534128	0.7059346355924657	([140, 78], [142, 140, 104])
1	0.6856904100841149	0.7093194670675352	([408, 378], [408, 406, 378])
1	0.6870570246791778	0.7094615081986141	([79, 47], [79, 62, 61])
1	0.6558910759220956	0.7094615081986141	([103, 79], [103, 79, 62])
1	0.7002974237694782	0.7095222275819356	([323, 298], [323, 310, 298])
1	0.6984597866649249	0.7121050851422882	([405, 380], [405, 390, 381])
1	0.703782787064331	0.7121654554159331	([401, 374], [401, 391, 379])
1	0.6739545140992507	0.712212024159136	([89, 41], [102, 99, 46])
1	0.7102561257611552	0.7125911763980868	([90, 38], [102, 90, 80])
1	0.7073150211289971	0.7126258809233056	([249, 230], [249, 243, 230])
1	0.7062429794021289	0.7126432776328002	([194, 145], [194, 156, 145])
1	0.7126303515462481	0.712675043934192	([177, 154], [177, 171, 154])
1	0.6723635387218916	0.7130963014968248	([290, 254], [290, 280, 277])
1	0.6730757535815983	0.7132543308334773	([413, 2], [415, 413, 1])
1	0.7069968376314273	0.7136164924731365	([214, 187], [215, 214, 195])
1	0.6948736149620873	0.7137991149155137	([238, 214], [238, 226, 215])
1	0.7073763036182837	0.7139174015814101	([298, 255], [318, 300, 298])
1	0.6749753257365393	0.714417664993335	([413, 383], [413, 408, 383])
1	0.700438299260794	0.7147205159133856	([318, 255], [298, 294, 255])
1	0.6828579224069556	0.7154986047291718	([237, 148], [237, 232, 160])
1	0.6502580240946736	0.7160788183770225	([160, 102], [160, 156, 102])
1	0.6989605639972983	0.7163825429391596	([253, 227], [253, 245, 237])
1	0.6567177153199655	0.7163825429391596	([255, 237], [255, 253, 237])
1	0.7153690872933905	0.7168934485041488	([83, 35], [83, 43, 41])
1	0.678185332718766	0.7171399198763303	([16, 2], [15, 11, 3])
1	0.676036522706336	0.7172647351518013	([252, 102], [294, 255, 102])
1	0.6897044144413346	0.7172871720786367	([95, 69], [100, 95, 69])
1	0.6950694787951172	0.7174393106587137	([200, 177], [200, 195, 177])
1	0.7170638735760748	0.7177639336415634	([415, 398], [415, 408, 405])
1	0.6870711370918834	0.718064676641358	([215, 195], [214, 206, 201])
1	0.6798501355516174	0.7192373048208439	([165, 149], [173, 165, 149])
1	0.7096646788870239	0.7199648709639004	([52, 34], [52, 46, 34])
1	0.676846836356061	0.7201598008983108	([203, 182], [203, 198, 182])
1	0.6916190686029687	0.7205747272327216	([184, 153], [184, 182, 153])
1	0.6875837352209972	0.7209649386689486	([244, 217], [244, 231, 217])
1	0.721022555598785	0.7215465467829911	([358, 336], [358, 344, 341])
1	0.6756581792604317	0.7217553228514368	([181, 157], [181, 158, 157])
1	0.65048626199998	0.7217553228514368	([181, 148], [181, 170, 158])
1	0.47545891972155074	0.7227940666036887	([132, 55], [132, 112, 55])
1	0.7211234296059571	0.7229688747855918	([238, 153], [253, 238, 230])
1	0.6458403970589802	0.7230916296676971	([92, 2], [92, 9, 2])
1	0.7240667785184034	0.7240744657886955	([236, 216], [239, 236, 216])
1	0.7173411343295577	0.7248479447915889	([284, 252], [285, 284, 253])
1	0.7127781397105839	0.7249718629214384	([244, 191], [244, 237, 231])
1	0.7183567272000697	0.7250830028878272	([96, 4], [96, 92, 2])
1	0.6828506481649044	0.7252154544745093	([160, 93], [160, 146, 142])
1	0.6392769595675102	0.726239902288807	([108, 94], [108, 102, 101])
1	0.7009817906686531	0.7263709101495178	([237, 191], [224, 214, 189])
1	0.712771161983884	0.7263709101495178	([222, 189], [224, 222, 189])
1	0.7201866125435605	0.726433014013325	([398, 372], [398, 383, 372])
1	0.7165628524135752	0.7268438351211388	([178, 141], [178, 162, 161])
1	0.696782963371356	0.7278253226418715	([291, 251], [291, 284, 252])
1	0.7071426625086504	0.7278318340836657	([385, 371], [385, 379, 377])
1	0.7167188464918628	0.7285685679030709	([152, 83], [160, 152, 93])
1	0.7092487730054374	0.7288368533933964	([231, 136], [231, 227, 135])
1	0.7276349710213893	0.7291680399496157	([34, 1], [34, 11, 5])
1	0.7013410486590612	0.7294723983993553	([194, 156], [194, 187, 156])
1	0.7217942404161397	0.7295147728257133	([211, 188], [211, 198, 195])
1	0.696809270713164	0.7301252418238471	([245, 102], [252, 245, 244])
1	0.7234845005962189	0.7302945133694044	([45, 6], [45, 40, 6])
1	0.6959932888822277	0.7303093941431829	([83, 43], [93, 89, 41])
1	0.725420215984756	0.7304097347866886	([251, 218], [251, 236, 230])
1	0.7210413439000953	0.7306817591502475	([227, 151], [253, 227, 153])
1	0.7017596701328814	0.7308027168708845	([164, 140], [164, 162, 140])
1	0.7264057901253824	0.7310614503652556	([214, 176], [214, 187, 181])
1	0.7145084533916045	0.7326962929452878	([302, 275], [302, 294, 275])
1	0.7101973122921237	0.7327387541120152	([139, 49], [140, 100, 78])
1	0.7275583318512165	0.7340242541400174	([84, 59], [84, 66, 59])
1	0.6819028632256389	0.7342352416256698	([181, 46], [181, 83, 67])
1	0.7071093052429676	0.7344880323056266	([231, 97], [231, 101, 97])
1	0.7009773441201645	0.7344880323056266	([231, 60], [231, 136, 101])
1	0.6982744406642137	0.7345056036348521	([93, 7], [93, 78, 24])
1	0.7222018284839556	0.7349752788289304	([153, 90], [153, 143, 96])
1	0.6492179142869001	0.7352840620408869	([182, 144], [182, 181, 144])
1	0.7100544878637146	0.7353922387160632	([373, 324], [363, 347, 324])
1	0.7318554936994555	0.7357218000643639	([219, 148], [237, 233, 148])
1	0.7150227505792602	0.7357975710447255	([359, 334], [359, 342, 334])
1	0.7116590615541956	0.735927963708752	([143, 91], [160, 143, 96])
1	0.7225715987835072	0.7359648383435106	([192, 174], [192, 184, 174])
1	0.7191039022687635	0.7360064205965713	([81, 36], [81, 80, 42])
1	0.7298481441198053	0.737512520592065	([146, 106], [146, 141, 106])
1	0.7120544103334384	0.7376592366818947	([212, 153], [212, 193, 192])
1	0.7284430319050846	0.7379224777746958	([410, 382], [410, 401, 374])
1	0.7349825420625637	0.7382428546091595	([211, 93], [211, 195, 93])
1	0.7004357846867261	0.7382428546091595	([186, 79], [222, 195, 93])
1	0.7006610505491209	0.7391965244049805	([245, 225], [245, 238, 233])
1	0.7332571251742268	0.7395004948476923	([181, 97], [181, 97, 84])
1	0.7156548494650629	0.7397167291588069	([414, 375], [414, 410, 375])
1	0.7369382177455844	0.7398643414368025	([208, 7], [211, 208, 93])
1	0.6996806017823949	0.7399287317919468	([226, 198], [226, 215, 195])
1	0.7062613253010188	0.7401820724959557	([217, 182], [217, 207, 197])
1	0.6793043555686741	0.7406272465856306	([143, 41], [143, 91, 41])
1	0.7202213687841548	0.7420180465175334	([181, 136], [181, 149, 136])
1	0.6761660851518874	0.7421590973664621	([228, 93], [186, 143, 142])
1	0.6626331744841633	0.7421590973664621	([186, 143], [186, 161, 142])
1	0.7108363018093113	0.7421590973664621	([191, 142], [191, 186, 142])
1	0.7371258284640626	0.7424594511714607	([216, 136], [231, 217, 136])
1	0.6963308492659336	0.742507981966575	([180, 137], [180, 164, 140])
1	0.6797727243583893	0.7427019131126196	([78, 14], [93, 41, 33])
1	0.7319761609947842	0.7427628057603097	([201, 154], [201, 181, 177])
1	0.7426872547398524	0.7432986629729192	([331, 303], [331, 321, 317])
1	0.7393596257712393	0.7433213924670685	([329, 296], [329, 323, 296])
1	0.7382994113372421	0.743929835624676	([299, 238], [299, 289, 238])
1	0.7236598570603413	0.7439730821376048	([319, 252], [319, 290, 289])
1	0.7114326062563258	0.7445796852065765	([138, 60], [138, 108, 101])
1	0.7437660313878697	0.744585352276956	([192, 143], [192, 182, 143])
1	0.7349201549958552	0.7453248836220709	([48, 2], [101, 50, 2])
1	0.7091507440839221	0.7454443877935076	([379, 324], [379, 377, 324])
1	0.6928020506464727	0.746125170070069	([241, 93], [241, 223, 93])
1	0.7226597333134076	0.7464268594644042	([260, 58], [260, 255, 102])
1	0.7409061812989709	0.7464640878564027	([402, 181], [404, 390, 181])
1	0.7367163087239953	0.7466346847661394	([259, 111], [259, 255, 102])
1	0.717524889406732	0.7466603067010431	([197, 159], [197, 182, 157])
1	0.7374328666048773	0.7467211542541009	([202, 78], [216, 202, 78])
1	0.7221905888897853	0.7476718207446018	([254, 234], [254, 244, 238])
1	0.7331993934068396	0.7482289806652529	([299, 93], [299, 238, 93])
1	0.6978794128769829	0.7484462080547742	([78, 0], [96, 79, 64])
1	0.7450231626000466	0.7489590032395959	([375, 93], [383, 382, 93])
1	0.7296886981725701	0.7489789560835111	([43, 3], [43, 40, 6])
1	0.7452862695664549	0.7500137315944888	([227, 196], [230, 227, 196])
1	0.7338792120786819	0.7500234207305575	([205, 173], [205, 187, 173])
1	0.7357543276070553	0.7504433748619944	([209, 147], [209, 184, 147])
1	0.7362462537776419	0.7505833043804626	([252, 221], [252, 250, 221])
1	0.5841476131257989	0.750880389477467	([232, 164], [219, 215, 145])
1	0.7352926915628208	0.750883464096028	([45, 22], [45, 41, 22])
1	0.7399480969088666	0.750883464096028	([143, 22], [143, 41, 22])
1	0.7467304902312607	0.7517055083223678	([148, 110], [148, 142, 138])
1	0.7302197356028919	0.7517105996605074	([320, 291], [320, 306, 291])
1	0.7393758272889219	0.7523101755982919	([189, 138], [189, 152, 148])
1	0.7469139421864228	0.7523332470264266	([322, 293], [322, 312, 311])
1	0.7421031842862736	0.7525198522654224	([295, 245], [295, 292, 245])
1	0.7204142246940671	0.7534175536799612	([305, 280], [308, 296, 294])
1	0.7080015366441507	0.7538169974534289	([216, 170], [216, 170, 136])
1	0.7118873080533525	0.7539594014100017	([253, 153], [227, 196, 184])
1	0.7465838035201544	0.7546573826896132	([235, 188], [235, 224, 213])
1	0.7423789161148395	0.7548512838489378	([147, 21], [189, 148, 147])
1	0.743113572143252	0.7550574038045692	([237, 104], [237, 231, 104])
1	0.7260359300293161	0.7562398734568007	([144, 105], [144, 141, 110])
1	0.6899249994196939	0.7563106532884069	([59, 0], [78, 63, 0])
1	0.7277415987700058	0.7563473693938185	([88, 23], [88, 23, 8])
1	0.7407243009099342	0.75655349350672	([339, 237], [361, 354, 237])
1	0.6288936173674902	0.7568785991099685	([92, 12], [48, 17, 14])
1	0.7247332682700194	0.7569009128786808	([84, 29], [84, 79, 29])
1	0.7497094256662724	0.7569030622261793	([145, 87], [145, 102, 91])
1	0.6234187955791912	0.7572836598327232	([416, 381], [416, 414, 381])
1	0.7527038985053643	0.757335372058868	([222, 37], [222, 37, 23])
1	0.7561948954662705	0.7576546497482172	([325, 181], [325, 297, 289])
1	0.7504779378857219	0.7577446192283455	([289, 181], [289, 277, 181])
1	0.7539892539345935	0.7579724647910276	([303, 257], [303, 290, 276])
1	0.689938854633656	0.7586301647301078	([189, 96], [138, 103, 101])
1	0.7451817618243588	0.7587383611882335	([400, 370], [400, 391, 370])
1	0.7497043932298635	0.7590275030791341	([326, 237], [339, 326, 319])
1	0.7545432866013633	0.7591627602633343	([222, 143], [222, 143, 23])
1	0.7570759439818652	0.7595022302928973	([187, 101], [187, 163, 136])
1	0.7362131758594109	0.7596309939450486	([204, 176], [207, 204, 176])
1	0.752731133690801	0.7598825051532588	([254, 78], [254, 238, 93])
1	0.7503651129192543	0.7598977131954989	([249, 197], [249, 233, 230])
1	0.7372872009155649	0.7600036621770471	([85, 32], [96, 85, 32])
1	0.7552747785861528	0.7601236985916053	([407, 220], [407, 385, 220])
1	0.7203137998450776	0.7602058362883756	([189, 16], [160, 138, 16])
1	0.7057751491876404	0.7602058362883756	([181, 16], [169, 160, 16])
1	0.7553617315074884	0.7602778293938705	([174, 110], [174, 160, 138])
1	0.7171943608292812	0.7603527837114871	([400, 0], [400, 383, 377])
1	0.7366642267906212	0.7605563710189702	([212, 144], [212, 153, 151])
1	0.738140135988585	0.7611736379696195	([267, 231], [267, 262, 135])
1	0.7332131263681808	0.7618406778494344	([300, 227], [306, 300, 231])
1	0.698705297003805	0.7621440751927023	([227, 135], [210, 202, 160])
1	0.7511678370461145	0.7624466699878919	([311, 260], [311, 290, 276])
1	0.7625291353313366	0.7625865232234244	([324, 14], [379, 324, 1])
1	0.7309407379863049	0.7625871405018033	([94, 19], [94, 90, 11])
1	0.7393518945791919	0.7626225999411682	([218, 171], [218, 199, 171])
1	0.7505524466950914	0.762761107462362	([325, 256], [325, 309, 297])
1	0.7421913443736244	0.7629525681865826	([225, 155], [231, 225, 160])
1	0.7621103344035781	0.7631322738487595	([382, 194], [382, 228, 227])
1	0.7282542313161048	0.7632019145134639	([90, 11], [95, 94, 19])
1	0.7236804215916386	0.7633871169129869	([178, 78], [178, 158, 79])
1	0.7580108649384479	0.7639233216898338	([371, 312], [371, 337, 325])
1	0.7596594813858593	0.7641697802969366	([150, 89], [150, 143, 89])
1	0.7597875304118976	0.7642276129451521	([338, 253], [338, 324, 295])
1	0.7452945740069854	0.7642276129451521	([337, 299], [338, 337, 295])
1	0.6415561874448755	0.765258289618229	([92, 28], [95, 42, 41])
1	0.7230083563271948	0.7653137264106608	([88, 8], [88, 85, 32])
1	0.7494035324157716	0.7658223334687235	([312, 216], [312, 249, 216])
1	0.73754686646333	0.7659157445969516	([216, 186], [218, 216, 186])
1	0.7573269067729238	0.7659654619889591	([255, 152], [255, 250, 150])
1	0.7476322831734832	0.7661466502669769	([255, 181], [277, 237, 236])
1	0.7515353758768796	0.7661783272046795	([67, 19], [84, 79, 19])
1	0.7380830369837854	0.7661917689608579	([222, 23], [222, 186, 143])
1	0.7524853914615052	0.7664123963036962	([160, 47], [160, 145, 102])
1	0.6931635489349602	0.767091661854158	([58, 15], [58, 45, 44])
1	0.75927258349466	0.7673317405876207	([365, 310], [345, 339, 310])
1	0.7341175686281324	0.7674007822452095	([180, 95], [180, 158, 149])
1	0.7642237216918827	0.7674128706356619	([301, 244], [312, 301, 244])
1	0.7361500691712576	0.767728216469167	([145, 47], [189, 145, 138])
1	0.7222037198822701	0.7678778302687231	([234, 206], [234, 224, 205])
1	0.7436040625797687	0.7680044128410063	([216, 91], [227, 216, 194])
1	0.757893938468072	0.7680421367442496	([374, 291], [374, 371, 287])
1	0.7637696717654604	0.7681901948943376	([234, 171], [237, 234, 158])
1	0.7615077752968431	0.7682570923173667	([411, 146], [411, 403, 392])
1	0.6651872516138239	0.7683305472097741	([262, 135], [312, 275, 267])
1	0.7219089784803874	0.7685947762260632	([374, 102], [374, 299, 287])
1	0.7317124007718794	0.7686052653641386	([384, 319], [384, 372, 371])
1	0.6201040807743491	0.7686358262346353	([232, 203], [237, 232, 203])
1	0.5596206619672817	0.768647908177933	([181, 83], [181, 136, 67])
1	0.7685317005578781	0.7690396685652237	([346, 314], [346, 329, 328])
1	0.7289497747594569	0.7690408472580922	([325, 102], [325, 293, 289])
1	0.7559441974874582	0.7690754584503031	([146, 86], [158, 146, 79])
1	0.711093594852095	0.7690754584503031	([227, 79], [227, 146, 79])
1	0.7379565735130058	0.7691764991215674	([408, 9], [409, 408, 25])
1	0.7580098399115445	0.7692785320798601	([410, 239], [410, 382, 227])
1	0.7658324121284968	0.7693152926842375	([373, 216], [373, 232, 227])
1	0.7318007247470549	0.7693152926842375	([361, 237], [373, 361, 227])
1	0.7367999668206859	0.7693152926842375	([383, 93], [382, 373, 227])
1	0.7692035891506237	0.7693270997464128	([103, 35], [103, 35, 14])
1	0.7677195603767213	0.7694258643485624	([334, 285], [334, 322, 294])
1	0.7362802185356198	0.7696087971256933	([345, 102], [370, 345, 335])
1	0.7582834247084365	0.7697281753793189	([370, 297], [370, 299, 297])
1	0.7521515042641739	0.7701380689329659	([163, 94], [163, 142, 136])
1	0.7247568506512009	0.7704480031166275	([408, 192], [408, 377, 194])
1	0.765587562718855	0.7708167330754666	([165, 52], [165, 141, 137])
1	0.7691766162818797	0.7711242483718194	([344, 276], [344, 331, 303])
1	0.7469327769484956	0.7714720444332144	([356, 316], [356, 344, 316])
1	0.7669730619430781	0.7714723592452699	([170, 72], [170, 136, 104])
1	0.6575344861390762	0.7715956885048991	([395, 232], [395, 374, 373])
1	0.7606556340218779	0.7717134111301028	([379, 1], [324, 231, 14])
1	0.7700213024200928	0.7719186317376149	([374, 323], [374, 323, 291])
1	0.6333973071111294	0.7721404482270929	([324, 231], [306, 294, 248])
1	0.7295435163275572	0.7722026682226506	([376, 180], [376, 366, 95])
1	0.7592591726934254	0.7723571597414551	([215, 83], [228, 221, 83])
1	0.7657217688682109	0.7724035107383478	([154, 84], [154, 143, 84])
1	0.7037564800518187	0.7731517140967707	([214, 102], [245, 214, 201])
1	0.7208277666764429	0.7732471092319496	([54, 31], [54, 39, 38])
1	0.7407488760040164	0.7734519770561249	([312, 226], [312, 231, 223])
1	0.7526524442209781	0.7739254185031541	([166, 135], [231, 166, 160])
1	0.7737816653117133	0.7739708978688937	([254, 199], [254, 211, 199])
1	0.7620587590055831	0.7743768170558379	([140, 29], [140, 48, 38])
1	0.7423959787767682	0.7748929824755004	([230, 177], [230, 196, 178])
1	0.7455845776083199	0.7750089358748432	([386, 328], [386, 375, 340])
1	0.7532129385444287	0.7754605168265332	([401, 191], [401, 380, 374])
1	0.7400448459619249	0.7754787198645245	([385, 222], [410, 407, 227])
1	0.6182683945427783	0.7755041440968353	([371, 232], [339, 338, 253])
1	0.7739932120387734	0.7757128250602745	([298, 153], [298, 255, 253])
1	0.7704387861804178	0.775777175902183	([328, 227], [361, 325, 227])
1	0.721269613437843	0.7759152841951303	([215, 103], [215, 137, 103])
1	0.7266016142056071	0.7763997404902404	([354, 306], [354, 340, 295])
1	0.7761779431753607	0.7765002107282801	([323, 200], [323, 214, 208])
1	0.7632471447631002	0.7768835598176015	([145, 9], [145, 47, 1])
1	0.7681315934585023	0.7768854750436218	([214, 35], [214, 103, 102])
1	0.6585620101024977	0.7768854750436218	([299, 102], [214, 153, 103])
1	0.7762369838005033	0.7769447382640498	([398, 237], [398, 379, 374])
1	0.7421789105348874	0.7771051287836627	([176, 59], [176, 59, 52])
1	0.7397862947107274	0.7771299980240746	([352, 305], [352, 339, 305])
1	0.7564532068382821	0.7774416654133748	([153, 109], [153, 109, 103])
1	0.7631726803753319	0.7774933900131744	([364, 284], [370, 364, 284])
1	0.7504157149118447	0.777570333224043	([151, 35], [151, 145, 35])
1	0.7751994811989789	0.7779947929325811	([194, 38], [194, 38, 15])
1	0.7200912675946993	0.7780493097201517	([336, 284], [336, 318, 297])
1	0.7652467911821482	0.7782118848322745	([392, 327], [392, 341, 327])
1	0.7425353867434867	0.778265046424495	([286, 129], [280, 255, 107])
1	0.7332542670838856	0.7782834418556512	([375, 253], [375, 253, 252])
1	0.7508802346433331	0.7788549833981091	([378, 289], [378, 289, 239])
1	0.7072846881442655	0.7790012013925443	([197, 102], [197, 162, 153])
1	0.7732828347101902	0.7792507320604685	([70, 23], [70, 49, 23])
1	0.778238109618333	0.7796895824323978	([292, 143], [292, 212, 153])
1	0.7575278633064577	0.7796895824323978	([292, 212], [298, 292, 153])
1	0.7788744939278761	0.7798057363039331	([263, 136], [263, 262, 59])
1	0.7458565627186308	0.7799856161564587	([172, 93], [172, 161, 108])
1	0.7790182464293588	0.7803366229949991	([362, 317], [362, 337, 327])
1	0.734387431056537	0.7803439928431518	([74, 15], [74, 58, 49])
1	0.760617623028225	0.7805024913677922	([397, 6], [415, 397, 6])
1	0.7575546034944325	0.78163477699672	([217, 98], [217, 98, 37])
1	0.771104640451199	0.7819412522282633	([171, 25], [171, 140, 29])
1	0.7805380464490655	0.782312474949303	([406, 240], [406, 377, 240])
1	0.7767154135390194	0.7824002485454828	([384, 345], [384, 345, 338])
1	0.7815029736584493	0.7826308815188255	([251, 169], [251, 169, 138])
1	0.7791223228511086	0.7827969209053777	([198, 42], [198, 153, 143])
1	0.7487001088336984	0.7835073034975933	([411, 325], [411, 369, 365])
1	0.7750911207611746	0.7835481679338985	([194, 8], [194, 145, 87])
1	0.7577208281547406	0.7837631002766546	([248, 137], [248, 220, 195])
1	0.758356154689461	0.7837722001301387	([403, 146], [411, 231, 161])
1	0.7604246075664239	0.7839007477557335	([223, 146], [223, 209, 146])
1	0.7692612908812368	0.7840575895178817	([361, 287], [361, 325, 287])
1	0.7606021133279484	0.7842045936420491	([241, 141], [250, 241, 225])
1	0.7598679284668072	0.7842052991766597	([340, 243], [340, 295, 245])
1	0.7737147989346072	0.7843485883244334	([323, 214], [376, 323, 200])
1	0.7653247659160203	0.7847902375304736	([210, 89], [210, 186, 40])
1	0.7534860572745833	0.785039286238437	([218, 9], [218, 145, 95])
1	0.7786545609186157	0.7851472989084662	([402, 339], [402, 339, 334])
1	0.7846818714121762	0.7852321899226192	([233, 80], [233, 148, 137])
1	0.7162406098897036	0.7853761406063878	([411, 231], [411, 375, 220])
1	0.776838883436091	0.7860078111962134	([289, 219], [289, 250, 238])
1	0.7734701838174459	0.7862371318000068	([247, 152], [247, 220, 143])
1	0.7225377582064831	0.7863066229880388	([300, 150], [300, 227, 147])
1	0.727931671118183	0.7865542553517818	([409, 25], [415, 408, 6])
1	0.7854321066667167	0.7867669800379494	([207, 97], [231, 207, 160])
1	0.7634530628118462	0.786787610149013	([395, 335], [395, 392, 335])
1	0.7490230437776735	0.7867960940287893	([250, 150], [240, 222, 217])
1	0.7722903648464957	0.7869472707149184	([285, 141], [285, 252, 141])
1	0.7782824674093348	0.7877583679724325	([174, 10], [174, 145, 138])
1	0.785264010661788	0.7878087325920162	([151, 72], [151, 145, 72])
1	0.7770405243567948	0.7879699089233729	([149, 64], [149, 96, 64])
1	0.7409809447146153	0.7879699089233729	([149, 4], [149, 96, 88])
1	0.7848371531460216	0.7879735235598835	([316, 268], [316, 293, 262])
1	0.7835285350969133	0.7882253020235752	([172, 42], [198, 172, 166])
1	0.7840055010945743	0.7883836579530861	([225, 44], [233, 225, 44])
1	0.7137345501224591	0.7888568705737506	([379, 237], [379, 367, 361])
1	0.7863380339815662	0.7889050764590197	([301, 195], [301, 244, 231])
1	0.7003292079652738	0.7889834823742524	([227, 91], [227, 91, 84])
1	0.7817476319987469	0.7890021804578832	([336, 236], [336, 284, 237])
1	0.7482594477321443	0.789064818823172	([203, 15], [203, 182, 15])
1	0.7851663733499838	0.7897889594950446	([111, 5], [111, 59, 5])
1	0.7702137437621345	0.7898342539537428	([105, 21], [105, 94, 82])
1	0.787122924592622	0.7899124272137499	([264, 54], [264, 136, 54])
1	0.7444038770898966	0.7899398932933921	([368, 286], [368, 354, 286])
1	0.7867447759923923	0.7904541934077709	([216, 6], [216, 45, 16])
1	0.751198554529338	0.7904541934077709	([216, 16], [216, 78, 45])
1	0.7498363003374635	0.7904541934077709	([227, 45], [227, 216, 45])
1	0.7535983841307025	0.7904629786579415	([380, 209], [380, 147, 142])
1	0.7247387627461377	0.7904629786579415	([380, 191], [380, 191, 142])
1	0.7877843362160007	0.7904629786579415	([340, 142], [380, 340, 142])
1	0.7886232163752853	0.7904629786579415	([384, 142], [384, 380, 142])
1	0.780262097714998	0.790655771823219	([368, 241], [368, 286, 247])
1	0.7789677423773169	0.790655771823219	([377, 247], [377, 368, 247])
1	0.7774397217012748	0.7908964001083446	([320, 185], [374, 320, 196])
1	0.7663310857980647	0.7910813009761181	([380, 13], [380, 93, 7])
1	0.663336490512019	0.7910813009761181	([415, 1], [411, 380, 7])
1	0.7816763605460049	0.7911433497786382	([401, 331], [401, 383, 319])
1	0.7364296985413871	0.7911612545275066	([291, 220], [291, 255, 220])
1	0.7741032407061942	0.7916463019422189	([406, 193], [406, 240, 211])
1	0.7583659260525168	0.7919655738496642	([183, 61], [183, 153, 96])
1	0.7561795761992846	0.792162692841325	([296, 182], [297, 237, 191])
1	0.7264305117305999	0.7926298205860431	([413, 221], [408, 213, 192])
1	0.7437541185486561	0.7926521059179199	([272, 110], [272, 262, 135])
1	0.7596615852029995	0.7926521718839707	([237, 17], [237, 160, 17])
1	0.7864680301334578	0.7927125556673612	([349, 271], [349, 343, 311])
1	0.7726281503145019	0.7927434295120651	([258, 109], [258, 110, 109])
1	0.7678325432301354	0.7927434295120651	([258, 104], [258, 253, 110])
1	0.7573204483370916	0.7927434295120651	([230, 110], [272, 258, 110])
1	0.7870307667060945	0.7931768057428766	([196, 111], [196, 150, 141])
1	0.7894991987570191	0.7932459877574841	([290, 95], [305, 290, 95])
1	0.717233606777212	0.7932459877574841	([366, 95], [372, 305, 95])
1	0.7399810734405396	0.7935779100877163	([388, 181], [402, 385, 376])
1	0.771354442658445	0.7939497314979093	([378, 212], [408, 378, 213])
1	0.7567615211619647	0.7944156976581649	([311, 202], [311, 256, 251])
1	0.7662027175442733	0.794841795715202	([152, 38], [152, 140, 93])
1	0.7567591674311235	0.794852577939586	([212, 36], [212, 87, 81])
1	0.7827723083845367	0.794852577939586	([192, 81], [212, 192, 81])
1	0.7887603738973777	0.7953526154910147	([159, 51], [163, 159, 51])
1	0.7639866623896292	0.7957227773804907	([155, 67], [155, 152, 50])
1	0.7819413942427043	0.7958896624690206	([299, 205], [299, 238, 205])
1	0.7865905122727486	0.7959720189899797	([337, 83], [337, 252, 221])
1	0.7722026222303491	0.7960506043041403	([179, 43], [179, 159, 43])
1	0.7610455280726437	0.796269972780692	([391, 210], [391, 379, 210])
1	0.7756798741511534	0.7963264245873325	([396, 223], [389, 386, 223])
1	0.735501911444879	0.7964917401129332	([61, 20], [61, 48, 26])
1	0.769636157718539	0.796681457685538	([251, 138], [251, 145, 138])
1	0.7731892504409797	0.7968435619983535	([180, 24], [180, 163, 24])
1	0.7735422623649865	0.7968881827108916	([299, 149], [299, 160, 149])
1	0.7932683480377878	0.7970798594389578	([254, 108], [256, 254, 108])
1	0.7391863360173689	0.7972046521614083	([318, 143], [319, 252, 143])
1	0.7921659453193584	0.7972532195398402	([376, 233], [383, 376, 255])
1	0.7590699746246296	0.7973266451978083	([369, 202], [379, 369, 202])
1	0.7901218243287117	0.7974254060877395	([259, 0], [259, 254, 108])
1	0.7900790885707616	0.7974900620290509	([380, 314], [380, 370, 314])
1	0.7887702225570334	0.7976111020673464	([233, 11], [233, 90, 44])
1	0.7850289057231761	0.7976269166592574	([352, 266], [352, 345, 266])
1	0.6534136166823423	0.7977086797912033	([405, 92], [405, 371, 370])
1	0.7931986579927768	0.7977979706988659	([408, 312], [408, 312, 192])
1	0.7712504530009576	0.7981002360422789	([384, 247], [384, 299, 238])
1	0.7769765164005422	0.798164440820364	([395, 317], [395, 383, 317])
1	0.7834015758084774	0.7981648004041477	([372, 77], [372, 318, 103])
1	0.7858939981712931	0.7983693323175248	([413, 81], [413, 81, 78])
1	0.7933500587201514	0.7983947362267012	([146, 34], [183, 146, 34])
1	0.7702936439339074	0.7985014438447232	([374, 211], [374, 211, 160])
1	0.7815967091925605	0.7985064995495704	([348, 304], [348, 344, 308])
1	0.7951050534416408	0.7986848665832008	([387, 219], [387, 379, 219])
1	0.7832152507242999	0.7986871972756452	([284, 207], [284, 255, 207])
1	0.7989582710153952	0.7990278454179011	([357, 297], [357, 346, 314])
1	0.7619825031975577	0.799135911075925	([392, 25], [408, 399, 25])
1	0.7817636339976088	0.7995357604049049	([196, 90], [196, 111, 78])
1	0.7318165577534935	0.799540099271443	([410, 8], [413, 410, 8])
1	0.7934588950176455	0.7998068269750022	([379, 37], [379, 37, 5])
1	0.7956091647819616	0.8000764759965426	([148, 6], [148, 78, 6])
1	0.7945202340553467	0.8000764759965426	([188, 6], [188, 78, 6])
1	0.783308281322003	0.8001099383655164	([345, 272], [345, 344, 272])
1	0.745728014052932	0.8001705758201513	([182, 39], [192, 182, 39])
1	0.7808026527564929	0.8003186863593552	([235, 33], [235, 203, 15])
1	0.7992522981833934	0.8003714828946135	([158, 7], [208, 158, 95])
1	0.7683480356628472	0.8005862175894205	([391, 278], [391, 289, 278])
1	0.7522802709370288	0.8006436401100261	([390, 330], [390, 330, 244])
1	0.7476725119934794	0.8006535718404886	([110, 28], [110, 50, 28])
1	0.7923588583898664	0.8008206388803759	([366, 273], [366, 337, 273])
1	0.7989875211012346	0.8008607592741521	([316, 142], [380, 314, 142])
1	0.7774090436869067	0.8011116703503249	([200, 50], [200, 141, 50])
1	0.7975984718310616	0.8011596975385881	([387, 235], [387, 379, 235])
1	0.7802540058941209	0.8012999790998745	([383, 230], [383, 370, 230])
1	0.7807063251170684	0.8019853474307631	([303, 189], [313, 300, 180])
1	0.790925099375912	0.8020906857971992	([170, 33], [170, 146, 33])
1	0.7833688851934308	0.8021974301711448	([157, 11], [163, 157, 11])
1	0.7457161161229428	0.8021974301711448	([191, 11], [191, 163, 11])
1	0.7520098425735032	0.8023924812328896	([176, 8], [182, 153, 15])
1	0.7817014771577132	0.8027492617230987	([288, 146], [299, 288, 146])
1	0.772221342579039	0.8027732538476475	([400, 242], [400, 381, 242])
1	0.7982252414713714	0.8027766456984848	([408, 151], [408, 192, 151])
1	0.79743255962712	0.8028331676465991	([321, 219], [321, 320, 219])
1	0.8025543995302016	0.8028760393302096	([301, 159], [301, 195, 177])
1	0.7971266831321935	0.8028760393302096	([276, 177], [301, 276, 177])
1	0.7775732245166947	0.8029653053352366	([403, 322], [403, 394, 322])
1	0.7762632862676577	0.8031234972478315	([161, 44], [161, 108, 49])
1	0.7816226514856258	0.8031677899398677	([199, 22], [199, 180, 24])
1	0.7872201126945898	0.8034723896952649	([241, 12], [241, 200, 12])
1	0.7508877033154626	0.8034951560981491	([413, 189], [413, 189, 2])
1	0.7951337263301522	0.8036659943909056	([329, 178], [329, 301, 231])
1	0.7987550939187739	0.803680303236663	([305, 165], [312, 305, 165])
1	0.7892991088656336	0.803703333148315	([320, 241], [320, 247, 241])
1	0.7387213282465557	0.803703333148315	([320, 159], [320, 286, 247])
1	0.7747839065767449	0.8040663573139689	([72, 31], [72, 41, 28])
1	0.7921124381125254	0.8041492281439413	([365, 215], [365, 310, 244])
1	0.795605381203584	0.8044808012381199	([184, 107], [191, 184, 107])
1	0.7762503024568619	0.8046460843586637	([311, 179], [311, 202, 179])
1	0.7778192177573905	0.8052747692781187	([332, 153], [332, 239, 231])
1	0.8019760751580484	0.8056094644025386	([392, 298], [392, 372, 298])
1	0.7982974692082143	0.8058909995654397	([285, 77], [285, 141, 77])
1	0.7778006837893296	0.8059416610753917	([394, 188], [403, 394, 188])
1	0.8005598056312759	0.8059554026475536	([302, 176], [302, 290, 176])
1	0.7988546302109897	0.8066393094863832	([296, 145], [296, 182, 159])
1	0.7964811433638452	0.8068971965732972	([205, 112], [266, 260, 112])
1	0.7651969832098289	0.8070974293911822	([249, 165], [249, 202, 165])
1	0.8062934091901586	0.8073099167002578	([209, 5], [209, 179, 147])
1	0.7654480225516099	0.8077312503763221	([281, 230], [283, 281, 230])
1	0.8077106839337791	0.8078144073016318	([396, 310], [396, 392, 298])
1	0.806019382401103	0.8078580995255652	([195, 30], [222, 195, 37])
1	0.799202977680517	0.8081233347262253	([260, 153], [260, 235, 153])
1	0.7496283071312427	0.8083562142070175	([144, 0], [144, 78, 33])
1	0.7673581193999669	0.8084179006484149	([156, 34], [156, 147, 27])
1	0.7962952771239251	0.8089119450712485	([406, 143], [406, 216, 194])
1	0.7505512084017502	0.8092378639932033	([193, 0], [193, 158, 78])
1	0.790329306071748	0.8092754208769406	([284, 59], [284, 259, 59])
1	0.7819397392336271	0.8093187055367425	([400, 19], [400, 222, 21])
1	0.7801416136572784	0.809404910225609	([264, 93], [264, 255, 241])
1	0.7879191752017354	0.8095568752947218	([204, 43], [204, 195, 43])
1	0.8068403598117376	0.8096922327745689	([388, 292], [388, 382, 292])
1	0.7868567536153581	0.8098220498139941	([310, 83], [337, 310, 295])
1	0.7705939191019789	0.8105690708907156	([352, 252], [352, 347, 252])
1	0.7671669583771543	0.8106247170298433	([306, 84], [306, 104, 95])
1	0.7818022822251303	0.8106247170298433	([306, 110], [306, 110, 104])
1	0.7995073277287886	0.8107052183146085	([409, 198], [409, 213, 198])
1	0.7842208108770179	0.8108335289236933	([391, 36], [391, 220, 210])
1	0.8092488267162142	0.811073351226078	([193, 113], [193, 142, 113])
1	0.7754560305445195	0.8111828988284117	([247, 17], [247, 224, 17])
1	0.808133469366916	0.811335902429025	([291, 96], [291, 138, 96])
1	0.7972294050164769	0.8113992784211221	([335, 108], [349, 335, 108])
1	0.8056807207252581	0.8113992784211221	([358, 108], [358, 349, 108])
1	0.7965028272066251	0.8114328391491934	([206, 113], [206, 151, 113])
1	0.7689340818153453	0.8115271039845554	([323, 28], [323, 209, 200])
1	0.8073035447826934	0.8115271039845554	([304, 209], [323, 304, 209])
1	0.7740455925859318	0.811758251011762	([412, 323], [412, 323, 22])
1	0.7512447536679684	0.8120288327293147	([205, 19], [205, 204, 19])
1	0.731942787016366	0.8120437610822219	([376, 83], [376, 180, 83])
1	0.797990917156022	0.8121919327696123	([148, 19], [148, 145, 19])
1	0.8115935068501806	0.8123351413836786	([223, 19], [223, 89, 19])
1	0.812019177003775	0.8123428648929709	([248, 42], [248, 247, 42])
1	0.8064115425752145	0.8123636058679367	([242, 4], [242, 217, 28])
1	0.8070174253257053	0.8124419266990345	([383, 197], [383, 319, 197])
1	0.7831053395309795	0.8125517916640513	([372, 178], [372, 320, 196])
1	0.8124274563303714	0.8134830895662817	([295, 163], [295, 231, 178])
1	0.8096396400156233	0.8134962849004865	([255, 29], [255, 104, 29])
1	0.7942275213881782	0.813574551451612	([355, 280], [355, 349, 273])
1	0.7561684939943881	0.8137485018033692	([250, 172], [250, 220, 172])
1	0.7874019170609471	0.8138360588962458	([404, 199], [404, 388, 199])
1	0.8103985474617836	0.813912947079956	([389, 308], [389, 323, 308])
1	0.8007817165563799	0.8139899168854117	([300, 90], [300, 147, 90])
1	0.8133380648735794	0.8141390933273056	([236, 30], [236, 146, 135])
1	0.7997286515196107	0.8145104734535399	([234, 5], [234, 209, 196])
1	0.7673105625508087	0.814551702511845	([348, 263], [348, 304, 265])
1	0.7720950926176807	0.8148047984018824	([333, 242], [333, 323, 242])
1	0.6604361354322889	0.8148344759156998	([416, 361], [416, 412, 361])
1	0.7982086991493641	0.8148492977263802	([389, 352], [389, 366, 352])
1	0.8084045275879447	0.8152642610535779	([385, 169], [385, 220, 197])
1	0.7918677457058328	0.815528593374594	([298, 80], [298, 153, 81])
1	0.8126779576275985	0.8157490447266637	([328, 170], [369, 328, 170])
1	0.7386342795516125	0.8157635920541689	([283, 16], [283, 248, 16])
1	0.7993085442908967	0.8161427604365956	([322, 201], [327, 225, 201])
1	0.7933079529079671	0.8163704390486051	([293, 173], [293, 211, 173])
1	0.785392068896664	0.8164130416074802	([384, 27], [384, 108, 30])
1	0.7818771679004487	0.8167038174442035	([373, 26], [373, 188, 160])
1	0.7820753807262651	0.8167765051397872	([389, 108], [393, 27, 11])
1	0.7979902716595919	0.8168198651510066	([383, 164], [383, 164, 90])
1	0.7962825159891308	0.81690433218903	([330, 140], [330, 295, 140])
1	0.8096797866267931	0.816921254472637	([383, 39], [383, 375, 39])
1	0.781144210613849	0.8171194445114565	([235, 99], [235, 99, 15])
1	0.7922870325087634	0.817140152070988	([179, 5], [234, 227, 5])
1	0.8094986464970173	0.8173049991660334	([413, 238], [413, 238, 217])
1	0.8117329385542287	0.81735552691151	([382, 166], [382, 373, 166])
1	0.7636034750633524	0.8173688901842109	([266, 205], [205, 136, 112])
1	0.8023317104562713	0.8182688239868328	([268, 167], [296, 268, 252])
1	0.8149991294660671	0.8191364599994914	([396, 178], [396, 382, 78])
1	0.7805969298418418	0.8193631566108514	([252, 63], [252, 228, 93])
1	0.8073677429659364	0.8193902740986256	([319, 175], [328, 319, 175])
1	0.7783525641104838	0.8203996900284661	([311, 51], [311, 83, 47])
1	0.810086193657545	0.8206977507822898	([272, 222], [272, 255, 222])
1	0.8115624799165627	0.8209694704602817	([415, 91], [415, 409, 91])
1	0.6458122862712001	0.8210073255564664	([416, 222], [416, 381, 222])
1	0.7929579260320714	0.8211893899757243	([337, 64], [337, 83, 78])
1	0.817043318016907	0.8215308082140225	([329, 107], [329, 316, 231])
1	0.8097186405632137	0.8216132292714966	([302, 111], [302, 159, 78])
1	0.7984052170884148	0.8217461674762379	([313, 109], [313, 231, 135])
1	0.8195734106156556	0.8221176368113695	([273, 224], [275, 273, 216])
1	0.7236603087780705	0.8221463972709446	([277, 137], [289, 277, 137])
1	0.8013231051645169	0.8222120494119968	([318, 32], [318, 103, 47])
1	0.8123240400155586	0.8222992295162843	([302, 4], [408, 302, 4])
1	0.800966928869807	0.8228332373307765	([381, 205], [381, 212, 205])
1	0.8199697066329521	0.8230425773118126	([396, 257], [396, 257, 16])
1	0.8163255543334762	0.8232072465049068	([334, 171], [334, 181, 178])
1	0.8158169589338149	0.8245244256953118	([284, 34], [284, 135, 31])
1	0.8116965572485828	0.824755438699706	([243, 48], [243, 144, 143])
1	0.7947091856440441	0.8251160304814368	([271, 48], [271, 111, 59])
1	0.8019213710970623	0.8251558011491428	([257, 175], [257, 254, 136])
1	0.8080417955062931	0.8251832973035289	([229, 34], [229, 183, 153])
1	0.7941249852061856	0.8252446163159886	([249, 103], [249, 103, 46])
1	0.7884727722258432	0.8253734972442073	([295, 42], [295, 247, 152])
1	0.8206525259154248	0.8261134096248178	([320, 6], [320, 94, 6])
1	0.7378183706505429	0.8263531817914986	([301, 25], [301, 234, 25])
1	0.8221897503208753	0.8264137748853386	([399, 97], [409, 399, 97])
1	0.8013065216524119	0.8265557216799553	([381, 63], [381, 84, 63])
1	0.7419769070268284	0.8268494317737868	([404, 137], [407, 377, 137])
1	0.8112136376111293	0.826964892650126	([280, 73], [280, 107, 106])
1	0.808133705243456	0.8275291282172612	([326, 270], [326, 290, 283])
1	0.7673173190093793	0.8278163848395262	([392, 189], [392, 189, 2])
1	0.8074588381661341	0.8283741480669335	([412, 149], [412, 153, 149])
1	0.8117774159431472	0.8287086261485105	([326, 96], [326, 307, 99])
1	0.8086227273443319	0.8288009561206482	([220, 67], [235, 220, 67])
1	0.7953891327580489	0.828903395506104	([214, 4], [214, 141, 4])
1	0.660163871370278	0.8289455222018615	([329, 92], [329, 294, 278])
1	0.8226378802683101	0.82899372257201	([394, 88], [394, 88, 15])
1	0.808810139402272	0.830188152434037	([354, 149], [354, 286, 149])
1	0.8201374011842341	0.8302711377271564	([339, 27], [393, 339, 251])
1	0.8063837230997896	0.8305924730339935	([369, 76], [374, 369, 40])
1	0.7974771432396053	0.8310157067216668	([409, 256], [409, 256, 217])
1	0.8296970307420604	0.8311645044437542	([317, 67], [371, 317, 67])
1	0.8268183471476693	0.8318440112913627	([288, 70], [288, 281, 80])
1	0.8024948364618252	0.8318440112913627	([281, 80], [298, 288, 80])
1	0.8209082148351957	0.8319608986851994	([322, 167], [414, 322, 239])
1	0.8085797657660201	0.8319608986851994	([414, 304], [414, 322, 304])
1	0.7839476220914787	0.8320282923721669	([207, 109], [207, 110, 109])
1	0.8302669026151072	0.8324266919428122	([365, 8], [408, 365, 8])
1	0.8305063168869338	0.8324612920066097	([371, 44], [371, 200, 193])
1	0.8298118915787601	0.8326391521182519	([335, 218], [335, 254, 221])
1	0.559042203497394	0.8328475992213343	([135, 133], [133, 132, 112])
1	0.8072084895675014	0.8339884536359922	([400, 141], [400, 141, 21])
1	0.7689909969638169	0.8341610814352163	([356, 181], [356, 277, 262])
1	0.7980810105796535	0.8344369746122746	([384, 276], [384, 299, 276])
1	0.8245661212381832	0.8344886306028443	([395, 140], [395, 145, 140])
1	0.7802951338107358	0.8351145909303217	([326, 184], [326, 184, 79])
1	0.8321152440758985	0.8356838615213821	([315, 30], [315, 292, 16])
1	0.4725798084186434	0.836461937858013	([112, 111], [133, 116, 56])
1	0.8292341698003388	0.8372323075252595	([286, 69], [286, 149, 88])
1	0.8084586608007509	0.8373412500994993	([168, 13], [168, 152, 13])
1	0.817442490416333	0.8373845923085114	([269, 189], [297, 269, 254])
1	0.8096359524035488	0.8382746349019594	([358, 218], [358, 342, 218])
1	0.817172584165368	0.8386344926065563	([328, 54], [328, 137, 54])
1	0.801483153039374	0.8389326769210919	([277, 13], [277, 237, 13])
1	0.8320802265096189	0.8389582636699366	([385, 104], [385, 241, 104])
1	0.8233430871386278	0.8392293357138656	([338, 146], [413, 338, 146])
1	0.8294075378162978	0.8392927565339559	([273, 163], [273, 260, 163])
1	0.8300737129521336	0.8396178811889915	([336, 157], [336, 250, 233])
1	0.8395296704382306	0.839828033337028	([307, 172], [307, 172, 155])
1	0.8389399467282722	0.8398582218261542	([352, 69], [352, 351, 69])
1	0.8273961741763932	0.8402428168991678	([333, 12], [333, 150, 89])
1	0.8204650170138259	0.8402428168991678	([333, 150], [365, 333, 89])
1	0.8036947845117289	0.8404770524091676	([333, 69], [333, 324, 69])
1	0.8321553288006209	0.8405505143568065	([300, 9], [300, 141, 9])
1	0.6980585538306286	0.8407760395526301	([180, 129], [180, 137, 135])
1	0.8372824582381114	0.8411946121843744	([363, 154], [363, 227, 203])
1	0.6448252610079723	0.8414428035585858	([371, 92], [376, 371, 2])
1	0.8417137267943192	0.8425351011738931	([403, 48], [403, 375, 48])
1	0.6354095532693963	0.8426948082410304	([245, 92], [245, 92, 10])
1	0.8185344151191917	0.847220818866082	([322, 106], [322, 106, 94])
1	0.7795557156888046	0.8472941246404915	([337, 113], [337, 281, 253])
1	0.6570941784303452	0.8501624530515746	([278, 92], [371, 329, 296])
1	0.6524241765612482	0.8506215073670237	([308, 92], [329, 308, 231])
1	0.844172889658257	0.8508858341699678	([362, 162], [362, 297, 162])
1	0.8469655095840637	0.8514993269763693	([259, 212], [259, 247, 207])
1	0.7999807609669061	0.852107223452972	([312, 17], [312, 216, 17])
1	0.841011344662916	0.8526014305758741	([345, 82], [345, 321, 82])
1	0.8189472361020954	0.8534603287259602	([344, 191], [374, 344, 320])
1	0.8346052184599457	0.857955660813376	([273, 42], [273, 216, 42])
1	0.8467076231488528	0.8607065756218291	([348, 75], [348, 263, 110])
1	0.8174392415165156	0.8638262834846107	([299, 15], [311, 299, 15])
1	0.8393230262166924	0.8653041916466722	([329, 74], [329, 293, 74])
1	0.4696585831171239	0.8824495289354928	([56, 54], [133, 126, 68])
1	0.5264932166430926	0.8869817518787662	([129, 108], [139, 132, 112])
1	0.47101347720787157	0.9026915958027034	([130, 57], [130, 83, 81])
1	0.4944449240618053	0.9065812991169734	([269, 130], [269, 130, 57])
0	0.0	0.9115781475895806	([122], [134, 121])
0	0.0	0.9368015695574435	([121], [246, 245])
1	0.6766614318376357	0.9426238716024032	([416, 263], [416, 361, 263])
1	0.9995431386107368	0.9999622364154005	([134, 132], [246, 135, 134])
0	0.0	1.0	([114], [114, 0])
0	0.0	1.0	([117], [117, 0])
0	0.0	1.0	([118], [118, 0])
0	0.0	1.0	([120], [120, 0])
0	0.0	1.0	([123], [123, 0])
0	0.0	1.0	([124], [124, 0])
0	0.0	1.0	([125], [125, 0])
0	0.0	1.0	([127], [127, 0])
0	0.0	1.0	([128], [128, 0])
0	0.0	1.0	([131], [131, 0])
0	0.0	1.0	([190], [190, 0])
0	0.0	inf	([68], [])
