0	0.0	0.21900189130131778	([368], [368, 367])
0	0.0	0.2249695783925505	([302], [302, 301])
0	0.0	0.22511186934834557	([452], [452, 451])
0	0.0	0.22722935039257558	([157], [157, 156])
0	0.0	0.22741581709960648	([418], [418, 417])
0	0.0	0.2276338363176022	([384], [384, 383])
0	0.0	0.2293714615151357	([338], [338, 337])
0	0.0	0.2299912494383273	([280], [280, 279])
0	0.0	0.23092276143756307	([264], [264, 263])
0	0.0	0.2316130003476723	([170], [170, 169])
0	0.0	0.2324334785759668	([146], [146, 145])
0	0.0	0.23299746084350142	([466], [466, 465])
0	0.0	0.23301969827816646	([449], [449, 448])
0	0.0	0.23353559887933625	([427], [427, 426])
0	0.0	0.23537753547265894	([314], [314, 313])
0	0.0	0.23550504756382507	([128], [128, 127])
0	0.0	0.2359193899332767	([20], [20, 19])
0	0.0	0.23613091186254465	([136], [136, 135])
0	0.0	0.23626619967982584	([396], [396, 395])
0	0.0	0.23719700078956357	([460], [460, 459])
0	0.0	0.2380760595005357	([409], [409, 408])
0	0.0	0.23831596262541271	([392], [392, 391])
0	0.0	0.23862719075047895	([68], [68, 67])
0	0.0	0.2388213166386666	([366], [366, 365])
0	0.0	0.23900154714094718	([425], [425, 424])
0	0.0	0.23937748559621472	([370], [370, 369])
0	0.0	0.23942901833914912	([166], [166, 165])
0	0.0	0.23947214282512114	([141], [141, 140])
0	0.0	0.2395935320984035	([442], [442, 441])
0	0.0	0.23966867987026888	([291], [291, 290])
0	0.0	0.23994471683999677	([417], [417, 416])
0	0.0	0.23999507569818893	([476], [476, 475])
0	0.0	0.24004834253533885	([414], [414, 413])
0	0.0	0.2401703145201003	([106], [106, 105])
0	0.0	0.2406137003769426	([422], [422, 421])
0	0.0	0.2411271887612497	([127], [127, 126])
0	0.0	0.24133060312515411	([118], [118, 117])
0	0.0	0.2415569121387034	([296], [296, 295])
0	0.0	0.24226709251787285	([464], [464, 463])
0	0.0	0.24244337575934885	([479], [479, 478])
0	0.0	0.24255693404076425	([52], [52, 51])
0	0.0	0.24266545252544863	([454], [454, 453])
0	0.0	0.2432565999710172	([310], [310, 309])
0	0.0	0.24382825374228892	([204], [204, 203])
0	0.0	0.24397805947584458	([143], [143, 142])
0	0.0	0.24402306157436712	([342], [342, 341])
0	0.0	0.24433697330653478	([304], [304, 303])
0	0.0	0.2443462067718475	([116], [116, 115])
0	0.0	0.2445852007552401	([475], [475, 474])
0	0.0	0.24463192349630605	([428], [428, 427])
0	0.0	0.2446642774096643	([224], [224, 223])
0	0.0	0.24468592156565713	([96], [96, 95])
0	0.0	0.24491902166044524	([163], [163, 162])
0	0.0	0.2455166037203258	([407], [407, 406])
0	0.0	0.2457702590399136	([14], [14, 13])
0	0.0	0.2457938877724385	([411], [411, 410])
0	0.0	0.2459238490885361	([256], [256, 255])
0	0.0	0.2460538629907393	([450], [450, 449])
0	0.0	0.24631798309280012	([178], [178, 177])
0	0.0	0.24641935471059723	([58], [58, 57])
0	0.0	0.24650398215514485	([474], [474, 473])
0	0.0	0.24656960113937876	([208], [208, 207])
0	0.0	0.24659707357096336	([61], [61, 60])
0	0.0	0.24684445854133383	([478], [478, 477])
0	0.0	0.2468503860626003	([448], [448, 447])
0	0.0	0.24689496052056312	([292], [292, 291])
0	0.0	0.24711470219581658	([463], [463, 462])
0	0.0	0.24713401730855428	([401], [401, 400])
0	0.0	0.24718531881341416	([405], [405, 404])
0	0.0	0.24755127839465454	([148], [148, 147])
0	0.0	0.24763483040526027	([17], [17, 16])
0	0.0	0.24776390002040796	([453], [453, 452])
0	0.0	0.24784602459918276	([447], [447, 446])
0	0.0	0.24817861828601345	([318], [318, 317])
0	0.0	0.2482399145939505	([134], [134, 132])
0	0.0	0.2484506461093192	([175], [175, 174])
0	0.0	0.24859406261819994	([132], [134, 133])
0	0.0	0.24885462394171934	([155], [155, 154])
0	0.0	0.24891932164427336	([389], [389, 388])
0	0.0	0.24916711192529636	([421], [421, 420])
0	0.0	0.24935648294760474	([285], [285, 284])
0	0.0	0.24961249261106577	([71], [71, 70])
0	0.0	0.2496895724014951	([462], [462, 461])
0	0.0	0.24974926272098882	([88], [88, 87])
0	0.0	0.24998559537346704	([471], [471, 470])
0	0.0	0.2500102861420652	([403], [403, 402])
0	0.0	0.25012302689591615	([265], [265, 264])
0	0.0	0.25058353154086266	([372], [372, 371])
0	0.0	0.25062692030930295	([480], [480, 479])
0	0.0	0.25130521174137654	([253], [253, 252])
0	0.0	0.2513300542548206	([276], [276, 275])
0	0.0	0.2513941755035551	([465], [465, 464])
0	0.0	0.2515192774804413	([272], [272, 271])
0	0.0	0.2517657387231461	([336], [336, 335])
0	0.0	0.2519703628334182	([84], [84, 83])
0	0.0	0.25197503707960534	([60], [60, 59])
0	0.0	0.2520936227403258	([412], [412, 411])
0	0.0	0.2521179383362802	([87], [87, 86])
0	0.0	0.2524124974447604	([468], [468, 467])
0	0.0	0.252507473484009	([353], [353, 352])
0	0.0	0.25257682805370163	([444], [444, 443])
0	0.0	0.25271191216803085	([64], [64, 63])
0	0.0	0.25272874235361653	([477], [477, 476])
0	0.0	0.2529206911670123	([297], [297, 296])
0	0.0	0.2530075071597935	([242], [242, 241])
0	0.0	0.2530454917661367	([420], [420, 419])
0	0.0	0.25310811828695534	([104], [104, 103])
0	0.0	0.2531263642189976	([467], [467, 466])
0	0.0	0.25320637310149463	([363], [363, 362])
0	0.0	0.25320939323173564	([377], [377, 376])
0	0.0	0.2536409018536116	([34], [34, 33])
0	0.0	0.25394972768660645	([398], [398, 397])
0	0.0	0.2542159185831166	([470], [470, 469])
0	0.0	0.2543903653249417	([138], [138, 137])
0	0.0	0.25451046417928647	([174], [174, 173])
0	0.0	0.2546630989022538	([435], [435, 434])
0	0.0	0.2547334673725989	([387], [387, 386])
0	0.0	0.2550369718665517	([102], [102, 101])
0	0.0	0.25506661008479664	([202], [202, 201])
0	0.0	0.25506987536577264	([77], [77, 76])
0	0.0	0.2552297153489194	([51], [51, 50])
0	0.0	0.255432600553531	([457], [457, 456])
0	0.0	0.2555609223636929	([168], [168, 167])
0	0.0	0.25557289075977135	([313], [313, 312])
0	0.0	0.2555880922799414	([147], [147, 146])
0	0.0	0.25559734251107824	([228], [228, 227])
0	0.0	0.25568491486825595	([333], [333, 332])
0	0.0	0.25571929965928486	([456], [456, 455])
0	0.0	0.25575292260459953	([113], [113, 112])
0	0.0	0.2558121567626123	([162], [162, 161])
0	0.0	0.2562353436265884	([80], [80, 79])
0	0.0	0.2563819437371038	([12], [12, 11])
0	0.0	0.25664854211968835	([218], [218, 217])
0	0.0	0.25677458661541647	([290], [290, 289])
0	0.0	0.25682446803052755	([261], [261, 260])
0	0.0	0.25694485999613864	([48], [48, 47])
0	0.0	0.2569873250791359	([226], [226, 225])
0	0.0	0.25702721851457727	([139], [139, 138])
0	0.0	0.25706985877720456	([195], [195, 194])
0	0.0	0.25722088499424367	([180], [180, 179])
0	0.0	0.257232119683386	([330], [330, 329])
0	0.0	0.2573175117481729	([67], [67, 66])
0	0.0	0.25735185061023397	([107], [107, 106])
0	0.0	0.2573547766044924	([70], [70, 69])
0	0.0	0.2575035464134538	([140], [140, 139])
0	0.0	0.2577466531644557	([431], [431, 430])
0	0.0	0.2578450679367893	([221], [221, 220])
0	0.0	0.2581301564612978	([262], [262, 261])
0	0.0	0.25825260101459707	([219], [219, 218])
0	0.0	0.2582542340160093	([215], [215, 214])
0	0.0	0.25836133254372845	([197], [197, 196])
0	0.0	0.25837704241969844	([439], [439, 438])
0	0.0	0.2587225954120722	([269], [269, 268])
0	0.0	0.25886338899382677	([293], [293, 292])
0	0.0	0.2589316925558473	([385], [385, 384])
0	0.0	0.25933709534843635	([46], [46, 45])
0	0.0	0.25957644464186697	([248], [248, 247])
0	0.0	0.259783442929805	([294], [294, 293])
0	0.0	0.25996410057166	([231], [231, 230])
0	0.0	0.26008511819961555	([404], [404, 403])
0	0.0	0.26010890433806144	([44], [44, 43])
0	0.0	0.260376026310017	([284], [284, 283])
0	0.0	0.26049558894885577	([5], [5, 4])
0	0.0	0.2605305902749812	([267], [267, 266])
0	0.0	0.260636387733611	([438], [438, 437])
0	0.0	0.2608545077302549	([268], [268, 267])
0	0.0	0.2610591405494527	([311], [311, 310])
0	0.0	0.2611593058151353	([481], [481, 480])
0	0.0	0.26116787178929884	([250], [250, 249])
0	0.0	0.2611722385882655	([364], [364, 363])
0	0.0	0.2611840012655681	([282], [282, 281])
0	0.0	0.26121391474654887	([317], [317, 316])
0	0.0	0.2613955040167	([115], [115, 114])
0	0.0	0.26163136473653276	([260], [260, 259])
0	0.0	0.26168582717767175	([281], [281, 280])
0	0.0	0.2620160288817135	([230], [230, 229])
0	0.0	0.26234251688891247	([191], [191, 190])
0	0.0	0.2623455419750401	([345], [345, 344])
0	0.0	0.2623617971770579	([278], [278, 277])
0	0.0	0.26243038290033244	([432], [432, 431])
0	0.0	0.2625737180145316	([131], [131, 130])
0	0.0	0.2626114328744099	([358], [358, 357])
0	0.0	0.26266316087313946	([120], [120, 119])
0	0.0	0.2628144601934902	([379], [379, 378])
0	0.0	0.26287046881478066	([277], [277, 276])
0	0.0	0.2629058547164341	([97], [97, 96])
0	0.0	0.26300393027592767	([237], [237, 236])
0	0.0	0.26309571429503	([351], [351, 350])
0	0.0	0.2631304198997735	([223], [223, 222])
0	0.0	0.2631314712235148	([328], [328, 327])
0	0.0	0.2631699005943078	([161], [161, 160])
0	0.0	0.2632120815709676	([91], [91, 90])
0	0.0	0.26336415244458505	([332], [332, 331])
0	0.0	0.26347383763317606	([352], [352, 351])
0	0.0	0.2635090814802223	([249], [249, 248])
0	0.0	0.263509450264681	([83], [83, 82])
0	0.0	0.26363434784027	([200], [200, 199])
0	0.0	0.2637588006795107	([182], [182, 181])
0	0.0	0.2638355015019344	([214], [214, 213])
0	0.0	0.26394138339619455	([209], [209, 208])
0	0.0	0.26413880342646734	([56], [56, 55])
0	0.0	0.2644985703183766	([300], [300, 299])
0	0.0	0.264715744137921	([99], [99, 98])
0	0.0	0.2648749593192046	([185], [185, 184])
0	0.0	0.26503480227231085	([259], [259, 258])
0	0.0	0.26504049370132216	([55], [55, 54])
0	0.0	0.26515625813494437	([81], [81, 80])
0	0.0	0.26520592722877107	([201], [201, 200])
0	0.0	0.26520675901571933	([74], [74, 73])
0	0.0	0.2653416765167647	([241], [241, 240])
0	0.0	0.2653901399341017	([415], [415, 414])
0	0.0	0.26545600545306536	([337], [337, 336])
0	0.0	0.26549079930659475	([43], [43, 42])
0	0.0	0.2655946449579105	([393], [393, 392])
0	0.0	0.2656130737872449	([32], [32, 31])
0	0.0	0.2656924701587318	([216], [216, 215])
0	0.0	0.26576041014985735	([445], [445, 444])
0	0.0	0.2658923019377936	([125], [125, 124])
0	0.0	0.2659662254629395	([348], [348, 347])
0	0.0	0.26599953860607084	([62], [62, 61])
0	0.0	0.26605684610920993	([306], [306, 305])
0	0.0	0.2660865502814665	([388], [388, 387])
0	0.0	0.26619708411622683	([309], [309, 308])
0	0.0	0.2662357659084962	([153], [153, 152])
0	0.0	0.2662951166625568	([189], [189, 188])
0	0.0	0.2663378449891099	([380], [380, 379])
0	0.0	0.26644237434063217	([124], [124, 123])
0	0.0	0.2665751317525173	([119], [119, 118])
0	0.0	0.26672071903990463	([206], [206, 205])
0	0.0	0.26672142358633755	([133], [132, 131])
0	0.0	0.266731417318511	([473], [473, 472])
0	0.0	0.266894265467463	([167], [167, 166])
0	0.0	0.26694878824219953	([199], [199, 198])
0	0.0	0.2673007931464626	([287], [287, 286])
0	0.0	0.26744876266612155	([227], [227, 226])
0	0.0	0.26747628040295884	([406], [406, 405])
0	0.0	0.2677427105240615	([319], [319, 318])
0	0.0	0.26785857694554716	([416], [416, 415])
0	0.0	0.2678629867972321	([327], [327, 326])
0	0.0	0.26789028928827235	([378], [378, 377])
0	0.0	0.2679874808499601	([76], [76, 75])
0	0.0	0.2682104126188829	([78], [78, 77])
0	0.0	0.26883132244238206	([424], [424, 423])
0	0.0	0.2688541452612122	([298], [298, 297])
0	0.0	0.2689717562306627	([59], [59, 58])
0	0.0	0.26911421005791036	([343], [343, 342])
0	0.0	0.269135687348189	([270], [270, 269])
0	0.0	0.2693363276851628	([472], [472, 471])
0	0.0	0.2697857585358643	([53], [53, 52])
0	0.0	0.2698105309567176	([321], [321, 320])
0	0.0	0.2698275411138453	([283], [283, 282])
0	0.0	0.2699014952147716	([325], [325, 324])
0	0.0	0.2699187132092253	([100], [100, 99])
0	0.0	0.26996947305799035	([323], [323, 322])
0	0.0	0.27025628484583036	([40], [40, 39])
0	0.0	0.2702694916215776	([145], [145, 144])
0	0.0	0.2703833417676966	([357], [357, 356])
0	0.0	0.27083351614368406	([42], [42, 41])
0	0.0	0.2708888859690239	([159], [159, 158])
0	0.0	0.27097676986432045	([47], [47, 46])
0	0.0	0.2710521687776037	([85], [85, 84])
0	0.0	0.2711014157954335	([233], [233, 232])
0	0.0	0.2711138827641985	([331], [331, 330])
0	0.0	0.27149650675181153	([252], [252, 251])
0	0.0	0.27156740735182044	([434], [434, 433])
0	0.0	0.2719204627588036	([430], [430, 429])
0	0.0	0.27194645470704093	([271], [271, 270])
0	0.0	0.2720735320947361	([362], [362, 361])
0	0.0	0.27216570581856275	([112], [112, 111])
0	0.0	0.27217935009862565	([410], [410, 409])
0	0.0	0.2722118432202551	([122], [122, 121])
0	0.0	0.2722252757983442	([92], [92, 91])
0	0.0	0.27234199571392986	([275], [275, 274])
0	0.0	0.27260086472432044	([111], [113, 110])
0	0.0	0.27281027324985935	([458], [458, 457])
0	0.0	0.2728725640299866	([240], [240, 239])
0	0.0	0.27291939879960486	([234], [234, 233])
0	0.0	0.2733078854276573	([243], [243, 242])
0	0.0	0.2733492951973062	([10], [10, 9])
0	0.0	0.27373169826731375	([192], [192, 191])
0	0.0	0.27378176309254215	([324], [324, 323])
0	0.0	0.27392816286641813	([177], [177, 176])
0	0.0	0.274060791263855	([193], [193, 192])
0	0.0	0.27407542117460987	([367], [367, 366])
0	0.0	0.2742980368871746	([82], [82, 81])
0	0.0	0.27450492578971747	([443], [443, 442])
0	0.0	0.2745256808432105	([31], [31, 30])
0	0.0	0.27493751090545004	([359], [359, 358])
0	0.0	0.27510383341552824	([273], [273, 272])
0	0.0	0.2751477131659564	([254], [254, 253])
0	0.0	0.27516755974955437	([374], [374, 373])
0	0.0	0.275324955960973	([391], [391, 390])
0	0.0	0.27538189624255566	([203], [203, 202])
0	0.0	0.27581028059522106	([194], [194, 193])
0	0.0	0.2759362484671947	([75], [75, 74])
0	0.0	0.2759792116839787	([289], [289, 288])
0	0.0	0.27602010271642535	([152], [152, 151])
0	0.0	0.2760298040208065	([28], [28, 27])
0	0.0	0.2760895361322628	([335], [335, 334])
0	0.0	0.2762933434968418	([73], [73, 72])
0	0.0	0.27673705891737815	([26], [26, 25])
0	0.0	0.27708394750170995	([188], [188, 187])
0	0.0	0.2770908433657146	([257], [257, 256])
0	0.0	0.27714028683405884	([49], [49, 48])
0	0.0	0.27716060473070236	([23], [23, 21])
0	0.0	0.27764018244010336	([225], [225, 224])
0	0.0	0.2776597805342884	([419], [419, 418])
0	0.0	0.277728434794315	([397], [397, 396])
0	0.0	0.27775547216003593	([386], [386, 385])
0	0.0	0.27782107870613143	([441], [441, 440])
0	0.0	0.2780548212058233	([39], [39, 38])
0	0.0	0.278279172829558	([245], [245, 244])
0	0.0	0.27834535224455953	([369], [369, 368])
0	0.0	0.2784956561225015	([371], [371, 370])
0	0.0	0.2785859866532541	([25], [25, 24])
0	0.0	0.2786711984553937	([381], [381, 380])
0	0.0	0.2790973824082704	([154], [154, 153])
0	0.0	0.27916859293618923	([172], [172, 171])
0	0.0	0.27918662808738065	([258], [258, 257])
0	0.0	0.27919870599437646	([305], [305, 304])
0	0.0	0.2792492923068307	([244], [244, 243])
0	0.0	0.27932319269119793	([103], [103, 102])
0	0.0	0.2793932868360293	([394], [394, 393])
0	0.0	0.27979863864184773	([433], [433, 432])
0	0.0	0.28036729226751467	([426], [426, 425])
0	0.0	0.28038428728964265	([346], [346, 345])
0	0.0	0.28041946746031615	([211], [211, 209])
0	0.0	0.2806403193246236	([326], [326, 325])
0	0.0	0.28074235740607506	([123], [123, 122])
0	0.0	0.2807662249988703	([347], [347, 346])
0	0.0	0.2807741807253143	([183], [183, 182])
0	0.0	0.28079287188318497	([236], [236, 235])
0	0.0	0.2808336708438936	([341], [341, 340])
0	0.0	0.280841716177115	([165], [165, 164])
0	0.0	0.2809618236288128	([217], [217, 216])
0	0.0	0.2810792891054729	([101], [101, 100])
0	0.0	0.2811653038155529	([30], [30, 29])
0	0.0	0.2812764209858803	([65], [65, 64])
0	0.0	0.2814215048436923	([137], [137, 136])
0	0.0	0.28147422902815067	([130], [130, 129])
0	0.0	0.28149125913148443	([303], [303, 302])
0	0.0	0.28153983455592646	([266], [266, 265])
0	0.0	0.28158915716752514	([349], [349, 348])
0	0.0	0.2820004778562119	([184], [184, 183])
0	0.0	0.28217816625701875	([251], [251, 250])
0	0.0	0.28234308551296	([316], [316, 315])
0	0.0	0.28268231708234415	([239], [239, 238])
0	0.0	0.2827942311557714	([13], [14, 12])
0	0.0	0.28322346276902627	([383], [383, 382])
0	0.0	0.2836882625347011	([158], [158, 157])
0	0.0	0.2837730831646303	([235], [235, 234])
0	0.0	0.28395371738326625	([196], [196, 195])
0	0.0	0.28413011751559436	([213], [213, 212])
0	0.0	0.2848115181236062	([21], [21, 20])
0	0.0	0.284927597177798	([190], [190, 189])
0	0.0	0.2859235148749651	([299], [299, 298])
0	0.0	0.2861035056260686	([45], [46, 44])
0	0.0	0.2861327514027763	([288], [288, 287])
1	0.2735139694097355	0.2862458698183094	([111, 110], [113, 112, 110])
0	0.0	0.28633842934731607	([322], [322, 321])
0	0.0	0.2864855047164055	([308], [308, 307])
0	0.0	0.2865015951216375	([72], [72, 71])
1	0.27394397964864103	0.28692668697504203	([147, 144], [147, 146, 145])
0	0.0	0.2869333532216018	([90], [90, 89])
0	0.0	0.28696460043558875	([402], [402, 401])
0	0.0	0.2874129842062941	([375], [375, 374])
0	0.0	0.2875330819724091	([373], [373, 372])
0	0.0	0.28772100094393926	([126], [126, 125])
0	0.0	0.28784934893332687	([329], [329, 328])
0	0.0	0.28801001851969116	([390], [390, 389])
0	0.0	0.28838055715372374	([207], [207, 206])
0	0.0	0.28851659527914586	([19], [19, 18])
0	0.0	0.2896507987000997	([455], [455, 454])
0	0.0	0.29009623464636297	([205], [205, 204])
0	0.0	0.29082691633234603	([142], [142, 141])
0	0.0	0.2910328849743988	([350], [350, 349])
0	0.0	0.29132401950938647	([437], [437, 436])
0	0.0	0.29141184840612955	([89], [89, 88])
0	0.0	0.2914158354324389	([436], [436, 435])
0	0.0	0.2915476594748596	([9], [9, 8])
0	0.0	0.2917709736724978	([156], [156, 155])
0	0.0	0.2922108196541132	([286], [286, 285])
0	0.0	0.2924992391217118	([400], [400, 399])
1	0.2901314443336253	0.29284355886091695	([216, 213], [216, 215, 213])
0	0.0	0.2936746859277796	([399], [399, 398])
0	0.0	0.29378623946605636	([301], [301, 300])
0	0.0	0.29384224963600947	([461], [461, 460])
0	0.0	0.293866867284137	([27], [27, 26])
0	0.0	0.2939938134922797	([423], [423, 422])
0	0.0	0.29418646882247573	([232], [232, 231])
0	0.0	0.2943573066357744	([187], [187, 186])
0	0.0	0.2944371629255749	([50], [50, 49])
0	0.0	0.29511680091749737	([340], [340, 339])
0	0.0	0.2953273425633179	([15], [15, 14])
0	0.0	0.29576179673367003	([98], [98, 97])
0	0.0	0.29579566752813385	([66], [66, 65])
0	0.0	0.2963077175918107	([255], [255, 254])
0	0.0	0.29634710053788416	([18], [23, 22])
0	0.0	0.2963990667272297	([440], [440, 439])
0	0.0	0.2969874256549424	([29], [29, 27])
0	0.0	0.2972393402247748	([38], [38, 37])
0	0.0	0.2973116612022402	([7], [7, 6])
0	0.0	0.29735947464346574	([246], [246, 245])
0	0.0	0.29815484012970694	([117], [117, 116])
0	0.0	0.2983424288104608	([429], [429, 428])
1	0.28970892395600173	0.29862143361932686	([254, 251], [254, 253, 252])
0	0.0	0.29868209981580973	([41], [41, 40])
0	0.0	0.2994648440362808	([222], [222, 221])
0	0.0	0.2996633309310363	([171], [171, 170])
0	0.0	0.29984525720999017	([16], [16, 15])
0	0.0	0.30009441375669244	([110], [110, 109])
0	0.0	0.3014495466219222	([109], [109, 108])
0	0.0	0.301500782610409	([344], [344, 343])
0	0.0	0.3018240656499752	([79], [79, 78])
0	0.0	0.30240359107733533	([355], [355, 354])
0	0.0	0.30242709450593924	([93], [93, 92])
0	0.0	0.30388996529233103	([160], [160, 159])
0	0.0	0.3041449375386773	([469], [469, 468])
0	0.0	0.30470258303226494	([459], [459, 458])
0	0.0	0.30471487505376804	([149], [149, 148])
0	0.0	0.304888577890728	([376], [376, 375])
0	0.0	0.30501889434602275	([36], [36, 35])
0	0.0	0.3051140254504734	([54], [54, 53])
1	0.28852420329132933	0.30522486019312745	([277, 274], [277, 276, 275])
0	0.0	0.30523455083044815	([6], [6, 5])
0	0.0	0.30537739898892297	([63], [63, 62])
0	0.0	0.3055863428081576	([108], [108, 106])
0	0.0	0.30652465851869753	([129], [129, 128])
0	0.0	0.3071593856920061	([121], [121, 120])
0	0.0	0.30782761428633226	([365], [365, 364])
0	0.0	0.3084672082666038	([279], [279, 278])
0	0.0	0.3086585109244983	([413], [413, 412])
0	0.0	0.3093101618634627	([164], [164, 162])
0	0.0	0.3093579980456332	([57], [57, 56])
0	0.0	0.3095810677618518	([451], [451, 450])
0	0.0	0.3097294241459288	([307], [307, 306])
0	0.0	0.3097990320426154	([69], [69, 68])
0	0.0	0.31019532147585444	([35], [35, 34])
0	0.0	0.31151408103318934	([181], [181, 180])
0	0.0	0.311593541104974	([320], [320, 319])
0	0.0	0.3123803919930959	([198], [211, 210])
1	0.30900984129607995	0.3124296823890566	([472, 467], [472, 470, 467])
0	0.0	0.3127534219690955	([94], [94, 92])
0	0.0	0.31427888076168076	([238], [238, 237])
0	0.0	0.3146411963333359	([173], [173, 172])
0	0.0	0.31505172213269833	([395], [395, 394])
0	0.0	0.31519505272865317	([408], [408, 407])
0	0.0	0.31535942774393877	([334], [334, 333])
0	0.0	0.31539196652539137	([114], [114, 113])
0	0.0	0.315422267726537	([247], [247, 246])
0	0.0	0.31737177295173136	([4], [7, 3])
1	0.31388788564308295	0.3176871641337967	([85, 81], [85, 83, 81])
0	0.0	0.31856328965294517	([179], [179, 178])
0	0.0	0.31859524106267956	([95], [95, 94])
0	0.0	0.3189128873882027	([135], [135, 134])
0	0.0	0.31939460066142844	([105], [105, 104])
0	0.0	0.31961496012229884	([24], [25, 23])
0	0.0	0.31986420491786627	([220], [220, 219])
0	0.0	0.32111522412692095	([361], [361, 360])
0	0.0	0.3214184169976299	([312], [312, 311])
1	0.31946758811123593	0.3214537532711302	([164, 160], [164, 162, 160])
0	0.0	0.32308230372194496	([339], [339, 334])
0	0.0	0.32367770238758053	([360], [361, 359])
0	0.0	0.32611559315139566	([86], [86, 85])
0	0.0	0.3269696419096159	([186], [186, 185])
0	0.0	0.32702687275558395	([22], [18, 17])
0	0.0	0.3271316100546839	([210], [198, 197])
0	0.0	0.32761748249868855	([11], [11, 10])
0	0.0	0.3289931303933407	([169], [169, 168])
0	0.0	0.3307172661008387	([33], [33, 32])
0	0.0	0.3312440722960614	([263], [263, 262])
0	0.0	0.332566722739074	([1], [1, 0])
0	0.0	0.33319522415724456	([212], [212, 211])
0	0.0	0.3367973122479133	([354], [354, 353])
0	0.0	0.3378042431168962	([295], [295, 294])
1	0.33607978062247856	0.3384517666158241	([4, 3], [7, 6, 3])
0	0.0	0.341257780632882	([229], [229, 228])
0	0.0	0.3412616885363276	([382], [382, 381])
0	0.0	0.34259170510816744	([37], [37, 36])
0	0.0	0.34807153376898897	([151], [151, 150])
0	0.0	0.34998138003236673	([274], [274, 273])
0	0.0	0.3503723297463057	([315], [315, 314])
0	0.0	0.3516322334345527	([356], [356, 355])
0	0.0	0.35370377267581815	([176], [176, 174])
0	0.0	0.3537936565927097	([144], [144, 143])
0	0.0	0.35758514111560635	([446], [446, 445])
0	0.0	0.359796624589743	([150], [150, 149])
0	0.0	0.365889732087735	([3], [5, 2])
1	0.4047620682438306	0.41505732806024753	([186, 178], [186, 181, 178])
0	0.0	0.42183170375509144	([8], [8, 7])
1	0.5062747367971101	0.5111019452744178	([319, 309], [319, 315, 314])
0	0.0	0.5705475672954585	([2], [150, 0])
1	0.600883952357784	0.602286860446629	([58, 34], [58, 51, 47])
1	0.6018735666858362	0.6068628561203975	([62, 42], [62, 53, 52])
1	0.6034167616877473	0.6094239605294327	([91, 72], [91, 83, 77])
1	0.6079551702279287	0.6154070868827728	([33, 9], [33, 26, 13])
1	0.6224629169020189	0.6232149508573201	([248, 226], [248, 238, 221])
1	0.6194993791675704	0.623460703415108	([38, 12], [38, 37, 12])
1	0.617109073163827	0.625464781864252	([57, 32], [57, 46, 32])
1	0.6161704388867257	0.6304472084840248	([158, 137], [158, 155, 138])
1	0.6306687190784006	0.644509418562673	([32, 3], [32, 15, 8])
1	0.6375961630098889	0.644509418562673	([39, 8], [39, 32, 8])
1	0.6280835166153351	0.6485479370031453	([45, 17], [45, 32, 17])
1	0.654742094217483	0.6556974948265117	([310, 287], [310, 300, 299])
1	0.6540556913260712	0.6592690579435467	([59, 15], [59, 48, 46])
1	0.6393955479645177	0.6600986911668464	([210, 172], [210, 197, 174])
1	0.6399111815013154	0.6615909778001069	([416, 393], [418, 406, 401])
1	0.6614295816905017	0.6654185296168775	([444, 408], [444, 422, 413])
1	0.6646091074096551	0.6657182985858638	([472, 441], [472, 461, 441])
1	0.646526150444996	0.6680391020247319	([461, 411], [461, 441, 411])
1	0.6504782385274017	0.6693239487599728	([48, 9], [48, 36, 29])
1	0.6672408428399685	0.6694044803080786	([89, 58], [89, 69, 63])
1	0.646051883878223	0.6722430177968559	([163, 131], [163, 154, 131])
1	0.6731947253310459	0.6740903754952728	([462, 404], [462, 441, 405])
1	0.6544752269739483	0.6743814833265861	([371, 335], [371, 362, 335])
1	0.6588937069234834	0.6785508271459372	([420, 391], [420, 416, 391])
1	0.6819014357281217	0.6827285936491028	([141, 107], [141, 126, 107])
1	0.6805637490276936	0.6829484151610729	([423, 376], [423, 400, 397])
1	0.6692951831596478	0.6833294017428654	([211, 168], [211, 205, 169])
1	0.6855699281386063	0.6865953407141507	([468, 407], [468, 462, 407])
1	0.6856605555039684	0.6871445790404703	([456, 398], [456, 443, 398])
1	0.688109112311428	0.6887462873493869	([161, 118], [161, 143, 135])
1	0.6739072420556855	0.688844724774137	([395, 361], [395, 377, 361])
1	0.6700861376464651	0.6909763198686634	([117, 76], [117, 106, 76])
1	0.6895620694029618	0.6909875288777424	([63, 19], [63, 34, 31])
1	0.6921080142602314	0.6926445630638933	([65, 21], [65, 30, 21])
1	0.6742375431090878	0.6938394310961179	([410, 366], [410, 397, 366])
1	0.6825684892165244	0.6957646621922035	([218, 171], [218, 196, 171])
1	0.6824863552631107	0.6962435060566361	([72, 16], [72, 34, 28])
1	0.689853157261095	0.6965015476230665	([155, 110], [155, 130, 111])
1	0.67433542603453	0.697839124773382	([167, 116], [167, 156, 116])
1	0.6997687812828243	0.7003762177293086	([215, 153], [215, 211, 162])
1	0.7009270388896937	0.7029012908830663	([394, 339], [394, 367, 339])
1	0.6838076234771808	0.7046854582709944	([418, 340], [418, 397, 377])
1	0.7015288216491763	0.7048660539234074	([91, 26], [91, 72, 26])
1	0.7039544698183553	0.7056183719568133	([125, 3], [125, 111, 3])
1	0.653986408538873	0.7061974239737892	([481, 410], [480, 444, 410])
1	0.6878242368200891	0.7066745344705693	([341, 299], [341, 320, 299])
1	0.7070445091218429	0.7070815479417362	([138, 64], [138, 64, 58])
1	0.6903446967493512	0.7071254574330675	([459, 388], [459, 420, 396])
1	0.6945230951747879	0.7073545442077508	([116, 68], [116, 113, 68])
1	0.6748598353219998	0.7088856603276273	([475, 401], [475, 463, 401])
1	0.6801648588977278	0.7090936166113565	([195, 146], [195, 176, 146])
1	0.6862722158948829	0.7095369051684125	([131, 65], [131, 113, 65])
1	0.7112718688488234	0.7118796389614116	([169, 111], [169, 141, 136])
1	0.7006651448905814	0.712466126385102	([75, 3], [75, 57, 18])
1	0.7080190564760387	0.7124891137837341	([45, 1], [65, 56, 1])
1	0.658489815388187	0.7135680209175375	([108, 3], [107, 77, 3])
1	0.7015752938731297	0.7138465851160213	([427, 388], [427, 414, 388])
1	0.6887195224938224	0.7143501088640742	([112, 32], [112, 100, 32])
1	0.6865791425194689	0.7147700747497401	([138, 34], [143, 136, 64])
1	0.7126854204099557	0.7151799521342239	([118, 37], [118, 106, 37])
1	0.7092818957491788	0.7156583346713592	([235, 171], [235, 227, 171])
1	0.6891255071848169	0.7156640251620521	([227, 154], [227, 171, 163])
1	0.7098481673853281	0.715781719395437	([137, 39], [138, 137, 28])
1	0.7033521208987559	0.7158239899764897	([295, 254], [295, 272, 271])
1	0.7161019988717304	0.7161136716112132	([256, 216], [256, 231, 216])
1	0.7069250689621549	0.7163143551556868	([188, 152], [195, 188, 152])
1	0.7110350666369392	0.7168179623107271	([455, 383], [455, 447, 391])
1	0.7137524655739429	0.7172774279066796	([273, 227], [273, 253, 227])
1	0.6795383011400413	0.7176418486584716	([434, 390], [434, 420, 390])
1	0.7152604313843212	0.7182334634621369	([429, 368], [429, 414, 368])
1	0.7137941710121519	0.7188710186471796	([92, 38], [92, 75, 41])
1	0.7046027128987985	0.7196956979926208	([234, 172], [234, 214, 203])
1	0.6888917942291463	0.7200744340118694	([135, 35], [135, 131, 65])
1	0.7116077977620069	0.7203508400173171	([460, 364], [460, 448, 379])
1	0.7067964908867902	0.7206480726161867	([111, 60], [121, 111, 57])
1	0.7158635137576609	0.7207342945178562	([175, 125], [175, 125, 119])
1	0.6946850436964704	0.7213105323610267	([144, 109], [144, 137, 109])
1	0.7115831885084093	0.7214281540208721	([466, 382], [458, 411, 382])
1	0.7067877421145852	0.7214691099709971	([109, 61], [109, 61, 35])
1	0.7145802610650513	0.7217608523944555	([125, 78], [125, 114, 103])
1	0.6791444772560385	0.7218225929336979	([226, 157], [226, 211, 168])
1	0.7068045720813028	0.7218225929336979	([228, 168], [228, 226, 168])
1	0.6921719833033245	0.7223929363999677	([448, 379], [456, 405, 382])
1	0.6999929230210531	0.7225225864153915	([121, 57], [116, 111, 55])
1	0.7104371516336767	0.7225572112941598	([471, 387], [471, 407, 395])
1	0.7038722232372536	0.7232951558567535	([171, 39], [171, 137, 116])
1	0.72277511785141	0.7234999921454062	([300, 7], [321, 300, 299])
1	0.7143699194602234	0.7241299440304989	([398, 310], [401, 398, 310])
1	0.7052162976296633	0.7244013533496348	([97, 8], [97, 73, 69])
1	0.723136427967497	0.7247215563822863	([481, 389], [481, 410, 400])
1	0.715462459479802	0.7259011473601429	([175, 114], [175, 163, 114])
1	0.7252463614588973	0.7263950024806239	([253, 151], [253, 241, 151])
1	0.7046599126661676	0.7267356942266114	([401, 311], [412, 401, 395])
1	0.7189921217638475	0.7274478141721281	([469, 431], [469, 457, 448])
1	0.7206779206469749	0.7276005321615231	([223, 149], [227, 223, 154])
1	0.6898884761541131	0.728228413291263	([124, 63], [124, 107, 77])
1	0.7164573838651834	0.7283653735035571	([119, 25], [119, 116, 25])
1	0.727628315368968	0.7283653735035571	([140, 25], [140, 116, 25])
1	0.7285315178863857	0.7291344789440375	([168, 54], [172, 168, 45])
1	0.6964883064937781	0.7293332938138373	([412, 310], [398, 343, 324])
1	0.7230534644068192	0.7296620103231826	([181, 1], [235, 213, 1])
1	0.6775426519754757	0.7297856583029868	([109, 24], [109, 91, 63])
1	0.7214759066949691	0.7301281936886026	([139, 37], [139, 130, 37])
1	0.7117625178082136	0.7302543774799037	([241, 161], [241, 228, 151])
1	0.6911291631967195	0.7306064586286458	([172, 29], [172, 132, 63])
1	0.7137874166910299	0.730659974953234	([140, 91], [140, 116, 91])
1	0.6934787828883884	0.7308363363112365	([204, 115], [204, 181, 111])
1	0.7233232278950907	0.7310225900628304	([230, 190], [230, 210, 200])
1	0.6999715346678482	0.7311257435952662	([151, 9], [151, 150, 7])
1	0.7241549702189325	0.7318480145142048	([377, 309], [408, 397, 309])
1	0.6919162631418879	0.7322154679408087	([114, 39], [114, 39, 32])
1	0.7163871964803591	0.7323898888871241	([166, 35], [166, 130, 122])
1	0.7068658928410159	0.7331119268498667	([89, 9], [89, 72, 8])
1	0.732604761992291	0.7331977590372777	([258, 173], [258, 214, 173])
1	0.7270205147409761	0.7332141169278212	([101, 22], [101, 93, 22])
1	0.7274816581245782	0.7335213026459452	([275, 142], [275, 226, 157])
1	0.7277870238658151	0.7346220322354516	([117, 47], [134, 117, 47])
1	0.7028040195597748	0.7349520980962732	([121, 27], [121, 57, 27])
1	0.7329255795399875	0.7351173696010392	([170, 11], [170, 167, 11])
1	0.73144143373698	0.7357695074198346	([163, 87], [163, 145, 87])
1	0.72874152066119	0.7368258013113733	([456, 350], [456, 392, 375])
1	0.7137503706536794	0.7369517454181822	([207, 107], [170, 155, 107])
1	0.7062776574452228	0.7370408297791171	([453, 384], [453, 416, 384])
1	0.6663183773227787	0.7374170631282427	([408, 309], [397, 345, 342])
1	0.7327884466805873	0.737562040041118	([129, 66], [129, 115, 66])
1	0.7245717372479755	0.7377718099811093	([96, 40], [96, 76, 40])
1	0.7245678855363882	0.7380328998347132	([131, 12], [131, 51, 12])
1	0.7183331953405966	0.7387805251650221	([162, 62], [162, 137, 62])
1	0.6863209132544649	0.7387822047686957	([150, 7], [151, 137, 49])
1	0.7314076576442717	0.738792184940237	([432, 371], [449, 432, 371])
1	0.7381028917699605	0.7393898064438125	([277, 180], [277, 258, 173])
1	0.7033326061619023	0.7394912559687588	([142, 24], [142, 136, 33])
1	0.7381833404083922	0.7403213353646232	([175, 60], [179, 115, 66])
1	0.717941945097455	0.7405529544855186	([301, 252], [301, 296, 252])
1	0.7302758454125984	0.7405657680145235	([241, 114], [241, 163, 138])
1	0.7404023327233483	0.7406399657237007	([150, 34], [150, 138, 117])
1	0.7271928774531331	0.74133859824167	([141, 16], [141, 97, 94])
1	0.7333857257244857	0.7413942119435333	([119, 7], [93, 90, 7])
1	0.7362074094077621	0.7413994730036906	([417, 351], [417, 390, 351])
1	0.7388535212544707	0.7414173336900062	([288, 134], [295, 288, 154])
1	0.7360063147251711	0.7415781495038181	([126, 84], [126, 111, 106])
1	0.7171926600483792	0.7416987524265871	([227, 129], [227, 160, 154])
1	0.7175666441137486	0.7426519187801666	([269, 215], [269, 258, 215])
1	0.7318308161014402	0.7426544662267639	([161, 25], [161, 118, 116])
1	0.7270206029781427	0.7429014132726868	([185, 127], [215, 185, 127])
1	0.7114373302776555	0.7431163573711072	([374, 3], [345, 300, 294])
1	0.6133570213462647	0.7431931969589998	([93, 2], [119, 25, 15])
1	0.7221685764102685	0.7434839569282315	([461, 307], [461, 423, 345])
1	0.7333671610218707	0.7437852892686965	([221, 81], [221, 107, 81])
1	0.7110138399270972	0.7437852892686965	([244, 3], [221, 207, 107])
1	0.7204121512793572	0.7439482521108586	([157, 56], [157, 115, 91])
1	0.7393716887201981	0.7441311157278181	([403, 174], [407, 403, 170])
1	0.7392632570543335	0.7442400736954341	([333, 282], [333, 303, 297])
1	0.7408569457019374	0.7443787452331907	([272, 210], [273, 272, 210])
1	0.7199826677416394	0.7445203563768764	([173, 67], [173, 161, 32])
1	0.7158563131945828	0.7446050109062081	([275, 96], [275, 155, 142])
1	0.7080462534270316	0.7449913453136213	([288, 3], [458, 393, 382])
1	0.7186587690622678	0.7450567670767059	([160, 50], [171, 169, 53])
1	0.7356209339084467	0.7458141602113694	([342, 290], [342, 309, 302])
1	0.7453383618967016	0.7459624509507488	([248, 166], [248, 242, 166])
1	0.7388953499266674	0.7460520477845214	([165, 47], [165, 117, 107])
1	0.7417505006132907	0.7460636286096352	([257, 168], [257, 243, 168])
1	0.7389915252155014	0.7461819067998413	([236, 141], [236, 228, 151])
1	0.7296244347724261	0.7465404615720462	([422, 338], [422, 391, 338])
1	0.7331059096142661	0.7465636455056381	([226, 120], [226, 221, 120])
1	0.7305830549608342	0.7467530721728157	([181, 36], [175, 167, 36])
1	0.7456136954462784	0.7467614115828657	([461, 290], [461, 307, 290])
1	0.7407546013853328	0.7470179392137225	([389, 295], [389, 388, 295])
1	0.7109751198256372	0.74746806318149	([402, 321], [402, 377, 309])
1	0.7427834513134115	0.7474907804290082	([450, 333], [450, 397, 395])
1	0.6954830346348992	0.7483231304772213	([126, 44], [124, 120, 44])
1	0.7188093077653608	0.7484474426054931	([366, 287], [366, 335, 287])
1	0.7361670173725806	0.7486526172175526	([171, 22], [171, 39, 36])
1	0.72219921607244	0.7487096109620808	([295, 154], [288, 263, 228])
1	0.7484840628062837	0.7487918785569264	([468, 173], [468, 173, 139])
1	0.7398781444139915	0.748898242135435	([405, 303], [405, 377, 303])
1	0.7416039090940089	0.7491634561670463	([268, 175], [268, 228, 226])
1	0.7397041325835645	0.7498309807347525	([470, 383], [470, 410, 406])
1	0.7492217585280594	0.7498573347240003	([417, 302], [417, 405, 303])
1	0.7485323962900455	0.7498744262846357	([337, 272], [337, 322, 272])
1	0.7421373099610449	0.7500007143939484	([472, 366], [472, 441, 410])
1	0.7354832476067718	0.7500441233161921	([268, 160], [268, 227, 226])
1	0.6961668797483918	0.7508805482782436	([164, 3], [159, 37, 13])
1	0.7438230988632243	0.7509131639684815	([474, 49], [474, 49, 35])
1	0.7434469824010155	0.7509922107185104	([382, 308], [382, 349, 330])
1	0.7453351281946079	0.7512022299161767	([469, 39], [481, 469, 32])
1	0.7476135654520663	0.7513148231289929	([435, 299], [435, 423, 299])
1	0.7342210563257957	0.7516334775977319	([259, 162], [259, 240, 162])
1	0.7465898358758376	0.7518007283586239	([410, 63], [464, 409, 63])
1	0.7310355145663668	0.7522212351021255	([310, 167], [310, 309, 167])
1	0.7507513877114422	0.7522988847462465	([353, 285], [353, 337, 285])
1	0.7488482698995084	0.752492145552111	([336, 33], [401, 336, 310])
1	0.7386611531813623	0.7530148764591292	([211, 64], [211, 153, 64])
1	0.7390960263880567	0.753197982075845	([299, 163], [299, 275, 163])
1	0.752295857385735	0.7534838507851874	([404, 10], [404, 77, 8])
1	0.7484337327845005	0.7534838507851874	([404, 77], [481, 404, 8])
1	0.7209180649466638	0.7537396103644562	([235, 1], [181, 151, 111])
1	0.7392831383955083	0.7538185556474036	([384, 257], [381, 378, 261])
1	0.7517194820606077	0.7538375656211463	([403, 226], [403, 226, 211])
1	0.7407707127324128	0.7545238881748491	([279, 176], [279, 258, 173])
1	0.7523890847340337	0.7548958589911189	([456, 270], [456, 394, 270])
1	0.7260920592602126	0.7550251433645211	([271, 179], [271, 218, 205])
1	0.7435433991481762	0.7553977611862823	([474, 35], [481, 474, 50])
1	0.7521523403903093	0.7555634072299211	([476, 9], [476, 410, 38])
1	0.7495682713125069	0.7555634072299211	([478, 38], [478, 476, 38])
1	0.730769650398622	0.7557039970682111	([275, 55], [275, 161, 32])
1	0.7495178957909056	0.7557953324110833	([298, 217], [298, 258, 245])
1	0.7468001210838362	0.7558009963580706	([368, 297], [368, 326, 307])
1	0.7380671807776608	0.7558794485924637	([402, 135], [408, 403, 174])
1	0.7400531425256462	0.7559025034701151	([370, 289], [370, 363, 301])
1	0.7247874332755513	0.7560249413590875	([457, 336], [457, 439, 336])
1	0.7495242473154771	0.7562814112473465	([317, 228], [317, 290, 228])
1	0.726224520236881	0.7562889983398303	([266, 119], [266, 258, 119])
1	0.7268988898308907	0.7563955023511096	([276, 158], [279, 276, 141])
1	0.7447349998587731	0.7565640418573387	([410, 38], [478, 404, 8])
1	0.751802188142224	0.7568384269519983	([291, 229], [291, 251, 220])
1	0.7400983397497181	0.7570051630531088	([270, 184], [270, 222, 184])
1	0.7527394438518517	0.7570193085947704	([317, 171], [317, 313, 171])
1	0.7448679176216413	0.7572326389168665	([420, 296], [420, 396, 296])
1	0.7494500220994583	0.7572336946772996	([361, 7], [412, 361, 352])
1	0.7266639469977892	0.7573127123674808	([216, 32], [240, 143, 119])
1	0.7131670426533058	0.7574667544908475	([468, 130], [468, 130, 116])
1	0.7559440599720343	0.7574716135372427	([395, 260], [395, 309, 287])
1	0.7326539414826494	0.7575372433889311	([481, 8], [481, 166, 151])
1	0.7264531050867813	0.7575622153105357	([180, 42], [180, 166, 42])
1	0.7531062482151871	0.7576070500288822	([477, 13], [477, 410, 38])
1	0.7468815148111035	0.7576982464429864	([373, 263], [373, 338, 291])
1	0.7454297964399349	0.758223772571412	([398, 27], [476, 398, 27])
1	0.7352086321295958	0.7583140425489193	([190, 99], [190, 175, 99])
1	0.7540937942585502	0.7585528012788199	([244, 122], [244, 164, 142])
1	0.736421955508441	0.7590184160313267	([407, 170], [477, 288, 154])
1	0.7435717158384089	0.7590184160313267	([466, 154], [477, 466, 154])
1	0.7326471396898582	0.7590302149753112	([309, 41], [309, 166, 42])
1	0.7566300424603798	0.7594362708493225	([478, 62], [478, 463, 62])
1	0.7056031207238826	0.759566131116057	([468, 41], [469, 468, 32])
1	0.731115088042161	0.7595913088372683	([270, 128], [274, 270, 128])
1	0.7379283796213266	0.759609896815791	([217, 112], [217, 179, 112])
1	0.7541366759713432	0.7597546573976925	([386, 172], [412, 386, 172])
1	0.7306322426277451	0.759900961525256	([309, 166], [402, 309, 135])
1	0.7466300970362231	0.7599555166626082	([481, 327], [481, 398, 327])
1	0.7367551258390435	0.7600276243794167	([481, 285], [481, 389, 285])
1	0.7513604804980404	0.7601282426166299	([479, 157], [479, 157, 130])
1	0.74132534802133	0.7603136490710842	([414, 298], [414, 381, 298])
1	0.7290958791413049	0.7603193740445404	([465, 288], [404, 170, 154])
1	0.7528370651866911	0.7603786433052452	([449, 293], [449, 441, 318])
1	0.75915087934373	0.7605926949907968	([401, 130], [468, 401, 385])
1	0.7517352630060395	0.7606042141662986	([473, 11], [477, 473, 13])
1	0.7545232107515591	0.7607227182458571	([362, 270], [362, 314, 306])
1	0.7448423696565302	0.7609999312747909	([228, 20], [271, 179, 174])
1	0.7514805327984497	0.7610669958647642	([462, 211], [462, 403, 396])
1	0.7418778036527929	0.7612963844999249	([246, 126], [246, 241, 126])
1	0.6889961897526937	0.7616286939558993	([481, 149], [280, 258, 161])
1	0.746957608396661	0.7617748835278517	([182, 24], [182, 136, 15])
1	0.7494942638595223	0.7618168382182476	([328, 250], [328, 298, 275])
1	0.7572338873875284	0.7620064370589185	([228, 57], [228, 170, 141])
1	0.7531651089576924	0.7620064370589185	([401, 228], [401, 228, 170])
1	0.7620531006437904	0.7620564003339761	([480, 48], [480, 403, 52])
1	0.7443674233179006	0.762160508153161	([468, 355], [468, 456, 400])
1	0.7493723593954094	0.7633629472872551	([306, 155], [306, 280, 167])
1	0.7482551550879232	0.763428169049505	([469, 296], [469, 396, 384])
1	0.7317740318116382	0.7634966526419372	([205, 73], [205, 161, 128])
1	0.7510243937599462	0.7635275457624265	([341, 228], [341, 228, 171])
1	0.7546212875203494	0.7635833711336083	([392, 293], [449, 392, 356])
1	0.7543526221425373	0.7637312233422939	([461, 30], [481, 402, 30])
1	0.761932625707381	0.763766577075019	([259, 49], [259, 151, 49])
1	0.7312718766057245	0.763766577075019	([259, 1], [259, 162, 151])
1	0.7581371095069713	0.763945412733073	([194, 102], [194, 154, 123])
1	0.7466874221736036	0.7639849391666699	([304, 208], [304, 275, 173])
1	0.7406267185482874	0.7640865970945241	([247, 158], [247, 223, 149])
1	0.7506061209331457	0.7644220024970659	([219, 68], [219, 115, 68])
1	0.7561262013493978	0.7644785732304896	([283, 183], [283, 268, 157])
1	0.7300653569057314	0.7644837749479826	([262, 147], [251, 223, 154])
1	0.7510743943248175	0.7646418388632342	([185, 68], [219, 188, 68])
1	0.7558450460073877	0.7650093235389019	([192, 96], [214, 192, 96])
1	0.7556640968806344	0.7650513802773163	([469, 126], [481, 469, 133])
1	0.7609303297206665	0.7650717941637715	([260, 152], [260, 244, 152])
1	0.7425309446647882	0.7651231874167834	([463, 172], [468, 463, 175])
1	0.7345903040368084	0.7652035930908547	([473, 268], [473, 423, 275])
1	0.7490678573771752	0.7655849974326471	([394, 258], [456, 350, 335])
1	0.7287347254137222	0.7655877002456073	([473, 306], [473, 306, 275])
1	0.7385939238973758	0.7656323492205637	([381, 261], [381, 361, 273])
1	0.7436147649079579	0.7659738230504024	([287, 28], [287, 138, 122])
1	0.7625079274836977	0.7660772194555407	([268, 113], [268, 157, 136])
1	0.7450959334766185	0.7661069115951797	([397, 165], [397, 240, 207])
1	0.7445877925428882	0.7661791624156999	([307, 212], [307, 252, 248])
1	0.7572609920489908	0.7662450422920882	([397, 131], [397, 131, 112])
1	0.7446224960132113	0.7662450422920882	([397, 61], [397, 165, 112])
1	0.7513480449370916	0.7664671279486884	([281, 190], [288, 281, 146])
1	0.7551086628833813	0.7666193854812662	([412, 284], [412, 310, 299])
1	0.7502807100327702	0.7667415356295384	([285, 193], [285, 224, 189])
1	0.7402863336132112	0.7668829689640979	([463, 276], [463, 397, 276])
1	0.7639275207282196	0.7669510067477181	([260, 100], [260, 127, 100])
1	0.763294273363978	0.7669820883896361	([396, 153], [402, 396, 30])
1	0.7475399385373624	0.7672400759504481	([229, 128], [229, 193, 177])
1	0.7268995011065776	0.76725148858571	([461, 171], [474, 461, 171])
1	0.7415596740790134	0.7675106890227514	([397, 240], [406, 397, 165])
1	0.7572372300001882	0.7676256023574691	([386, 136], [404, 386, 140])
1	0.7617736354588371	0.7676936750566311	([338, 227], [338, 291, 263])
1	0.7601875286338166	0.7676954171903528	([303, 204], [303, 258, 215])
1	0.7515299374218267	0.7677203550053308	([341, 101], [341, 100, 91])
1	0.7589897358366117	0.7677677722305124	([220, 99], [220, 190, 189])
1	0.7623202779527544	0.7678116558534032	([311, 172], [412, 311, 299])
1	0.7535013952937095	0.7678235072128062	([479, 46], [479, 397, 46])
1	0.7541465971938633	0.7678596407573509	([459, 299], [459, 403, 299])
1	0.7626971585373035	0.7679849225202109	([411, 316], [411, 345, 309])
1	0.7118704885186442	0.7680467505433238	([151, 1], [151, 7, 6])
1	0.7162933047534349	0.7680544060081574	([121, 1], [151, 121, 58])
1	0.7657657759556946	0.7681854904120394	([459, 167], [474, 459, 438])
1	0.7446773404647371	0.7682807286036933	([412, 7], [311, 276, 172])
1	0.731355945920721	0.7682962529779832	([379, 253], [379, 299, 253])
1	0.7500134268405331	0.7687329416571449	([444, 297], [473, 444, 306])
1	0.7582844615148034	0.7687428344890548	([411, 155], [411, 396, 155])
1	0.7451970406125488	0.7687767778291476	([197, 86], [199, 197, 86])
1	0.750205977239286	0.7691745740664973	([226, 31], [226, 164, 31])
1	0.7688125181500762	0.7693715318307486	([351, 247], [372, 351, 247])
1	0.7486053858155611	0.7696011448177706	([306, 59], [306, 155, 115])
1	0.7398129814618183	0.7696011448177706	([285, 115], [306, 285, 115])
1	0.7680447031322918	0.7696383105810227	([293, 188], [293, 217, 195])
1	0.7430381639997787	0.7696783658875354	([199, 87], [197, 173, 114])
1	0.7676942104234878	0.7697975489535419	([388, 157], [388, 295, 287])
1	0.755700351460984	0.7698419904829189	([450, 122], [462, 211, 122])
1	0.762979287454781	0.7698809360718701	([377, 264], [377, 369, 264])
1	0.7682925281936979	0.7699605268665759	([248, 60], [248, 175, 166])
1	0.7590291919899804	0.7700373229065981	([465, 44], [465, 165, 41])
1	0.7446517278821141	0.7706110118299477	([403, 21], [403, 170, 28])
1	0.7253801367889242	0.7706110118299477	([408, 28], [408, 403, 28])
1	0.7638648589386795	0.7706110118299477	([475, 28], [475, 403, 28])
1	0.7599047007255391	0.7706194870799626	([336, 70], [386, 336, 317])
1	0.7708777839252526	0.770989993089157	([310, 203], [310, 203, 163])
1	0.7668023572003664	0.7710344380562544	([338, 121], [380, 338, 95])
1	0.7404101119071728	0.7712718788621574	([463, 24], [478, 72, 62])
1	0.7656891114462148	0.7714811492688631	([276, 68], [276, 105, 83])
1	0.7564715513495354	0.7715136627561751	([479, 68], [479, 68, 40])
1	0.7690762522310729	0.7719229009508848	([284, 8], [421, 404, 8])
1	0.7711403656817166	0.7720140083529388	([264, 118], [295, 264, 118])
1	0.7523670417617905	0.7722757764981352	([241, 52], [241, 114, 104])
1	0.7475432626361245	0.7722811678688346	([473, 56], [465, 412, 56])
1	0.767447895818859	0.7723625522568183	([310, 45], [341, 310, 295])
1	0.7510483807584207	0.7725659732289349	([250, 98], [250, 215, 98])
1	0.7691856549451095	0.7725960010440145	([244, 82], [244, 222, 82])
1	0.7407987124576693	0.7726365707484995	([284, 139], [285, 284, 139])
1	0.7514473018293683	0.772763148468127	([252, 92], [252, 234, 92])
1	0.764085134611179	0.7728369424056654	([332, 146], [332, 285, 267])
1	0.7725048306311154	0.7728441610693216	([330, 25], [342, 330, 25])
1	0.7582004073052206	0.7730340094151723	([413, 13], [477, 413, 288])
1	0.772842665561087	0.7730490969523438	([377, 236], [377, 264, 223])
1	0.7716369789148122	0.7733424843336812	([277, 38], [277, 157, 122])
1	0.7619700504471388	0.7735165334804442	([380, 290], [380, 313, 290])
1	0.7563473344949326	0.7735717419885639	([409, 182], [409, 311, 182])
1	0.7690303223090993	0.7736300746693768	([268, 87], [268, 136, 87])
1	0.7529278820988493	0.7736941615856769	([321, 224], [321, 272, 269])
1	0.7524842870669197	0.7738809631504763	([472, 55], [472, 366, 33])
1	0.7297947553142226	0.7738809631504763	([401, 33], [476, 472, 33])
1	0.7546929695974102	0.7740421275332755	([258, 88], [277, 201, 19])
1	0.7607847720806739	0.7741395912208701	([473, 131], [473, 131, 59])
1	0.7687583398709504	0.7742131683196664	([462, 152], [462, 152, 136])
1	0.7494928086260363	0.7743310023592841	([201, 19], [258, 161, 88])
1	0.752505765194436	0.774503001547318	([418, 262], [418, 388, 262])
1	0.7085679879757574	0.7745666735837455	([183, 3], [221, 183, 177])
1	0.7695429509120958	0.7750144020831876	([412, 125], [412, 403, 125])
1	0.7064137939290761	0.775107507479476	([273, 95], [273, 210, 90])
1	0.7690618097805355	0.7753718008374266	([332, 4], [381, 365, 4])
1	0.7575763424789456	0.7759103689602549	([341, 187], [341, 207, 187])
1	0.7611169697887016	0.7759136238766543	([307, 124], [307, 212, 180])
1	0.7421395158690365	0.7762913629200829	([405, 159], [405, 309, 167])
1	0.7637488364823376	0.7766788969549981	([342, 58], [410, 307, 25])
1	0.7334397724268756	0.7768147173014218	([247, 4], [294, 247, 4])
1	0.7254296918397235	0.776848681632467	([410, 179], [410, 173, 30])
1	0.7046094667381967	0.7770762186067869	([458, 3], [306, 299, 16])
1	0.7725806864244176	0.7773492480767689	([313, 105], [313, 171, 155])
1	0.7755604734722011	0.7774854794276431	([196, 98], [183, 125, 98])
1	0.7646320270427085	0.7775158257070539	([242, 75], [242, 75, 34])
1	0.7406341358807963	0.7776732337462864	([380, 35], [481, 380, 369])
1	0.7605663045612617	0.7777449444370056	([269, 69], [269, 160, 69])
1	0.7763209609547489	0.7779570764826469	([228, 85], [228, 87, 85])
1	0.7620401537959857	0.7783217950581562	([333, 161], [333, 303, 215])
1	0.7415411051465195	0.7783217950581562	([390, 200], [390, 333, 215])
1	0.7682238744846475	0.7783978690066763	([369, 197], [369, 272, 222])
1	0.7587295666704786	0.7785373353201892	([318, 190], [321, 318, 190])
1	0.747281030118289	0.7785373353201892	([379, 190], [379, 321, 190])
1	0.7783548173416125	0.7786175864937223	([296, 41], [313, 309, 41])
1	0.7780033650163121	0.7790725218879293	([360, 168], [396, 360, 337])
1	0.7251453189323909	0.7791624166153291	([387, 171], [402, 387, 171])
1	0.7540501919568896	0.7795287654354268	([225, 42], [225, 153, 59])
1	0.7768627602342856	0.7795287654354268	([252, 59], [252, 225, 59])
1	0.7790522775288828	0.7796382106321964	([376, 274], [379, 376, 274])
1	0.7651543774229184	0.7797426124718383	([362, 182], [362, 333, 215])
1	0.7562324958483895	0.7801250318208165	([319, 158], [319, 299, 163])
1	0.7431188056548169	0.7801673198164384	([386, 70], [386, 140, 70])
1	0.7694087463609189	0.7804256375004331	([363, 189], [363, 335, 227])
1	0.7634635182508066	0.7804368433313039	([413, 137], [413, 397, 137])
1	0.7704614637932957	0.7804700047286615	([466, 174], [466, 174, 166])
1	0.7656232285083171	0.7805768036233373	([410, 266], [410, 269, 266])
1	0.7500564114340201	0.7806140000880146	([404, 239], [404, 239, 237])
1	0.7584042400480745	0.7808246169082812	([223, 61], [223, 83, 74])
1	0.7689931794843993	0.7808738925944363	([411, 47], [411, 133, 47])
1	0.7531389273367851	0.7815359660184094	([416, 259], [416, 332, 285])
1	0.7803191225157504	0.7815830180643595	([356, 161], [356, 306, 280])
1	0.7347013115248919	0.7816446447611597	([410, 241], [410, 396, 269])
1	0.7729042345176282	0.781987183002395	([395, 128], [416, 360, 128])
1	0.7424655378436676	0.7820628758086305	([353, 142], [353, 285, 276])
1	0.7453077559875441	0.7820786428917976	([286, 15], [410, 406, 15])
1	0.7775845884236791	0.7822597149233361	([458, 281], [458, 420, 292])
1	0.7577598176906817	0.7823429848099038	([471, 169], [471, 469, 169])
1	0.7806991673725447	0.7824262128490299	([383, 142], [383, 353, 338])
1	0.7681310488311216	0.7826710853872786	([416, 109], [474, 471, 128])
1	0.7744295901440718	0.7827356728117871	([475, 123], [475, 410, 123])
1	0.7801485411942042	0.7830207679668714	([320, 201], [320, 201, 151])
1	0.7728012408883188	0.7830321585573607	([337, 21], [400, 337, 21])
1	0.779408518263447	0.7830855682781582	([320, 151], [320, 279, 201])
1	0.7733890899782503	0.7831400184599033	([365, 279], [393, 365, 279])
1	0.764996170416128	0.7832604263541619	([294, 197], [294, 223, 207])
1	0.7725185269597268	0.7832773958786561	([348, 109], [418, 348, 109])
1	0.7666712556969271	0.7832773958786561	([418, 94], [418, 416, 109])
1	0.7700207129518205	0.7833124949518091	([347, 184], [347, 271, 184])
1	0.7465588704349235	0.7836772399227122	([405, 48], [405, 48, 31])
1	0.7694033112902191	0.7836837842798348	([350, 248], [371, 284, 276])
1	0.7665856636846479	0.7837432315687255	([195, 52], [184, 155, 52])
1	0.7716710630817366	0.7837754024846387	([367, 65], [367, 306, 65])
1	0.7810011327878497	0.7838926146282916	([455, 314], [455, 374, 310])
1	0.7733934316756959	0.7840293801314857	([335, 134], [348, 335, 109])
1	0.7507761278570688	0.78404837978393	([469, 75], [469, 75, 39])
1	0.7698804309449492	0.7851751866759217	([375, 224], [375, 341, 260])
1	0.7794176362986993	0.7852729379638668	([289, 198], [289, 228, 214])
1	0.7757180655810094	0.7853642385388881	([343, 198], [316, 289, 279])
1	0.7753989677225304	0.7856101241969995	([465, 121], [465, 288, 121])
1	0.7784604201032435	0.7859228703961594	([265, 54], [265, 244, 212])
1	0.7810569007400547	0.7862005450212174	([439, 162], [439, 402, 309])
1	0.7594964953605456	0.7863275670549497	([441, 252], [441, 419, 252])
1	0.781874106572251	0.7864043193700702	([421, 52], [421, 410, 52])
1	0.7751186681435662	0.7865184405177996	([289, 109], [418, 289, 262])
1	0.7745656913315307	0.7866166048720983	([286, 92], [286, 256, 210])
1	0.7843806790714627	0.7867274846360217	([440, 61], [463, 440, 61])
1	0.7728187471900352	0.7868934290136762	([375, 126], [378, 257, 126])
1	0.7695905798057996	0.7873634686093821	([406, 242], [406, 306, 216])
1	0.7850927323423997	0.7873634686093821	([407, 216], [407, 406, 216])
1	0.778886240616281	0.7874690393367612	([467, 277], [467, 277, 48])
1	0.7742954367566284	0.7874871665883026	([372, 212], [372, 247, 244])
1	0.7861018647105098	0.7876832495974287	([422, 271], [425, 422, 271])
1	0.7660726827392615	0.787939233543904	([392, 225], [380, 331, 313])
1	0.7864789364214384	0.788085400669025	([368, 149], [368, 341, 100])
1	0.7520648140334427	0.7881376797876086	([344, 106], [344, 337, 106])
1	0.7858728801095363	0.7887784341846862	([456, 158], [456, 388, 158])
1	0.7881897638115801	0.7890241901174947	([451, 138], [451, 428, 138])
1	0.7620447907330229	0.789162916754576	([348, 11], [348, 336, 11])
1	0.7854997127542142	0.7892368911478419	([269, 5], [293, 269, 213])
1	0.7745439202144186	0.7894074689013454	([249, 71], [249, 172, 71])
1	0.7859023298657212	0.7896489839002497	([261, 85], [261, 85, 68])
1	0.7813071603451323	0.789919211554759	([457, 255], [457, 380, 255])
1	0.7781124504099061	0.7901982686040528	([364, 258], [364, 333, 272])
1	0.7879165354514924	0.7902623855961425	([456, 176], [456, 176, 140])
1	0.7788211574920898	0.7905307643042881	([315, 30], [315, 310, 30])
1	0.7818797963414147	0.7907327524932528	([323, 159], [323, 310, 159])
1	0.7437186514150627	0.7908548912976384	([389, 107], [389, 285, 258])
1	0.7840042328926443	0.7908850141736843	([347, 113], [347, 197, 84])
1	0.7840739801776021	0.7908980377308853	([301, 19], [310, 301, 19])
1	0.7580055420647824	0.7910086376390869	([470, 16], [473, 470, 16])
1	0.7586474105377542	0.7910563704221991	([229, 19], [229, 140, 128])
1	0.7881202919304949	0.7911183125039236	([426, 277], [426, 388, 277])
1	0.7797237909295568	0.7912164668661978	([388, 117], [388, 259, 117])
1	0.7894316558123694	0.7913148146901688	([383, 57], [383, 173, 57])
1	0.7882490141381593	0.7914430973469195	([460, 88], [469, 460, 88])
1	0.7746234944410242	0.7914922722901204	([301, 140], [301, 283, 165])
1	0.7179204191694695	0.7915079416006773	([316, 143], [316, 308, 145])
1	0.7666041986822181	0.7915548047555997	([395, 108], [395, 287, 108])
1	0.7751826252431184	0.791776705150691	([480, 279], [480, 399, 366])
1	0.7849786765473256	0.7919291747654738	([311, 117], [311, 271, 117])
1	0.7842015336227535	0.7920864809486655	([418, 206], [418, 206, 171])
1	0.7596053512435192	0.7925836474069335	([380, 95], [398, 95, 88])
1	0.7782205988726796	0.7925873852621951	([320, 76], [320, 151, 137])
1	0.7863456091112732	0.7926079139167571	([476, 295], [476, 295, 269])
1	0.7698096863116427	0.7936335398971287	([340, 114], [377, 376, 241])
1	0.7924497725317832	0.7939634466235438	([389, 148], [389, 319, 285])
1	0.7771913651480385	0.794168884714756	([195, 93], [195, 119, 106])
1	0.7841223877387781	0.794216797821454	([293, 5], [293, 171, 5])
1	0.7800707382421653	0.7945865033304734	([361, 160], [361, 160, 58])
1	0.7611196580812145	0.7947280055526506	([274, 44], [274, 128, 44])
1	0.7932794656694074	0.794754166635867	([350, 51], [388, 350, 117])
1	0.7741509147313584	0.795894337470145	([379, 40], [471, 379, 40])
1	0.7712899899458207	0.7963854632735327	([366, 229], [366, 253, 229])
1	0.7824285239779424	0.7964041454111008	([209, 16], [209, 141, 98])
1	0.7817606831369066	0.796778448027755	([377, 80], [402, 377, 54])
1	0.7892744735191399	0.7969562353815434	([354, 216], [406, 354, 304])
1	0.7934782441853684	0.7971881282928761	([390, 249], [390, 336, 249])
1	0.7961497066195502	0.7972015838983694	([303, 64], [303, 125, 64])
1	0.7504784052729632	0.7977575255575846	([329, 86], [318, 270, 190])
1	0.7703975167201081	0.7978206054027237	([352, 141], [352, 273, 141])
1	0.7534402968994985	0.7980248095695519	([337, 199], [337, 258, 226])
1	0.7839074137704732	0.7980973065425229	([419, 20], [471, 419, 20])
1	0.7842148182129164	0.7984763156637399	([450, 5], [466, 450, 5])
1	0.7847428329412731	0.7985850362452531	([329, 6], [335, 329, 21])
1	0.7741454533246719	0.7986628018599554	([266, 22], [266, 200, 22])
1	0.783514734601904	0.7988032750079526	([345, 147], [406, 345, 147])
1	0.7353794084130763	0.799216232561177	([381, 4], [381, 62, 13])
1	0.7770454937190164	0.7993242150812513	([274, 23], [297, 171, 119])
1	0.7632245940139303	0.7993550945089972	([361, 127], [361, 273, 247])
1	0.7853788073375921	0.7997437922964732	([325, 194], [325, 293, 171])
1	0.7478368642336877	0.7997640310382159	([318, 34], [318, 161, 158])
1	0.790719728163228	0.8003728784737609	([394, 68], [404, 394, 68])
1	0.7890104892059789	0.8007487990110427	([447, 120], [447, 240, 120])
1	0.7989530511662125	0.8010976412061979	([344, 202], [344, 284, 154])
1	0.7769090520693598	0.8010999171064042	([330, 54], [391, 330, 54])
1	0.8010189289187908	0.801383814336867	([351, 179], [351, 347, 179])
1	0.793795863762486	0.8013936737047462	([433, 147], [459, 433, 369])
1	0.7616473517918428	0.8017579944852349	([453, 213], [453, 274, 213])
1	0.7959032855949995	0.8025112006954845	([233, 15], [233, 124, 39])
1	0.7821150874716992	0.80328137386193	([232, 41], [232, 160, 28])
1	0.8006991630572388	0.8034697756263941	([449, 71], [449, 378, 71])
1	0.7870930122555554	0.8039355540648687	([357, 66], [357, 331, 296])
1	0.7780483316127824	0.8040867279494961	([464, 245], [464, 245, 163])
1	0.7799874865337021	0.8043177240485699	([441, 143], [441, 418, 143])
1	0.7708195732046805	0.8047196272759365	([454, 19], [454, 380, 19])
1	0.7904289925744542	0.8052930654730716	([358, 110], [376, 358, 318])
1	0.8016722759776592	0.8053153626008228	([432, 183], [432, 408, 335])
1	0.7190557415348934	0.8054371960516583	([321, 7], [321, 169, 7])
1	0.7920276819690919	0.8055525792775811	([427, 185], [427, 341, 87])
1	0.7884654075351762	0.8063327908197626	([450, 195], [450, 390, 195])
1	0.7991609806404953	0.8065791897632124	([455, 222], [455, 222, 18])
1	0.7786623774897939	0.8068731254232697	([314, 37], [314, 297, 37])
1	0.8049138323550434	0.8070171781401422	([419, 211], [419, 333, 296])
1	0.7919194002927442	0.8074018275905687	([339, 53], [339, 311, 53])
1	0.8053658434406878	0.8075036537437892	([422, 204], [422, 408, 127])
1	0.793275420745271	0.8075552302434719	([448, 221], [448, 221, 70])
1	0.7314085545860474	0.8078800155709595	([479, 1], [479, 10, 7])
1	0.7281070527405374	0.8079013826762429	([401, 1], [401, 259, 154])
1	0.8075140739984586	0.8080096261588672	([358, 235], [365, 358, 235])
1	0.7510734307664988	0.8081666666415582	([358, 165], [358, 165, 162])
1	0.8059477709737473	0.8086483746990305	([239, 29], [239, 222, 29])
1	0.7476021040729799	0.8088443510024929	([436, 22], [436, 268, 200])
1	0.7590991964203143	0.8093322893600434	([392, 72], [392, 152, 72])
1	0.7353515634493875	0.8098728799737666	([433, 4], [433, 381, 160])
1	0.5996241946077701	0.8111137329614247	([36, 2], [36, 8, 6])
1	0.8072938419018278	0.8113141431158505	([390, 82], [390, 327, 82])
1	0.6126990189068037	0.8113890630771019	([210, 2], [210, 39, 36])
1	0.8110885470941571	0.8122853397300801	([444, 98], [444, 306, 104])
1	0.7985386490620314	0.8150170173262905	([346, 98], [449, 346, 98])
1	0.7922144313625882	0.8168452827919581	([454, 180], [454, 316, 293])
1	0.61114138510622	0.8216325752984022	([360, 2], [360, 63, 7])
1	0.7986371815523411	0.8294911626810244	([346, 22], [346, 240, 11])
1	0.5803897654991876	0.8485557065513333	([355, 0], [355, 150, 14])
1	0.6419143737654831	0.9024111131609024	([8, 1], [150, 8, 1])
0	0.0	inf	([0], [])
