0	0.0	0.2099804373788908	([30], [30, 29])
0	0.0	0.21422652206680373	([26], [26, 25])
0	0.0	0.2144845424041448	([27], [27, 26])
0	0.0	0.21943111095313028	([28], [28, 27])
0	0.0	0.21986748285691446	([42], [42, 41])
0	0.0	0.22202281310360972	([9], [9, 8])
0	0.0	0.22215248734410128	([44], [44, 43])
0	0.0	0.22591804526941786	([4], [4, 3])
0	0.0	0.22704476633818468	([436], [436, 435])
0	0.0	0.22834648775087055	([25], [25, 24])
0	0.0	0.22992633510249677	([29], [29, 28])
0	0.0	0.23033696858617583	([21], [21, 20])
0	0.0	0.2318614417957211	([13], [13, 12])
0	0.0	0.23242232633352966	([427], [427, 426])
0	0.0	0.23254265460521323	([24], [24, 23])
0	0.0	0.23256861213091692	([33], [33, 32])
0	0.0	0.23335170888012594	([11], [11, 10])
0	0.0	0.2340265094690695	([433], [433, 432])
0	0.0	0.23488008767100868	([70], [70, 69])
0	0.0	0.235002066880463	([16], [16, 15])
0	0.0	0.23523046187569274	([23], [23, 22])
0	0.0	0.23530902965959083	([31], [31, 30])
0	0.0	0.23621744841283748	([7], [7, 6])
0	0.0	0.23631830615681695	([10], [10, 9])
0	0.0	0.23639960114703226	([12], [12, 11])
0	0.0	0.23658198339726536	([437], [437, 436])
0	0.0	0.2368141803046974	([430], [430, 429])
0	0.0	0.2374377226494326	([377], [377, 376])
0	0.0	0.23788843696700998	([22], [22, 21])
0	0.0	0.2380306384047619	([389], [389, 388])
0	0.0	0.23850504630325156	([17], [17, 16])
0	0.0	0.2394971800429441	([8], [8, 7])
0	0.0	0.239587061797383	([18], [18, 17])
0	0.0	0.2408046882201481	([59], [59, 58])
0	0.0	0.2411724385336226	([432], [432, 431])
0	0.0	0.24197911029853406	([441], [441, 440])
0	0.0	0.2420491012912609	([79], [79, 78])
0	0.0	0.24319385006510025	([435], [435, 434])
0	0.0	0.24324177183985995	([384], [384, 383])
0	0.0	0.24366761614634788	([506], [506, 505])
0	0.0	0.2438463260265547	([445], [445, 444])
0	0.0	0.2440703522584165	([216], [216, 215])
0	0.0	0.24448757473803678	([301], [301, 300])
0	0.0	0.24520042649139764	([86], [86, 84])
0	0.0	0.24525976548074485	([40], [40, 39])
0	0.0	0.24564880051525645	([20], [20, 19])
0	0.0	0.2458177622429692	([84], [86, 85])
0	0.0	0.24604354728677807	([32], [32, 31])
0	0.0	0.2463708988970518	([19], [19, 18])
0	0.0	0.24711758123204056	([243], [243, 242])
0	0.0	0.24764426057996244	([379], [379, 378])
0	0.0	0.247860066142871	([434], [434, 433])
0	0.0	0.24792164579187867	([5], [5, 4])
0	0.0	0.24814007889385295	([408], [408, 407])
0	0.0	0.2484068493712794	([36], [36, 35])
0	0.0	0.2485190059378605	([61], [61, 60])
0	0.0	0.24992974990085737	([71], [71, 70])
0	0.0	0.24994926134203047	([6], [6, 5])
0	0.0	0.25032092127869826	([429], [429, 428])
0	0.0	0.2506376568042018	([294], [294, 293])
0	0.0	0.25100430983652555	([388], [388, 387])
0	0.0	0.25109398572808517	([78], [79, 77])
0	0.0	0.25136394952026425	([293], [294, 292])
0	0.0	0.25173244111758	([505], [506, 504])
0	0.0	0.2520303511297158	([424], [424, 423])
0	0.0	0.25249992826145423	([72], [72, 71])
0	0.0	0.2526186082724027	([15], [15, 14])
0	0.0	0.2528783553404716	([381], [381, 380])
0	0.0	0.2528832304151221	([438], [438, 436])
0	0.0	0.2530907732205908	([302], [302, 301])
0	0.0	0.2533905708478939	([265], [265, 264])
0	0.0	0.2534599186705219	([423], [423, 422])
0	0.0	0.2537562475809842	([300], [300, 299])
0	0.0	0.2538147636805443	([555], [555, 554])
0	0.0	0.2538623450717266	([426], [426, 425])
0	0.0	0.2547611259098924	([428], [428, 427])
0	0.0	0.2547915110263756	([268], [268, 267])
0	0.0	0.2550988347123878	([187], [187, 186])
0	0.0	0.255845018571522	([340], [340, 339])
0	0.0	0.25603679033011784	([440], [440, 439])
0	0.0	0.25615553531161395	([60], [60, 59])
0	0.0	0.2562329292231456	([439], [439, 438])
0	0.0	0.25634779480906994	([132], [132, 131])
0	0.0	0.25657515428021377	([554], [554, 553])
0	0.0	0.2567220581901804	([375], [375, 374])
0	0.0	0.2568451635267783	([14], [14, 13])
0	0.0	0.25717979577828104	([503], [503, 502])
0	0.0	0.25721599456119365	([425], [425, 424])
0	0.0	0.2573616954759066	([262], [262, 261])
0	0.0	0.2575299180803718	([542], [542, 541])
0	0.0	0.25843594172517914	([117], [117, 116])
0	0.0	0.2585180160497583	([324], [324, 323])
0	0.0	0.2592450615602923	([241], [241, 240])
0	0.0	0.25951478547795764	([502], [502, 501])
0	0.0	0.2595723447834639	([345], [345, 344])
0	0.0	0.25966615041720814	([553], [553, 552])
0	0.0	0.2598372467148345	([263], [263, 261])
0	0.0	0.26001787880281213	([552], [552, 551])
0	0.0	0.26013081772401775	([387], [387, 386])
0	0.0	0.26038210009585216	([421], [421, 420])
0	0.0	0.2604189906029985	([431], [431, 430])
0	0.0	0.2608841830330482	([346], [346, 345])
0	0.0	0.26117354868779064	([380], [380, 379])
0	0.0	0.26139801689907377	([413], [413, 412])
0	0.0	0.26175845366600187	([221], [221, 220])
0	0.0	0.26193340905201756	([116], [116, 115])
0	0.0	0.26230418117012233	([98], [98, 96])
0	0.0	0.2623599953203745	([41], [41, 40])
0	0.0	0.2624551061301411	([510], [510, 509])
0	0.0	0.26247315184218567	([336], [336, 335])
0	0.0	0.26262286284333536	([234], [234, 233])
0	0.0	0.26289876847583643	([57], [57, 56])
0	0.0	0.2632503814847809	([414], [414, 412])
0	0.0	0.26353029524259614	([415], [415, 414])
0	0.0	0.26354484379658766	([527], [527, 526])
0	0.0	0.2637778196218634	([480], [480, 479])
0	0.0	0.263789369344987	([564], [564, 563])
0	0.0	0.26397932592346135	([543], [543, 542])
0	0.0	0.26399630066263313	([385], [385, 384])
0	0.0	0.26403021034971624	([334], [334, 333])
0	0.0	0.26406641892263283	([83], [83, 82])
0	0.0	0.2641212490910669	([101], [101, 100])
0	0.0	0.26441657738429775	([488], [488, 487])
0	0.0	0.26443709873894716	([504], [504, 503])
0	0.0	0.2647490475294293	([88], [88, 87])
0	0.0	0.26481414835380773	([581], [581, 580])
0	0.0	0.26492584459697704	([409], [409, 408])
0	0.0	0.2649866107788761	([318], [318, 317])
0	0.0	0.2652544329685528	([170], [170, 169])
0	0.0	0.2652594455573338	([107], [107, 106])
0	0.0	0.26534953232145975	([282], [282, 281])
0	0.0	0.2658431719057111	([522], [522, 521])
0	0.0	0.2659498742196128	([569], [569, 568])
0	0.0	0.2659528444924875	([96], [96, 95])
0	0.0	0.2661133350311042	([446], [446, 445])
0	0.0	0.26648788705672943	([462], [462, 461])
0	0.0	0.26649639607160747	([261], [261, 260])
0	0.0	0.26658021480194555	([491], [491, 490])
0	0.0	0.26673851253728964	([403], [403, 402])
0	0.0	0.26674252195965326	([253], [253, 252])
0	0.0	0.26691557491496587	([231], [231, 230])
0	0.0	0.2672369262291638	([448], [448, 447])
0	0.0	0.2673116848518565	([183], [183, 182])
0	0.0	0.2673413972995938	([392], [392, 391])
0	0.0	0.2675245534279546	([390], [390, 389])
0	0.0	0.26765610755868835	([326], [326, 325])
0	0.0	0.2677071150781538	([333], [333, 332])
0	0.0	0.2677129927039953	([531], [531, 530])
0	0.0	0.2678653484325715	([422], [422, 421])
0	0.0	0.2679166632772074	([222], [222, 221])
0	0.0	0.2680546729222849	([323], [323, 322])
0	0.0	0.2682380391221272	([537], [537, 536])
0	0.0	0.2685069468204419	([416], [416, 415])
0	0.0	0.26851380985994683	([386], [386, 385])
0	0.0	0.2686900395681784	([299], [299, 298])
0	0.0	0.26879566933426013	([291], [291, 290])
0	0.0	0.26904916299928744	([239], [239, 238])
0	0.0	0.26926242254907323	([313], [313, 312])
0	0.0	0.26939425961225977	([224], [224, 223])
0	0.0	0.2695474822487147	([123], [123, 122])
0	0.0	0.2696314936996677	([52], [52, 51])
0	0.0	0.2696827344294702	([270], [270, 269])
0	0.0	0.2697408229088769	([410], [410, 409])
0	0.0	0.2699702486244158	([407], [407, 406])
0	0.0	0.2701423216959164	([51], [51, 50])
0	0.0	0.2701489287468957	([297], [297, 296])
0	0.0	0.2708221694941893	([478], [478, 477])
0	0.0	0.2708668449076089	([276], [276, 275])
0	0.0	0.2709339012742618	([579], [579, 578])
0	0.0	0.27101660814119366	([315], [315, 314])
0	0.0	0.2711057641685914	([120], [120, 119])
0	0.0	0.27136637195606594	([316], [316, 315])
0	0.0	0.2714430900238561	([545], [545, 544])
0	0.0	0.27144781019861114	([314], [315, 313])
0	0.0	0.27150070272806304	([163], [163, 162])
0	0.0	0.27159159215527995	([412], [412, 411])
0	0.0	0.27160816781184793	([106], [106, 105])
0	0.0	0.27176077317141467	([240], [240, 239])
0	0.0	0.27179847423501297	([342], [342, 341])
0	0.0	0.272043204314139	([354], [354, 353])
0	0.0	0.2721384915315522	([532], [532, 531])
0	0.0	0.27237997872865033	([138], [138, 137])
0	0.0	0.2727639500789651	([292], [292, 291])
0	0.0	0.2728027500622815	([89], [89, 88])
0	0.0	0.2729400878723193	([524], [524, 523])
0	0.0	0.27302759066555476	([498], [498, 497])
0	0.0	0.2730650295598584	([298], [298, 297])
0	0.0	0.2730950685523583	([180], [180, 179])
0	0.0	0.27334996109172477	([43], [43, 41])
0	0.0	0.27335073254544956	([218], [218, 217])
0	0.0	0.2736485149447809	([443], [443, 442])
0	0.0	0.2736512144612551	([580], [580, 579])
0	0.0	0.27420322664239627	([538], [538, 537])
0	0.0	0.2743757855942886	([196], [196, 195])
0	0.0	0.2744239306914458	([447], [447, 446])
0	0.0	0.27447079006179237	([460], [460, 459])
0	0.0	0.2744736794235812	([77], [77, 76])
0	0.0	0.2744757438743448	([135], [135, 134])
0	0.0	0.2746308586007344	([205], [205, 204])
0	0.0	0.2746826349581409	([208], [208, 207])
0	0.0	0.27494545598890074	([519], [519, 518])
0	0.0	0.2749640534033958	([35], [35, 34])
0	0.0	0.2751519254052372	([418], [418, 417])
0	0.0	0.2751944711395558	([444], [444, 443])
0	0.0	0.275250914163145	([469], [469, 468])
0	0.0	0.2753113594690333	([182], [182, 181])
0	0.0	0.27559447419599203	([167], [167, 166])
0	0.0	0.2756828356212283	([81], [81, 80])
0	0.0	0.2757826764021272	([325], [325, 324])
0	0.0	0.27580963872749814	([382], [382, 381])
0	0.0	0.276095006205137	([363], [363, 362])
0	0.0	0.2762731568985242	([148], [148, 147])
0	0.0	0.27630697983980007	([214], [214, 213])
0	0.0	0.27634463037619517	([378], [378, 377])
0	0.0	0.27642439223701654	([509], [509, 508])
0	0.0	0.27656282323987974	([286], [286, 285])
0	0.0	0.2765845778450207	([529], [529, 528])
0	0.0	0.27666092566089556	([343], [343, 342])
0	0.0	0.276674931195268	([419], [419, 418])
0	0.0	0.2768070572233469	([254], [254, 253])
0	0.0	0.27682864928835654	([93], [93, 92])
0	0.0	0.27687667612016004	([344], [344, 343])
0	0.0	0.27687713970707495	([351], [351, 350])
0	0.0	0.27695060689778817	([152], [152, 151])
0	0.0	0.2770291394637365	([515], [515, 514])
0	0.0	0.2770955835875132	([566], [566, 565])
0	0.0	0.27714129473219057	([335], [335, 332])
0	0.0	0.27719808755402203	([477], [477, 476])
0	0.0	0.27721683960716265	([267], [267, 266])
0	0.0	0.27732412142108115	([175], [175, 174])
0	0.0	0.2774838066357785	([188], [188, 187])
0	0.0	0.27760433556210523	([442], [442, 441])
0	0.0	0.2776229186700221	([258], [258, 257])
0	0.0	0.2777093476855327	([467], [467, 466])
0	0.0	0.27776542924513437	([139], [139, 138])
0	0.0	0.2777669678694068	([105], [105, 104])
0	0.0	0.2780311560457522	([400], [400, 399])
0	0.0	0.27807630653878374	([94], [94, 93])
0	0.0	0.2781549132996914	([155], [155, 154])
0	0.0	0.2781694376934003	([411], [411, 410])
0	0.0	0.27817133236857894	([349], [349, 348])
0	0.0	0.2785602971394927	([173], [173, 172])
0	0.0	0.2786387101278286	([507], [507, 506])
0	0.0	0.2786850596867131	([470], [470, 469])
0	0.0	0.2788459298191406	([362], [362, 361])
0	0.0	0.27889591785073603	([396], [396, 395])
0	0.0	0.278916502797638	([185], [185, 184])
0	0.0	0.27894928374070865	([134], [134, 133])
0	0.0	0.2789829536057164	([466], [466, 465])
0	0.0	0.2790369194526182	([122], [122, 121])
0	0.0	0.2790463286099002	([468], [468, 467])
0	0.0	0.2790598370814428	([259], [259, 258])
0	0.0	0.27909282790473233	([370], [370, 369])
0	0.0	0.27922063479209897	([45], [45, 44])
0	0.0	0.2793715572118029	([166], [166, 165])
0	0.0	0.2794548334438046	([143], [143, 142])
0	0.0	0.27951313909936404	([153], [153, 152])
0	0.0	0.2796965917162448	([327], [327, 326])
0	0.0	0.27971478509658904	([304], [304, 303])
0	0.0	0.27971537125656637	([320], [320, 319])
0	0.0	0.2797256325627767	([366], [366, 365])
0	0.0	0.27975206584126217	([171], [171, 170])
0	0.0	0.279888669332799	([124], [124, 123])
0	0.0	0.2800505836332013	([582], [582, 581])
0	0.0	0.28006082741447524	([476], [476, 475])
0	0.0	0.28011804840976684	([133], [133, 131])
0	0.0	0.28013823611223326	([184], [184, 183])
0	0.0	0.2801560694299229	([266], [266, 265])
0	0.0	0.28018145982011083	([177], [177, 176])
0	0.0	0.2802565981563569	([296], [297, 295])
0	0.0	0.2802956269898207	([119], [119, 118])
0	0.0	0.28060959650830053	([546], [546, 545])
0	0.0	0.28090861520179783	([247], [247, 246])
0	0.0	0.2809113367762717	([348], [348, 347])
0	0.0	0.2809406005862097	([539], [539, 538])
0	0.0	0.2812166534334471	([244], [244, 243])
0	0.0	0.28130231953142576	([154], [154, 153])
0	0.0	0.28147491492776716	([233], [233, 232])
0	0.0	0.28162935941195766	([125], [125, 124])
0	0.0	0.2816320978697473	([376], [376, 375])
0	0.0	0.2816515849655821	([215], [215, 214])
0	0.0	0.28167514285361256	([114], [114, 113])
0	0.0	0.2816880962334821	([195], [195, 194])
0	0.0	0.2816988134909186	([395], [395, 394])
0	0.0	0.28180210453308246	([513], [513, 512])
0	0.0	0.28192425087686396	([213], [213, 212])
0	0.0	0.28197064519205334	([528], [528, 527])
0	0.0	0.28207764869180735	([75], [75, 74])
0	0.0	0.282177373045536	([459], [459, 458])
0	0.0	0.2825263710462724	([201], [201, 200])
0	0.0	0.2825404944610612	([551], [551, 550])
0	0.0	0.2825767548902864	([128], [128, 127])
0	0.0	0.2826141405463865	([483], [483, 482])
0	0.0	0.2826166540164513	([242], [242, 241])
0	0.0	0.28264639753762427	([168], [168, 167])
0	0.0	0.2826538523422151	([251], [251, 250])
0	0.0	0.2827796370448588	([169], [169, 168])
0	0.0	0.282843010845493	([264], [264, 263])
0	0.0	0.28304676503678705	([255], [255, 254])
0	0.0	0.28307890348541015	([257], [257, 256])
0	0.0	0.28311451196292975	([474], [474, 473])
0	0.0	0.2831858106643137	([540], [540, 539])
0	0.0	0.28327087168525605	([576], [576, 575])
0	0.0	0.2833249944256519	([544], [544, 542])
0	0.0	0.2833669556754363	([328], [328, 327])
0	0.0	0.28344980354833377	([391], [391, 390])
0	0.0	0.2834501249635832	([353], [353, 352])
0	0.0	0.2835436058018279	([150], [150, 149])
0	0.0	0.2835599951032171	([371], [371, 370])
0	0.0	0.28357737506707786	([87], [87, 86])
0	0.0	0.28359872204101005	([526], [526, 525])
0	0.0	0.28369447298258166	([517], [517, 516])
0	0.0	0.2837076469215737	([295], [295, 294])
0	0.0	0.2837304544950265	([465], [465, 464])
0	0.0	0.2837381762886887	([146], [146, 145])
0	0.0	0.28379923673358853	([356], [356, 355])
0	0.0	0.2838010943272507	([58], [58, 57])
0	0.0	0.28381963009502575	([518], [518, 517])
0	0.0	0.2838633111695148	([571], [571, 570])
0	0.0	0.28393237339403077	([350], [350, 349])
0	0.0	0.28401445093693584	([508], [508, 507])
0	0.0	0.2840161941606566	([287], [287, 286])
0	0.0	0.2843644288212995	([97], [97, 96])
0	0.0	0.28441198080807567	([162], [162, 161])
0	0.0	0.28446983082430405	([172], [172, 171])
0	0.0	0.28449901320220267	([347], [347, 346])
0	0.0	0.28455409340591664	([530], [530, 529])
0	0.0	0.2846355064879987	([303], [303, 302])
0	0.0	0.2847118912885296	([573], [573, 572])
0	0.0	0.2847314049443268	([271], [271, 270])
0	0.0	0.28479066724589125	([217], [217, 216])
0	0.0	0.28482968301932965	([112], [112, 111])
0	0.0	0.2848531501971633	([118], [118, 117])
0	0.0	0.284982031678227	([306], [306, 305])
0	0.0	0.2849947873681346	([227], [227, 226])
0	0.0	0.28517729348172555	([73], [73, 72])
1	0.2794192575860058	0.28532611228781013	([335, 334], [335, 334, 332])
0	0.0	0.28541766783260286	([46], [46, 45])
0	0.0	0.28564903790531854	([34], [34, 33])
0	0.0	0.28565250257477987	([401], [401, 400])
0	0.0	0.2856619043362671	([165], [165, 164])
0	0.0	0.28577402679336994	([99], [99, 98])
0	0.0	0.2860833262603492	([151], [151, 150])
0	0.0	0.28610507167990706	([85], [84, 83])
0	0.0	0.286152982199307	([406], [406, 405])
0	0.0	0.2861841003373178	([260], [260, 259])
0	0.0	0.2862524652498029	([203], [203, 202])
0	0.0	0.2864519238238476	([338], [338, 337])
0	0.0	0.2866048852642909	([383], [383, 382])
0	0.0	0.2867750866231431	([547], [547, 546])
0	0.0	0.2867798586915077	([360], [360, 359])
0	0.0	0.2870149490740317	([310], [310, 309])
0	0.0	0.28719137624288205	([194], [194, 193])
0	0.0	0.28719304244728955	([533], [533, 532])
0	0.0	0.2872010459641818	([367], [367, 366])
0	0.0	0.2872040508618112	([457], [457, 456])
0	0.0	0.28737424336515793	([284], [284, 283])
0	0.0	0.28746673312157967	([103], [103, 102])
0	0.0	0.2875343027037432	([147], [147, 146])
0	0.0	0.28753643514091837	([275], [275, 274])
0	0.0	0.28766884367554374	([164], [164, 163])
0	0.0	0.28771530991051886	([280], [280, 279])
0	0.0	0.28772477446854294	([374], [374, 373])
0	0.0	0.28781936720364326	([176], [176, 175])
0	0.0	0.28805188248422703	([486], [486, 485])
0	0.0	0.28814144067616304	([329], [329, 328])
0	0.0	0.2881778485967591	([108], [108, 107])
0	0.0	0.28844230457067	([463], [463, 462])
0	0.0	0.28883098972142107	([565], [565, 564])
0	0.0	0.28886085833816555	([492], [492, 491])
0	0.0	0.289022844144064	([283], [283, 282])
0	0.0	0.2892180581062421	([115], [115, 114])
0	0.0	0.2892753189976422	([494], [494, 493])
0	0.0	0.28959382381253035	([559], [559, 558])
0	0.0	0.2896288461009163	([357], [357, 356])
0	0.0	0.28974846573254326	([493], [493, 492])
0	0.0	0.28989874240559554	([92], [92, 91])
0	0.0	0.2900449957167481	([204], [204, 203])
0	0.0	0.2901792885885575	([514], [514, 513])
0	0.0	0.2902364904894943	([149], [149, 148])
0	0.0	0.29086739918682725	([90], [90, 89])
0	0.0	0.2910613883537759	([230], [230, 229])
0	0.0	0.29107564515156736	([279], [279, 278])
0	0.0	0.2912113765282179	([181], [181, 180])
0	0.0	0.29121691324106974	([252], [252, 251])
0	0.0	0.2912885700975815	([121], [121, 120])
0	0.0	0.2914769975457131	([76], [76, 75])
0	0.0	0.2916128534766076	([317], [317, 316])
0	0.0	0.29162243386643016	([104], [104, 103])
0	0.0	0.2917859192050234	([127], [127, 126])
0	0.0	0.2917975233097688	([567], [567, 566])
0	0.0	0.2919508187733243	([137], [137, 136])
0	0.0	0.29204402367308196	([497], [497, 496])
0	0.0	0.29212966770454535	([126], [126, 125])
0	0.0	0.29246125822567265	([525], [525, 524])
0	0.0	0.2925185110068503	([237], [237, 236])
0	0.0	0.2925543185134468	([464], [464, 463])
0	0.0	0.29271798314918235	([352], [352, 351])
0	0.0	0.29291264755933866	([535], [535, 534])
0	0.0	0.2930438297876476	([511], [511, 510])
0	0.0	0.293108389030056	([290], [290, 289])
0	0.0	0.2932529772674422	([481], [481, 480])
0	0.0	0.29331112106989377	([74], [75, 73])
0	0.0	0.2933689486429378	([113], [113, 112])
0	0.0	0.2936185634161572	([475], [475, 474])
0	0.0	0.2937445283120422	([523], [523, 522])
0	0.0	0.2937561250987178	([570], [570, 569])
0	0.0	0.2938390922618808	([285], [285, 284])
0	0.0	0.29418349407074174	([190], [190, 189])
0	0.0	0.29442391047170086	([454], [454, 453])
0	0.0	0.2946525596522827	([402], [402, 401])
0	0.0	0.2946673141391368	([189], [189, 188])
1	0.28438992815132275	0.29474432989556726	([555, 550], [555, 553, 551])
0	0.0	0.29482267541603396	([207], [207, 206])
0	0.0	0.2951733956710981	([136], [136, 135])
0	0.0	0.2952857452838937	([157], [157, 156])
0	0.0	0.29554250442372787	([161], [161, 160])
0	0.0	0.2956171521842779	([404], [404, 403])
0	0.0	0.2956351427918071	([490], [490, 489])
0	0.0	0.2956847003259822	([453], [453, 452])
0	0.0	0.295735832156829	([202], [202, 201])
0	0.0	0.2959167553948094	([487], [487, 486])
0	0.0	0.2960492776609887	([278], [278, 277])
0	0.0	0.29624625568387314	([451], [451, 450])
0	0.0	0.29632152938696754	([248], [248, 247])
0	0.0	0.29643267467317064	([144], [144, 143])
0	0.0	0.29659095990451056	([420], [420, 419])
0	0.0	0.2966568484294331	([393], [393, 392])
0	0.0	0.29710386797990984	([534], [534, 533])
0	0.0	0.2971929962940863	([250], [250, 249])
0	0.0	0.2972273401822041	([80], [80, 79])
0	0.0	0.29725460647764407	([197], [197, 196])
0	0.0	0.29727255391598784	([3], [3, 2])
0	0.0	0.2974565443155177	([131], [131, 130])
0	0.0	0.29792993424449277	([141], [141, 140])
0	0.0	0.2979354597106156	([55], [55, 54])
0	0.0	0.29798444051043615	([210], [210, 209])
0	0.0	0.29860782751674464	([332], [332, 331])
0	0.0	0.29869070887947224	([520], [520, 519])
0	0.0	0.2987967222724913	([319], [319, 318])
0	0.0	0.2990111335106971	([219], [219, 218])
0	0.0	0.29909033364099286	([130], [130, 129])
0	0.0	0.2992372578909652	([556], [556, 555])
0	0.0	0.29933724833825615	([238], [238, 237])
0	0.0	0.29937554421263174	([309], [309, 308])
0	0.0	0.2994368115143898	([256], [256, 255])
0	0.0	0.2995282614410761	([449], [449, 448])
0	0.0	0.29956834047650327	([583], [583, 582])
0	0.0	0.2996398019845173	([198], [198, 197])
0	0.0	0.29984771148087475	([536], [536, 535])
0	0.0	0.29991286948126955	([484], [484, 483])
0	0.0	0.3001115382964943	([68], [68, 67])
0	0.0	0.3001967169572706	([455], [455, 454])
0	0.0	0.30020732598041655	([541], [541, 540])
0	0.0	0.30021313833807334	([473], [473, 472])
0	0.0	0.300417752423307	([39], [39, 36])
0	0.0	0.30057785436740886	([191], [191, 190])
0	0.0	0.3005937027655555	([307], [307, 306])
0	0.0	0.3006100856122149	([450], [450, 449])
0	0.0	0.3007870404985993	([482], [482, 481])
0	0.0	0.30092852040580953	([100], [100, 99])
0	0.0	0.3010636103755127	([48], [48, 47])
0	0.0	0.30108054374065046	([322], [322, 321])
0	0.0	0.30143084046994434	([489], [489, 488])
0	0.0	0.3016869001451936	([417], [417, 416])
0	0.0	0.30171514779175	([398], [398, 397])
0	0.0	0.3018455556109975	([499], [499, 498])
0	0.0	0.3018862765717735	([550], [550, 549])
0	0.0	0.3019282468088083	([568], [568, 567])
0	0.0	0.3020149965348492	([50], [50, 49])
0	0.0	0.30208057390334275	([223], [223, 222])
0	0.0	0.3026313846142929	([281], [281, 280])
0	0.0	0.30275189044513867	([226], [226, 225])
0	0.0	0.3030149453436722	([548], [548, 547])
0	0.0	0.30304445613681	([111], [111, 110])
0	0.0	0.30311083042890374	([339], [339, 338])
0	0.0	0.3031842603940346	([199], [199, 198])
0	0.0	0.30343077720262485	([274], [274, 273])
0	0.0	0.3036472874166567	([249], [249, 248])
0	0.0	0.3039501831109668	([82], [82, 81])
0	0.0	0.30397803719761	([562], [562, 561])
0	0.0	0.304077629316563	([373], [373, 372])
0	0.0	0.30430692712655777	([288], [288, 287])
0	0.0	0.3050124888100917	([355], [355, 354])
0	0.0	0.3051290520625191	([193], [193, 192])
0	0.0	0.3051657703024376	([140], [141, 139])
0	0.0	0.3053173989746576	([53], [53, 52])
0	0.0	0.30571283171369024	([235], [235, 234])
0	0.0	0.30651935586095597	([501], [501, 500])
0	0.0	0.30659775362342984	([47], [47, 46])
0	0.0	0.30661545373691784	([369], [369, 368])
0	0.0	0.30677031611819233	([178], [178, 177])
0	0.0	0.3074153127437001	([56], [56, 55])
0	0.0	0.3074741127120339	([461], [461, 460])
0	0.0	0.3075886627711467	([397], [397, 396])
0	0.0	0.3078662786818183	([359], [359, 358])
0	0.0	0.3081604663621033	([129], [129, 128])
0	0.0	0.3081950441776526	([49], [49, 48])
0	0.0	0.30825114639781664	([308], [308, 307])
0	0.0	0.30834515931012973	([572], [572, 571])
0	0.0	0.3084117268670847	([456], [456, 455])
0	0.0	0.30844006743423485	([364], [364, 363])
0	0.0	0.3085171537005873	([458], [458, 457])
0	0.0	0.3092291187623296	([192], [192, 191])
0	0.0	0.3093178207053758	([160], [160, 159])
0	0.0	0.30957983905280423	([557], [557, 556])
0	0.0	0.3099665616895684	([54], [54, 53])
0	0.0	0.3101230612177332	([512], [512, 511])
0	0.0	0.31017414524019415	([209], [209, 208])
0	0.0	0.3103216113585155	([405], [405, 404])
0	0.0	0.31048263384209784	([372], [372, 371])
0	0.0	0.3108279816935499	([561], [561, 560])
0	0.0	0.3108949434923706	([341], [341, 340])
0	0.0	0.3110128678991958	([269], [269, 268])
0	0.0	0.3110675474264409	([158], [158, 157])
0	0.0	0.31109396211669693	([289], [289, 288])
0	0.0	0.31114439335415683	([574], [574, 573])
1	0.30807899954595436	0.3114125659232902	([87, 83], [87, 86, 83])
0	0.0	0.3115768904415113	([179], [179, 178])
0	0.0	0.31159578907663243	([236], [236, 235])
0	0.0	0.31174660778150726	([229], [229, 228])
0	0.0	0.312067490528244	([560], [560, 559])
0	0.0	0.3124320783634988	([485], [485, 484])
0	0.0	0.3125487239558191	([211], [211, 210])
0	0.0	0.31271025320250356	([368], [368, 367])
0	0.0	0.31312642422845394	([95], [95, 94])
0	0.0	0.3132270167423649	([225], [225, 224])
0	0.0	0.3134327613305532	([578], [578, 577])
0	0.0	0.31355007542115904	([312], [312, 311])
0	0.0	0.31450827041672813	([563], [563, 562])
0	0.0	0.31461387628326876	([2], [39, 38])
0	0.0	0.3148925405813647	([142], [144, 141])
0	0.0	0.31532722996089113	([66], [66, 65])
0	0.0	0.3153866127994624	([549], [549, 548])
0	0.0	0.31593533113361	([63], [63, 62])
0	0.0	0.31607140648608506	([228], [228, 227])
1	0.3126250675340844	0.31625017368433084	([538, 534], [538, 536, 534])
0	0.0	0.3162765789897277	([277], [277, 276])
0	0.0	0.3167132589897536	([159], [159, 158])
0	0.0	0.3174173867830062	([575], [575, 574])
0	0.0	0.31817536628242277	([109], [109, 108])
0	0.0	0.3184835758161386	([305], [305, 304])
0	0.0	0.31861152071764615	([273], [273, 272])
0	0.0	0.31913760437663885	([516], [516, 515])
0	0.0	0.31937349262764514	([65], [65, 64])
0	0.0	0.3198463257380004	([472], [472, 471])
0	0.0	0.3216113962946631	([206], [206, 205])
0	0.0	0.32246110233060093	([102], [102, 101])
0	0.0	0.32256292636896977	([479], [479, 478])
0	0.0	0.3229143804334633	([330], [330, 329])
0	0.0	0.32311439687937193	([145], [145, 144])
0	0.0	0.3231371365588152	([272], [272, 271])
0	0.0	0.3237457995799436	([200], [200, 199])
0	0.0	0.324125661711466	([245], [245, 244])
0	0.0	0.3244057336485782	([394], [394, 393])
0	0.0	0.32520774585883233	([358], [358, 357])
0	0.0	0.3256064552987273	([521], [521, 520])
0	0.0	0.3262018942780599	([212], [212, 211])
0	0.0	0.32630006385501353	([496], [496, 495])
0	0.0	0.32672300491676903	([558], [558, 557])
0	0.0	0.3271777520810189	([246], [246, 245])
0	0.0	0.32721295020406055	([495], [495, 494])
0	0.0	0.32737300625425314	([337], [337, 336])
0	0.0	0.3278629331777425	([577], [577, 575])
0	0.0	0.3281405514250539	([186], [186, 185])
0	0.0	0.32830499866495405	([174], [174, 173])
0	0.0	0.329132795657369	([311], [311, 310])
0	0.0	0.32922917234616705	([64], [64, 63])
0	0.0	0.3302227888823756	([365], [365, 364])
0	0.0	0.3302984477698298	([321], [321, 320])
0	0.0	0.33227031761264275	([399], [399, 398])
0	0.0	0.3332916793811429	([62], [62, 61])
0	0.0	0.33367344793243964	([38], [2, 1])
0	0.0	0.3339164616681645	([232], [232, 231])
0	0.0	0.3356268402871064	([452], [452, 451])
0	0.0	0.3360110734273458	([471], [471, 470])
0	0.0	0.3364362747252475	([67], [67, 66])
0	0.0	0.33696142828770975	([500], [500, 499])
1	0.3277419306228674	0.3369918348755898	([271, 268], [271, 270, 268])
0	0.0	0.3372219791236525	([110], [110, 109])
0	0.0	0.3375430334282059	([331], [331, 330])
0	0.0	0.33843392720389354	([91], [91, 90])
1	0.32622279351465056	0.34046203777476747	([314, 311], [314, 313, 312])
0	0.0	0.34271565763758755	([69], [69, 68])
0	0.0	0.3439663569937411	([361], [361, 360])
0	0.0	0.34643035515767334	([156], [156, 155])
0	0.0	0.3485237134339585	([220], [220, 219])
1	0.3431299133614303	0.3504013459834268	([94, 91], [94, 93, 91])
1	0.35022824148815623	0.351404615496021	([67, 64], [67, 66, 65])
1	0.34791608366695	0.3529792443336837	([580, 577], [580, 579, 578])
1	0.31653708571479167	0.356331885333495	([572, 565], [572, 568, 566])
1	0.33521798659059	0.3584251515235333	([532, 524], [532, 530, 529])
1	0.33651585327652006	0.3616273128037628	([404, 398], [404, 400, 399])
1	0.3563191287726276	0.36443784935922025	([119, 113], [119, 118, 113])
0	0.0	0.3669344780884866	([1], [1, 0])
1	0.34833905230134343	0.37024875716830613	([178, 174], [178, 177, 175])
1	0.3450122847027195	0.37024936394899166	([287, 279], [287, 284, 280])
1	0.3776211130698844	0.3785023864720065	([565, 562], [565, 564, 562])
1	0.3707514270613875	0.37995133639984796	([121, 110], [121, 120, 110])
1	0.3850183640338502	0.39299363704113693	([331, 320], [331, 330, 321])
1	0.3734864582598324	0.40401057364452964	([330, 321], [330, 326, 322])
1	0.40795667249437323	0.4112788320376115	([521, 508], [522, 521, 511])
1	0.4039224807669459	0.4126996923584804	([371, 361], [372, 371, 361])
1	0.37941203321033024	0.4157986224865749	([373, 360], [371, 369, 361])
1	0.4023712021379702	0.4174944676268215	([522, 511], [521, 520, 511])
1	0.39216515034743954	0.4178947522951488	([126, 110], [126, 122, 111])
1	0.41050843964626915	0.4196559324341708	([155, 145], [155, 149, 145])
1	0.4396241813104596	0.44101530370972664	([482, 472], [482, 476, 472])
1	0.44365290440450633	0.4476649195204767	([64, 54], [64, 63, 54])
1	0.443266107244377	0.44934196666768955	([90, 76], [90, 81, 76])
1	0.4118175078991063	0.4531635436554772	([156, 144], [156, 149, 145])
1	0.45815642115028304	0.4599489153140075	([56, 46], [56, 55, 46])
1	0.4598833600244012	0.46019132299995175	([193, 176], [193, 185, 176])
1	0.4601693363997186	0.4650659763270527	([478, 467], [478, 473, 467])
1	0.46481010027387276	0.46580739320946474	([66, 48], [66, 63, 48])
1	0.4662131525258558	0.46704928784060457	([469, 456], [469, 464, 462])
1	0.46207371169784595	0.47017497770148575	([35, 15], [35, 34, 15])
1	0.4470533973041924	0.47687929545139285	([500, 473], [498, 485, 472])
1	0.4772093979904211	0.48064321256181874	([247, 233], [247, 239, 235])
1	0.47514266068164523	0.4872039499111435	([129, 115], [129, 128, 116])
1	0.48264617201961635	0.49535802898818226	([196, 172], [194, 185, 176])
1	0.4998469088988164	0.5002439705944854	([487, 464], [487, 482, 464])
1	0.49736026838029596	0.5013468805543613	([309, 278], [307, 304, 289])
1	0.503672352630937	0.5059079878404695	([310, 288], [310, 302, 291])
1	0.47959231471986197	0.5079625798812969	([323, 309], [323, 320, 318])
1	0.49707417021494904	0.5080516625417967	([516, 499], [514, 512, 499])
1	0.5124380227570784	0.5177195556544634	([59, 43], [59, 56, 45])
1	0.5107437675984762	0.5181085294064373	([210, 191], [210, 199, 198])
1	0.5078207182490473	0.526670794170806	([329, 307], [329, 323, 307])
1	0.5179206662529603	0.5272239923892205	([499, 454], [499, 471, 470])
1	0.522875033625512	0.5319279967146102	([519, 497], [518, 515, 497])
1	0.49841892599617676	0.533308213485497	([187, 157], [174, 160, 159])
1	0.5285268665071	0.5428982461785099	([203, 188], [203, 201, 188])
1	0.5325162432991847	0.5452108335476956	([149, 122], [149, 140, 126])
1	0.5343963159180112	0.545652736736212	([153, 124], [145, 136, 128])
1	0.5452612138692328	0.5468563061495467	([41, 9], [41, 40, 9])
1	0.5439666629993717	0.5469674011671889	([456, 362], [470, 456, 452])
1	0.5450274277414361	0.5479095733139945	([410, 382], [410, 397, 391])
1	0.5475081581130364	0.5479216091957012	([412, 389], [412, 407, 389])
1	0.5268627083666808	0.5487719868164808	([116, 96], [117, 116, 98])
1	0.5288182801971483	0.5492009530282285	([155, 123], [160, 149, 122])
1	0.5458380922682952	0.5502027129659371	([198, 151], [198, 171, 151])
1	0.5412082934600662	0.5505000730614245	([93, 68], [93, 91, 68])
1	0.5222613977802262	0.5517450412807031	([92, 67], [93, 92, 67])
1	0.551980817617572	0.5545234547468367	([146, 93], [146, 122, 93])
1	0.5505796656422679	0.5560303402047702	([401, 361], [401, 400, 361])
1	0.548504725846421	0.5563243045555148	([45, 5], [45, 42, 6])
1	0.5423004056181887	0.5564164018869732	([43, 6], [44, 43, 4])
1	0.5517984449626532	0.5566984791999449	([357, 330], [357, 352, 330])
1	0.5117135986768117	0.5580734349017425	([44, 4], [44, 39, 8])
1	0.5448633159118083	0.5582211337486556	([560, 512], [560, 533, 531])
1	0.550735241058416	0.5585121810356338	([402, 356], [402, 400, 370])
1	0.5583539124055013	0.5587715994593457	([102, 65], [103, 102, 65])
1	0.553286694909824	0.5599661576829922	([165, 107], [165, 155, 122])
1	0.5597747588463038	0.5607698110727645	([232, 198], [232, 218, 209])
1	0.5601554117812585	0.5608162495347297	([323, 277], [323, 309, 277])
1	0.5432068774124693	0.5611656399401139	([164, 108], [164, 150, 123])
1	0.5287242442830107	0.5614093229228527	([157, 98], [157, 130, 129])
1	0.5543354564844261	0.5628287230373196	([500, 450], [500, 472, 451])
1	0.55755476411679	0.5643970370525496	([103, 63], [105, 103, 63])
1	0.5642333571028242	0.5645529825585168	([498, 361], [498, 474, 361])
1	0.5381113901679582	0.5645541464129755	([470, 362], [465, 458, 368])
1	0.5640124155783866	0.5646609506903769	([520, 452], [520, 499, 452])
1	0.5473284645844796	0.5661383094202856	([105, 64], [102, 91, 67])
1	0.5651903560620575	0.5665587679735398	([468, 366], [468, 465, 366])
1	0.5532101813241425	0.5667570605951741	([362, 329], [356, 355, 326])
1	0.5655738044965959	0.5668632553524341	([478, 170], [478, 459, 163])
1	0.5461295864427005	0.5676345670006635	([361, 327], [361, 356, 327])
1	0.5602060852980002	0.5701477240413065	([452, 357], [454, 452, 357])
1	0.5601485993971618	0.5706052717053088	([363, 166], [466, 458, 363])
1	0.5691025974098671	0.5710305445226308	([171, 110], [171, 168, 110])
1	0.567291553772643	0.5715281515691446	([574, 517], [574, 559, 520])
1	0.5532680365601086	0.5721777189964613	([449, 408], [449, 441, 412])
1	0.544890744428709	0.5725776667691876	([394, 359], [396, 389, 376])
1	0.5531805309879536	0.5729799965696232	([460, 169], [466, 460, 169])
1	0.5669227052657838	0.573048845998147	([231, 192], [231, 211, 210])
1	0.5623664949779407	0.5734294950543947	([475, 162], [495, 475, 162])
1	0.5652544300700412	0.5738678901798258	([167, 103], [170, 167, 105])
1	0.5573265518211861	0.5739709540098706	([471, 150], [479, 471, 167])
1	0.5631718613810932	0.5744158613141919	([398, 358], [398, 392, 375])
1	0.5535810406473544	0.5744518612328624	([124, 66], [101, 93, 66])
1	0.5735867507790275	0.5747149156011909	([229, 153], [229, 196, 195])
1	0.5398313670685793	0.5747703678328111	([466, 166], [466, 459, 163])
1	0.5441900053578241	0.575350437406897	([463, 365], [466, 460, 365])
1	0.5714936981841547	0.5757632412304224	([486, 168], [484, 462, 168])
1	0.5698578726153415	0.5762232616608247	([94, 55], [94, 87, 68])
1	0.558051513558372	0.5782615777475851	([476, 172], [484, 475, 162])
1	0.576770873462932	0.5787198396317131	([228, 147], [228, 194, 150])
1	0.5773021119096082	0.5789618750650551	([472, 154], [472, 459, 163])
1	0.5773932939285944	0.5794082490876675	([278, 229], [278, 272, 247])
1	0.5789096912878711	0.5796079696937393	([395, 351], [395, 375, 351])
1	0.5803853964972785	0.5810215517427333	([456, 164], [466, 456, 164])
1	0.5414659484750678	0.581320581560805	([400, 370], [401, 393, 372])
1	0.5778793224492177	0.5813506779034177	([570, 522], [570, 558, 522])
1	0.56158135839238	0.5818076726178315	([453, 402], [454, 453, 402])
1	0.5817741330131383	0.5821922290257429	([76, 5], [76, 58, 45])
1	0.572700511815233	0.5824387451026594	([460, 196], [460, 196, 166])
1	0.5814222666907266	0.582631356306195	([451, 399], [452, 451, 357])
1	0.5801926395129133	0.5826463054977925	([488, 198], [488, 467, 198])
1	0.5820646626346483	0.5827469890966952	([104, 49], [104, 94, 65])
1	0.5758768609019914	0.5839507556596313	([498, 171], [498, 465, 171])
1	0.5790551732546978	0.5841738349943463	([361, 229], [327, 325, 229])
1	0.5685146663731642	0.5842753753405993	([366, 167], [458, 366, 167])
1	0.5781590216802246	0.5843461427054443	([564, 504], [564, 558, 522])
1	0.5742123258430383	0.5844692773229093	([364, 171], [469, 465, 171])
1	0.583257991567364	0.5845035802340713	([453, 324], [453, 364, 356])
1	0.5398058143528663	0.5847684813684016	([63, 1], [47, 45, 2])
1	0.5683145186146648	0.5850196167502885	([368, 162], [368, 162, 124])
1	0.5790920805982723	0.5852667962291288	([489, 161], [489, 478, 170])
1	0.5826352189344667	0.585347566371082	([463, 192], [482, 463, 192])
1	0.5825036028965679	0.5855885051772289	([454, 161], [454, 361, 357])
1	0.5782532516507586	0.5856170750960799	([447, 382], [447, 443, 409])
1	0.5835121851029773	0.5857243688746195	([448, 392], [448, 445, 383])
1	0.580204798310853	0.5857824591355928	([369, 325], [369, 364, 325])
1	0.568983929609564	0.5863060422047497	([459, 371], [459, 457, 367])
1	0.5675121540861425	0.5865503530631304	([361, 161], [472, 454, 154])
1	0.5816061532541142	0.5866311564042815	([362, 194], [362, 198, 194])
1	0.5775947609326945	0.5871182927122538	([574, 454], [574, 517, 499])
1	0.583031149526441	0.5873757281892906	([445, 383], [445, 407, 383])
1	0.5652548319419325	0.5874047112937109	([368, 124], [474, 467, 162])
1	0.5803347471845277	0.5876895687422629	([199, 123], [199, 197, 123])
1	0.5807522262141938	0.5882763230800492	([367, 123], [457, 367, 123])
1	0.5836928573999007	0.5885677192267054	([576, 501], [563, 533, 523])
1	0.584194227120986	0.5886218988666545	([577, 511], [577, 558, 511])
1	0.5800125266857232	0.5886765499648767	([191, 111], [191, 151, 111])
1	0.5877969992047649	0.5888768338458092	([578, 506], [578, 564, 504])
1	0.5848212622573741	0.5894985559956744	([363, 110], [367, 363, 110])
1	0.5890408813081808	0.5896115480745916	([146, 65], [146, 93, 65])
1	0.5852178596334022	0.5896467580901801	([401, 325], [401, 361, 229])
1	0.5669127759706866	0.5896467580901801	([453, 229], [453, 401, 229])
1	0.5691113888162802	0.589809040649634	([463, 108], [463, 166, 152])
1	0.5490645638465785	0.5899486160317537	([325, 230], [367, 361, 229])
1	0.5679952464204496	0.5906482828151627	([450, 405], [450, 443, 410])
1	0.5800879709084972	0.5917241302001104	([452, 228], [457, 228, 171])
1	0.5843773917480279	0.5929295035091849	([402, 228], [453, 402, 228])
1	0.5360508199961401	0.5930087139514206	([462, 363], [451, 450, 398])
1	0.5303379174802453	0.5944599465723911	([487, 163], [325, 324, 229])
1	0.5886319119081541	0.5944964310877586	([159, 1], [159, 121, 1])
1	0.5947000344232832	0.5958451110461328	([324, 172], [324, 229, 228])
1	0.5958698164386247	0.5959859872731167	([200, 1], [233, 227, 1])
1	0.5815183485270083	0.596030848368852	([458, 106], [458, 161, 150])
1	0.5831206294006336	0.5966966615951089	([308, 232], [308, 276, 246])
1	0.5683666962492095	0.5970017428359319	([454, 231], [454, 402, 228])
1	0.5943271678366293	0.5971965882684473	([324, 0], [324, 64, 1])
1	0.5897620907879166	0.5972758957108348	([367, 66], [367, 110, 66])
1	0.570382500728855	0.5972994056024915	([324, 64], [364, 325, 64])
1	0.5886219614474844	0.5974209586300528	([230, 0], [324, 230, 228])
1	0.5765890486354682	0.5974624676169888	([123, 52], [123, 102, 64])
1	0.5658360144316876	0.5981321104172973	([370, 64], [172, 146, 123])
1	0.5786667171290956	0.598504032203076	([355, 246], [355, 324, 229])
1	0.5875305081693206	0.598885644819319	([308, 66], [308, 307, 66])
1	0.597881530945277	0.5991308024469916	([455, 326], [455, 363, 361])
1	0.5961728389134439	0.5995819377592695	([81, 2], [81, 72, 2])
1	0.5867701555775622	0.6000848100621204	([364, 103], [364, 169, 160])
1	0.5984880543660848	0.6002378359054178	([118, 0], [155, 118, 106])
1	0.5911396071479068	0.6003539305289175	([234, 66], [308, 234, 232])
1	0.5585185931071732	0.6004184894989373	([464, 66], [464, 454, 66])
1	0.6006134255305383	0.6007910053282114	([514, 196], [514, 196, 66])
1	0.6007158234258038	0.6009782640389872	([411, 340], [411, 381, 344])
1	0.5918499154693003	0.6017095360567716	([369, 232], [369, 197, 105])
1	0.5794216900830913	0.6018008051193794	([231, 64], [231, 196, 66])
1	0.5821016472401636	0.6018008051193794	([307, 65], [234, 231, 66])
1	0.5742059960250758	0.6019110685096759	([356, 49], [366, 356, 49])
1	0.5897060393539219	0.6019619962095007	([369, 105], [369, 356, 194])
1	0.5985716444152599	0.6021206411072321	([494, 230], [494, 454, 364])
1	0.5984941917781775	0.6023307009226231	([326, 125], [463, 455, 326])
1	0.5843767067755723	0.6023550666858696	([450, 224], [450, 405, 223])
1	0.5819716811574213	0.6025329390948526	([372, 226], [372, 355, 226])
1	0.5936158525628725	0.6032734687652194	([329, 176], [329, 229, 171])
1	0.583225623704589	0.6033533197856777	([155, 0], [230, 162, 0])
1	0.5925569504961837	0.603849429440795	([224, 157], [224, 207, 157])
1	0.5833021336039781	0.6039420530551511	([163, 53], [195, 163, 53])
1	0.5876974014113554	0.6039420530551511	([229, 68], [229, 195, 53])
1	0.6005122172406054	0.6042490574555563	([486, 327], [486, 455, 327])
1	0.6008079428682955	0.6046481100610926	([472, 111], [472, 457, 111])
1	0.5830572512748252	0.604873876818855	([514, 66], [514, 481, 456])
1	0.5960593081811675	0.6050902782654615	([562, 450], [533, 520, 450])
1	0.5903520630547082	0.6050911867021648	([519, 231], [519, 468, 231])
1	0.6017812742819492	0.6051326990275289	([326, 210], [326, 232, 210])
1	0.5784502619757386	0.6051852905418585	([327, 50], [327, 307, 66])
1	0.5988889566278266	0.6052981562259174	([494, 104], [494, 467, 104])
1	0.5930012028460557	0.6054764395417839	([233, 1], [233, 195, 159])
1	0.5542073558181414	0.6056561986006328	([505, 449], [510, 500, 450])
1	0.6032778364698254	0.6061068527859201	([328, 149], [370, 362, 151])
1	0.604862949907393	0.6064472685569748	([371, 200], [371, 362, 192])
1	0.6039447545091547	0.6068638521873513	([328, 173], [328, 228, 173])
1	0.5923074783299107	0.6076246189814419	([394, 47], [394, 372, 66])
1	0.606551422062079	0.6078261983287977	([487, 112], [487, 161, 160])
1	0.6076921591781224	0.60784931096668	([473, 64], [473, 171, 161])
1	0.5441874210386697	0.6078985811189203	([92, 0], [119, 118, 0])
1	0.5990228599926647	0.6085441091417992	([466, 325], [466, 364, 325])
1	0.5975372384927627	0.6088677193748941	([267, 220], [263, 239, 220])
1	0.5937675504911677	0.608874106962137	([569, 451], [569, 567, 500])
1	0.6023428381819795	0.6090327154792242	([371, 233], [371, 233, 230])
1	0.6074161965221134	0.6094313241370619	([419, 15], [433, 419, 16])
1	0.596821230815904	0.6096483879330111	([209, 49], [209, 154, 64])
1	0.595649068442834	0.6098127058603189	([519, 124], [519, 499, 124])
1	0.6031026864741346	0.6099016337118152	([354, 1], [354, 324, 309])
1	0.5805872322676371	0.6100031094819697	([452, 1], [454, 452, 1])
1	0.5959385342947752	0.6100634613959035	([452, 158], [452, 228, 160])
1	0.5999734795539686	0.6104452799405606	([403, 55], [403, 361, 67])
1	0.6013913812378235	0.6106964407571799	([151, 48], [367, 151, 48])
1	0.6001197790693839	0.611166309299205	([134, 56], [134, 117, 56])
1	0.6049998578659833	0.6116256671491664	([399, 65], [399, 367, 229])
1	0.6071174413097122	0.6116561064091973	([206, 47], [227, 206, 47])
1	0.5807597403772634	0.6120258834357942	([405, 223], [405, 403, 226])
1	0.6057024009055034	0.6120889580150628	([558, 1], [558, 394, 1])
1	0.606671856042215	0.6121301618132567	([358, 208], [360, 208, 203])
1	0.610562957019699	0.6121918583939113	([356, 128], [356, 162, 128])
1	0.6111580188273547	0.6122995295175785	([339, 267], [339, 312, 293])
1	0.6027483373012866	0.6125697721008577	([558, 394], [558, 520, 1])
1	0.5906317992383379	0.6127361369395287	([519, 400], [519, 517, 400])
1	0.6044199714512374	0.6128892610646457	([358, 187], [358, 208, 203])
1	0.6022923999268085	0.6138381284429669	([351, 207], [353, 351, 207])
1	0.6119585083216601	0.6139324943611311	([505, 380], [505, 446, 390])
1	0.6112250058612184	0.6139353045903112	([372, 147], [372, 371, 200])
1	0.6045534441110274	0.6140020226744238	([365, 0], [365, 162, 106])
1	0.6129965566529041	0.6142018066676684	([512, 395], [512, 453, 402])
1	0.583274391677908	0.6142018066676684	([575, 402], [575, 512, 402])
1	0.5858284089477411	0.614272263878746	([402, 126], [355, 229, 68])
1	0.604416394124444	0.614272263878746	([358, 68], [358, 355, 68])
1	0.5983318223254481	0.6146206134382484	([330, 48], [367, 329, 48])
1	0.6131475870800469	0.6147219928699489	([330, 154], [356, 330, 154])
1	0.609351795258975	0.6147731300491397	([500, 358], [500, 358, 158])
1	0.6076117679736374	0.6148239399549913	([451, 0], [451, 365, 355])
1	0.6128510761572901	0.614826196989183	([418, 75], [418, 410, 74])
1	0.6021852703059164	0.6148887012611313	([309, 206], [309, 235, 231])
1	0.6112428689896645	0.614928053612636	([202, 137], [206, 202, 137])
1	0.593312049902503	0.6149833523934349	([211, 51], [403, 210, 173])
1	0.5847932390007751	0.6159422674969236	([360, 157], [359, 351, 157])
1	0.6131910749122748	0.6159885014193325	([344, 76], [222, 221, 90])
1	0.6107238300791549	0.6159885014193325	([411, 90], [411, 222, 90])
1	0.6084317726802482	0.6160417104812497	([404, 218], [404, 399, 218])
1	0.6026443080434516	0.6160520122851977	([138, 2], [138, 97, 1])
1	0.611406821376179	0.6161175819410204	([216, 0], [218, 216, 0])
1	0.6128336097827066	0.6162206317230043	([398, 322], [398, 358, 322])
1	0.5977612708767159	0.6163679239517929	([365, 54], [402, 365, 54])
1	0.6141598148187974	0.6165155330634654	([359, 213], [359, 202, 187])
1	0.6072765344954211	0.6165536714705437	([433, 16], [429, 419, 15])
1	0.6009666077990929	0.6165968438679049	([429, 38], [433, 431, 9])
1	0.6040352664003122	0.6169164529808071	([471, 0], [471, 365, 106])
1	0.601809842946483	0.6171605675639128	([404, 48], [404, 403, 53])
1	0.5934189621513005	0.617296323353847	([410, 74], [410, 394, 74])
1	0.6166188484972549	0.61758301283113	([221, 4], [222, 221, 4])
1	0.6106035287229535	0.6176324549665453	([402, 310], [402, 324, 310])
1	0.6119716766664898	0.6178099008241168	([400, 50], [402, 400, 50])
1	0.603036361233269	0.6178099008241168	([512, 50], [512, 402, 50])
1	0.5904173762770811	0.6180530605235468	([432, 18], [432, 419, 15])
1	0.6136803962909851	0.618219919029981	([370, 206], [370, 327, 309])
1	0.5954361489097515	0.6185900244808435	([217, 2], [217, 212, 1])
1	0.6096473363167816	0.6187038278729068	([436, 34], [436, 421, 34])
1	0.6118684373011348	0.6195004457164289	([443, 6], [435, 40, 26])
1	0.6083026911893711	0.6195004457164289	([435, 31], [435, 421, 40])
1	0.5060257068044093	0.6195347089268546	([339, 222], [358, 339, 221])
1	0.6163949004998734	0.6199557059610451	([212, 144], [212, 144, 138])
1	0.6175765264728019	0.6199557059610451	([220, 138], [220, 212, 138])
1	0.6048688593292668	0.6200203373632385	([567, 209], [567, 518, 496])
1	0.5985232186529361	0.620447816021137	([500, 200], [500, 452, 206])
1	0.6168221730368317	0.62066163218146	([518, 148], [518, 494, 148])
1	0.5896624483746131	0.6208350048144196	([421, 40], [435, 431, 31])
1	0.6200029337284335	0.6211015981914481	([261, 3], [261, 221, 3])
1	0.6116955881056194	0.621150764728766	([307, 190], [307, 218, 190])
1	0.6188320135651562	0.6211715477301727	([360, 95], [360, 157, 98])
1	0.6033127797207136	0.621842341849714	([578, 98], [578, 221, 90])
1	0.6093813518020592	0.6218682195333796	([341, 223], [348, 341, 223])
1	0.5951149668496363	0.6219610128686939	([449, 220], [408, 392, 220])
1	0.6045039081811683	0.6224747696491945	([406, 342], [406, 398, 342])
1	0.620665533020701	0.6225733748676225	([323, 146], [323, 232, 229])
1	0.6184230188121569	0.6225994679838449	([204, 91], [204, 158, 91])
1	0.6148236757412354	0.6226415616596672	([402, 190], [402, 228, 210])
1	0.5910883273108954	0.622782041016857	([436, 10], [436, 434, 10])
1	0.621446707396532	0.6228698794111923	([138, 71], [138, 90, 71])
1	0.5857190457594038	0.6228698794111923	([221, 90], [220, 138, 90])
1	0.6213725437303264	0.6228698794111923	([578, 138], [578, 138, 90])
1	0.5797507544793692	0.6229340295428496	([578, 339], [578, 507, 222])
1	0.588607968850762	0.622972404952562	([518, 209], [518, 209, 148])
1	0.622712462925262	0.6230065073623424	([339, 72], [339, 221, 90])
1	0.604048510260247	0.6232034968299384	([348, 224], [349, 341, 223])
1	0.6193150129524619	0.6232207986521839	([517, 208], [517, 400, 208])
1	0.6181064661431906	0.6232601062494306	([568, 210], [568, 561, 210])
1	0.6080283586744819	0.6233346733899705	([524, 393], [557, 536, 393])
1	0.619737616450116	0.6236356727128185	([557, 275], [557, 452, 275])
1	0.616500378869693	0.6237546420788482	([289, 1], [324, 288, 275])
1	0.6233875725681537	0.6238327445238937	([319, 133], [342, 319, 2])
1	0.6112524245543969	0.6245229465787238	([497, 93], [497, 151, 150])
1	0.6225410375287158	0.6246716437402534	([513, 54], [513, 473, 64])
1	0.6076090199207836	0.6247995507631583	([422, 14], [422, 421, 14])
1	0.6189968562799074	0.6248660557435658	([223, 116], [223, 212, 138])
1	0.619407786186273	0.6249434484154534	([392, 2], [396, 352, 2])
1	0.6145806830026446	0.6250507142373649	([444, 4], [442, 389, 4])
1	0.6199966676300193	0.625079866710624	([324, 122], [324, 122, 110])
1	0.6187831433956111	0.625225255513438	([447, 5], [447, 445, 5])
1	0.6200657585707552	0.6255928298637198	([390, 59], [390, 59, 45])
1	0.599202955227977	0.6256159448975882	([576, 360], [576, 575, 360])
1	0.6021879552965236	0.6257729814822165	([420, 76], [420, 344, 340])
1	0.6121978809474081	0.6258402577442718	([342, 2], [392, 339, 222])
1	0.6085102352269053	0.626117685838474	([502, 157], [578, 576, 90])
1	0.6206495996634205	0.6262364429078079	([440, 42], [440, 389, 42])
1	0.6161523914696926	0.6269456249655296	([538, 406], [563, 538, 406])
1	0.6024492303773047	0.6270796123019624	([396, 270], [396, 358, 270])
1	0.6231401290783005	0.6272064151188252	([526, 444], [526, 503, 446])
1	0.6203480248965988	0.6272064151188252	([542, 446], [542, 526, 446])
1	0.5990204592255156	0.627341321560265	([561, 397], [561, 452, 397])
1	0.6230446471551977	0.6275502285710007	([504, 4], [578, 504, 221])
1	0.6232483934490995	0.6275503145408318	([133, 46], [133, 46, 2])
1	0.6159025278139639	0.6278582074984519	([347, 272], [353, 347, 272])
1	0.5895810769185432	0.6279806323021234	([258, 2], [269, 213, 211])
1	0.6269913676387961	0.6280129240373276	([215, 89], [221, 215, 69])
1	0.6247649184132352	0.6285682529198171	([258, 48], [258, 252, 48])
1	0.6184237876334627	0.6285852401670269	([516, 279], [516, 453, 232])
1	0.6155939515978532	0.6287516284136694	([398, 219], [398, 372, 226])
1	0.6159756285124991	0.6290337236901128	([536, 442], [538, 450, 442])
1	0.6230259505813666	0.6298644924830094	([373, 201], [450, 373, 216])
1	0.583267931651355	0.6300012653828393	([431, 19], [420, 76, 4])
1	0.584910560902709	0.6300012653828393	([389, 5], [420, 388, 4])
1	0.6294162069396295	0.6300727816228788	([534, 443], [534, 523, 407])
1	0.6121739660324563	0.6302600513645402	([380, 3], [389, 380, 3])
1	0.6169466682079604	0.6302813027865254	([501, 143], [501, 156, 143])
1	0.6288832701434138	0.6303815353485938	([385, 83], [392, 385, 72])
1	0.5792723635910794	0.630574955475355	([418, 35], [418, 416, 35])
1	0.617931476728847	0.6308265685475841	([513, 306], [513, 361, 306])
1	0.6236091111418824	0.6308408168339964	([568, 54], [568, 513, 497])
1	0.630316338581184	0.6309049091888339	([503, 377], [503, 449, 446])
1	0.6084062360479834	0.6310201242709267	([501, 129], [502, 501, 157])
1	0.6282351150232847	0.6311666311527546	([391, 7], [391, 79, 45])
1	0.61780141596705	0.6311666311527546	([391, 79], [391, 390, 45])
1	0.6301945393581538	0.6311666311527546	([449, 45], [449, 391, 45])
1	0.5757439815747947	0.6313454320893069	([507, 222], [578, 503, 449])
1	0.6180598611662115	0.6313784871255711	([568, 246], [568, 452, 246])
1	0.621197182426471	0.6318844323877553	([225, 143], [225, 197, 155])
1	0.6194579873450601	0.6324975029502607	([574, 227], [574, 369, 355])
1	0.6318895628690426	0.6326318939719261	([523, 381], [523, 381, 222])
1	0.6238619139431695	0.6328769036104265	([505, 344], [505, 449, 344])
1	0.626303494364504	0.6328958616226484	([567, 321], [567, 364, 324])
1	0.619922139858839	0.6329977883031401	([207, 74], [207, 157, 74])
1	0.6305710251285583	0.6335038386011069	([521, 320], [521, 393, 359])
1	0.630580894303516	0.6337917526078244	([523, 319], [523, 271, 222])
1	0.6283200209810095	0.6338195020786623	([511, 398], [511, 496, 451])
1	0.6295302832573706	0.6341976335282419	([189, 52], [189, 99, 92])
1	0.6333279692238333	0.634626881044083	([273, 159], [273, 230, 159])
1	0.6343626704366052	0.6348912509349606	([545, 345], [545, 502, 448])
1	0.6332230639604934	0.6348912509349606	([545, 448], [545, 507, 502])
1	0.6267327360456747	0.6348928913256958	([378, 265], [378, 340, 312])
1	0.6128895461854548	0.6349569846559834	([406, 46], [406, 393, 46])
1	0.6305372786403727	0.634982037560122	([217, 75], [221, 217, 75])
1	0.631723407906263	0.635109199884017	([240, 175], [240, 212, 211])
1	0.6306400178616511	0.6353364039209214	([573, 158], [573, 503, 500])
1	0.6353575621322194	0.6356234784424987	([279, 67], [279, 246, 67])
1	0.6321321170686376	0.6359177119241198	([142, 73], [142, 95, 90])
1	0.6350827951837653	0.636012365802532	([279, 110], [279, 110, 67])
1	0.5980583702642086	0.6365730188073845	([502, 345], [502, 373, 349])
1	0.6318659631804419	0.6367052454134846	([337, 74], [394, 343, 74])
1	0.6294881951225689	0.6367302205913301	([334, 236], [334, 312, 250])
1	0.6348691221875725	0.6368620785714417	([529, 216], [529, 501, 216])
1	0.6270939309484787	0.6375504632983617	([537, 417], [537, 523, 407])
1	0.6365043305940133	0.6377161622387117	([534, 2], [534, 509, 2])
1	0.6294408665166392	0.6377797423644225	([565, 306], [565, 516, 499])
1	0.6357400088228714	0.6379868441862994	([572, 203], [582, 203, 157])
1	0.6346582285102539	0.6379868441862994	([582, 96], [582, 510, 157])
1	0.6286939627752463	0.6381279921998849	([345, 116], [345, 342, 138])
1	0.6325718706727652	0.6384141917912406	([259, 49], [259, 206, 49])
1	0.6337936778722016	0.6384479239080266	([577, 52], [577, 519, 400])
1	0.6174272952604776	0.6390749075492502	([442, 79], [442, 390, 79])
1	0.617710966017367	0.6392303716228412	([577, 200], [577, 454, 200])
1	0.6176940239691884	0.6393400642448481	([521, 212], [521, 450, 320])
1	0.6319838574931668	0.6393565028188454	([449, 135], [449, 135, 132])
1	0.6380127715645381	0.6394433778814449	([573, 199], [573, 199, 158])
1	0.6230609710289019	0.6394554725614774	([558, 211], [574, 558, 211])
1	0.627431328281057	0.6396087120227976	([346, 69], [346, 340, 69])
1	0.6328126592132174	0.640219133722359	([345, 4], [334, 317, 1])
1	0.6362802853854912	0.6402855404546186	([572, 354], [572, 450, 353])
1	0.6339012786881184	0.6403783454284739	([583, 59], [583, 582, 57])
1	0.6387491753235038	0.6405885693361357	([408, 87], [408, 87, 47])
1	0.6364451693013915	0.6406820010581366	([427, 39], [432, 427, 39])
1	0.6356555590144358	0.6409755666529212	([413, 43], [427, 413, 43])
1	0.6299430583663849	0.6414934311553542	([448, 319], [448, 376, 344])
1	0.6262085739950406	0.641525400194669	([393, 214], [393, 355, 214])
1	0.6356278368070267	0.6422464259908438	([337, 54], [337, 324, 54])
1	0.6234451639915408	0.6424537146062625	([236, 96], [236, 144, 139])
1	0.6276120820920265	0.6425654970402753	([576, 0], [570, 558, 0])
1	0.6346326174618425	0.6427307015472923	([273, 47], [273, 159, 50])
1	0.6423389791894966	0.6429675580249259	([566, 348], [566, 451, 348])
1	0.6402883997779754	0.6432062821826842	([505, 215], [505, 501, 216])
1	0.6250576420597275	0.6432999172713615	([335, 187], [360, 335, 187])
1	0.6366344908331306	0.6434952058449254	([381, 71], [421, 381, 380])
1	0.6412353012303895	0.6437821192337726	([563, 142], [563, 501, 142])
1	0.6243708404162235	0.6439423627360484	([407, 215], [407, 344, 222])
1	0.6359126910038349	0.6439515337677957	([569, 285], [569, 285, 255])
1	0.6440575521957481	0.6444773912838757	([319, 204], [319, 204, 157])
1	0.6368840044690107	0.6444888868969672	([333, 216], [373, 336, 216])
1	0.6428607626101867	0.6446498557102143	([566, 273], [568, 566, 273])
1	0.6429199492952715	0.6448821052316944	([279, 135], [279, 135, 110])
1	0.6371465448400229	0.6449736552579839	([407, 265], [407, 390, 265])
1	0.6363781669319165	0.6450390356012837	([421, 71], [421, 386, 77])
1	0.6431212810564212	0.6452921251384515	([526, 348], [526, 512, 348])
1	0.6415509375320108	0.6461057646269168	([443, 80], [443, 442, 80])
1	0.628208111687545	0.6462638099626984	([522, 73], [522, 394, 73])
1	0.615482605348937	0.6463236898917369	([407, 70], [407, 390, 45])
1	0.6452828753371478	0.6465956364167581	([507, 375], [507, 383, 375])
1	0.6407067360585831	0.6467942940358832	([375, 132], [375, 342, 334])
1	0.635640396117968	0.6469301048387656	([332, 242], [332, 285, 245])
1	0.6180193838029155	0.646997301363457	([549, 410], [549, 525, 447])
1	0.6445473208185583	0.647055531949408	([410, 267], [410, 267, 263])
1	0.6314319991636744	0.647055531949408	([389, 263], [410, 389, 263])
1	0.6386717297385164	0.647121841606917	([377, 156], [449, 377, 156])
1	0.6373877617810632	0.647317643920589	([564, 46], [564, 450, 46])
1	0.6419563829105912	0.6475361777699267	([541, 69], [541, 420, 69])
1	0.6280179185113269	0.64754717773295	([569, 255], [569, 451, 402])
1	0.6435545642624332	0.6475748224869411	([412, 57], [434, 412, 44])
1	0.6465815710771348	0.6479784489626502	([383, 40], [435, 383, 381])
1	0.624693159769735	0.6480960993802428	([583, 202], [583, 202, 57])
1	0.6140574709069953	0.648322702427762	([262, 5], [262, 221, 5])
1	0.6453050496621799	0.6483553514227097	([575, 182], [575, 194, 182])
1	0.6455440518013268	0.6486398305249981	([559, 74], [559, 228, 47])
1	0.6346504874903872	0.649095840724392	([570, 207], [570, 510, 500])
1	0.6412236340996244	0.6494350522521463	([570, 276], [570, 276, 207])
1	0.6476857308813787	0.6500749308868207	([579, 70], [579, 564, 70])
1	0.6163992568917736	0.6501520031272235	([548, 217], [563, 353, 1])
1	0.6487512394324053	0.6502002369733331	([504, 137], [504, 222, 137])
1	0.6465298748454122	0.6504002693202896	([271, 140], [360, 271, 140])
1	0.6476905866215613	0.6508517263659513	([583, 382], [583, 574, 398])
1	0.646396283792898	0.6508780274889886	([216, 87], [216, 133, 87])
1	0.6338998484984156	0.651143417321574	([545, 72], [578, 545, 72])
1	0.6512769871295466	0.6529472165299459	([533, 288], [557, 533, 275])
1	0.6337858602600165	0.65307655965276	([249, 137], [249, 223, 137])
1	0.6355507446776675	0.6535092031456079	([539, 219], [539, 450, 219])
1	0.6390048482915442	0.6548041298157434	([281, 114], [281, 203, 134])
1	0.6549943873034783	0.6551540636027176	([337, 143], [359, 337, 308])
1	0.6534066989286468	0.6552438352689846	([570, 318], [570, 318, 208])
1	0.6544047334597258	0.6552866598480355	([346, 137], [504, 346, 220])
1	0.6436020681331558	0.6554682441835051	([248, 113], [278, 248, 100])
1	0.644704884536551	0.6557275195610924	([571, 248], [571, 248, 208])
1	0.6448547313939986	0.656196117109355	([264, 7], [264, 221, 3])
1	0.6545789117832204	0.6562431211929756	([581, 350], [581, 399, 350])
1	0.642875990735491	0.6565708935042222	([506, 144], [506, 360, 144])
1	0.6496207420158798	0.6568705888311961	([580, 94], [580, 357, 92])
1	0.6535771948775051	0.6573612689716851	([563, 262], [563, 262, 217])
1	0.6501596347650286	0.6575305493057892	([347, 87], [408, 347, 87])
1	0.6398407578361918	0.6576826350421547	([398, 283], [398, 341, 283])
1	0.654430123253041	0.6593028324837626	([316, 95], [316, 263, 90])
1	0.6595916633403883	0.6601091035434457	([544, 213], [544, 392, 220])
1	0.6590899754108617	0.6603903254161343	([534, 291], [534, 291, 268])
1	0.6582565924534726	0.661215406795696	([332, 181], [332, 236, 201])
1	0.6449626364813384	0.6612492521382158	([583, 312], [583, 564, 312])
1	0.6587561819712682	0.6622486134357939	([528, 263], [528, 410, 345])
1	0.6589202724836779	0.6624164516163586	([581, 49], [581, 499, 48])
1	0.6543614646498236	0.6636731478523586	([549, 87], [549, 87, 1])
1	0.6172557457434655	0.664286680322262	([549, 269], [549, 410, 269])
1	0.6519465408541628	0.6647950934226459	([256, 82], [256, 82, 1])
1	0.6558641787887608	0.6652724721524047	([386, 241], [386, 241, 222])
1	0.6654208477126509	0.6660734779650895	([552, 332], [552, 450, 332])
1	0.6658589673549287	0.6661049128513112	([305, 156], [354, 305, 156])
1	0.6599808795528226	0.6664363077472334	([543, 260], [543, 449, 387])
1	0.6626631050141025	0.6665305983497088	([550, 266], [550, 508, 503])
1	0.6656853156118081	0.667443919835306	([547, 267], [582, 267, 203])
1	0.6589908396222455	0.6676527024042581	([580, 311], [580, 577, 311])
1	0.6606989219239612	0.6684962981056795	([535, 287], [535, 451, 287])
1	0.6340650158663591	0.6691839215302592	([551, 271], [551, 409, 358])
1	0.6583459544269993	0.6699613511737846	([550, 422], [550, 543, 422])
1	0.6670047437663744	0.67012846011725	([297, 44], [312, 297, 44])
1	0.662830219997875	0.6703822039689166	([526, 181], [526, 513, 181])
1	0.6710400924428271	0.6723935278679471	([554, 140], [554, 522, 140])
1	0.6571381888140853	0.6743136207012933	([413, 187], [413, 221, 187])
1	0.6661377252069098	0.6744233919985151	([553, 302], [553, 505, 312])
1	0.6684029301365391	0.678210344021148	([445, 143], [445, 376, 143])
1	0.6561763298770469	0.6954607289776854	([583, 427], [583, 545, 427])
0	0.0	1.0	([37], [37, 0])
0	0.0	inf	([0], [])
