0	0.0	0.22545961495033112	([89], [89, 88])
0	0.0	0.2255462319593884	([22], [22, 21])
0	0.0	0.23648441836793296	([123], [123, 122])
0	0.0	0.23698275245289274	([97], [97, 96])
0	0.0	0.23796752582559633	([179], [179, 178])
0	0.0	0.23809869072650983	([175], [175, 174])
0	0.0	0.23813358962115644	([10], [10, 9])
0	0.0	0.24052657410648065	([244], [244, 243])
0	0.0	0.24322654099400473	([284], [284, 283])
0	0.0	0.24354974331390472	([272], [272, 271])
0	0.0	0.24451276714819523	([189], [189, 188])
0	0.0	0.24504276880936712	([41], [41, 40])
0	0.0	0.24643468010710437	([32], [32, 31])
0	0.0	0.24672707219640183	([168], [168, 167])
0	0.0	0.24916285045252726	([290], [290, 288])
0	0.0	0.24922552742959073	([17], [17, 16])
0	0.0	0.24987224248971973	([95], [95, 94])
0	0.0	0.24991179685118126	([55], [55, 54])
0	0.0	0.25052355192767345	([162], [162, 161])
0	0.0	0.2512655238273309	([319], [319, 318])
0	0.0	0.2514253672287869	([289], [289, 288])
0	0.0	0.2514313806511921	([187], [187, 186])
0	0.0	0.25182881208859925	([107], [107, 106])
0	0.0	0.25249486587809394	([256], [256, 255])
0	0.0	0.25270279066549367	([35], [35, 34])
0	0.0	0.2535396564952606	([286], [286, 285])
0	0.0	0.2536782466608336	([67], [67, 66])
0	0.0	0.2557055540004803	([269], [269, 268])
0	0.0	0.2558799806637436	([228], [228, 227])
0	0.0	0.2559188916252369	([315], [315, 314])
0	0.0	0.25625684513316976	([20], [20, 19])
0	0.0	0.25721770884185957	([226], [226, 225])
0	0.0	0.2577305531595894	([7], [7, 6])
0	0.0	0.2581002523579656	([249], [249, 248])
0	0.0	0.2581968561700652	([222], [222, 221])
0	0.0	0.2585161173374709	([172], [172, 171])
0	0.0	0.25908687390239565	([296], [296, 295])
0	0.0	0.2593670514922908	([24], [24, 23])
0	0.0	0.2596052094489907	([170], [170, 169])
0	0.0	0.25967341670932026	([105], [105, 104])
0	0.0	0.26029347457970914	([165], [165, 164])
0	0.0	0.2605990640089395	([51], [51, 50])
0	0.0	0.26068248997945065	([194], [194, 193])
0	0.0	0.26115841021508873	([224], [224, 223])
0	0.0	0.2618135993667809	([252], [252, 251])
0	0.0	0.26182575242698153	([247], [247, 246])
0	0.0	0.26285132648210396	([122], [122, 121])
0	0.0	0.26332988201537366	([295], [295, 294])
0	0.0	0.26339376911559637	([318], [318, 317])
0	0.0	0.2636080495957121	([177], [177, 176])
0	0.0	0.2639703070823655	([233], [233, 232])
0	0.0	0.2641207789306292	([5], [5, 4])
0	0.0	0.26456874730667906	([66], [66, 65])
0	0.0	0.26471339781743064	([218], [218, 217])
0	0.0	0.2652134528710964	([54], [54, 53])
0	0.0	0.26573601094318694	([250], [250, 249])
0	0.0	0.26578628997322906	([191], [191, 190])
0	0.0	0.26586677771122785	([317], [317, 316])
0	0.0	0.26603657752089027	([173], [173, 172])
0	0.0	0.26651658566671316	([280], [280, 279])
0	0.0	0.2666409195665289	([86], [86, 85])
0	0.0	0.26676684603079365	([235], [235, 234])
0	0.0	0.267918987809572	([166], [166, 165])
0	0.0	0.2679468051273154	([46], [46, 45])
0	0.0	0.26795690659925125	([160], [160, 159])
0	0.0	0.26803096723573594	([237], [237, 236])
0	0.0	0.2681858188198714	([227], [227, 226])
0	0.0	0.2684137029048082	([313], [313, 312])
0	0.0	0.2690950585550691	([18], [18, 17])
0	0.0	0.269550912471792	([281], [281, 280])
0	0.0	0.26991777652948384	([12], [12, 11])
0	0.0	0.2702500601057012	([178], [178, 177])
0	0.0	0.2703542276701251	([85], [85, 84])
0	0.0	0.2707482381180611	([176], [176, 175])
0	0.0	0.27087930924305936	([206], [206, 205])
0	0.0	0.2710053362994545	([276], [276, 275])
0	0.0	0.2710870413479764	([3], [3, 2])
0	0.0	0.27118525572505525	([214], [214, 213])
0	0.0	0.2714118612019725	([81], [81, 80])
0	0.0	0.271437373528998	([259], [259, 258])
0	0.0	0.2715271542969435	([316], [316, 315])
0	0.0	0.27178124360895256	([309], [309, 308])
0	0.0	0.2720819642278882	([45], [45, 44])
0	0.0	0.2724083043460433	([311], [311, 310])
0	0.0	0.27260521925071796	([215], [215, 214])
0	0.0	0.27277363700940055	([13], [13, 12])
0	0.0	0.2730617933660854	([94], [94, 93])
0	0.0	0.27309019637009396	([305], [305, 304])
0	0.0	0.27402097613185417	([99], [99, 98])
0	0.0	0.27404627554615074	([307], [307, 306])
0	0.0	0.274407572875933	([292], [292, 291])
0	0.0	0.2746290583702206	([73], [73, 72])
0	0.0	0.27477385615516475	([184], [184, 183])
0	0.0	0.2751552077266604	([202], [202, 201])
0	0.0	0.2751885161883857	([8], [8, 7])
0	0.0	0.27534783716935357	([62], [62, 61])
0	0.0	0.27649500166191315	([219], [219, 218])
0	0.0	0.27669233008858224	([260], [260, 259])
0	0.0	0.2768058498633045	([19], [19, 18])
0	0.0	0.2779632827715308	([163], [163, 162])
0	0.0	0.27825968823183095	([212], [212, 211])
0	0.0	0.2782863638270442	([213], [213, 212])
0	0.0	0.27862607922560717	([33], [33, 32])
0	0.0	0.2794282506073554	([299], [299, 298])
0	0.0	0.279734030806416	([42], [42, 41])
0	0.0	0.28011652053283287	([14], [14, 13])
0	0.0	0.2801596055324346	([101], [101, 100])
0	0.0	0.28032983155749874	([15], [15, 14])
0	0.0	0.2810711594165301	([320], [320, 319])
0	0.0	0.28124252641130454	([321], [321, 320])
0	0.0	0.2815102623730043	([60], [60, 59])
0	0.0	0.28153263320926786	([231], [231, 230])
0	0.0	0.2819309991561619	([265], [265, 264])
0	0.0	0.2819650113288919	([279], [279, 278])
0	0.0	0.28212843721596653	([246], [246, 245])
0	0.0	0.2826120500103918	([43], [43, 42])
0	0.0	0.28263819783958816	([257], [257, 256])
0	0.0	0.2828635166731966	([57], [57, 56])
0	0.0	0.2829721791970901	([308], [308, 307])
0	0.0	0.28319214352768796	([264], [264, 263])
0	0.0	0.28357697799704484	([64], [64, 63])
0	0.0	0.2839062438617303	([267], [267, 266])
0	0.0	0.28472981186480173	([1], [1, 0])
0	0.0	0.2852379056725496	([180], [180, 179])
0	0.0	0.2852625555420594	([182], [182, 181])
0	0.0	0.2852756488550239	([223], [223, 222])
0	0.0	0.2858173226389593	([91], [91, 90])
0	0.0	0.2861127426898647	([242], [242, 241])
0	0.0	0.2869262167157414	([183], [183, 182])
0	0.0	0.28704770638982835	([149], [149, 145])
0	0.0	0.2870956721830568	([153], [153, 152])
0	0.0	0.2875175859801859	([241], [241, 240])
0	0.0	0.28791369585345644	([274], [274, 273])
0	0.0	0.288200168201078	([36], [36, 35])
0	0.0	0.2883341972900063	([238], [238, 237])
0	0.0	0.28853922485182365	([198], [198, 197])
0	0.0	0.28878287145693343	([197], [197, 196])
0	0.0	0.2888587786557671	([70], [70, 69])
0	0.0	0.28886811276935404	([83], [83, 82])
0	0.0	0.2890519888352933	([278], [278, 277])
0	0.0	0.28917394615161923	([118], [118, 117])
0	0.0	0.28918567419895136	([30], [30, 29])
0	0.0	0.2895418687053403	([240], [240, 239])
0	0.0	0.28981760147784563	([169], [169, 168])
0	0.0	0.2901302741568	([29], [29, 28])
0	0.0	0.29044966061346905	([16], [16, 15])
0	0.0	0.2905470284973314	([61], [61, 60])
0	0.0	0.290959861370669	([263], [263, 262])
0	0.0	0.29121654455228724	([25], [25, 24])
0	0.0	0.2917560689583805	([2], [2, 1])
0	0.0	0.2924949317619735	([80], [80, 79])
0	0.0	0.2926291268038334	([113], [113, 112])
0	0.0	0.2936131219010967	([220], [220, 219])
0	0.0	0.29372538245265545	([102], [102, 101])
0	0.0	0.29387693831041634	([312], [312, 311])
0	0.0	0.2942376713795348	([59], [59, 58])
0	0.0	0.29477058898627867	([74], [74, 73])
0	0.0	0.2952122614055276	([287], [287, 286])
0	0.0	0.29522614995299684	([161], [161, 160])
0	0.0	0.2952265398048797	([314], [314, 313])
0	0.0	0.29538778995438714	([65], [65, 64])
0	0.0	0.29547772135123446	([300], [300, 299])
0	0.0	0.2961592442302764	([232], [232, 231])
0	0.0	0.2961988919139218	([78], [78, 77])
0	0.0	0.2966644577993722	([79], [79, 78])
0	0.0	0.2966875875751434	([303], [303, 302])
0	0.0	0.296864960798569	([53], [53, 52])
0	0.0	0.2972127510390899	([277], [277, 276])
0	0.0	0.29730717402914447	([75], [75, 74])
0	0.0	0.29869353906696405	([209], [209, 208])
0	0.0	0.2987815897378668	([82], [82, 81])
0	0.0	0.2988084809409556	([200], [200, 199])
0	0.0	0.29909526607409254	([208], [208, 207])
0	0.0	0.2994759651917735	([76], [76, 75])
0	0.0	0.29987954157934316	([181], [181, 180])
0	0.0	0.3001431075161043	([39], [39, 38])
0	0.0	0.30024631895305504	([121], [121, 120])
0	0.0	0.3004989280892809	([302], [302, 301])
0	0.0	0.30056849124738816	([4], [4, 3])
0	0.0	0.30099386153585456	([185], [185, 184])
0	0.0	0.3012340732704753	([112], [112, 111])
0	0.0	0.30133872474211093	([262], [262, 261])
0	0.0	0.30146020282728536	([201], [201, 200])
0	0.0	0.30148953023164604	([92], [92, 91])
0	0.0	0.30154150922509015	([88], [88, 87])
0	0.0	0.3018781584633054	([190], [190, 189])
0	0.0	0.3025045605601807	([253], [253, 252])
0	0.0	0.3025599973546614	([6], [6, 5])
0	0.0	0.3030264828418826	([207], [207, 206])
0	0.0	0.30307524215334525	([11], [11, 10])
0	0.0	0.3042630301481123	([63], [63, 62])
0	0.0	0.3052979831045715	([301], [301, 300])
0	0.0	0.30531230381973	([204], [204, 203])
0	0.0	0.3053775496708593	([245], [245, 244])
0	0.0	0.3056228447443491	([304], [304, 303])
0	0.0	0.3058924172105417	([203], [203, 202])
0	0.0	0.3062312609926361	([77], [77, 76])
0	0.0	0.30625489787435173	([251], [252, 250])
0	0.0	0.30636019308421125	([68], [68, 67])
0	0.0	0.3064712071894121	([174], [174, 173])
0	0.0	0.3081692024279436	([164], [164, 163])
0	0.0	0.30873744330545394	([306], [306, 305])
0	0.0	0.3087958012500558	([111], [111, 108])
0	0.0	0.3103270799987507	([225], [225, 224])
0	0.0	0.31035862949326326	([221], [221, 220])
0	0.0	0.3107203698998009	([270], [270, 269])
0	0.0	0.3107993719489581	([193], [193, 192])
0	0.0	0.3112898390635769	([120], [120, 119])
0	0.0	0.3116852096370361	([248], [248, 247])
0	0.0	0.31240946729310715	([230], [230, 229])
0	0.0	0.3128257098027853	([234], [234, 233])
0	0.0	0.31303124136756527	([188], [188, 187])
0	0.0	0.31345802091992164	([104], [104, 103])
0	0.0	0.3143922892011202	([145], [149, 146])
0	0.0	0.31581573228569054	([254], [254, 253])
0	0.0	0.3161734415228915	([192], [192, 191])
0	0.0	0.3171421761768788	([96], [96, 95])
0	0.0	0.31739335654009904	([106], [106, 105])
0	0.0	0.31743733464090457	([167], [167, 166])
0	0.0	0.3175854371121315	([186], [186, 185])
0	0.0	0.3182832343023702	([239], [239, 238])
0	0.0	0.3190856083537424	([196], [196, 195])
0	0.0	0.3202190931492154	([199], [199, 198])
0	0.0	0.32059712736005763	([273], [273, 272])
0	0.0	0.32086336087160455	([103], [103, 102])
0	0.0	0.3209247075877827	([154], [154, 152])
0	0.0	0.32101912506596725	([9], [9, 8])
0	0.0	0.32202801334755055	([130], [130, 129])
0	0.0	0.3221037999863069	([275], [275, 274])
0	0.0	0.32507918263943597	([114], [114, 113])
0	0.0	0.3252076985444631	([151], [151, 146])
0	0.0	0.3254700887251266	([152], [152, 151])
0	0.0	0.32601385248203146	([266], [266, 265])
0	0.0	0.32620663621832796	([236], [236, 235])
0	0.0	0.32697829863943845	([87], [87, 86])
0	0.0	0.3274821009939957	([98], [98, 97])
1	0.32011668483172906	0.327529870830028	([107, 104], [107, 106, 105])
0	0.0	0.3276588249584368	([285], [285, 284])
0	0.0	0.32770651561139486	([56], [56, 53])
0	0.0	0.3279533407212519	([23], [23, 22])
0	0.0	0.32823796835185703	([258], [258, 257])
0	0.0	0.32837040543488905	([115], [115, 114])
0	0.0	0.3309924316030676	([119], [119, 118])
0	0.0	0.33179166053306486	([205], [205, 204])
0	0.0	0.3329856866128117	([34], [34, 33])
0	0.0	0.33310782799783556	([26], [26, 25])
0	0.0	0.33398121999958036	([310], [310, 309])
0	0.0	0.3354562233783067	([255], [256, 254])
0	0.0	0.3369642130550023	([216], [216, 215])
0	0.0	0.33727064242460575	([40], [40, 39])
0	0.0	0.3383741778865648	([146], [145, 144])
0	0.0	0.33848653757923747	([171], [171, 170])
1	0.32107656427204717	0.33903359306656045	([61, 58], [61, 60, 58])
0	0.0	0.33981046879003507	([288], [288, 287])
0	0.0	0.33985806100850185	([38], [39, 36])
0	0.0	0.34015605623882517	([100], [100, 99])
0	0.0	0.3401840797314526	([195], [195, 194])
0	0.0	0.3402149267874073	([268], [269, 267])
0	0.0	0.34060741616734047	([108], [108, 107])
0	0.0	0.3410757304621827	([52], [52, 51])
1	0.3393657881454235	0.34114911144080245	([215, 211], [215, 213, 212])
0	0.0	0.3417821421857393	([21], [21, 20])
0	0.0	0.3467861281116969	([150], [150, 146])
0	0.0	0.34739260523408144	([283], [283, 282])
0	0.0	0.34851474615735817	([90], [90, 89])
0	0.0	0.3486785033354546	([109], [109, 108])
0	0.0	0.3513381554718189	([131], [131, 130])
1	0.34547950703929053	0.3515462662122351	([242, 238], [242, 241, 238])
0	0.0	0.35273108275304443	([31], [31, 30])
0	0.0	0.3530371896281173	([58], [58, 57])
0	0.0	0.3537355920922591	([44], [46, 43])
1	0.3338026285575151	0.3553457685565275	([267, 261], [266, 263, 261])
0	0.0	0.3553990373813279	([243], [243, 242])
0	0.0	0.3559480105829791	([93], [93, 92])
0	0.0	0.3592828830157266	([261], [261, 260])
0	0.0	0.3605165306946834	([159], [159, 158])
0	0.0	0.36083651107788556	([48], [48, 47])
0	0.0	0.3619473772276346	([69], [69, 68])
0	0.0	0.3622787951401028	([271], [271, 270])
0	0.0	0.3653676383419801	([282], [282, 281])
0	0.0	0.36828368732396144	([211], [216, 209])
0	0.0	0.3683066976669519	([229], [229, 228])
0	0.0	0.3731444539649536	([144], [144, 143])
0	0.0	0.3732533213471209	([156], [156, 155])
0	0.0	0.3784651897185031	([155], [155, 144])
0	0.0	0.37908341798761136	([141], [141, 132])
0	0.0	0.37940114213469195	([50], [50, 48])
0	0.0	0.3824427407096405	([47], [47, 46])
0	0.0	0.38574935031765584	([28], [28, 27])
0	0.0	0.3867346244067855	([217], [217, 216])
0	0.0	0.3892077470648148	([293], [293, 292])
0	0.0	0.3911339589079487	([291], [291, 287])
0	0.0	0.39165442937501255	([27], [27, 26])
0	0.0	0.3978248015674928	([116], [116, 115])
0	0.0	0.39868819294255303	([72], [83, 70])
1	0.3820780793691452	0.3999751889417018	([281, 273], [281, 278, 274])
0	0.0	0.40135555412021173	([129], [129, 127])
1	0.39728767905234796	0.4026326103072225	([36, 30], [36, 34, 33])
0	0.0	0.4085787637689882	([294], [294, 292])
0	0.0	0.4139040475757901	([127], [127, 126])
1	0.4076708416838037	0.4174855828919115	([204, 195], [204, 203, 195])
0	0.0	0.4206715513513897	([143], [149, 148])
0	0.0	0.42156847317650253	([0], [38, 37])
0	0.0	0.42433671135277956	([210], [210, 209])
0	0.0	0.42468552780822544	([49], [49, 48])
0	0.0	0.4247733852413819	([133], [133, 130])
0	0.0	0.4264906245403309	([157], [157, 137])
0	0.0	0.42953405875515893	([297], [297, 296])
0	0.0	0.42989470681087927	([126], [126, 125])
0	0.0	0.43066083352680984	([134], [134, 128])
0	0.0	0.4308244326709932	([148], [154, 142])
0	0.0	0.43233294240284176	([84], [84, 83])
0	0.0	0.43320880135087014	([117], [117, 116])
0	0.0	0.4401170158574944	([147], [147, 146])
0	0.0	0.4414519629251791	([37], [72, 71])
0	0.0	0.4447175098653161	([298], [298, 297])
0	0.0	0.4448059441854352	([137], [157, 156])
0	0.0	0.44568132306843056	([140], [140, 124])
0	0.0	0.44744057182924946	([132], [132, 131])
0	0.0	0.4510429539692268	([142], [147, 139])
0	0.0	0.4520059764816322	([139], [139, 128])
0	0.0	0.4566836418619778	([138], [138, 110])
0	0.0	0.4593767683434191	([124], [140, 49])
0	0.0	0.46639365060850124	([128], [137, 110])
0	0.0	0.46664745124767937	([136], [136, 125])
0	0.0	0.46689875060996366	([110], [138, 37])
1	0.4648793677973272	0.46733130485836416	([155, 154], [155, 154, 143])
1	0.43984714978632494	0.47021353468410537	([72, 70], [82, 76, 70])
0	0.0	0.4705922216040911	([158], [158, 157])
1	0.45682689924816805	0.4788769375015168	([143, 142], [154, 146, 143])
0	0.0	0.4823070515190521	([71], [148, 136])
1	0.5073354078201088	0.5227809053669943	([321, 315], [321, 319, 317])
1	0.5255645723140542	0.5309899553907024	([239, 234], [239, 238, 237])
1	0.5245134144296112	0.5406196969089268	([38, 26], [38, 34, 30])
1	0.4994494726455247	0.5429317543190193	([141, 125], [141, 132, 127])
1	0.5338496206515957	0.5596962939399652	([48, 38], [48, 44, 42])
1	0.5730727035566218	0.5744024379716092	([115, 106], [115, 111, 108])
1	0.5764037743832178	0.5913354079642175	([284, 269], [284, 281, 270])
1	0.5733054651797647	0.5982922209955249	([209, 197], [209, 207, 196])
1	0.5981713232661948	0.6001819188857913	([130, 117], [130, 127, 117])
1	0.5803749662742947	0.6109296497425327	([158, 153], [158, 157, 152])
1	0.6101244188683557	0.6361752713328183	([286, 254], [286, 268, 257])
1	0.6205638845241358	0.6397089353643978	([307, 289], [309, 298, 295])
1	0.6342090060475014	0.64386339143874	([252, 241], [252, 246, 245])
1	0.6313066719935713	0.6455898644815541	([88, 65], [88, 87, 65])
1	0.6379021708952866	0.6455958823365693	([222, 193], [222, 217, 205])
1	0.6258855869285315	0.648872111114528	([310, 291], [310, 309, 294])
1	0.6446927880655333	0.6498609390628688	([285, 253], [285, 268, 257])
1	0.6367567106746262	0.6574202284164169	([226, 205], [226, 220, 218])
1	0.6517438138785779	0.6618153293757437	([47, 25], [47, 36, 32])
1	0.6612849247982361	0.6643392045573702	([312, 292], [312, 311, 292])
1	0.6689362295320078	0.6740018068055037	([231, 192], [231, 222, 221])
1	0.5909795990785716	0.6745646818969373	([133, 109], [133, 129, 109])
1	0.6680440965482298	0.6764858359887311	([227, 211], [227, 220, 219])
1	0.6797433765669197	0.6828255339975559	([99, 77], [99, 88, 87])
1	0.6734944790594539	0.6829373222376983	([180, 164], [180, 171, 168])
1	0.6747655023048332	0.6863717073134049	([132, 48], [132, 48, 38])
1	0.6296290789312731	0.6865918387161666	([298, 279], [298, 289, 282])
1	0.67190552696145	0.6865918387161666	([302, 282], [302, 298, 282])
1	0.6783836256396925	0.6878054773417716	([311, 268], [311, 292, 285])
1	0.6474697539404983	0.6904225592656759	([223, 188], [223, 207, 201])
1	0.5948841550467094	0.692058660253691	([26, 0], [22, 15, 11])
1	0.6828456431587937	0.6966770891636057	([191, 166], [191, 178, 170])
1	0.6968328909995054	0.6974783461926847	([118, 90], [118, 105, 90])
1	0.6976293132633484	0.6991316916819152	([205, 158], [205, 194, 158])
1	0.6841733295377835	0.6991741612754455	([202, 143], [208, 202, 153])
1	0.699743082990917	0.6998146072174287	([152, 0], [152, 145, 0])
1	0.6977551230226604	0.7015225614580669	([311, 173], [312, 311, 167])
1	0.6608287774525764	0.7021693061791007	([220, 190], [220, 205, 199])
1	0.6969899372137782	0.7032242225942885	([194, 164], [220, 205, 158])
1	0.6792071273670434	0.7050643156259688	([248, 226], [248, 237, 236])
1	0.6988457768997504	0.7051630647098034	([279, 148], [281, 279, 143])
1	0.6851527956155695	0.7052983561506436	([23, 7], [24, 23, 8])
1	0.7042294144740661	0.7078874797942578	([246, 177], [246, 177, 166])
1	0.6670260133576319	0.7083229663937533	([132, 27], [132, 101, 85])
1	0.6687632009472192	0.7090383896492704	([142, 114], [142, 130, 118])
1	0.7026199341797772	0.7093602346884402	([182, 15], [320, 182, 15])
1	0.6888164556799784	0.7094009108651153	([305, 154], [305, 298, 154])
1	0.6942115003666326	0.709414739529449	([277, 145], [279, 277, 143])
1	0.6716483898819854	0.710647351937247	([208, 151], [209, 208, 151])
1	0.6738541712422274	0.7108166905145525	([145, 1], [158, 145, 1])
1	0.6724576223650248	0.7112047347195747	([281, 143], [298, 279, 143])
1	0.705790823661297	0.7116678715628962	([249, 164], [250, 249, 164])
1	0.7070645580747434	0.711735568577873	([316, 164], [316, 313, 164])
1	0.6894897968727877	0.7118398479004373	([314, 180], [320, 314, 182])
1	0.7064990794659831	0.7123055171396865	([234, 183], [252, 247, 171])
1	0.6802701599996833	0.7128767098273023	([236, 189], [236, 222, 192])
1	0.7091064379823929	0.7130853808560349	([230, 160], [232, 230, 169])
1	0.6923147095150178	0.7130856611622994	([131, 0], [142, 131, 118])
1	0.6190565123180936	0.7130856611622994	([142, 130], [142, 141, 131])
1	0.6720496881930643	0.7138303399357183	([310, 158], [310, 295, 285])
1	0.710195462916865	0.7145666477703205	([190, 162], [191, 189, 159])
1	0.7148209143590596	0.7149060651066984	([298, 196], [298, 196, 156])
1	0.7064824232744189	0.7149910169835639	([260, 222], [260, 253, 222])
1	0.6934631792035472	0.7163329443481194	([236, 163], [236, 192, 161])
1	0.6941035960662341	0.7163940723758803	([191, 159], [189, 183, 159])
1	0.7043292336148131	0.716809124713096	([231, 162], [231, 189, 181])
1	0.6810280147975188	0.716809124713096	([225, 185], [231, 225, 189])
1	0.6786772359583891	0.7171538153646947	([192, 161], [192, 181, 165])
1	0.7131835004316726	0.7173744272543859	([251, 187], [251, 231, 189])
1	0.7038221898647127	0.7173744272543859	([249, 189], [251, 249, 189])
1	0.6996764161440235	0.7173765006834083	([162, 4], [162, 153, 152])
1	0.6769953640552719	0.7176572566557305	([274, 142], [280, 274, 142])
1	0.7182338584641007	0.7185000280650794	([90, 40], [90, 68, 40])
1	0.705223283189879	0.7187545441220075	([232, 169], [232, 231, 164])
1	0.7094075604724632	0.718765134439831	([171, 19], [183, 181, 13])
1	0.7072276325422209	0.7189287731644282	([130, 1], [130, 127, 1])
1	0.6705971259284289	0.7189878726517946	([220, 163], [194, 186, 164])
1	0.7123468319197237	0.7190534410323843	([321, 166], [321, 179, 171])
1	0.7189437726315089	0.7191823348777142	([245, 180], [245, 231, 180])
1	0.6795444787633854	0.7197198215856426	([151, 126], [151, 142, 126])
1	0.6991288197258542	0.7198435868779861	([95, 0], [151, 109, 0])
1	0.6892164358368063	0.7199357091742238	([258, 233], [258, 248, 247])
1	0.7195940942274878	0.7199659348004067	([131, 24], [131, 129, 24])
1	0.714033225236549	0.7199663428000233	([291, 232], [311, 292, 224])
1	0.688422370137395	0.7199850014101555	([229, 179], [229, 194, 188])
1	0.7158715675218242	0.7200451554353652	([253, 183], [253, 248, 183])
1	0.7104376533598794	0.7203123299305716	([291, 250], [316, 291, 250])
1	0.7196543186101737	0.7205442353752527	([160, 17], [160, 17, 6])
1	0.7198847622900516	0.7205913430897505	([250, 175], [250, 175, 172])
1	0.7151668494244822	0.7208739473732637	([255, 162], [255, 234, 231])
1	0.7047550045436667	0.7212230818885464	([130, 91], [130, 107, 106])
1	0.7090910932862193	0.7212660690370262	([283, 208], [283, 268, 217])
1	0.6928858875594816	0.7213393576711677	([312, 167], [319, 312, 168])
1	0.701257879504177	0.7216211504817227	([63, 24], [63, 38, 24])
1	0.7130442479982989	0.7219534150487437	([299, 151], [299, 298, 154])
1	0.7016378984104141	0.7219810331296144	([246, 166], [246, 236, 184])
1	0.7158744664484061	0.7226949036509623	([250, 188], [250, 245, 188])
1	0.7157039871839631	0.7232115919749593	([307, 145], [307, 296, 153])
1	0.7041083021326282	0.723273051720825	([313, 165], [312, 310, 253])
1	0.6964708913296705	0.7233752274788434	([247, 191], [247, 231, 222])
1	0.6877545827181202	0.7233752274788434	([253, 224], [253, 247, 222])
1	0.6757264310912487	0.7238849271529602	([290, 159], [295, 290, 159])
1	0.7124569956978491	0.7240948876250579	([120, 92], [120, 111, 107])
1	0.5125218425588126	0.7241802992664795	([136, 116], [136, 125, 116])
1	0.695133928796057	0.7242275896517029	([221, 161], [321, 318, 161])
1	0.703378878584293	0.7242513350802475	([252, 190], [252, 190, 180])
1	0.6923692186820154	0.7242513350802475	([252, 171], [252, 245, 180])
1	0.6804157246225726	0.7242796245599554	([302, 142], [307, 302, 142])
1	0.6355449596998425	0.7245655129747572	([298, 144], [292, 283, 142])
1	0.6924170931741851	0.7247006690082352	([319, 179], [236, 229, 226])
1	0.6852032182825042	0.7251139815380491	([257, 186], [257, 253, 186])
1	0.7226763490193827	0.7256628373975186	([82, 25], [82, 66, 25])
1	0.6455885220513233	0.7257915787595407	([195, 142], [220, 207, 142])
1	0.7135386611040528	0.726035766155223	([183, 142], [183, 169, 142])
1	0.7041345535945733	0.726035766155223	([242, 142], [233, 169, 142])
1	0.7127416372996449	0.726177640439505	([218, 145], [223, 205, 158])
1	0.7017500138706897	0.7263049006403772	([311, 247], [311, 247, 246])
1	0.6624873441234588	0.7263049006403772	([311, 229], [311, 268, 246])
1	0.7149389796731485	0.7264232982349014	([158, 115], [158, 127, 115])
1	0.6724499491408412	0.7266036739246808	([204, 145], [218, 195, 145])
1	0.6754154627381357	0.7266929782550486	([146, 129], [144, 143, 129])
1	0.7188316870657998	0.7269461843965478	([129, 44], [129, 44, 38])
1	0.7119692141773224	0.7269461843965478	([129, 15], [132, 129, 38])
1	0.6242819003289282	0.7271917275506204	([295, 153], [292, 233, 224])
1	0.6882520762379091	0.7273284477791445	([314, 249], [314, 252, 249])
1	0.691741544824675	0.7273284477791445	([314, 257], [314, 257, 252])
1	0.6871212663914684	0.7286658689124285	([313, 230], [313, 311, 246])
1	0.7080401216863871	0.7286868425306887	([289, 230], [256, 253, 186])
1	0.6811518941531524	0.7294260900827538	([115, 3], [127, 115, 3])
1	0.7106924699350704	0.7297313511519433	([227, 178], [243, 227, 178])
1	0.6793362744847299	0.729889937101677	([127, 2], [158, 142, 126])
1	0.7141675136228166	0.7300753188175896	([282, 220], [283, 282, 208])
1	0.7254890837540735	0.7301169836844774	([117, 6], [160, 142, 117])
1	0.7118910160932872	0.730260739393007	([266, 202], [266, 202, 153])
1	0.7264799269885095	0.730260739393007	([269, 153], [269, 266, 153])
1	0.7000000198126183	0.7302616550540486	([211, 144], [211, 195, 144])
1	0.6788365984559812	0.7308326710464694	([320, 182], [314, 180, 164])
1	0.7123931991091869	0.7315720208227467	([310, 174], [312, 310, 168])
1	0.7264220141717126	0.7316021126967215	([295, 222], [295, 222, 158])
1	0.7316346913017749	0.731715723724909	([154, 90], [154, 142, 90])
1	0.7087555129138288	0.7317959822850452	([315, 232], [315, 311, 232])
1	0.7276389355069123	0.7318102832341156	([294, 240], [294, 292, 142])
1	0.7036436703168588	0.732002667140356	([106, 25], [93, 90, 25])
1	0.7226644003433275	0.732016718959614	([291, 167], [291, 229, 224])
1	0.724867875782634	0.732224162939123	([249, 176], [249, 237, 176])
1	0.7229741028137798	0.7322612958323631	([265, 227], [284, 265, 207])
1	0.705025840583852	0.7324956020289817	([259, 225], [259, 240, 229])
1	0.6580013773134358	0.7325699367232439	([153, 105], [153, 144, 92])
1	0.6683025586261045	0.73262423242329	([300, 149], [306, 299, 151])
1	0.7135675307334064	0.7327556402451177	([321, 155], [321, 296, 154])
1	0.6970468071553354	0.7329589490061833	([99, 2], [99, 66, 33])
1	0.7043727032005261	0.7330933619225799	([268, 217], [292, 268, 158])
1	0.7323448077344754	0.7332756846101834	([251, 169], [251, 230, 229])
1	0.7253037727191398	0.7334557126544715	([308, 166], [312, 308, 166])
1	0.7281749337402815	0.7335696902107948	([269, 219], [289, 269, 219])
1	0.6577880481490272	0.7339357615581016	([321, 1], [321, 155, 1])
1	0.6561341102253203	0.734079682989178	([158, 2], [142, 99, 20])
1	0.7108029824695395	0.734079682989178	([152, 9], [152, 142, 20])
1	0.7282672199611393	0.7343918955738891	([182, 126], [182, 159, 126])
1	0.6973332136534361	0.7346151495365247	([181, 13], [183, 159, 19])
1	0.7241789987767132	0.7350637068247738	([161, 16], [161, 151, 2])
1	0.715007285348606	0.7350637068247738	([229, 2], [229, 161, 2])
1	0.726371727693668	0.7352618018837985	([305, 195], [305, 195, 142])
1	0.7296976135614784	0.735321572041559	([73, 35], [73, 58, 35])
1	0.7253487994539877	0.7353542883944911	([290, 145], [290, 223, 159])
1	0.7050398586897417	0.7355112091777637	([263, 152], [283, 264, 153])
1	0.7194644306154603	0.7356622286169113	([115, 44], [115, 88, 53])
1	0.7101449787147598	0.73576135117904	([96, 9], [120, 96, 92])
1	0.7325317344782494	0.7363415313185142	([285, 169], [285, 234, 233])
1	0.7295128298373513	0.7363572879449443	([118, 21], [118, 108, 21])
1	0.714411960463667	0.7365445448482166	([235, 165], [235, 224, 170])
1	0.7309729492971113	0.7376817312853277	([284, 168], [284, 207, 161])
1	0.7330130787631507	0.7381233870433765	([247, 5], [250, 247, 14])
1	0.6998292040728045	0.7392726161761766	([253, 6], [253, 161, 160])
1	0.7353510844664508	0.7396843384208684	([144, 26], [154, 144, 26])
1	0.7233691667350427	0.7402653715072435	([149, 102], [152, 149, 102])
1	0.685518717054261	0.7404513118420754	([151, 28], [151, 28, 2])
1	0.7240133221269953	0.7405377602165281	([317, 251], [318, 317, 251])
1	0.7384564601075108	0.7408783571334485	([195, 166], [195, 192, 166])
1	0.7275656481989828	0.7412874774207785	([143, 42], [153, 143, 42])
1	0.7069610071537119	0.7414636146010527	([307, 226], [307, 283, 226])
1	0.7353289774516364	0.7416007635317298	([166, 88], [166, 158, 88])
1	0.6959865322008888	0.7417244010480581	([317, 177], [317, 315, 181])
1	0.7315712142502045	0.7421174352466143	([313, 13], [313, 181, 164])
1	0.6815648153318628	0.7422107389027729	([142, 43], [142, 43, 30])
1	0.7115636141346522	0.7426685318881943	([150, 47], [151, 150, 24])
1	0.6840816046576481	0.743283037054679	([200, 132], [229, 200, 192])
1	0.7373944957074873	0.7433519441340743	([310, 193], [310, 193, 160])
1	0.7320632523200213	0.7436036444951096	([217, 150], [217, 216, 150])
1	0.7334393625796403	0.7436265157222562	([320, 240], [320, 240, 189])
1	0.7350815438873387	0.7438804992103231	([152, 87], [152, 150, 47])
1	0.7420561623865278	0.7440949474777354	([126, 42], [129, 126, 42])
1	0.7238724312151306	0.7440949474777354	([153, 48], [143, 129, 42])
1	0.7094391599425014	0.7441694274522238	([154, 111], [154, 142, 120])
1	0.7414106533993235	0.7441694274522238	([265, 120], [265, 142, 120])
1	0.7241074693536509	0.7442633811710934	([316, 233], [316, 233, 231])
1	0.741462837910027	0.7442633811710934	([308, 231], [316, 308, 231])
1	0.7391909461180511	0.7443730005951353	([317, 152], [321, 317, 152])
1	0.7253299804702078	0.7443797226367763	([111, 8], [111, 25, 8])
1	0.7265249720701591	0.7443863063681366	([308, 205], [308, 302, 205])
1	0.7181054543340799	0.744452260342622	([120, 31], [120, 111, 25])
1	0.7015478587334621	0.7447114001250192	([245, 19], [245, 233, 19])
1	0.7406852280420575	0.7447114001250192	([285, 19], [285, 233, 19])
1	0.7279042380010254	0.7451022666210757	([147, 118], [153, 147, 118])
1	0.7363032279299209	0.7455091096192126	([101, 41], [115, 101, 41])
1	0.7210555516892376	0.7455468057183204	([155, 101], [155, 101, 0])
1	0.7098977491540577	0.7455478479237522	([151, 69], [151, 109, 69])
1	0.7442365941943372	0.7458386926140228	([167, 143], [167, 161, 143])
1	0.7388547763294119	0.7462213043471763	([300, 216], [300, 298, 216])
1	0.7368298919334264	0.7462717039830532	([121, 13], [121, 114, 13])
1	0.7395758051743372	0.7462768115000479	([145, 53], [145, 53, 50])
1	0.6978588379723201	0.7468638832624719	([123, 7], [123, 117, 11])
1	0.7193678523211477	0.7471718252288552	([167, 18], [167, 18, 9])
1	0.7139549647247362	0.7472232047793576	([114, 10], [123, 114, 7])
1	0.7063313764572475	0.7472795021629515	([250, 14], [247, 162, 14])
1	0.7349049750413252	0.7477083923471197	([164, 8], [169, 164, 8])
1	0.7335178015237775	0.7478843597753434	([185, 9], [185, 19, 9])
1	0.6938075865802763	0.7482196658238274	([120, 9], [120, 25, 16])
1	0.7413919470226992	0.7484977970046144	([319, 237], [317, 310, 237])
1	0.7352631086260099	0.7486454029437976	([188, 17], [190, 188, 17])
1	0.7451548418020765	0.749501657963645	([143, 17], [286, 200, 143])
1	0.708618890204758	0.7502717162077275	([234, 4], [242, 234, 4])
1	0.6710603312132678	0.7503142666381545	([321, 119], [321, 155, 131])
1	0.7269229082168118	0.7504061805005922	([318, 142], [318, 161, 158])
1	0.7169776670821185	0.7504664818024123	([222, 12], [222, 158, 19])
1	0.7383214222580499	0.750631504150383	([170, 14], [170, 159, 14])
1	0.7453508349261236	0.7508249265620105	([85, 7], [85, 51, 26])
1	0.7416108684629635	0.7508341589231998	([303, 228], [303, 274, 228])
1	0.74582997952016	0.7510257570474984	([262, 211], [262, 255, 218])
1	0.7269317155787995	0.7512744087535265	([121, 45], [121, 90, 45])
1	0.7476654829244757	0.7516159894107648	([310, 129], [310, 158, 127])
1	0.7484186622955659	0.7520037791381949	([105, 32], [105, 89, 32])
1	0.7457751610138927	0.7520074116889937	([239, 8], [239, 234, 8])
1	0.7331628388783138	0.7521096620197689	([318, 28], [318, 161, 17])
1	0.7512092072153201	0.752911271897741	([307, 109], [307, 158, 142])
1	0.743700335636634	0.7532413017273581	([217, 118], [302, 217, 150])
1	0.711800161906589	0.7537803183591365	([231, 129], [310, 231, 162])
1	0.7400810547834942	0.7539025056007324	([259, 123], [259, 129, 123])
1	0.7253948302283677	0.7539025056007324	([259, 4], [310, 259, 129])
1	0.7235566192364441	0.7540445569619457	([288, 221], [288, 221, 159])
1	0.7524442486407343	0.7544033025455201	([249, 99], [249, 189, 99])
1	0.7264869077404074	0.7545892314072172	([321, 206], [321, 231, 228])
1	0.7426085547392809	0.7546706450647406	([212, 157], [298, 212, 157])
1	0.7394603674357013	0.755038238055626	([274, 228], [312, 303, 228])
1	0.7373582501618714	0.7550496770471946	([219, 112], [219, 158, 112])
1	0.7333554922762224	0.7555760526350144	([308, 17], [308, 160, 151])
1	0.7414209913110598	0.7556905317389019	([237, 3], [237, 162, 3])
1	0.7153784734688101	0.7558943272591074	([310, 18], [310, 167, 158])
1	0.7498987044545808	0.7559957234857089	([241, 129], [241, 231, 181])
1	0.7437253036462961	0.7562688621760806	([314, 207], [314, 207, 161])
1	0.7535124782068272	0.7566346892125134	([264, 130], [264, 153, 130])
1	0.7240256685585935	0.7567167212768565	([311, 99], [311, 126, 99])
1	0.7411230188656897	0.7569824861066158	([294, 218], [294, 286, 218])
1	0.7399046577970869	0.7570337873394839	([232, 25], [232, 164, 159])
1	0.742012334035433	0.7574924336168947	([102, 23], [127, 102, 23])
1	0.7371610136756964	0.7579154008540557	([156, 108], [153, 150, 104])
1	0.755610188031058	0.7581496859604561	([191, 118], [191, 166, 118])
1	0.7381058669441223	0.758150990530385	([163, 89], [166, 163, 89])
1	0.7512768102666075	0.7583927453316983	([65, 3], [90, 65, 40])
1	0.7270962941138444	0.7584238023027172	([180, 22], [245, 180, 22])
1	0.7477900712705334	0.7585967401699693	([315, 14], [315, 310, 14])
1	0.7390869779857675	0.7588971413446801	([319, 227], [319, 316, 227])
1	0.7262550396989315	0.7609997067140684	([146, 21], [146, 21, 4])
1	0.760810576830706	0.7619243955473032	([131, 59], [131, 90, 59])
1	0.7353205834330714	0.762491176067795	([258, 99], [291, 224, 99])
1	0.7568039147439989	0.7630442723454854	([161, 33], [161, 33, 15])
1	0.7584980000937399	0.7633108192878999	([259, 89], [259, 256, 89])
1	0.7513602579431009	0.7634787628591478	([188, 114], [188, 114, 10])
1	0.74764960353011	0.7635152226656683	([271, 209], [271, 264, 219])
1	0.7553199107034733	0.7636498091890884	([226, 13], [226, 169, 13])
1	0.7472417925494313	0.7641863134145961	([255, 115], [312, 255, 167])
1	0.763465697449228	0.7650101010837516	([266, 166], [266, 254, 166])
1	0.7351741776583889	0.7650602063569079	([312, 115], [312, 164, 115])
1	0.7652084084438994	0.765333615578299	([273, 199], [282, 273, 208])
1	0.6830601758174688	0.7654474249039905	([302, 132], [302, 132, 111])
1	0.7644004316978765	0.766086106513287	([87, 10], [122, 87, 83])
1	0.7547901069929083	0.7665068112424341	([208, 177], [208, 192, 190])
1	0.7548184128553622	0.767364779086985	([284, 104], [284, 116, 3])
1	0.7628247385215989	0.7678943547951703	([286, 121], [303, 296, 121])
1	0.7557333051498991	0.7680601217520312	([187, 127], [187, 161, 158])
1	0.7605924797975168	0.76823383648905	([236, 7], [236, 233, 7])
1	0.7630513071265612	0.7686356040267321	([319, 24], [319, 311, 24])
1	0.7516305651222658	0.7688508084243327	([182, 29], [313, 182, 159])
1	0.754764535241237	0.7688903343755853	([150, 75], [150, 76, 47])
1	0.7134341530522992	0.7693029621922243	([321, 99], [321, 99, 5])
1	0.7674841690087069	0.7704400040300912	([167, 130], [223, 167, 130])
1	0.7566914493331572	0.7706352200806257	([303, 121], [296, 152, 129])
1	0.7492943352271517	0.7707695055460484	([317, 204], [317, 224, 204])
1	0.7695740025834209	0.7717045804904779	([204, 113], [204, 153, 105])
1	0.7566138612157441	0.7717045804904779	([204, 10], [204, 153, 142])
1	0.7623966128099655	0.771720313057211	([282, 98], [282, 158, 98])
1	0.760552500845721	0.7720471873037683	([173, 31], [189, 172, 32])
1	0.7684562138396107	0.7730967362056584	([193, 81], [253, 193, 97])
1	0.755373792465865	0.7734917440448342	([259, 75], [259, 89, 75])
1	0.761886390982146	0.7737108933279969	([269, 119], [269, 144, 129])
1	0.759070836539157	0.7742789015668029	([168, 92], [168, 158, 87])
1	0.7546175247857067	0.7745764542902526	([319, 2], [319, 174, 168])
1	0.7596507568509439	0.7746932465950626	([304, 239], [304, 283, 239])
1	0.762092306544956	0.7749825501784715	([253, 97], [193, 161, 97])
1	0.7465763577054072	0.7755512630404799	([252, 98], [287, 252, 98])
1	0.7624784074222792	0.775629808447768	([237, 100], [237, 115, 100])
1	0.7442845779077116	0.775629808447768	([238, 115], [238, 237, 115])
1	0.7755864161248929	0.7762806710454406	([221, 45], [221, 45, 19])
1	0.7751599922596244	0.776477397745222	([219, 32], [219, 201, 32])
1	0.7480631552546064	0.7773889050633799	([319, 106], [319, 151, 106])
1	0.7355203394058217	0.7776824407724804	([233, 107], [233, 158, 107])
1	0.7764545452876187	0.7779367289969173	([180, 120], [180, 159, 120])
1	0.7740646997848188	0.7779381791895339	([270, 204], [275, 270, 204])
1	0.7770818530846364	0.778177539325482	([267, 112], [267, 158, 105])
1	0.7618456902563141	0.7782037107302775	([199, 169], [205, 199, 169])
1	0.7552017777999468	0.7786451966057392	([299, 92], [299, 154, 120])
1	0.751560478819659	0.7789291370589899	([249, 53], [249, 99, 60])
1	0.7779202806182239	0.7795921620280524	([194, 96], [194, 121, 102])
1	0.7729569737145437	0.7802077585619869	([175, 127], [310, 175, 160])
1	0.7697623285700522	0.782839337951669	([271, 5], [271, 218, 143])
1	0.745650770335187	0.7833231937606888	([304, 122], [304, 142, 111])
1	0.7826286828620683	0.783428241780383	([155, 54], [155, 54, 1])
1	0.7571975862794078	0.7836468090288002	([306, 11], [306, 284, 11])
1	0.7377209348672553	0.7841230817422001	([212, 26], [228, 212, 26])
1	0.7730609607523297	0.7841441785957552	([177, 23], [177, 163, 158])
1	0.768765408425393	0.7852022638399124	([276, 2], [276, 226, 106])
1	0.7652169076001807	0.7857277180000811	([217, 34], [217, 99, 34])
1	0.7792607648513591	0.7868659760359831	([254, 64], [283, 254, 64])
1	0.7697558326711142	0.787938437612105	([265, 101], [265, 120, 109])
1	0.7827054112008637	0.7880808019962713	([183, 96], [194, 183, 96])
1	0.7560286874013967	0.7880896995081854	([314, 87], [314, 158, 87])
1	0.7732385288348199	0.7883949583922151	([192, 107], [288, 192, 107])
1	0.7597270334725337	0.7895085970542686	([279, 62], [279, 153, 62])
1	0.7913992929370876	0.7914339691445488	([250, 63], [250, 151, 60])
1	0.7519674437762075	0.7916858009237349	([226, 79], [226, 106, 90])
1	0.7844714188441413	0.7921361939566972	([286, 55], [286, 231, 55])
1	0.7844368934710877	0.79425111890347	([197, 125], [197, 153, 109])
1	0.7724267616209	0.7945062911505758	([170, 77], [170, 77, 55])
1	0.7856857616401707	0.7969633621266602	([256, 42], [266, 256, 42])
1	0.7632395781141895	0.7969869790294289	([257, 27], [257, 27, 15])
1	0.765766668605089	0.7969953284761182	([249, 149], [249, 193, 162])
1	0.7419551564430132	0.7977989994047995	([186, 30], [320, 186, 30])
1	0.7841414302137533	0.7986879515115746	([261, 10], [261, 120, 11])
1	0.6206612712483736	0.7988863838418974	([229, 132], [200, 132, 130])
1	0.7920602721540301	0.7994768221064232	([284, 52], [284, 57, 52])
1	0.779129832457873	0.7997375262005707	([200, 39], [228, 200, 54])
1	0.7626239492148782	0.7997662133794048	([241, 91], [241, 160, 91])
1	0.7919238074734533	0.8006267436233758	([276, 74], [276, 106, 74])
1	0.7965950334604168	0.8007457829500937	([303, 34], [303, 118, 52])
1	0.7639739907602476	0.801847101676252	([243, 83], [243, 161, 74])
1	0.7840901510840232	0.8030482102450389	([289, 79], [289, 106, 96])
1	0.7917250993987589	0.8031835419189591	([215, 62], [215, 102, 95])
1	0.7973963934122683	0.8035949686989492	([147, 37], [147, 37, 27])
1	0.7872461908865831	0.8047463098064941	([242, 70], [242, 80, 70])
1	0.775136009230532	0.8055177929095485	([270, 40], [270, 40, 19])
1	0.4744776680371311	0.8063606833016781	([297, 137], [297, 157, 137])
1	0.7944308723853772	0.8085594555751724	([297, 10], [297, 153, 101])
1	0.795696714225165	0.8086489832704989	([205, 63], [268, 205, 63])
1	0.7990833487306289	0.8100825241681393	([227, 30], [227, 100, 11])
1	0.5161237625672779	0.8107202922415435	([136, 27], [148, 136, 27])
1	0.7854652114808978	0.8118917772975722	([191, 48], [192, 191, 48])
1	0.601548810243299	0.8157432652851201	([133, 48], [133, 130, 48])
1	0.7975635266050062	0.8354724219377354	([174, 75], [174, 75, 2])
1	0.48966208050690985	0.8373830830137091	([128, 127], [147, 139, 128])
1	0.48206388925625077	0.8575597059080059	([138, 71], [138, 71, 37])
1	0.48694316166077484	0.8785410772261049	([142, 141], [157, 137, 110])
1	0.4948945826689663	0.8835991846177852	([293, 139], [293, 292, 139])
1	0.48242161513485304	0.8916462359656241	([139, 110], [139, 128, 110])
1	0.4844874703672711	0.8923423205368041	([126, 119], [136, 125, 27])
1	0.47891709032759305	0.8965455590535857	([124, 123], [140, 124, 49])
1	0.4835984942232183	0.8976503102879596	([110, 109], [138, 110, 71])
1	0.4840898267074313	0.9125494272648984	([210, 134], [210, 134, 128])
0	0.0	1.0	([135], [135, 0])
0	0.0	inf	([125], [])
