0	0.0	0.2237550230902258	([39], [39, 38])
0	0.0	0.23721442690167163	([379], [379, 378])
0	0.0	0.24144384461764062	([419], [419, 418])
0	0.0	0.24554469605955967	([263], [263, 262])
0	0.0	0.24611113396242365	([90], [90, 89])
0	0.0	0.24622477337852525	([291], [291, 290])
0	0.0	0.24685673120650847	([399], [399, 398])
0	0.0	0.25137020506383945	([375], [375, 374])
0	0.0	0.25144553256650715	([434], [434, 433])
0	0.0	0.25177695147276097	([387], [387, 386])
0	0.0	0.2521630068520869	([295], [295, 294])
0	0.0	0.25242665837033246	([296], [296, 295])
0	0.0	0.25249687560802797	([228], [228, 227])
0	0.0	0.25320771317700325	([214], [214, 213])
0	0.0	0.254128365612434	([170], [170, 169])
0	0.0	0.254848712973139	([289], [289, 288])
0	0.0	0.2558040813888345	([361], [361, 360])
0	0.0	0.2558086418939866	([222], [222, 221])
0	0.0	0.25663152372665526	([240], [240, 239])
0	0.0	0.25782393387781893	([278], [278, 277])
0	0.0	0.25868015800247607	([34], [34, 33])
0	0.0	0.25878502409679144	([305], [305, 304])
0	0.0	0.2588982382993684	([284], [284, 283])
0	0.0	0.2599340554895707	([35], [35, 34])
0	0.0	0.2605606407771222	([389], [389, 388])
0	0.0	0.26081845106871915	([37], [37, 36])
0	0.0	0.2608855978990051	([88], [88, 87])
0	0.0	0.2622793076171975	([178], [178, 177])
0	0.0	0.2623351940762674	([114], [114, 113])
0	0.0	0.26316038323069485	([76], [76, 75])
0	0.0	0.26363934313906706	([75], [75, 74])
0	0.0	0.2639118867631225	([396], [396, 395])
0	0.0	0.26432506623781526	([331], [331, 330])
0	0.0	0.26440118163778586	([442], [442, 441])
0	0.0	0.2644692053563894	([109], [109, 108])
0	0.0	0.26508189116539227	([368], [368, 367])
0	0.0	0.2650875760708682	([243], [243, 242])
0	0.0	0.2654884580854823	([373], [373, 372])
0	0.0	0.26560053275214235	([172], [172, 171])
0	0.0	0.2657003030139918	([299], [299, 298])
0	0.0	0.2658244815164594	([208], [208, 207])
0	0.0	0.26584956641331214	([238], [238, 237])
0	0.0	0.2662722294063717	([292], [292, 291])
0	0.0	0.26632414830193823	([241], [241, 240])
0	0.0	0.26641003339110986	([385], [385, 384])
0	0.0	0.26708832806947436	([94], [94, 93])
0	0.0	0.26728296437510823	([265], [265, 264])
0	0.0	0.26731034201213266	([444], [444, 443])
0	0.0	0.26750056747366285	([182], [182, 181])
0	0.0	0.2679812687008625	([382], [382, 381])
0	0.0	0.2683018380079939	([423], [423, 422])
0	0.0	0.26851141318379845	([429], [429, 428])
0	0.0	0.26877792025137665	([262], [262, 261])
0	0.0	0.2692929634157587	([177], [177, 176])
0	0.0	0.27059244161168555	([32], [32, 31])
0	0.0	0.27061655936135326	([267], [267, 266])
0	0.0	0.27062612075267817	([283], [283, 282])
0	0.0	0.2706834305235898	([297], [297, 296])
0	0.0	0.2707122231484941	([327], [327, 326])
0	0.0	0.2708508156498404	([439], [439, 438])
0	0.0	0.27105519799836747	([277], [278, 276])
0	0.0	0.2720578979602262	([198], [198, 197])
0	0.0	0.2721526863555088	([244], [244, 243])
0	0.0	0.27247081354052316	([27], [27, 26])
0	0.0	0.27272487963609515	([258], [258, 257])
0	0.0	0.27281416720672	([402], [402, 401])
0	0.0	0.2728325933663428	([383], [383, 382])
0	0.0	0.2731737252132721	([161], [161, 160])
0	0.0	0.2733423919115664	([377], [377, 376])
0	0.0	0.27337481089308363	([401], [401, 400])
0	0.0	0.27346359831704653	([287], [287, 286])
0	0.0	0.27366632208930447	([82], [82, 81])
0	0.0	0.2737303190426361	([290], [290, 289])
0	0.0	0.27381210376613396	([209], [209, 208])
0	0.0	0.27434021916284945	([260], [260, 259])
0	0.0	0.27453199376332044	([357], [357, 356])
0	0.0	0.2746519431762416	([201], [201, 200])
0	0.0	0.2748514711851978	([36], [36, 35])
0	0.0	0.27567108462468093	([270], [270, 269])
0	0.0	0.2756899404862647	([443], [443, 442])
0	0.0	0.2760907848205543	([142], [142, 141])
0	0.0	0.276306182929385	([33], [33, 32])
0	0.0	0.27635167593126336	([449], [449, 448])
0	0.0	0.2763753072085427	([392], [392, 391])
0	0.0	0.27660397325514563	([395], [395, 394])
0	0.0	0.27677918999189083	([268], [268, 267])
0	0.0	0.2768147181898024	([119], [119, 118])
0	0.0	0.27709522752893584	([149], [149, 148])
0	0.0	0.27719905929258865	([175], [175, 174])
0	0.0	0.277322870470534	([441], [441, 440])
0	0.0	0.277649174486695	([303], [303, 302])
0	0.0	0.2776735428363936	([224], [224, 223])
0	0.0	0.27768813383502305	([293], [293, 292])
0	0.0	0.2778633734133895	([418], [418, 417])
0	0.0	0.2780369654446118	([281], [281, 280])
0	0.0	0.2780657821017213	([185], [185, 184])
0	0.0	0.27817795148917124	([186], [186, 185])
0	0.0	0.27912055547221887	([366], [366, 365])
0	0.0	0.27948860002006737	([183], [183, 182])
0	0.0	0.2802222847889323	([53], [53, 52])
0	0.0	0.2808069241750388	([96], [96, 95])
0	0.0	0.2816709254467242	([359], [359, 358])
0	0.0	0.28188178875741315	([307], [307, 306])
0	0.0	0.28248947737215485	([190], [190, 189])
0	0.0	0.2827902427273906	([381], [381, 380])
0	0.0	0.2829385994349843	([371], [371, 370])
0	0.0	0.28298976167819484	([57], [57, 56])
0	0.0	0.28307910345096016	([169], [169, 168])
0	0.0	0.28354561674032175	([91], [91, 90])
0	0.0	0.28392904889887216	([274], [274, 273])
0	0.0	0.28394013410414964	([317], [317, 316])
0	0.0	0.28403458223972117	([151], [151, 150])
0	0.0	0.28416778705485807	([54], [54, 53])
0	0.0	0.2848927318673738	([95], [95, 94])
0	0.0	0.28491428360990473	([352], [352, 351])
0	0.0	0.28520438873397785	([440], [440, 439])
0	0.0	0.28527758054054314	([200], [200, 199])
0	0.0	0.28534117721086205	([436], [436, 435])
0	0.0	0.28534175035595316	([56], [56, 55])
0	0.0	0.2853669239761578	([306], [306, 305])
0	0.0	0.28544143526805327	([45], [45, 43])
0	0.0	0.2855656937111106	([438], [438, 437])
0	0.0	0.28647179242300047	([266], [266, 265])
0	0.0	0.28650462335623034	([412], [412, 411])
0	0.0	0.2865929644421508	([276], [276, 275])
0	0.0	0.28667373291239096	([225], [225, 224])
0	0.0	0.2869054936910072	([78], [78, 77])
0	0.0	0.2871203215255079	([316], [316, 315])
0	0.0	0.2873397099379244	([407], [407, 406])
0	0.0	0.28782505948972725	([74], [74, 73])
0	0.0	0.2880297893040536	([431], [431, 430])
0	0.0	0.2882538307904871	([294], [294, 293])
0	0.0	0.2884986082731047	([261], [261, 260])
0	0.0	0.2885269165545122	([191], [191, 190])
0	0.0	0.289060658352276	([227], [227, 226])
0	0.0	0.2891502510726531	([213], [213, 212])
0	0.0	0.2893533103315974	([165], [165, 164])
0	0.0	0.2897630414541143	([216], [216, 215])
0	0.0	0.28998540631127234	([288], [288, 287])
0	0.0	0.29025207879231746	([286], [286, 285])
0	0.0	0.2909861792496405	([450], [450, 449])
0	0.0	0.2913558167217461	([133], [133, 132])
0	0.0	0.291580505170417	([242], [242, 241])
0	0.0	0.2916275982338605	([445], [445, 444])
0	0.0	0.2923225420710147	([437], [437, 436])
0	0.0	0.29240446619985905	([195], [195, 194])
0	0.0	0.2924706526017315	([427], [427, 426])
0	0.0	0.2926364645425797	([280], [281, 279])
0	0.0	0.29265596949336764	([112], [112, 111])
0	0.0	0.2933034437240019	([50], [50, 49])
0	0.0	0.2936187904409221	([98], [98, 97])
0	0.0	0.29365088868710315	([251], [251, 250])
0	0.0	0.29367954719081235	([353], [353, 352])
0	0.0	0.2947091859606251	([253], [253, 252])
0	0.0	0.29495193350731	([171], [171, 170])
0	0.0	0.29513173637193435	([332], [332, 331])
0	0.0	0.2951789837284997	([196], [196, 195])
0	0.0	0.2958096363982851	([310], [310, 309])
0	0.0	0.2961481180473497	([369], [369, 368])
0	0.0	0.29677793696148397	([356], [356, 355])
0	0.0	0.29705798578443837	([116], [116, 115])
0	0.0	0.2974164185481958	([413], [413, 412])
0	0.0	0.29747309730850174	([347], [347, 346])
0	0.0	0.29754508897104043	([372], [373, 371])
0	0.0	0.2975665413410447	([378], [378, 377])
0	0.0	0.2977620008913347	([426], [426, 425])
0	0.0	0.2981107639184433	([72], [72, 71])
0	0.0	0.2983722966574635	([205], [205, 203])
0	0.0	0.29882130256967	([435], [435, 434])
0	0.0	0.2993710498080549	([319], [319, 318])
0	0.0	0.29940204702506396	([311], [311, 310])
0	0.0	0.29947200738816265	([364], [364, 363])
0	0.0	0.29950088904987787	([79], [79, 78])
0	0.0	0.29963259534233555	([210], [210, 209])
0	0.0	0.2996923691225429	([354], [354, 353])
0	0.0	0.29971274591544006	([31], [31, 30])
0	0.0	0.3004922842206825	([160], [160, 159])
0	0.0	0.3005994925232902	([411], [411, 410])
0	0.0	0.30078489867196423	([173], [173, 172])
0	0.0	0.3008395099691156	([157], [157, 156])
0	0.0	0.3013231416170836	([250], [250, 249])
0	0.0	0.30136781831123177	([193], [193, 192])
0	0.0	0.301373170760484	([349], [349, 348])
0	0.0	0.3018998487419478	([226], [226, 225])
0	0.0	0.30220148317865925	([335], [335, 334])
0	0.0	0.3023119832325154	([339], [339, 338])
0	0.0	0.3024642403624002	([211], [211, 210])
0	0.0	0.3026224010518552	([174], [174, 173])
0	0.0	0.30279655776855013	([167], [167, 166])
0	0.0	0.30289021213364736	([150], [150, 149])
0	0.0	0.30316178451321374	([156], [156, 155])
0	0.0	0.30330075100207243	([318], [318, 317])
0	0.0	0.3034171245232087	([252], [252, 251])
0	0.0	0.30361442420255264	([333], [333, 332])
0	0.0	0.3036725193369733	([394], [394, 393])
0	0.0	0.3037217336738767	([123], [123, 122])
0	0.0	0.3038038698263473	([132], [132, 131])
0	0.0	0.3038113313127621	([308], [308, 307])
0	0.0	0.3039614806849202	([393], [393, 392])
0	0.0	0.3039633061392023	([134], [134, 133])
0	0.0	0.3040540626584313	([273], [273, 272])
0	0.0	0.30405526182751536	([124], [124, 123])
0	0.0	0.30407249608722714	([341], [341, 340])
0	0.0	0.3042481376175675	([148], [148, 147])
0	0.0	0.30441768652086326	([403], [403, 402])
0	0.0	0.3048440238450227	([52], [52, 51])
0	0.0	0.30484886055448707	([199], [199, 198])
0	0.0	0.30490634843921505	([92], [92, 91])
0	0.0	0.3050831603460329	([367], [367, 366])
0	0.0	0.3052538452599281	([346], [346, 345])
0	0.0	0.3056179692772098	([343], [343, 342])
0	0.0	0.30583594956713067	([159], [159, 158])
0	0.0	0.3060669920853067	([153], [153, 152])
0	0.0	0.30612848974725015	([125], [125, 124])
0	0.0	0.30638523239509013	([129], [129, 128])
0	0.0	0.306580871289886	([146], [146, 145])
0	0.0	0.30672418128684575	([136], [136, 135])
0	0.0	0.3077865085141446	([87], [87, 86])
0	0.0	0.30783310533696445	([65], [65, 64])
0	0.0	0.3079832893074616	([430], [430, 429])
0	0.0	0.3080728161625087	([152], [152, 151])
0	0.0	0.30812929469962014	([309], [309, 308])
0	0.0	0.3081911903287381	([110], [110, 109])
0	0.0	0.3085306232366268	([298], [298, 297])
0	0.0	0.3086795350621467	([329], [329, 328])
0	0.0	0.3087413483354816	([130], [130, 129])
0	0.0	0.30918733068377546	([351], [351, 350])
0	0.0	0.30935592072407014	([166], [166, 165])
0	0.0	0.30952226218856954	([60], [60, 59])
0	0.0	0.30980904424229616	([362], [362, 361])
0	0.0	0.3099121292045516	([143], [143, 142])
0	0.0	0.3102320582460832	([137], [137, 136])
0	0.0	0.31034624532316724	([158], [158, 157])
0	0.0	0.31063080246791425	([304], [304, 303])
0	0.0	0.3107569518239423	([338], [338, 337])
0	0.0	0.31125664795349983	([336], [336, 335])
0	0.0	0.3114844657962257	([376], [376, 375])
0	0.0	0.3116915523227506	([147], [147, 146])
0	0.0	0.3118630360727918	([246], [246, 245])
0	0.0	0.31211379911106657	([176], [176, 175])
0	0.0	0.31217364664388003	([221], [221, 220])
0	0.0	0.3123063714732593	([390], [390, 389])
0	0.0	0.3124302601214839	([325], [325, 324])
0	0.0	0.31254964506651944	([141], [141, 140])
0	0.0	0.3132268921500446	([451], [451, 450])
0	0.0	0.31370912490879665	([249], [249, 248])
0	0.0	0.3146452658933801	([215], [215, 214])
0	0.0	0.3149106290111419	([235], [235, 231])
0	0.0	0.3153488793821848	([111], [111, 110])
0	0.0	0.3155557050855586	([86], [86, 85])
0	0.0	0.3162688703069173	([337], [337, 336])
0	0.0	0.31636961341876113	([255], [255, 253])
0	0.0	0.31650450780054296	([117], [117, 116])
0	0.0	0.3165191535446124	([61], [61, 60])
0	0.0	0.31661335546620495	([71], [71, 70])
0	0.0	0.31667260448362206	([410], [410, 409])
0	0.0	0.3167497126208873	([232], [232, 231])
0	0.0	0.31695294945620395	([391], [391, 390])
0	0.0	0.3177948472676844	([342], [342, 341])
0	0.0	0.31844928909012815	([314], [314, 313])
0	0.0	0.3186913853938787	([135], [135, 134])
0	0.0	0.31880484170997264	([85], [85, 84])
0	0.0	0.31904652982081577	([138], [138, 137])
0	0.0	0.31944639899818583	([454], [454, 453])
0	0.0	0.31948792777405877	([397], [397, 396])
0	0.0	0.31948868143556713	([420], [420, 419])
0	0.0	0.3197045002768579	([321], [321, 320])
0	0.0	0.3197904601461332	([388], [388, 387])
0	0.0	0.3201089059030351	([275], [275, 274])
0	0.0	0.3202352352566159	([219], [219, 218])
0	0.0	0.3203714779400595	([452], [452, 451])
0	0.0	0.32094540800725985	([400], [400, 399])
0	0.0	0.3211497037277593	([370], [370, 369])
0	0.0	0.32169926710093383	([217], [217, 216])
0	0.0	0.321978828423713	([203], [203, 202])
0	0.0	0.3222461324762364	([197], [197, 196])
0	0.0	0.3225127395439799	([189], [191, 187])
0	0.0	0.322644552937063	([184], [184, 183])
0	0.0	0.32393645159661016	([398], [398, 397])
0	0.0	0.3242848309998968	([233], [233, 232])
0	0.0	0.32443086345999966	([285], [285, 284])
0	0.0	0.32559407069087615	([51], [51, 50])
0	0.0	0.3256807830878599	([202], [202, 201])
0	0.0	0.32576358336717637	([93], [93, 92])
1	0.3153011343641698	0.3263009335749689	([201, 198], [201, 200, 199])
0	0.0	0.3264269266664901	([334], [334, 333])
0	0.0	0.32667578750009973	([360], [360, 359])
0	0.0	0.3267320827775041	([384], [384, 383])
0	0.0	0.3267665071300856	([245], [245, 244])
0	0.0	0.32702818770554043	([118], [118, 117])
0	0.0	0.32713127957541316	([363], [363, 362])
0	0.0	0.3276933370670825	([355], [355, 354])
0	0.0	0.32829402888705744	([67], [67, 65])
0	0.0	0.3284128418555196	([417], [417, 416])
0	0.0	0.32929102242427305	([69], [69, 68])
0	0.0	0.32948842991326205	([97], [97, 96])
0	0.0	0.32965979419835617	([179], [179, 178])
0	0.0	0.3300451172677482	([269], [269, 268])
0	0.0	0.33031072027151126	([212], [212, 211])
0	0.0	0.3305361948827473	([406], [406, 405])
0	0.0	0.33149988780561707	([120], [120, 119])
0	0.0	0.3320964460942183	([121], [121, 120])
0	0.0	0.3326558305217932	([320], [320, 319])
0	0.0	0.3328660559730329	([187], [187, 186])
0	0.0	0.33313363884142094	([231], [235, 234])
0	0.0	0.333232343043709	([350], [350, 349])
0	0.0	0.3336406849305897	([422], [422, 421])
0	0.0	0.33374199390651826	([239], [239, 238])
0	0.0	0.3340525390010939	([70], [70, 67])
0	0.0	0.334268633152653	([248], [249, 246])
0	0.0	0.33428928783751927	([55], [55, 54])
0	0.0	0.3350758497879414	([340], [340, 339])
1	0.31749692789597445	0.3353340788053558	([369, 365], [368, 367, 366])
0	0.0	0.3354571704978443	([66], [66, 65])
0	0.0	0.33617198359472533	([312], [312, 311])
0	0.0	0.3364820144027884	([68], [68, 67])
0	0.0	0.3368059381789011	([237], [248, 247])
0	0.0	0.3371086766639425	([433], [433, 432])
0	0.0	0.3379482847748275	([105], [105, 103])
0	0.0	0.3383181789864889	([73], [73, 72])
0	0.0	0.33835413981368606	([77], [77, 76])
0	0.0	0.33847595282258597	([103], [103, 102])
0	0.0	0.3384806294356629	([330], [330, 329])
1	0.3317058382760313	0.3391336294790163	([235, 233], [235, 233, 231])
0	0.0	0.3393538171703597	([279], [279, 278])
0	0.0	0.339868638795918	([194], [194, 193])
0	0.0	0.34022537872513875	([101], [101, 100])
0	0.0	0.3403885839234619	([28], [28, 27])
0	0.0	0.34106202445713857	([322], [322, 321])
0	0.0	0.3414255980099933	([264], [264, 263])
0	0.0	0.3414518704751277	([374], [374, 373])
0	0.0	0.342062323016012	([416], [416, 415])
0	0.0	0.3430212366444862	([421], [421, 420])
0	0.0	0.34308392063370585	([162], [162, 161])
0	0.0	0.3438127212263042	([100], [100, 99])
0	0.0	0.3438597396705142	([192], [192, 191])
0	0.0	0.34389333662235766	([271], [271, 270])
0	0.0	0.3445519561708259	([181], [205, 204])
0	0.0	0.34575887202144234	([313], [313, 312])
0	0.0	0.3457905304377631	([38], [38, 37])
0	0.0	0.34745440297667607	([81], [81, 79])
0	0.0	0.34797425499298484	([428], [428, 427])
0	0.0	0.34806426410787245	([365], [365, 364])
0	0.0	0.34858552195231923	([425], [425, 424])
0	0.0	0.3486521338953719	([447], [447, 446])
0	0.0	0.3490605339148164	([424], [424, 423])
0	0.0	0.34908141393901687	([415], [415, 413])
0	0.0	0.3491859452220866	([62], [62, 61])
0	0.0	0.34947467821274375	([386], [386, 385])
0	0.0	0.34972572914673555	([380], [380, 379])
0	0.0	0.34996914134045504	([446], [446, 445])
0	0.0	0.35103023128716954	([326], [326, 325])
0	0.0	0.3510729718765091	([164], [165, 162])
0	0.0	0.35126923439875063	([348], [348, 347])
0	0.0	0.3514100125433694	([358], [358, 357])
0	0.0	0.35193940347020114	([432], [432, 431])
0	0.0	0.35235792653860093	([104], [104, 103])
0	0.0	0.35262731598687036	([64], [64, 63])
0	0.0	0.35291749559537566	([206], [206, 205])
0	0.0	0.3531997683087423	([453], [453, 452])
0	0.0	0.3537688445814576	([102], [102, 101])
0	0.0	0.3542177200621646	([80], [80, 79])
0	0.0	0.35534991445493064	([48], [48, 47])
0	0.0	0.355510009689949	([131], [131, 130])
0	0.0	0.35553316511492233	([301], [301, 300])
0	0.0	0.3567167595799418	([140], [140, 139])
0	0.0	0.35675512341108123	([272], [272, 271])
0	0.0	0.357610513237741	([236], [236, 235])
0	0.0	0.35824659424136157	([145], [145, 144])
0	0.0	0.35833430760445667	([302], [302, 300])
0	0.0	0.3597994747000129	([220], [220, 219])
0	0.0	0.3600797370577706	([448], [448, 447])
0	0.0	0.36050420002948025	([282], [282, 281])
0	0.0	0.36066403841858446	([122], [122, 121])
0	0.0	0.36096877114517406	([323], [323, 322])
0	0.0	0.36106730925174124	([256], [256, 255])
0	0.0	0.36270996610972633	([230], [230, 229])
0	0.0	0.36377040198819766	([324], [324, 320])
0	0.0	0.3642592520833678	([154], [154, 153])
0	0.0	0.36460715865439974	([99], [99, 98])
0	0.0	0.36473487756999773	([409], [415, 414])
0	0.0	0.36474847957156614	([43], [43, 42])
0	0.0	0.36596450727523805	([49], [49, 48])
0	0.0	0.3662122736884764	([328], [328, 327])
0	0.0	0.36849507611016014	([259], [259, 258])
0	0.0	0.36929412881332907	([405], [405, 404])
0	0.0	0.3705649894410404	([30], [30, 29])
0	0.0	0.37141103063905734	([404], [404, 403])
0	0.0	0.37150966503181543	([29], [29, 28])
0	0.0	0.3718309188104547	([204], [189, 188])
0	0.0	0.37260060922498583	([168], [168, 167])
0	0.0	0.37273318917922077	([24], [24, 23])
0	0.0	0.3729408838045732	([155], [164, 163])
0	0.0	0.37390175989837837	([315], [315, 314])
0	0.0	0.374332981079198	([106], [106, 105])
1	0.3507563171084504	0.37438749732372223	([264, 259], [264, 263, 261])
0	0.0	0.37493050910189873	([139], [139, 138])
0	0.0	0.3756015567958484	([300], [300, 299])
0	0.0	0.376096113761699	([113], [113, 112])
0	0.0	0.3783622020779237	([218], [219, 217])
0	0.0	0.3803661903330482	([344], [344, 343])
0	0.0	0.3813796332939729	([84], [84, 83])
0	0.0	0.3816219221091262	([107], [107, 106])
0	0.0	0.3817220211379023	([414], [409, 407])
0	0.0	0.3820542036579693	([128], [128, 127])
0	0.0	0.38272461369091043	([408], [408, 407])
0	0.0	0.38399972005678557	([223], [223, 222])
1	0.3672889128255333	0.38410069597774743	([324, 323], [324, 323, 322])
0	0.0	0.3847644597909403	([108], [108, 107])
0	0.0	0.38550824295866715	([163], [155, 152])
0	0.0	0.38634377357251665	([63], [63, 62])
0	0.0	0.38808174836068676	([257], [257, 256])
0	0.0	0.3883388961401582	([59], [59, 58])
0	0.0	0.3895410406462868	([46], [46, 45])
0	0.0	0.3908422187629411	([42], [45, 44])
0	0.0	0.39188458103390506	([247], [237, 236])
0	0.0	0.3920270958461905	([58], [58, 57])
0	0.0	0.39269498317809665	([127], [127, 126])
0	0.0	0.39310829711088585	([40], [40, 39])
0	0.0	0.39632880143136845	([47], [47, 46])
0	0.0	0.3971590863985302	([345], [345, 344])
0	0.0	0.3976910602091061	([180], [180, 179])
0	0.0	0.3996567193678749	([20], [20, 19])
0	0.0	0.3998642125953259	([229], [229, 228])
0	0.0	0.4011710426113188	([23], [23, 21])
0	0.0	0.401645184186723	([83], [83, 82])
0	0.0	0.401704700914289	([89], [91, 87])
0	0.0	0.40173688420507336	([207], [207, 206])
0	0.0	0.4018824322141671	([115], [115, 114])
0	0.0	0.4031196983750317	([26], [26, 25])
0	0.0	0.4038640634461518	([44], [42, 41])
0	0.0	0.40535628802348206	([25], [25, 24])
1	0.4020373239384447	0.40616126512556927	([89, 88], [91, 89, 88])
0	0.0	0.40815422144144586	([234], [255, 254])
1	0.40899237656365633	0.40947757602158225	([60, 57], [60, 59, 57])
0	0.0	0.4095143649444197	([126], [126, 125])
0	0.0	0.41070647247257713	([144], [144, 143])
0	0.0	0.4129961079914204	([188], [181, 180])
0	0.0	0.4235332781961658	([254], [235, 230])
0	0.0	0.428366326823446	([41], [41, 40])
1	0.4272552996310101	0.4315385812481642	([347, 340], [347, 345, 342])
1	0.4291086681758053	0.435042948302879	([57, 49], [57, 54, 49])
1	0.40159227321907126	0.4360411083994219	([324, 314], [324, 320, 315])
0	0.0	0.4372040263680631	([18], [18, 15])
0	0.0	0.4476293784848801	([19], [19, 18])
0	0.0	0.448669268998778	([22], [22, 11])
0	0.0	0.44879328152346715	([15], [18, 14])
0	0.0	0.45737627043131984	([21], [21, 20])
0	0.0	0.4580223890060671	([11], [22, 21])
1	0.4572575215029873	0.46045651948680133	([125, 117], [125, 122, 117])
0	0.0	0.4807263676999667	([14], [20, 16])
0	0.0	0.5009093453146127	([16], [21, 13])
1	0.49131611832682454	0.5066248087924543	([25, 11], [25, 22, 21])
1	0.5004038962966074	0.522555379860744	([257, 245], [257, 255, 250])
0	0.0	0.5288974845957002	([13], [21, 17])
1	0.5372457159628083	0.5429099536592266	([23, 16], [23, 21, 20])
1	0.5295746796692395	0.5515247028921635	([43, 15], [43, 42, 41])
0	0.0	0.5543826256827094	([17], [23, 12])
1	0.46812297750558524	0.5548934859532872	([20, 11], [22, 21, 20])
1	0.5566896388380402	0.5618096005682729	([239, 228], [239, 237, 228])
0	0.0	0.591392499639017	([12], [18, 0])
1	0.5649807320378005	0.5942289870337045	([42, 28], [42, 39, 28])
1	0.4840138455627477	0.5946907225162951	([22, 14], [22, 19, 18])
1	0.5894932329176836	0.5981968592582073	([168, 145], [168, 167, 145])
1	0.5963756146703505	0.5990513797819051	([287, 273], [287, 282, 275])
1	0.5870862749200407	0.5999878642678844	([41, 26], [41, 32, 27])
1	0.5906406706472596	0.6234142554463109	([29, 17], [29, 24, 21])
1	0.560391685065308	0.6398172819849067	([126, 15], [144, 115, 114])
1	0.6342221112320325	0.6411515413323465	([219, 208], [219, 217, 208])
1	0.597352562226197	0.6414657319879083	([40, 12], [40, 26, 23])
1	0.5676719734615346	0.6448223084712612	([83, 16], [83, 73, 66])
1	0.6426492835602254	0.6491684504906087	([24, 0], [24, 21, 0])
1	0.6361461572741433	0.6505137482942623	([85, 64], [85, 77, 63])
1	0.6340765903049658	0.651564578932138	([101, 86], [101, 94, 86])
1	0.6360617414243785	0.6537408939246905	([242, 211], [242, 227, 211])
1	0.637893594448835	0.6549276904443811	([451, 42], [451, 42, 21])
1	0.61697712550621	0.6549276904443811	([447, 21], [451, 447, 21])
1	0.6519636984893881	0.6571092124936634	([362, 326], [362, 355, 326])
1	0.6469160126200916	0.6578638535053193	([427, 415], [427, 419, 416])
1	0.5178178161271044	0.6579935236193596	([41, 16], [44, 40, 23])
1	0.6462336017983987	0.6586219838760966	([424, 411], [424, 419, 416])
1	0.6547099350894028	0.658823690818016	([425, 403], [425, 418, 415])
1	0.5613337546512743	0.6604739726648485	([236, 16], [236, 219, 216])
1	0.6613080597850534	0.6625197513412464	([418, 383], [418, 393, 386])
1	0.5618806347788311	0.6628549463672073	([29, 16], [29, 21, 20])
1	0.4909377741424823	0.6632275237579708	([41, 15], [43, 29, 19])
1	0.5943353761175063	0.6638904586193233	([452, 13], [446, 41, 25])
1	0.6308635609845169	0.6641705858345083	([232, 17], [232, 219, 218])
1	0.6491880011492055	0.6645571117302882	([250, 231], [250, 243, 237])
1	0.6478090283569875	0.6649814663636496	([432, 403], [432, 421, 403])
1	0.6594104466732018	0.668275407178085	([428, 398], [428, 417, 401])
1	0.6656964939695075	0.6688016735927802	([126, 12], [126, 115, 12])
1	0.6500043327073294	0.6690648576153064	([417, 385], [417, 397, 395])
1	0.6622512594869656	0.6702791290434837	([254, 232], [254, 248, 232])
1	0.6627258886454286	0.671627440203865	([284, 265], [287, 284, 265])
1	0.6543247246607866	0.6719494037169255	([248, 234], [250, 248, 234])
1	0.650504524207218	0.6734333673271256	([85, 12], [100, 85, 65])
1	0.6421229011570362	0.6737254970200287	([252, 236], [252, 245, 244])
1	0.5876085185917379	0.6744436946199235	([69, 15], [83, 69, 66])
1	0.6667939680077429	0.6753079519409932	([306, 285], [306, 296, 285])
1	0.673665131334878	0.6785803224717275	([453, 18], [453, 20, 18])
1	0.67701466667988	0.6787817216488233	([116, 92], [116, 105, 99])
1	0.6695676716962687	0.6808836536973085	([59, 12], [85, 64, 12])
1	0.5656932648611286	0.682701808847298	([446, 15], [453, 452, 19])
1	0.6822382422193065	0.6831617290128773	([66, 13], [66, 60, 13])
1	0.5312617670611637	0.6834071573105929	([254, 16], [254, 232, 218])
1	0.6736372823047535	0.6834610753661856	([423, 394], [423, 416, 394])
1	0.6337125019893777	0.6838633232030216	([454, 0], [452, 21, 13])
1	0.6418003500213713	0.6839320139247738	([196, 170], [196, 190, 170])
1	0.6798581768476641	0.6845065731366196	([51, 13], [84, 66, 62])
1	0.675168359349915	0.6859951676011545	([145, 93], [145, 115, 93])
1	0.6817953866017366	0.6873134689830696	([442, 423], [442, 435, 423])
1	0.6838050439793799	0.6876078225508271	([397, 370], [397, 394, 376])
1	0.6758036732209599	0.6889456542845813	([445, 0], [445, 431, 421])
1	0.678713307283138	0.6897487234534209	([253, 230], [253, 245, 238])
1	0.6888793294934837	0.6899457849475568	([417, 374], [417, 385, 376])
1	0.6770414969965373	0.6901159774974157	([44, 0], [44, 23, 21])
1	0.6897862004838529	0.6902658759214169	([137, 99], [137, 117, 116])
1	0.6868088133653367	0.6907025118902871	([169, 96], [169, 145, 93])
1	0.6865711111922931	0.6918095951940277	([79, 0], [79, 73, 0])
1	0.6791361452778012	0.6919029464631045	([361, 302], [366, 361, 307])
1	0.6740751114627624	0.692296656041498	([301, 283], [301, 298, 283])
1	0.5707444722076784	0.6932847776440189	([83, 15], [69, 47, 19])
1	0.6874666664643236	0.6938150484363063	([214, 169], [214, 211, 169])
1	0.6658809635700818	0.6939194024744002	([364, 12], [364, 335, 328])
1	0.686598977287742	0.695698245250394	([211, 145], [214, 196, 170])
1	0.6941581308103443	0.6960665116938245	([168, 79], [168, 95, 94])
1	0.6975086264792634	0.6984415734138968	([197, 168], [197, 192, 168])
1	0.6807443557262012	0.6984415734138968	([216, 168], [212, 192, 168])
1	0.6952763325001201	0.698548260185821	([407, 301], [422, 417, 301])
1	0.6801307959843271	0.6989895668044956	([430, 396], [430, 396, 383])
1	0.6970260144672512	0.69946082094808	([438, 372], [438, 435, 377])
1	0.6656090307751061	0.6999201984874198	([75, 41], [75, 63, 52])
1	0.5898754339082947	0.7002841554003599	([46, 17], [46, 29, 17])
1	0.6966445198975827	0.7005232949475646	([432, 286], [432, 430, 286])
1	0.6962383084138553	0.7006245343234104	([432, 380], [432, 420, 380])
1	0.5482748326154275	0.7006669986619207	([254, 15], [254, 230, 15])
1	0.5317424907477615	0.7006669986619207	([230, 11], [254, 230, 218])
1	0.6929170737449234	0.7009449101572564	([292, 260], [292, 286, 260])
1	0.698464758902717	0.7021193830315292	([385, 297], [430, 383, 296])
1	0.7004744522818126	0.7029265286544238	([364, 315], [364, 328, 315])
1	0.6921397507616397	0.703117481063139	([257, 170], [257, 211, 170])
1	0.6793312342254932	0.7031863645413339	([423, 381], [423, 403, 381])
1	0.6803749710321887	0.7033799913077532	([291, 257], [291, 282, 268])
1	0.7008644750298247	0.7035073700204079	([308, 290], [308, 302, 290])
1	0.671444109661175	0.7042821161931856	([168, 95], [170, 168, 94])
1	0.7033593502240938	0.7044857921545487	([149, 105], [149, 121, 111])
1	0.6990065756497039	0.7048201980640434	([258, 169], [258, 213, 169])
1	0.5432131574749961	0.7051838409011815	([114, 15], [104, 84, 83])
1	0.700369836521247	0.7056801553296748	([363, 306], [363, 327, 306])
1	0.7008107656661741	0.7062830146617457	([304, 263], [304, 284, 267])
1	0.6782942478902501	0.7063976008266973	([366, 307], [361, 327, 307])
1	0.7006881736772258	0.7069643930029064	([237, 169], [237, 215, 211])
1	0.6922327821543806	0.7073972655362383	([97, 0], [97, 75, 73])
1	0.6767281750087919	0.707462135655344	([445, 26], [446, 445, 25])
1	0.7072480485583635	0.7078651507867465	([68, 18], [68, 46, 19])
1	0.7038473896519807	0.7080523813855459	([226, 191], [226, 207, 205])
1	0.705284852963487	0.7081668660752096	([415, 370], [415, 390, 378])
1	0.6990871144571948	0.7081668660752096	([426, 378], [426, 415, 378])
1	0.7059090416183827	0.7089980149700501	([446, 397], [446, 442, 390])
1	0.6814338927725966	0.7090374726391789	([303, 273], [303, 292, 283])
1	0.7072287903532886	0.7090754690369715	([410, 13], [410, 407, 13])
1	0.6448167666749665	0.7094689235437577	([437, 296], [373, 363, 306])
1	0.690303107322072	0.709501660581408	([99, 19], [99, 70, 59])
1	0.699358965615537	0.7095147479422239	([435, 306], [435, 422, 306])
1	0.7050099115178573	0.7098221503451891	([394, 13], [420, 413, 13])
1	0.6846226940261322	0.7102332626534458	([367, 318], [367, 356, 335])
1	0.7073276173354253	0.7102488240647118	([233, 206], [233, 218, 209])
1	0.6764657312766096	0.7106812161798216	([435, 384], [435, 421, 384])
1	0.699332920912549	0.7112600811187443	([421, 368], [421, 415, 368])
1	0.6806510644293242	0.711539335014749	([422, 301], [437, 417, 299])
1	0.6956144290385922	0.7119069872182522	([429, 288], [429, 421, 288])
1	0.7120226371260981	0.7123799129137226	([77, 29], [77, 62, 29])
1	0.6493472297479624	0.7124888512684711	([420, 13], [446, 440, 13])
1	0.6988288481045606	0.7126313119453923	([269, 224], [269, 244, 243])
1	0.7011331931735366	0.7129987486976769	([295, 266], [295, 284, 283])
1	0.7011642793957539	0.7131588403844961	([433, 287], [437, 433, 291])
1	0.6219939221118911	0.7133461629468163	([104, 12], [100, 99, 28])
1	0.6919798912242812	0.7133797035957717	([393, 371], [393, 389, 371])
1	0.6216454935744282	0.7135573436402557	([247, 13], [254, 19, 15])
1	0.537214308747397	0.7135573436402557	([230, 15], [254, 19, 16])
1	0.696822391009426	0.713902773566272	([451, 426], [451, 426, 425])
1	0.7115073587774151	0.7143387039095296	([308, 278], [308, 290, 285])
1	0.7062508176613721	0.7148332928641696	([249, 209], [249, 242, 212])
1	0.6465328798354386	0.7151743300138279	([90, 13], [60, 28, 13])
1	0.7046831666007368	0.715484125931318	([430, 269], [430, 296, 269])
1	0.6810600071919701	0.7159405397793764	([155, 12], [155, 132, 126])
1	0.632003760091506	0.7161058991739883	([105, 13], [105, 96, 13])
1	0.7050822821651507	0.7161477909839475	([308, 242], [305, 270, 267])
1	0.6923253170120062	0.7161787131934899	([438, 292], [438, 429, 292])
1	0.7096503004694066	0.7162238391030372	([112, 79], [112, 97, 79])
1	0.7128871529771815	0.7162675904625501	([216, 92], [216, 168, 92])
1	0.6186219605520114	0.7168885332895127	([100, 17], [100, 21, 17])
1	0.6532149500995447	0.7168885332895127	([93, 26], [100, 92, 21])
1	0.6502220681384213	0.7169917774336345	([421, 0], [445, 44, 25])
1	0.7118873603098418	0.7174069955990131	([191, 13], [191, 174, 13])
1	0.7083239693414172	0.717568826090721	([435, 275], [435, 290, 275])
1	0.7079730776416815	0.7177176638135656	([416, 372], [420, 416, 372])
1	0.6916501336085772	0.7177705753422853	([439, 92], [445, 439, 92])
1	0.6876244851508055	0.7181705099813546	([272, 252], [272, 260, 252])
1	0.683996412487273	0.7183835296073123	([307, 245], [307, 305, 256])
1	0.7162388593345786	0.7192082365105018	([368, 266], [370, 368, 243])
1	0.715167103556805	0.7192082365105018	([370, 243], [417, 368, 243])
1	0.7120187183867814	0.7203019669625635	([304, 193], [304, 293, 169])
1	0.7105984535805133	0.7205790744943645	([104, 49], [104, 83, 71])
1	0.709972720591889	0.7209357003466649	([238, 198], [238, 214, 210])
1	0.6980304525495497	0.7211123868805523	([435, 295], [435, 421, 295])
1	0.7124241858385484	0.7211629683442147	([436, 27], [446, 438, 27])
1	0.7177363236905785	0.7211981820103409	([180, 27], [180, 168, 27])
1	0.713162440675004	0.721489845746218	([438, 304], [442, 438, 304])
1	0.7185763363434455	0.7217522231205421	([317, 275], [317, 308, 278])
1	0.718306974910535	0.7218863126299222	([378, 196], [385, 378, 196])
1	0.7149395385230557	0.7224048968575852	([260, 195], [260, 244, 195])
1	0.7176075288295393	0.7226693667950609	([294, 212], [294, 266, 212])
1	0.7023112916484852	0.7227220049090753	([286, 193], [299, 286, 193])
1	0.7100273397635394	0.7227220049090753	([290, 169], [304, 299, 193])
1	0.683810014803621	0.7229634322647442	([325, 0], [390, 365, 362])
1	0.7221351025203534	0.7230910356792051	([360, 299], [360, 310, 306])
1	0.714604233108863	0.7237209821839843	([374, 300], [374, 367, 300])
1	0.7162321110801353	0.7240742282326569	([174, 75], [211, 174, 75])
1	0.7135680967710121	0.7244270036133336	([394, 304], [389, 375, 304])
1	0.6775591628836116	0.7244270036133336	([442, 294], [438, 375, 304])
1	0.7005886411400439	0.7248810658610614	([154, 13], [168, 93, 13])
1	0.7246756623286974	0.7248985919193632	([109, 42], [109, 100, 42])
1	0.7075862582889594	0.7249821432252883	([267, 196], [268, 265, 196])
1	0.7227812270423281	0.7250528700608895	([257, 115], [257, 170, 115])
1	0.716353896630901	0.7254194220651813	([209, 167], [211, 209, 167])
1	0.7116216257855469	0.7255778163550982	([306, 13], [306, 285, 270])
1	0.6985121983254877	0.7255978558451451	([450, 234], [450, 252, 234])
1	0.6627309069775752	0.7256072304757245	([306, 195], [296, 292, 195])
1	0.703243315860278	0.7257760306810003	([368, 317], [368, 348, 334])
1	0.7121134360989861	0.7259111776852298	([385, 287], [389, 304, 287])
1	0.7245949092779193	0.7263817495410511	([443, 303], [443, 438, 292])
1	0.7030483523340872	0.7265235392518514	([433, 29], [444, 433, 40])
1	0.7253221216821487	0.7265824100487734	([386, 13], [386, 373, 368])
1	0.7225226185987762	0.7266200089473107	([379, 290], [390, 379, 276])
1	0.7208218661150174	0.7266376367552548	([453, 118], [453, 452, 118])
1	0.712134337447062	0.7267633417184826	([439, 33], [439, 92, 40])
1	0.5880420920905565	0.7270596938800098	([424, 15], [424, 404, 391])
1	0.7111882635411483	0.727214904587572	([246, 187], [246, 216, 212])
1	0.6893384908359365	0.7274969330085139	([393, 293], [430, 402, 293])
1	0.6894716184658132	0.7275484907636994	([299, 175], [296, 286, 174])
1	0.6835651497220014	0.727881460168146	([368, 298], [376, 368, 303])
1	0.7068225435068576	0.7279103273892821	([245, 23], [245, 24, 23])
1	0.7049083951031269	0.7279103273892821	([227, 24], [245, 227, 24])
1	0.7216305365846363	0.727961352929417	([237, 27], [258, 237, 169])
1	0.7092348272559716	0.7279729730976021	([422, 273], [422, 301, 290])
1	0.704480093424468	0.7280105757432622	([370, 283], [372, 370, 283])
1	0.691058415475523	0.7280300893147865	([445, 307], [445, 307, 257])
1	0.7075952028872196	0.7281261522860709	([452, 409], [452, 410, 409])
1	0.712814056234242	0.7282499061040648	([362, 274], [362, 305, 304])
1	0.7213673554170971	0.7286579675203835	([277, 200], [277, 200, 171])
1	0.7020634899337853	0.7287339486928944	([372, 277], [370, 306, 301])
1	0.6850717005899458	0.728875042488295	([140, 13], [123, 115, 13])
1	0.6998439203743165	0.7289807544217767	([417, 243], [368, 362, 265])
1	0.714905672591761	0.7292161061554476	([378, 272], [379, 378, 272])
1	0.700685982783347	0.729326180650175	([431, 267], [433, 431, 277])
1	0.7292839566902732	0.7293934911226385	([287, 176], [287, 265, 176])
1	0.7134443621750389	0.7294627113162991	([218, 133], [218, 108, 19])
1	0.7174890155706668	0.7294896352122638	([443, 262], [443, 292, 268])
1	0.7253595678948741	0.7294896352122638	([441, 268], [443, 441, 268])
1	0.6776287593939484	0.7295157512833526	([305, 26], [443, 305, 292])
1	0.7015925047579479	0.7295366631637438	([344, 301], [344, 325, 313])
1	0.7289145996837237	0.7296567860255783	([391, 326], [391, 326, 300])
1	0.7195173893456035	0.7299046425030543	([454, 378], [454, 451, 426])
1	0.7283821368628437	0.7302410822109866	([268, 174], [268, 261, 174])
1	0.723678635949651	0.7302410822109866	([261, 206], [296, 261, 174])
1	0.7147846521026168	0.7303537079504984	([390, 276], [390, 385, 287])
1	0.717078801761977	0.7304278697836611	([279, 249], [280, 279, 249])
1	0.545888931046232	0.7304630940038462	([180, 16], [206, 180, 175])
1	0.7230414561998845	0.7306365147661879	([256, 21], [256, 247, 13])
1	0.6856554219521893	0.7312266066711633	([280, 13], [420, 373, 366])
1	0.7252694652116004	0.7313260612597711	([289, 40], [289, 257, 41])
1	0.7086494215985589	0.7313750533322113	([393, 275], [432, 393, 293])
1	0.7301037143674156	0.7314572605535783	([130, 86], [130, 110, 108])
1	0.7262510457078808	0.7317544451557554	([371, 204], [371, 363, 197])
1	0.7221111825188307	0.7317544451557554	([363, 197], [385, 371, 197])
1	0.7081219824907833	0.732282071442626	([211, 98], [174, 168, 94])
1	0.7298984798604728	0.7323007338287835	([421, 270], [421, 385, 380])
1	0.6941919103362284	0.7323079297559778	([378, 322], [378, 361, 323])
1	0.7267080922657535	0.7324885730307816	([322, 251], [322, 252, 251])
1	0.7180733764111712	0.7325284082346013	([453, 248], [453, 248, 13])
1	0.7107937276458215	0.7329817407686072	([444, 308], [446, 389, 308])
1	0.5224769984743747	0.733135101212531	([218, 16], [270, 251, 13])
1	0.720215619592652	0.7331368704706939	([173, 26], [173, 168, 92])
1	0.7332072491733629	0.7332786752595855	([434, 195], [434, 385, 195])
1	0.7032583484990954	0.733514151575834	([376, 270], [376, 303, 282])
1	0.710054350307002	0.7335551802176812	([284, 211], [286, 284, 211])
1	0.7202481555748562	0.7340247800523917	([432, 262], [444, 443, 262])
1	0.7261409541658842	0.7341012700780635	([376, 201], [376, 371, 201])
1	0.7220784508665656	0.734719255637506	([309, 250], [309, 250, 246])
1	0.7252867685520926	0.7347496877181037	([425, 267], [431, 425, 391])
1	0.7277084826609178	0.734777158418892	([291, 172], [291, 193, 192])
1	0.7262342916662498	0.7348326472304609	([372, 242], [372, 309, 308])
1	0.6668791764798966	0.7349790708091304	([217, 13], [220, 217, 13])
1	0.7284065216730414	0.7351425685960395	([298, 194], [298, 290, 194])
1	0.5432401498864641	0.7352753748208363	([206, 16], [218, 207, 206])
1	0.7120545385480465	0.7355264341954318	([443, 241], [443, 262, 243])
1	0.6665028209155119	0.7355688137765424	([446, 257], [445, 441, 268])
1	0.6299223520384735	0.7355991982994168	([322, 13], [319, 312, 13])
1	0.6742496563540528	0.735683035039191	([436, 289], [436, 421, 289])
1	0.6878541446141462	0.735771265374607	([299, 92], [299, 280, 260])
1	0.6496604906111334	0.7358416163653327	([246, 0], [245, 216, 92])
1	0.7321225120374539	0.7359290595009128	([381, 207], [396, 381, 199])
1	0.7196494490233	0.7359440032397002	([437, 173], [437, 244, 243])
1	0.7257889230443	0.7359873791384485	([451, 110], [451, 110, 101])
1	0.7303454079202066	0.7360195469032876	([283, 175], [283, 266, 175])
1	0.7350665449582318	0.736132116095467	([436, 265], [436, 289, 288])
1	0.7125302131423938	0.7362557438461127	([385, 197], [394, 371, 201])
1	0.7138596005999716	0.7364161269799031	([318, 211], [318, 299, 213])
1	0.7217695131391609	0.7367628939066992	([227, 90], [227, 90, 13])
1	0.4857094278809696	0.7367628939066992	([454, 16], [227, 217, 13])
1	0.6907649953259699	0.7368932058072495	([382, 265], [382, 306, 270])
1	0.668679515066917	0.7370001385072937	([258, 26], [256, 237, 27])
1	0.7278821381782402	0.7370633926711437	([207, 110], [219, 207, 110])
1	0.735875240000866	0.7371483026629645	([357, 13], [357, 325, 13])
1	0.7199581729351945	0.7371992874309747	([400, 302], [421, 400, 302])
1	0.7355281813609026	0.7371992874309747	([431, 302], [431, 421, 302])
1	0.7196655299083342	0.7374894052427992	([180, 89], [180, 168, 89])
1	0.7304706538426633	0.7375558485925428	([222, 153], [220, 219, 153])
1	0.7060386170894957	0.7376631241298955	([360, 267], [360, 306, 267])
1	0.7269869506486115	0.7377221693351211	([273, 203], [273, 220, 212])
1	0.7360364808614783	0.7377921648612781	([399, 271], [427, 419, 271])
1	0.7299611583534068	0.7379119098379537	([439, 276], [439, 295, 276])
1	0.7205377962012544	0.7379258772784251	([277, 171], [277, 224, 200])
1	0.7368220899245848	0.7379384138754657	([420, 169], [420, 304, 287])
1	0.718702890758501	0.7380015127870572	([265, 40], [289, 269, 40])
1	0.7074132659469922	0.7382220291185675	([452, 106], [452, 106, 100])
1	0.7371653650526808	0.738301208219529	([415, 307], [415, 368, 366])
1	0.7316425215563717	0.7383334298997136	([306, 73], [306, 73, 60])
1	0.7282403443446089	0.7386094763908354	([427, 271], [419, 303, 266])
1	0.7137763421612356	0.7389327414756247	([266, 184], [259, 243, 175])
1	0.7195904045423324	0.7389593958642017	([253, 105], [253, 235, 13])
1	0.5593634764401336	0.7391944208732394	([107, 16], [107, 28, 19])
1	0.7387415256312018	0.7394987791892417	([367, 40], [367, 299, 293])
1	0.7198231647564818	0.7395781972023744	([401, 187], [401, 385, 187])
1	0.7099769534141663	0.7395995770714892	([219, 149], [219, 218, 153])
1	0.7197331015915958	0.7396965396919061	([289, 168], [289, 257, 168])
1	0.7137157637839151	0.7397948004502243	([431, 34], [436, 431, 34])
1	0.7279225163862026	0.7398092647970346	([450, 380], [450, 412, 380])
1	0.7379550776288681	0.7398784093862267	([203, 96], [203, 197, 96])
1	0.7325707832200622	0.7401160532658106	([375, 260], [375, 302, 283])
1	0.7271883435508486	0.7401160532658106	([398, 283], [387, 375, 283])
1	0.7263969595748474	0.7401325053005152	([396, 171], [396, 224, 171])
1	0.7343710370535066	0.7402168474007707	([256, 178], [256, 211, 178])
1	0.7315113356561294	0.7402414831564195	([433, 116], [433, 171, 116])
1	0.6449012141148638	0.7402518818612092	([192, 0], [215, 192, 168])
1	0.7080468514964731	0.74026853150847	([364, 269], [364, 313, 307])
1	0.7357014813530235	0.7404242439474067	([289, 184], [289, 184, 171])
1	0.7314940335838547	0.7404632890118886	([381, 281], [381, 360, 281])
1	0.7260303793572633	0.7407943613535155	([214, 23], [245, 214, 193])
1	0.731928992047855	0.7408027847734452	([307, 96], [307, 245, 92])
1	0.7257506081549193	0.7408159163862489	([276, 233], [276, 261, 233])
1	0.7316249442865834	0.7409821930551633	([374, 193], [374, 373, 173])
1	0.6667579298873759	0.7409903126391494	([431, 211], [438, 292, 260])
1	0.6983091209369933	0.7412836881317583	([384, 263], [396, 384, 263])
1	0.7120022255640054	0.7413435674182839	([285, 198], [285, 268, 174])
1	0.7277513113890015	0.7414795665592242	([308, 81], [308, 94, 81])
1	0.7195861739513372	0.7415755725519177	([298, 33], [267, 265, 33])
1	0.7198821381000216	0.7416059792018962	([444, 169], [444, 396, 171])
1	0.7222413683456431	0.7416932725614904	([373, 173], [390, 379, 184])
1	0.736267973514888	0.741895876968167	([301, 28], [311, 301, 28])
1	0.7285517775589785	0.7420168064227596	([368, 171], [368, 304, 171])
1	0.725029140515315	0.7422359530558166	([250, 201], [250, 243, 175])
1	0.7362453308636502	0.7423817733725442	([423, 265], [423, 417, 265])
1	0.7414980806576077	0.7425075661425456	([225, 39], [227, 225, 24])
1	0.7392171665269959	0.742573645124385	([227, 189], [227, 225, 189])
1	0.7403456630685483	0.7426393803729359	([150, 46], [150, 118, 85])
1	0.6845137756621298	0.7426396540341453	([173, 0], [192, 173, 168])
1	0.7279529241823918	0.7426940814411863	([238, 181], [238, 210, 181])
1	0.7318988734701444	0.7428295780869875	([211, 40], [211, 75, 27])
1	0.7343144291629142	0.7429329714827795	([447, 245], [447, 314, 306])
1	0.7350539781756612	0.743435989609189	([303, 170], [303, 190, 182])
1	0.7301715479913481	0.743435989609189	([303, 182], [303, 262, 190])
1	0.7332806602928746	0.7435405715287067	([395, 258], [395, 383, 295])
1	0.7410128630233865	0.7435913994250025	([289, 202], [289, 202, 198])
1	0.7325122353135811	0.7436782084903867	([290, 241], [290, 277, 241])
1	0.7403416212779134	0.7439093137759266	([432, 35], [438, 432, 35])
1	0.7243839647049963	0.7440674048434555	([204, 158], [204, 183, 158])
1	0.7175376111198553	0.7442368630542583	([387, 205], [420, 398, 169])
1	0.7406737349060549	0.7444413941116689	([177, 137], [177, 159, 146])
1	0.7402847803615227	0.7449987017139701	([444, 365], [444, 390, 365])
1	0.7191198945145054	0.7450101819559103	([404, 309], [404, 396, 305])
1	0.7167139417700679	0.7452981853765964	([447, 314], [447, 308, 306])
1	0.7402338465047931	0.7454111227096099	([448, 427], [448, 442, 438])
1	0.7430232858858465	0.7454611500468966	([222, 65], [222, 218, 19])
1	0.7444362194258436	0.7455745910424726	([377, 174], [377, 375, 174])
1	0.7338350231272576	0.7455935734302412	([397, 216], [397, 391, 216])
1	0.7389643572811596	0.7456512178617156	([448, 272], [448, 313, 303])
1	0.7083039106168857	0.7456512178617156	([448, 313], [448, 438, 303])
1	0.7454862859285709	0.7456967392193052	([110, 29], [110, 69, 42])
1	0.7204261284620642	0.7460542303531761	([400, 281], [400, 381, 302])
1	0.7429876725627618	0.7460731121237015	([433, 210], [433, 210, 183])
1	0.6849777229328294	0.746191780761361	([451, 406], [447, 359, 308])
1	0.7443002388771203	0.7462641560653855	([392, 279], [392, 377, 367])
1	0.7462633058278926	0.7463688383863937	([416, 313], [416, 399, 313])
1	0.7261773470712903	0.7463786058517428	([169, 37], [444, 169, 37])
1	0.7121044504396316	0.7465548683576438	([251, 146], [251, 146, 13])
1	0.7153985281374148	0.7465723461929122	([309, 212], [309, 303, 268])
1	0.7323968626048529	0.7473163094243391	([411, 311], [411, 391, 311])
1	0.7469790752849756	0.7474223259121102	([362, 75], [362, 211, 170])
1	0.7442626498477265	0.7474271470854482	([291, 35], [293, 291, 35])
1	0.7430343919664282	0.7474271470854482	([293, 34], [432, 293, 35])
1	0.7384677918624668	0.7474413715443108	([447, 399], [447, 441, 415])
1	0.7320604120834225	0.7475422776565522	([281, 177], [281, 273, 203])
1	0.7443322813529143	0.7476621791051355	([370, 94], [370, 308, 271])
1	0.7139730128318778	0.7481242200046704	([276, 197], [276, 274, 197])
1	0.7217150022571244	0.7484376770793557	([287, 199], [287, 270, 199])
1	0.7322716407248633	0.7485049327281694	([378, 255], [378, 272, 271])
1	0.7480910712549906	0.7487764837389859	([420, 224], [420, 282, 274])
1	0.7425839860031347	0.7487764837389859	([406, 274], [420, 406, 274])
1	0.7376443269849398	0.7489412109950424	([232, 107], [232, 221, 157])
1	0.7491416491095121	0.749250844796369	([265, 94], [317, 308, 94])
1	0.7376961345674785	0.749320800769477	([450, 104], [450, 104, 46])
1	0.743810224840546	0.7493712629054612	([175, 29], [293, 175, 35])
1	0.7316077374742629	0.749374335414844	([409, 322], [409, 388, 378])
1	0.7152293723141596	0.7494224751283027	([379, 184], [373, 173, 26])
1	0.7220196364816454	0.7494450404319359	([377, 216], [377, 216, 210])
1	0.7391188079670626	0.7495958505364113	([362, 170], [362, 295, 194])
1	0.7437745315570248	0.7499310808198503	([288, 39], [290, 288, 39])
1	0.7257263530391784	0.7504507411124164	([439, 213], [439, 305, 277])
1	0.7452722942004968	0.7505188412426214	([313, 32], [443, 416, 397])
1	0.7217749863073056	0.7505717268763995	([311, 279], [311, 305, 270])
1	0.7156292446487391	0.7508072660171943	([275, 191], [275, 274, 197])
1	0.7091581304945771	0.7508749615396327	([278, 194], [289, 278, 194])
1	0.7479159306027672	0.7509648835439462	([231, 109], [231, 154, 109])
1	0.745571193900552	0.7512837173993364	([454, 411], [454, 411, 378])
1	0.7299331061833724	0.7513290098154446	([432, 184], [432, 385, 196])
1	0.715017451606378	0.7513291122713698	([208, 147], [216, 208, 155])
1	0.7396545902571177	0.7513551218452571	([316, 208], [316, 299, 193])
1	0.6945328910978446	0.7514494921822886	([221, 157], [222, 221, 157])
1	0.7337973509895672	0.7514859278884174	([308, 205], [308, 307, 205])
1	0.7405509030227655	0.7516123816960335	([283, 27], [283, 257, 27])
1	0.7140372195822248	0.7516610559544088	([187, 31], [214, 193, 31])
1	0.715205724651754	0.7517148574534861	([449, 363], [450, 380, 360])
1	0.7389690082394861	0.7518603823222749	([266, 76], [266, 175, 96])
1	0.7295744100043753	0.7520346940868398	([208, 109], [218, 208, 109])
1	0.7390726740867563	0.7520346940868398	([231, 154], [231, 218, 109])
1	0.7462561193360326	0.7522592446792158	([391, 250], [391, 250, 208])
1	0.7474333596121219	0.7524256951104145	([295, 32], [295, 260, 237])
1	0.7294214738708181	0.7526381114009282	([454, 93], [454, 102, 89])
1	0.7271399472938083	0.7527187306508837	([290, 24], [442, 290, 279])
1	0.7375128041604095	0.7527776080730146	([233, 42], [257, 233, 29])
1	0.7440837476988799	0.7528156187028396	([405, 316], [405, 385, 303])
1	0.737376976949597	0.7528552845620231	([262, 201], [262, 226, 215])
1	0.7243317513358984	0.7528685441539444	([198, 26], [198, 195, 26])
1	0.730046648424813	0.7529475201272908	([450, 321], [450, 360, 338])
1	0.7492463271397999	0.7529990184868184	([410, 363], [410, 380, 378])
1	0.7326947853433184	0.7530624723231792	([453, 309], [453, 363, 327])
1	0.7472878640188986	0.7531276267590752	([313, 229], [313, 252, 229])
1	0.7457886832243519	0.7531540715221918	([400, 239], [400, 239, 214])
1	0.7417806695570959	0.7531540715221918	([400, 190], [400, 381, 214])
1	0.7336137119634395	0.753230676908829	([381, 78], [381, 90, 78])
1	0.722131738594397	0.7533607709703978	([362, 24], [362, 227, 211])
1	0.7274942539386224	0.7535044588964834	([377, 279], [377, 369, 279])
1	0.7519731153993469	0.7535634408335924	([332, 233], [332, 320, 233])
1	0.7465499413559658	0.7538961716103103	([436, 358], [436, 401, 370])
1	0.7498711733928531	0.7540104080450366	([373, 228], [373, 309, 296])
1	0.7484050639959963	0.7541152788780353	([273, 90], [381, 281, 273])
1	0.7130784262973063	0.7541166956627215	([418, 172], [423, 175, 92])
1	0.7167553420745613	0.7541214817438674	([441, 199], [441, 243, 193])
1	0.7213663177368731	0.7542076139619819	([388, 35], [429, 388, 292])
1	0.748170269786453	0.7542884269797024	([364, 184], [373, 364, 184])
1	0.7498696961039075	0.7543015748273665	([184, 25], [390, 184, 30])
1	0.7293410850312388	0.7543987723391615	([435, 185], [435, 431, 185])
1	0.669082251294667	0.7544476524940924	([390, 0], [325, 230, 13])
1	0.7366321294981226	0.7545008051038257	([366, 239], [366, 326, 237])
1	0.7499648416182705	0.7546220283480142	([207, 34], [305, 194, 34])
1	0.7290138384593846	0.7546534238374499	([326, 238], [366, 239, 145])
1	0.7441362499978269	0.754743223013124	([390, 80], [390, 80, 26])
1	0.7432508580928895	0.7549903946392738	([246, 75], [268, 246, 75])
1	0.7531270057083788	0.7549932350625617	([374, 278], [374, 317, 296])
1	0.7224884700698138	0.755066747388948	([435, 240], [435, 240, 192])
1	0.7222251873775196	0.755066747388948	([417, 192], [435, 417, 192])
1	0.7492770885860701	0.755066747388948	([424, 192], [435, 424, 192])
1	0.714271756698552	0.7553074864359912	([452, 208], [452, 220, 208])
1	0.7441125535100441	0.7555226070800738	([157, 45], [157, 108, 100])
1	0.7416493946044456	0.7555466854597422	([372, 195], [372, 245, 216])
1	0.7516937591081942	0.755591026507373	([363, 250], [363, 316, 250])
1	0.7523382391436618	0.7556921927328947	([253, 148], [253, 148, 108])
1	0.6094211655605009	0.7557723797387651	([218, 17], [218, 29, 17])
1	0.7314313091972763	0.7557779324802378	([231, 62], [231, 108, 101])
1	0.7131819328247213	0.7557835269394894	([450, 412], [450, 444, 396])
1	0.7546203443909545	0.7559439438725721	([201, 38], [201, 168, 38])
1	0.751250680186025	0.7559617178505788	([383, 338], [383, 374, 338])
1	0.7519541964931397	0.755983505210515	([203, 21], [205, 203, 21])
1	0.7279969820111105	0.7559905397543619	([213, 30], [213, 175, 30])
1	0.6383452287302891	0.7565533902873979	([321, 12], [451, 448, 313])
1	0.7093779694265654	0.7566078660823488	([165, 19], [165, 150, 19])
1	0.7440060354267374	0.7566682906215442	([186, 18], [222, 204, 186])
1	0.7503556553619516	0.7567995436854091	([217, 161], [217, 198, 188])
1	0.7355208460547545	0.7568704855147736	([264, 37], [282, 264, 37])
1	0.7073142088592881	0.7568704855147736	([279, 37], [282, 279, 37])
1	0.750839672998351	0.757141305747214	([225, 130], [225, 218, 130])
1	0.7320780010412472	0.757230799782176	([451, 384], [451, 406, 392])
1	0.7366353447744994	0.7574310356117412	([402, 75], [402, 376, 302])
1	0.7511924004732401	0.7574657136143992	([375, 33], [375, 308, 33])
1	0.7329382219731602	0.7575311653325942	([413, 186], [413, 400, 190])
1	0.5831430867969577	0.7576543556870333	([323, 15], [404, 323, 309])
1	0.7367296723084565	0.7576961692737024	([200, 30], [200, 187, 30])
1	0.7332050317558837	0.7577362111193326	([237, 80], [257, 237, 80])
1	0.7369575140276443	0.7577561983193735	([376, 178], [376, 216, 201])
1	0.7469882668822299	0.7580049678016736	([246, 25], [246, 241, 25])
1	0.733485491719419	0.7580665566253592	([400, 36], [389, 305, 36])
1	0.7379480936671757	0.7582627105664221	([389, 246], [389, 378, 246])
1	0.7541186849445248	0.7587764778461717	([412, 174], [420, 412, 174])
1	0.7518921636237221	0.7589185233917818	([326, 161], [326, 248, 161])
1	0.7516217846480581	0.758978425282974	([285, 36], [285, 168, 26])
1	0.5337505933064943	0.7590254558509081	([58, 14], [58, 42, 18])
1	0.7117628191521631	0.7590759322652972	([407, 310], [392, 367, 310])
1	0.7241813437302513	0.759210975159738	([181, 28], [209, 186, 18])
1	0.7317500508680466	0.7592708422681781	([326, 207], [311, 252, 207])
1	0.7556678874764516	0.7594352236958941	([370, 44], [370, 94, 93])
1	0.7376563549492725	0.7594352236958941	([379, 93], [379, 370, 93])
1	0.759026152859154	0.7595268553809812	([236, 116], [238, 236, 116])
1	0.7230798916663287	0.7596015968818518	([375, 203], [375, 203, 194])
1	0.7447254015130219	0.7596156439978596	([244, 82], [244, 96, 82])
1	0.7507374786059482	0.7596526355293013	([360, 200], [360, 310, 209])
1	0.7344438211719347	0.7596635311446884	([180, 143], [180, 160, 125])
1	0.72853374591231	0.7597017965530888	([453, 159], [453, 159, 143])
1	0.7252086176232391	0.759796867703762	([210, 25], [210, 203, 21])
1	0.7514950112333398	0.7601352760166821	([253, 200], [253, 244, 200])
1	0.7523590934575529	0.7603081720460146	([236, 165], [236, 218, 165])
1	0.7447416778405356	0.7604375247202798	([389, 175], [389, 306, 196])
1	0.7333701976993734	0.7605874129311214	([440, 242], [440, 299, 295])
1	0.7299575744961351	0.7607034799286951	([326, 44], [326, 102, 44])
1	0.7471300530564267	0.7607505402790536	([416, 189], [420, 404, 189])
1	0.7479332775290496	0.760804328622235	([272, 30], [272, 269, 30])
1	0.741786957462058	0.7608549083408244	([288, 93], [288, 216, 97])
1	0.7603991736769323	0.761059719173886	([218, 88], [218, 88, 77])
1	0.7502445353242356	0.761255571593065	([450, 147], [450, 146, 111])
1	0.7518386743158884	0.7612754160232482	([302, 227], [302, 227, 195])
1	0.7552999466900021	0.7614051682046374	([348, 221], [348, 337, 250])
1	0.7310422961058367	0.7615702253188456	([327, 168], [362, 327, 168])
1	0.7391832548678374	0.761746709288706	([402, 318], [402, 318, 299])
1	0.5603689870749488	0.7618871138845198	([126, 16], [139, 107, 101])
1	0.743295584196788	0.7619771310044153	([310, 209], [388, 360, 209])
1	0.7595464081112332	0.7621724515756155	([445, 144], [445, 144, 92])
1	0.7570488298311502	0.762225772714561	([449, 273], [449, 273, 270])
1	0.5623593837014131	0.7622852140630106	([301, 16], [301, 204, 169])
1	0.7583750636096649	0.7624371956915973	([446, 116], [446, 318, 116])
1	0.7280579799791556	0.7627834131363955	([191, 95], [438, 191, 95])
1	0.7592351817910161	0.7628426663332882	([449, 388], [449, 445, 388])
1	0.76218719237364	0.7629702173488202	([215, 132], [215, 168, 125])
1	0.7598367903614206	0.7630776722823447	([441, 170], [441, 389, 170])
1	0.7600118047328448	0.7634330130610057	([315, 99], [315, 309, 99])
1	0.7550379396599768	0.7634330130610057	([309, 110], [453, 309, 99])
1	0.7573739978559304	0.7635179793733676	([255, 64], [452, 255, 64])
1	0.7621017862213388	0.763703225895589	([358, 240], [358, 308, 306])
1	0.7554852724426497	0.7637134609713516	([402, 238], [402, 277, 264])
1	0.7634056019912818	0.7637925135351803	([335, 34], [362, 335, 34])
1	0.7500922426861227	0.7638096238698968	([361, 105], [361, 268, 105])
1	0.7497769786314361	0.7639938959502196	([454, 185], [253, 232, 185])
1	0.6086262402068721	0.7640133884230988	([300, 17], [300, 282, 29])
1	0.742152059305304	0.7640378610430739	([237, 51], [237, 51, 41])
1	0.7505064825592526	0.7640689591600239	([319, 147], [319, 309, 110])
1	0.7537626205483063	0.7641629483906689	([220, 56], [220, 71, 56])
1	0.7598445160999664	0.764173919478387	([250, 123], [250, 218, 130])
1	0.754939108242702	0.7644224485090445	([321, 60], [321, 255, 60])
1	0.7534942502301731	0.7644238327067358	([355, 19], [453, 361, 19])
1	0.7482787863389393	0.7645157591702632	([424, 31], [393, 370, 23])
1	0.7604786264534193	0.7645776788878277	([375, 223], [375, 223, 194])
1	0.7244141612503755	0.7646221032752168	([326, 102], [454, 357, 326])
1	0.7551902569380354	0.7648892238094739	([448, 164], [448, 164, 126])
1	0.75180506051503	0.7649663770153295	([334, 225], [334, 313, 292])
1	0.758704672315124	0.7652681209266359	([236, 78], [236, 116, 78])
1	0.7537725955890532	0.7655001122656049	([367, 179], [367, 304, 179])
1	0.7646959497751021	0.7656928008110188	([199, 102], [326, 199, 193])
1	0.7449401687430266	0.765718184751588	([363, 76], [363, 308, 299])
1	0.7630224361097226	0.766084181910585	([392, 143], [453, 392, 363])
1	0.7591185150743762	0.7660899090844794	([249, 99], [258, 249, 99])
1	0.7527137028634752	0.7661175215909076	([415, 182], [415, 370, 196])
1	0.7420581745568098	0.7661180593934264	([271, 89], [271, 211, 178])
1	0.7546211822036413	0.7663177850295265	([419, 206], [420, 419, 206])
1	0.7600291493144194	0.7663329496783927	([274, 101], [274, 272, 101])
1	0.740937674701411	0.7663582072359383	([406, 314], [406, 375, 363])
1	0.7412494700805708	0.7667909235274712	([446, 223], [446, 308, 223])
1	0.7548943110214599	0.7672700807232424	([427, 199], [427, 271, 260])
1	0.744592666139507	0.7677565294514963	([226, 35], [244, 226, 35])
1	0.7661423201035283	0.7678971082298841	([193, 88], [214, 193, 88])
1	0.7613474861780122	0.7680339886788664	([365, 192], [365, 364, 192])
1	0.765995889023407	0.768060637002205	([370, 217], [370, 217, 216])
1	0.7631931722489679	0.7681345771099383	([342, 280], [342, 326, 280])
1	0.7670690179776046	0.7681648016883841	([401, 38], [401, 90, 27])
1	0.7658033360851185	0.7686087175164856	([207, 64], [207, 150, 19])
1	0.7269306395856343	0.7692953451354391	([448, 183], [448, 444, 183])
1	0.5639140330029446	0.7694728675197107	([180, 17], [218, 180, 17])
1	0.7531941749672015	0.7698524967999977	([348, 71], [348, 250, 71])
1	0.7347631276341137	0.7701011562204892	([357, 189], [364, 335, 189])
1	0.7260277721656561	0.7701543285104586	([423, 37], [441, 435, 37])
1	0.7553019530759991	0.7702305969656736	([376, 101], [376, 168, 101])
1	0.7428046706809188	0.7703948843605172	([440, 186], [440, 212, 195])
1	0.7523032602021791	0.7713015842579826	([229, 31], [229, 225, 24])
1	0.7589024384981037	0.7714094073292583	([295, 116], [420, 295, 116])
1	0.7636717621819222	0.7716602182419043	([177, 86], [177, 129, 126])
1	0.7687457969292713	0.7718742811722732	([240, 87], [240, 221, 104])
1	0.7633849378158686	0.7726184073958806	([312, 108], [312, 253, 108])
1	0.7549942560329533	0.7726835446249832	([204, 52], [228, 204, 52])
1	0.5732748955139026	0.7735874130124194	([271, 15], [271, 247, 211])
1	0.7509624702056867	0.7736962837238361	([181, 51], [189, 168, 116])
1	0.7707621490662526	0.7736962837238361	([446, 189], [446, 189, 116])
1	0.7566249862028851	0.7738950645503747	([408, 259], [408, 396, 259])
1	0.764904728047467	0.7739491146447416	([329, 222], [329, 326, 222])
1	0.743766933034875	0.774055098866303	([338, 126], [338, 319, 126])
1	0.7563383266100575	0.774367322483035	([332, 149], [332, 252, 149])
1	0.7686053814077105	0.7746951723640159	([345, 179], [367, 345, 309])
1	0.7673626483381654	0.7747515929709868	([413, 229], [413, 256, 229])
1	0.7741677522378427	0.7747736422643526	([328, 198], [364, 328, 198])
1	0.5735726536721871	0.775041623580265	([414, 16], [414, 370, 23])
1	0.5616372709046544	0.7753353515088693	([404, 15], [325, 323, 230])
1	0.7674260336005775	0.7754823539779115	([371, 91], [371, 171, 97])
1	0.7583139739353695	0.7756048380850177	([182, 70], [182, 125, 70])
1	0.7650387367876661	0.7758925262185183	([410, 249], [410, 396, 249])
1	0.7721878672666012	0.7759910302167514	([352, 176], [358, 352, 176])
1	0.7502670736324636	0.7762498418564099	([412, 246], [412, 246, 185])
1	0.7747008470805263	0.7762720197901444	([378, 49], [378, 322, 49])
1	0.7651296255885256	0.776895721270746	([284, 28], [311, 284, 265])
1	0.73137761470747	0.7769981511245618	([412, 351], [412, 374, 362])
1	0.7725695982058284	0.7773602296479476	([346, 275], [346, 317, 275])
1	0.6458411707655644	0.7774035685696714	([236, 12], [451, 236, 232])
1	0.768156676833056	0.7775124387962814	([337, 131], [331, 328, 131])
1	0.7753446604812483	0.777550799571687	([389, 114], [389, 168, 114])
1	0.7579376045357962	0.7776963747413608	([364, 18], [328, 209, 198])
1	0.7763424692364492	0.7777233195950685	([335, 159], [323, 314, 159])
1	0.7582051005301539	0.7777332324594269	([198, 81], [211, 198, 81])
1	0.7632411890393795	0.7777601120066073	([196, 117], [196, 145, 117])
1	0.7647942205543119	0.7782610715474306	([317, 124], [317, 173, 124])
1	0.7680732760191489	0.7785239433454382	([424, 226], [424, 226, 187])
1	0.760665377580265	0.7789942132418677	([377, 52], [377, 52, 30])
1	0.7555353964112923	0.7790551458657327	([343, 185], [343, 319, 303])
1	0.7766707746379024	0.7791623794802244	([322, 160], [322, 207, 160])
1	0.6191541295791788	0.7798324951572667	([121, 17], [121, 100, 66])
1	0.7672536409781351	0.7799637575927946	([447, 124], [447, 124, 103])
1	0.7677365349090826	0.7799637575927946	([354, 151], [447, 354, 103])
1	0.5994331960052716	0.780030364600281	([432, 17], [432, 27, 21])
1	0.7743446617185067	0.7802780443260873	([325, 58], [325, 109, 62])
1	0.7792115913283657	0.7803938826614775	([357, 64], [453, 357, 64])
1	0.7795532664335485	0.7810484100115369	([286, 87], [286, 174, 116])
1	0.7769795030939513	0.7810746350581871	([416, 18], [424, 416, 18])
1	0.7346480854159807	0.7814796893232528	([331, 127], [338, 337, 124])
1	0.7760677048258192	0.781548155383395	([349, 72], [349, 313, 31])
1	0.7712541181739413	0.782341865028254	([430, 125], [430, 260, 125])
1	0.7729896027433012	0.7826855502238279	([351, 125], [351, 335, 125])
1	0.7693105943923604	0.7827054657061474	([326, 133], [326, 133, 90])
1	0.7580901781570195	0.7832189446187927	([359, 77], [359, 266, 90])
1	0.7824991412555591	0.783337293791459	([415, 160], [419, 415, 160])
1	0.7793932810729106	0.7834643123861953	([415, 84], [415, 307, 84])
1	0.7806303260033801	0.7837819655175393	([347, 215], [376, 347, 215])
1	0.779620423697842	0.7842390424148517	([357, 166], [358, 357, 166])
1	0.7315652817907154	0.7844742177052466	([450, 282], [450, 323, 282])
1	0.7562859056992722	0.7844993018209541	([414, 207], [414, 387, 207])
1	0.7401386387863853	0.7845559432665511	([427, 104], [398, 104, 76])
1	0.7841968642801009	0.7846871343072745	([377, 130], [377, 210, 130])
1	0.7820763226506701	0.7846871343072745	([396, 130], [396, 210, 130])
1	0.7728775111110036	0.785500897300766	([408, 332], [426, 408, 340])
1	0.7780704028918184	0.7857908123688766	([279, 69], [279, 249, 69])
1	0.7460360380663509	0.7858846515672779	([325, 109], [325, 322, 62])
1	0.7865808387086074	0.787597875119527	([342, 201], [365, 342, 313])
1	0.5420524114973989	0.7880266561169794	([163, 11], [254, 163, 13])
1	0.7767099013720158	0.7880823277991513	([344, 123], [344, 317, 123])
1	0.786053446375718	0.788471339460055	([287, 148], [287, 172, 169])
1	0.7587747981180274	0.7889070606083357	([284, 86], [284, 266, 86])
1	0.7549058638358005	0.7896508903161599	([238, 57], [238, 99, 57])
1	0.7690178868481076	0.7897609748559706	([348, 132], [348, 169, 155])
1	0.7845922617795668	0.7897881522320923	([330, 162], [330, 232, 231])
1	0.7832822084027434	0.790111110504397	([353, 21], [353, 326, 21])
1	0.533461624217463	0.7906771882701825	([188, 11], [188, 28, 25])
1	0.7894353900590398	0.7914840062634588	([405, 82], [405, 301, 281])
1	0.7769603851338616	0.7915923875724035	([310, 113], [325, 310, 113])
1	0.7836300420207752	0.7917180700315849	([275, 110], [275, 172, 73])
1	0.7914089118640263	0.792438922910667	([363, 158], [363, 223, 158])
1	0.7896793608893292	0.7929148023236795	([424, 127], [424, 326, 127])
1	0.792468144510971	0.7932198438612856	([392, 88], [429, 392, 88])
1	0.7904414152610555	0.7938953007266648	([340, 54], [340, 116, 54])
1	0.7895979851752298	0.7945870377408274	([397, 57], [397, 392, 88])
1	0.783131519486215	0.7952418835734205	([279, 127], [279, 246, 127])
1	0.7941285514814133	0.7953119091392565	([282, 133], [282, 194, 133])
1	0.7794664895784031	0.7975358031692825	([431, 133], [431, 172, 133])
1	0.793252124960366	0.7978381654124688	([269, 138], [269, 224, 117])
1	0.7760183652569873	0.7979612609637959	([353, 235], [353, 235, 218])
1	0.7853326105179236	0.799694760659793	([364, 139], [364, 325, 139])
1	0.7784087561578612	0.8000593291992155	([427, 152], [427, 209, 152])
1	0.5335445412119988	0.8096443766875412	([154, 14], [154, 62, 58])
1	0.8058403797439188	0.8108242097807458	([426, 129], [426, 145, 129])
1	0.5194183814038785	0.8118615906230858	([254, 11], [163, 25, 13])
1	0.7018207168645585	0.8236894380974739	([140, 0], [140, 97, 56])
1	0.6667797359327521	0.833305064936831	([430, 12], [430, 122, 31])
1	0.5261598580159823	0.8449156263929847	([408, 14], [408, 154, 19])
1	0.534136782530014	0.8719926188657765	([344, 14], [344, 154, 50])
0	0.0	1.0	([1], [1, 0])
0	0.0	1.0	([2], [2, 0])
0	0.0	1.0	([3], [3, 0])
0	0.0	1.0	([4], [4, 0])
0	0.0	1.0	([5], [5, 0])
0	0.0	1.0	([6], [6, 0])
0	0.0	1.0	([7], [7, 0])
0	0.0	1.0	([8], [8, 0])
0	0.0	1.0	([9], [9, 0])
0	0.0	1.0	([10], [10, 0])
0	0.0	inf	([0], [])
