0	0.0	0.03408745148243755	([23], [23, 9])
0	0.0	0.24125754626704307	([152], [152, 151])
0	0.0	0.24816578223489488	([176], [176, 175])
0	0.0	0.25077593024117273	([46], [46, 45])
0	0.0	0.25917627272092636	([165], [165, 164])
0	0.0	0.2600461279598213	([75], [75, 74])
0	0.0	0.2605096395554255	([56], [56, 55])
0	0.0	0.26239004105273134	([178], [178, 177])
0	0.0	0.2632209404223001	([162], [162, 161])
0	0.0	0.2643769948648636	([156], [156, 155])
0	0.0	0.2658328031313433	([134], [134, 133])
0	0.0	0.26994985592571785	([101], [101, 100])
0	0.0	0.27002977695295577	([48], [48, 47])
0	0.0	0.2707072793366261	([92], [92, 91])
0	0.0	0.27150580105091615	([172], [172, 171])
0	0.0	0.2715798823210918	([142], [142, 141])
0	0.0	0.27305903650421925	([150], [150, 149])
0	0.0	0.2744087673890426	([126], [126, 125])
0	0.0	0.27442425092460343	([69], [69, 68])
0	0.0	0.27462577773029695	([78], [78, 77])
0	0.0	0.27653848937263037	([143], [143, 142])
0	0.0	0.27663591015051386	([89], [89, 88])
0	0.0	0.2770219610346107	([34], [34, 33])
0	0.0	0.2770920113402659	([174], [174, 173])
0	0.0	0.2782839244292794	([108], [108, 107])
0	0.0	0.2798281902537967	([191], [191, 190])
0	0.0	0.28033539322356893	([169], [169, 168])
0	0.0	0.28252487847946706	([66], [66, 65])
0	0.0	0.28853116823513425	([148], [148, 147])
0	0.0	0.2892546895656582	([127], [127, 126])
0	0.0	0.29017516259000925	([72], [72, 71])
0	0.0	0.2905090180069561	([71], [71, 70])
0	0.0	0.2915379776840277	([168], [168, 167])
0	0.0	0.2916200841039707	([60], [60, 59])
0	0.0	0.2921153484636914	([193], [193, 192])
0	0.0	0.2928028276219876	([102], [102, 101])
0	0.0	0.29289632398348764	([179], [179, 178])
0	0.0	0.29289936827512497	([88], [88, 87])
0	0.0	0.29329940775155755	([64], [64, 63])
0	0.0	0.2949192966879469	([131], [131, 130])
0	0.0	0.29508073157266107	([180], [180, 179])
0	0.0	0.2954439522988811	([61], [61, 59])
0	0.0	0.29585848788986696	([85], [85, 84])
0	0.0	0.29644843699448725	([105], [105, 104])
0	0.0	0.29800757686960816	([129], [129, 128])
0	0.0	0.2998419205203308	([139], [139, 138])
0	0.0	0.29998601955513876	([161], [161, 160])
0	0.0	0.3002027837875471	([114], [114, 113])
0	0.0	0.3008496467104539	([182], [182, 181])
0	0.0	0.30222264232559193	([154], [154, 153])
0	0.0	0.3027317597201622	([52], [52, 51])
0	0.0	0.3049313470688154	([63], [63, 62])
0	0.0	0.30683346274969064	([80], [80, 79])
0	0.0	0.30781314026616485	([42], [42, 41])
0	0.0	0.3080275280708576	([121], [121, 120])
0	0.0	0.3087284397461108	([188], [188, 187])
0	0.0	0.30987226437486337	([157], [157, 156])
0	0.0	0.31019301502778035	([65], [65, 64])
0	0.0	0.3115550552231895	([97], [97, 95])
0	0.0	0.3119727166835823	([194], [194, 193])
0	0.0	0.31207411609158414	([173], [173, 172])
0	0.0	0.31230766503439356	([33], [33, 32])
0	0.0	0.31256478799829834	([96], [96, 95])
0	0.0	0.31363713085728845	([83], [83, 82])
0	0.0	0.3137548174734509	([141], [141, 140])
0	0.0	0.31451380375667687	([59], [59, 58])
0	0.0	0.31558448265740624	([82], [82, 81])
0	0.0	0.3164674929364354	([106], [106, 105])
0	0.0	0.3169442780729791	([98], [98, 97])
0	0.0	0.3191286879026786	([146], [146, 145])
0	0.0	0.31997910505791327	([124], [124, 123])
0	0.0	0.3203295358354184	([47], [47, 46])
0	0.0	0.3221562640581484	([62], [62, 61])
0	0.0	0.32240573782558535	([103], [103, 102])
0	0.0	0.32265688442476503	([7], [7, 6])
0	0.0	0.3229041678243712	([77], [77, 76])
0	0.0	0.32426511108349104	([189], [189, 188])
0	0.0	0.3244126014417545	([94], [94, 93])
0	0.0	0.3244780170053926	([50], [50, 49])
0	0.0	0.32573298803361345	([136], [136, 135])
0	0.0	0.32598241889058904	([144], [144, 143])
0	0.0	0.3261137273069768	([198], [198, 197])
0	0.0	0.32616253571367343	([133], [133, 132])
0	0.0	0.32627763813349875	([200], [200, 199])
0	0.0	0.32701037079888756	([93], [93, 92])
0	0.0	0.3276919455721332	([151], [151, 150])
0	0.0	0.32776777512495014	([187], [187, 186])
0	0.0	0.32877743766060513	([58], [58, 57])
0	0.0	0.3318103044973758	([199], [199, 198])
0	0.0	0.3318247889978672	([81], [81, 80])
0	0.0	0.3319525451392256	([100], [100, 99])
0	0.0	0.3324348356821644	([138], [138, 137])
0	0.0	0.33357966618604573	([132], [132, 131])
0	0.0	0.3355979475035242	([116], [116, 115])
0	0.0	0.3359154171622285	([31], [31, 30])
0	0.0	0.3360448993759378	([167], [167, 166])
0	0.0	0.3375024520131952	([130], [130, 129])
0	0.0	0.33771062733199964	([117], [117, 116])
0	0.0	0.33857641683364836	([79], [79, 78])
0	0.0	0.3399506521671091	([197], [197, 196])
0	0.0	0.3401804821916353	([84], [84, 83])
0	0.0	0.3412175881541352	([120], [120, 119])
0	0.0	0.34144219545625515	([49], [49, 48])
0	0.0	0.3414430587777165	([160], [160, 159])
0	0.0	0.34234925470939964	([91], [91, 90])
0	0.0	0.3426818690063572	([51], [51, 50])
0	0.0	0.3427105892369277	([192], [192, 191])
0	0.0	0.3430692120194694	([125], [125, 124])
0	0.0	0.34338702759216083	([159], [159, 157])
0	0.0	0.3436416535944661	([99], [99, 98])
0	0.0	0.344112279967396	([128], [128, 127])
0	0.0	0.3449503699120731	([153], [153, 152])
0	0.0	0.3459194498828031	([140], [140, 139])
0	0.0	0.34598029249334494	([122], [122, 121])
0	0.0	0.3460253764606134	([107], [107, 106])
0	0.0	0.34940247443810035	([104], [104, 103])
0	0.0	0.3502663582919501	([170], [170, 169])
0	0.0	0.3503308450702321	([186], [186, 184])
0	0.0	0.3508204797835281	([95], [95, 94])
0	0.0	0.35292507286825314	([145], [145, 144])
0	0.0	0.35294938481030197	([73], [73, 72])
0	0.0	0.3531828270887171	([109], [109, 108])
0	0.0	0.3535355652225134	([68], [68, 67])
0	0.0	0.3558348071727695	([135], [135, 134])
0	0.0	0.35626285196705815	([177], [177, 176])
0	0.0	0.3581623250268005	([110], [110, 109])
0	0.0	0.35893695250185526	([113], [113, 112])
0	0.0	0.3590979707742681	([149], [149, 148])
0	0.0	0.3630325717873224	([166], [166, 163])
0	0.0	0.36335990907012844	([163], [163, 162])
0	0.0	0.3640302427922456	([115], [115, 114])
0	0.0	0.3644398109451975	([111], [111, 110])
0	0.0	0.3647502069789002	([53], [53, 40])
1	0.3608843071203954	0.3654504161985897	([122, 119], [122, 121, 119])
0	0.0	0.3671766870243208	([35], [35, 34])
0	0.0	0.36938498154862853	([87], [87, 86])
0	0.0	0.3700652866487723	([175], [175, 174])
0	0.0	0.3704717821466245	([155], [155, 154])
0	0.0	0.37165309980851957	([112], [112, 111])
0	0.0	0.3724848260259288	([30], [30, 29])
0	0.0	0.37312164871334547	([2], [2, 0])
0	0.0	0.37466652292267494	([137], [137, 136])
0	0.0	0.3752549121534174	([195], [195, 194])
0	0.0	0.37583269588431195	([147], [147, 146])
0	0.0	0.37691723710687314	([123], [166, 165])
0	0.0	0.3769533267075704	([43], [43, 42])
0	0.0	0.3792011502461824	([164], [123, 122])
0	0.0	0.3813320283577817	([181], [181, 180])
0	0.0	0.38205491111522405	([57], [57, 56])
0	0.0	0.383116068401688	([185], [185, 184])
0	0.0	0.383721629194383	([67], [67, 66])
0	0.0	0.38454699883309873	([55], [55, 54])
1	0.380749972199693	0.3859531123077234	([112, 109], [112, 111, 110])
0	0.0	0.3861202554051339	([74], [74, 73])
0	0.0	0.3871590691904876	([171], [171, 170])
0	0.0	0.3888257445600682	([196], [196, 195])
0	0.0	0.3891222141753066	([36], [36, 35])
0	0.0	0.39206679809986666	([184], [184, 183])
0	0.0	0.3921779150230519	([90], [90, 89])
0	0.0	0.39230974295021154	([70], [70, 69])
0	0.0	0.39484168814633674	([10], [10, 3])
0	0.0	0.3961659149823208	([76], [76, 75])
0	0.0	0.39777969859520174	([38], [38, 37])
0	0.0	0.40049219050197904	([86], [86, 85])
0	0.0	0.4065024792696158	([190], [190, 189])
0	0.0	0.40976168058690493	([44], [44, 43])
0	0.0	0.4158444517492791	([45], [45, 43])
0	0.0	0.4169252760899932	([5], [5, 4])
0	0.0	0.4184954760309893	([32], [32, 31])
0	0.0	0.42782343972560805	([27], [27, 22])
0	0.0	0.42915750787373114	([119], [122, 117])
1	0.4313239136862773	0.4359329545326506	([86, 80], [86, 85, 84])
0	0.0	0.43745603657407595	([29], [29, 28])
0	0.0	0.43771211369417756	([158], [158, 157])
0	0.0	0.4385294522834515	([22], [27, 25])
0	0.0	0.4419540936947048	([118], [118, 38])
0	0.0	0.4421983450302685	([183], [189, 181])
0	0.0	0.4513302918614812	([54], [158, 22])
0	0.0	0.4522022223663425	([37], [118, 117])
0	0.0	0.4549826288593961	([4], [5, 1])
0	0.0	0.4569837005403807	([25], [37, 36])
1	0.48385659816743704	0.4902814039522712	([184, 181], [184, 183, 182])
1	0.4528014786069948	0.4902814039522712	([183, 182], [188, 184, 182])
0	0.0	0.4972224118132559	([41], [44, 25])
0	0.0	0.5034622150495697	([8], [8, 4])
0	0.0	0.5133076155835219	([28], [31, 24])
0	0.0	0.5325495803186278	([24], [54, 53])
0	0.0	0.5372762976594964	([26], [26, 10])
0	0.0	0.5436998904364999	([40], [28, 1])
0	0.0	0.5531415117555359	([6], [7, 2])
0	0.0	0.5562656652654101	([1], [28, 26])
0	0.0	0.5829750211355232	([3], [43, 39])
0	0.0	0.5944992456055979	([39], [3, 2])
1	0.5759666256858286	0.6145498902121627	([65, 56], [64, 62, 56])
1	0.6386977054581034	0.6412303662817177	([154, 143], [154, 150, 149])
1	0.6012568357183359	0.6554591346397368	([41, 37], [43, 41, 35])
1	0.5284219604858432	0.6629567960167233	([27, 24], [30, 28, 27])
1	0.6607993104477103	0.666042343119071	([197, 173], [197, 179, 178])
1	0.6810129810223917	0.6832029113959185	([62, 29], [61, 58, 29])
1	0.6366297770035725	0.6834654635218397	([195, 176], [192, 182, 176])
1	0.6696480099222873	0.6951859996095107	([68, 54], [68, 66, 54])
1	0.692941410303926	0.6973897062331587	([184, 60], [184, 60, 29])
1	0.6829153057590372	0.6994167986617871	([55, 33], [55, 51, 36])
1	0.6951746107554557	0.6994167986617871	([64, 36], [64, 55, 36])
1	0.6945226161269569	0.7059251807371244	([67, 52], [67, 65, 51])
1	0.5828451409958494	0.7102220217367623	([53, 43], [54, 50, 43])
1	0.6863519645686099	0.7134309196986995	([132, 106], [132, 114, 106])
1	0.6981862646162034	0.7134861529674812	([124, 105], [124, 115, 108])
1	0.6967117190921561	0.7134861529674812	([131, 110], [131, 124, 108])
1	0.5937129865762547	0.7144737702166981	([39, 30], [39, 35, 30])
1	0.6326576127506688	0.7151027175412856	([42, 40], [51, 42, 40])
1	0.5901684840503773	0.7151027175412856	([39, 37], [51, 44, 42])
1	0.6936105040406285	0.7158661253541094	([136, 127], [136, 134, 127])
1	0.6695673338196914	0.7185748349593737	([58, 28], [61, 29, 28])
1	0.6207636068883979	0.71889094912895	([199, 39], [199, 195, 180])
1	0.6751254983646864	0.7206556320907289	([63, 32], [63, 50, 34])
1	0.6937838469804385	0.7222675253193439	([112, 102], [112, 106, 105])
1	0.6956492727039273	0.7224404196175431	([188, 4], [188, 185, 4])
1	0.6600284919833092	0.7232725766466988	([61, 26], [63, 58, 34])
1	0.7126537146926661	0.7244964141072371	([149, 131], [149, 140, 133])
1	0.7251759190647593	0.7300248400732012	([65, 2], [65, 59, 56])
1	0.7233035494908587	0.7315508319587826	([71, 2], [103, 85, 2])
1	0.7065077198331209	0.7354957565714408	([159, 137], [159, 155, 139])
1	0.728944196112452	0.7364525588721553	([49, 2], [65, 55, 2])
1	0.7148149366692894	0.7376731991808047	([161, 135], [157, 154, 135])
1	0.7120575330035571	0.7381865424217053	([82, 0], [82, 7, 2])
1	0.7178759763383495	0.7381865424217053	([102, 2], [82, 71, 2])
1	0.7277486197467915	0.7388290156818486	([198, 48], [198, 174, 48])
1	0.7390447980325516	0.741796937418151	([200, 51], [200, 198, 46])
1	0.7199986652324979	0.7422333322680036	([180, 35], [199, 180, 35])
1	0.7185323726614266	0.743183104521194	([196, 34], [181, 180, 35])
1	0.6997578563167953	0.7433241027471837	([186, 30], [186, 183, 60])
1	0.7272938811592842	0.7451253732587709	([174, 36], [181, 179, 34])
1	0.7205393093601904	0.7465486641248711	([199, 162], [199, 171, 167])
1	0.7311902749038142	0.7474986778381703	([100, 70], [94, 84, 79])
1	0.7377066707209932	0.7481822507294034	([96, 76], [97, 96, 76])
1	0.741274305865855	0.7489370016470931	([188, 57], [188, 183, 57])
1	0.7458146747861439	0.7490033180838358	([165, 138], [165, 160, 138])
1	0.7415163897121239	0.7490709534352175	([141, 51], [141, 134, 103])
1	0.6423357383423719	0.7500475388361126	([184, 29], [185, 181, 29])
1	0.7339567572740734	0.7503889745660315	([153, 94], [153, 149, 94])
1	0.7337309102224142	0.7505360190496355	([162, 133], [162, 146, 140])
1	0.7340176621026593	0.7506113755921134	([95, 73], [95, 89, 73])
1	0.7425692591436628	0.7506754506566335	([171, 49], [171, 170, 48])
1	0.7229746512305797	0.7507316459322002	([107, 69], [107, 102, 73])
1	0.7485138850984078	0.7507316459322002	([108, 73], [108, 107, 73])
1	0.7480167397358484	0.7525819763505651	([105, 80], [105, 80, 70])
1	0.7264203709030705	0.7525819763505651	([105, 64], [105, 100, 70])
1	0.7169813326629473	0.7526945078559263	([172, 54], [172, 169, 49])
1	0.7293658715590835	0.7529121185875722	([156, 75], [170, 156, 48])
1	0.7323156363743671	0.753026641603213	([197, 65], [197, 180, 65])
1	0.7498441867008726	0.7531954838463928	([137, 48], [144, 137, 132])
1	0.7493190549251281	0.7532871961260432	([199, 47], [197, 67, 47])
1	0.7481878899988239	0.7532871961260432	([67, 4], [197, 67, 65])
1	0.7360975251012561	0.7534178647068002	([200, 169], [200, 171, 169])
1	0.7244832908947523	0.7550608474858451	([135, 100], [135, 126, 100])
1	0.7294674234388759	0.7564098174467828	([133, 90], [131, 110, 103])
1	0.7282529198103813	0.7564098174467828	([134, 103], [134, 131, 103])
1	0.7520024558725095	0.7572615987126696	([125, 4], [125, 113, 109])
1	0.7227957900147338	0.7582355409470742	([73, 48], [73, 67, 48])
1	0.7470619360471354	0.758362000843892	([196, 41], [196, 56, 55])
1	0.754862834532683	0.7587899613668598	([195, 64], [195, 177, 52])
1	0.7447173343535395	0.7588629432257823	([68, 37], [68, 56, 37])
1	0.7533088651978783	0.75894826264651	([165, 131], [165, 138, 131])
1	0.7603938934045713	0.7609280139424014	([145, 54], [156, 150, 54])
1	0.6957754284068715	0.7610951813906438	([187, 3], [189, 187, 2])
1	0.7475672004984906	0.7611588323798327	([130, 99], [130, 114, 99])
1	0.7332225657989315	0.7612429410753738	([71, 46], [71, 67, 43])
1	0.7351821118925681	0.7612676687374927	([114, 76], [114, 99, 90])
1	0.7596330293955714	0.762067728579951	([160, 51], [160, 90, 51])
1	0.6972249697381074	0.7621850297582274	([59, 2], [71, 65, 46])
1	0.7437591557132084	0.7623655423507772	([132, 51], [132, 110, 69])
1	0.7442937651648958	0.7624549306737279	([160, 90], [173, 160, 36])
1	0.6620849379852389	0.7626581531144915	([195, 2], [186, 30, 3])
1	0.7558354197401866	0.762961085351181	([112, 91], [112, 103, 102])
1	0.7532319763421776	0.7631166161337618	([166, 142], [166, 160, 138])
1	0.7383476344628571	0.7631322635240733	([132, 93], [132, 106, 93])
1	0.7351984356460204	0.7631676716634367	([108, 97], [108, 104, 96])
1	0.7589761333626317	0.7633201117733053	([157, 67], [157, 149, 94])
1	0.7387200282292918	0.763521343445193	([160, 136], [166, 156, 155])
1	0.7255674311972631	0.7635875121266189	([138, 99], [138, 124, 95])
1	0.75670074704878	0.7642137660681904	([171, 70], [171, 70, 69])
1	0.741814105787939	0.7642137660681904	([173, 69], [173, 171, 69])
1	0.7199117680004873	0.7642684524283065	([101, 67], [101, 76, 73])
1	0.7636097669865817	0.7651551525895872	([97, 4], [101, 97, 67])
1	0.7368975430604879	0.7655956635346082	([124, 52], [132, 124, 52])
1	0.7567975269153517	0.7656833205813199	([142, 101], [142, 133, 101])
1	0.7503879001425259	0.7657735938634058	([111, 74], [111, 105, 74])
1	0.7541811549840957	0.7660101364108538	([169, 125], [169, 133, 125])
1	0.7652543942871157	0.7666019158693763	([130, 88], [107, 88, 73])
1	0.7444149091547227	0.7666149086776989	([160, 105], [160, 136, 105])
1	0.7559692433485543	0.766751981995374	([156, 54], [147, 145, 54])
1	0.7517660625991242	0.7667910523485659	([32, 4], [179, 34, 4])
1	0.766148776329988	0.7669345521966523	([138, 85], [138, 95, 91])
1	0.7347641638671619	0.767667807375308	([162, 127], [162, 135, 133])
1	0.748601362702565	0.7676748266959776	([135, 72], [139, 132, 52])
1	0.767797200288866	0.768694468626783	([164, 78], [164, 103, 85])
1	0.7598013597728951	0.7688994767673604	([123, 72], [123, 72, 52])
1	0.7552381955013987	0.7688994767673604	([123, 54], [124, 123, 52])
1	0.707453290828403	0.7692857032962042	([62, 5], [62, 32, 5])
1	0.7302507459482099	0.7701834293228546	([177, 52], [195, 174, 63])
1	0.7613209419728892	0.7708941912765434	([174, 147], [174, 156, 147])
1	0.7594579776343439	0.7710357708303279	([93, 54], [82, 80, 54])
1	0.7588289281335708	0.7710357708303279	([145, 80], [145, 80, 54])
1	0.7579664765489279	0.7713545171379073	([146, 74], [146, 139, 72])
1	0.752508640995529	0.77169329901893	([163, 55], [197, 167, 163])
1	0.7320648691727973	0.7722099621715222	([94, 51], [160, 157, 90])
1	0.7346666352678485	0.7725736118125428	([154, 49], [171, 161, 154])
1	0.7514721471496256	0.7730440438053722	([152, 91], [152, 145, 91])
1	0.7127892137898626	0.7738607743265421	([176, 50], [180, 176, 35])
1	0.7284568999222832	0.7738684690097176	([138, 54], [147, 132, 93])
1	0.7153818374134818	0.7742633786025966	([104, 68], [104, 99, 68])
1	0.740506384845887	0.7749211796205204	([186, 0], [187, 183, 2])
1	0.7488133820586997	0.7756654772099378	([126, 91], [138, 126, 124])
1	0.753570617332606	0.7758222735456861	([76, 50], [76, 73, 50])
1	0.7273318134396832	0.7758706036864585	([95, 65], [95, 74, 73])
1	0.7746218624006541	0.77589223210467	([154, 124], [154, 135, 127])
1	0.7521828772122655	0.7759636885101877	([166, 66], [174, 166, 156])
1	0.7559245156443245	0.7760274930738024	([136, 75], [140, 136, 79])
1	0.7565227287091564	0.7763160872756125	([139, 98], [139, 134, 105])
1	0.639977744300845	0.7766019796162642	([185, 1], [182, 64, 58])
1	0.775258068761778	0.7768691532741334	([76, 29], [77, 76, 29])
1	0.6641642080090516	0.7780687124725677	([184, 8], [184, 8, 4])
1	0.75083826677679	0.7780687124725677	([60, 4], [184, 60, 4])
1	0.7478397728756145	0.7782552552201999	([162, 42], [199, 162, 42])
1	0.7516156702665509	0.7783945601417602	([148, 110], [157, 148, 106])
1	0.7483611701144773	0.7784410473323691	([88, 52], [145, 91, 52])
1	0.7588403091151558	0.7786419670999789	([97, 41], [104, 97, 95])
1	0.7383358390277801	0.7790783846519348	([140, 79], [136, 105, 70])
1	0.7748396409218138	0.7795650055370891	([47, 29], [56, 47, 29])
1	0.7627098094733245	0.7795683816623221	([145, 104], [145, 144, 104])
1	0.7493883992540058	0.7796888723709929	([144, 48], [162, 135, 48])
1	0.7761733113238929	0.7796943272621721	([131, 35], [132, 131, 64])
1	0.7790163448374268	0.7801974461081729	([197, 147], [197, 147, 55])
1	0.5980365020142291	0.7804648598625011	([195, 39], [94, 71, 46])
1	0.7761926454874969	0.7807953719988711	([170, 102], [171, 165, 104])
1	0.778697030862398	0.7809289177800937	([167, 43], [199, 167, 43])
1	0.7712725131781574	0.781162552067845	([165, 104], [165, 157, 101])
1	0.5891771655202472	0.7815594930955128	([4, 3], [186, 61, 10])
1	0.7754815226083166	0.7816881111385138	([149, 36], [160, 149, 90])
1	0.7752098833245237	0.7816961695651401	([163, 74], [163, 74, 55])
1	0.7793414394985323	0.7817568485523286	([176, 5], [176, 166, 163])
1	0.7071494383854331	0.781842239076135	([74, 41], [74, 56, 47])
1	0.7731510442052367	0.781842239076135	([111, 56], [111, 74, 56])
1	0.7724264108663772	0.7819290161208038	([176, 105], [176, 166, 93])
1	0.7423132717098104	0.7819729199226167	([122, 10], [128, 122, 108])
1	0.7802188084816175	0.7826335446087461	([140, 3], [167, 155, 3])
1	0.7679237160739008	0.782962676102981	([179, 141], [199, 179, 141])
1	0.771840869959074	0.7829860903865115	([107, 0], [107, 69, 0])
1	0.7292852902427462	0.7831735507171537	([91, 42], [91, 52, 42])
1	0.7079339408546479	0.7832730294663672	([167, 3], [171, 63, 3])
1	0.735301138805986	0.7833207535246877	([164, 103], [164, 163, 103])
1	0.7658924885287526	0.7836448274778258	([115, 67], [129, 121, 106])
1	0.6733069263719477	0.7841395550540688	([82, 7], [183, 60, 0])
1	0.7613045483106732	0.7843351986771632	([94, 0], [109, 94, 0])
1	0.7489429042437586	0.7844671562899088	([177, 73], [177, 171, 69])
1	0.7765109698666119	0.7850631778964506	([160, 72], [160, 156, 72])
1	0.749045191399158	0.7851548122889839	([149, 4], [162, 149, 129])
1	0.782398308130193	0.7857893471872709	([165, 29], [181, 171, 165])
1	0.6058112865042731	0.7860586811395996	([137, 39], [199, 137, 133])
1	0.7775610218014405	0.7860939435446593	([194, 71], [190, 71, 57])
1	0.723481080075564	0.7862823716469053	([34, 0], [56, 32, 0])
1	0.6320087860115559	0.7862823716469053	([28, 0], [60, 56, 0])
1	0.7563065473681673	0.7866471791702784	([85, 32], [85, 68, 64])
1	0.7454211922509081	0.7868517694477404	([178, 135], [179, 178, 135])
1	0.7818979863585167	0.7872095269025066	([178, 145], [178, 145, 52])
1	0.6855263062699347	0.7872180417664575	([114, 1], [128, 114, 108])
1	0.7714560410619906	0.7873400216460603	([100, 42], [100, 70, 47])
1	0.6837920262477216	0.7876454429607815	([33, 8], [181, 33, 29])
1	0.7735355844809065	0.787660265772506	([154, 34], [173, 160, 154])
1	0.7846632664939992	0.7879036439518118	([128, 47], [139, 128, 49])
1	0.751902840816754	0.7887162704591418	([113, 4], [125, 101, 97])
1	0.7890106881175976	0.7891850786846957	([151, 68], [151, 113, 68])
1	0.7594238185955521	0.7893524155613673	([147, 117], [147, 132, 117])
1	0.7313889347841717	0.7894459915966734	([104, 46], [97, 70, 41])
1	0.7894724088871891	0.7898242492898621	([149, 63], [149, 63, 3])
1	0.7373959213335025	0.7898242492898621	([162, 4], [149, 140, 3])
1	0.7723512298252466	0.7901018776984077	([166, 112], [166, 115, 112])
1	0.7898816139644617	0.7905890077231509	([167, 79], [167, 163, 79])
1	0.7843586533697279	0.790993014483223	([164, 123], [172, 164, 123])
1	0.7683409180039728	0.7910701536332653	([166, 93], [176, 173, 105])
1	0.7648906703076092	0.7912495967963139	([102, 29], [106, 79, 77])
1	0.7772183864885295	0.7912960309195303	([151, 113], [151, 139, 104])
1	0.7834996196714975	0.7913420304230541	([124, 63], [124, 109, 63])
1	0.7742426372240949	0.7923696005982107	([196, 76], [196, 87, 76])
1	0.7815748344303867	0.7927259640898304	([200, 134], [200, 196, 124])
1	0.7897617279251531	0.7928312626505843	([174, 130], [179, 174, 130])
1	0.7845626990359434	0.7928418483902154	([154, 84], [154, 100, 88])
1	0.7483560036553235	0.7932685330684409	([120, 85], [127, 120, 85])
1	0.7829482281508368	0.793511171094671	([159, 62], [159, 67, 62])
1	0.7008527317065312	0.7943208682213181	([127, 29], [127, 117, 95])
1	0.7827302445125338	0.7945729157086305	([151, 82], [151, 82, 68])
1	0.7581444733366871	0.7945778529796471	([168, 73], [172, 168, 73])
1	0.7888193181866673	0.7947098010186885	([180, 108], [180, 123, 108])
1	0.7713602099795326	0.7952691427268037	([196, 87], [196, 168, 167])
1	0.7638244876601193	0.7958399447343171	([163, 5], [176, 108, 105])
1	0.7965247237838272	0.7973557643812517	([121, 75], [121, 116, 75])
1	0.79701731170854	0.797727223982285	([134, 28], [162, 134, 28])
1	0.7935443543491278	0.7987702073024058	([153, 66], [153, 103, 66])
1	0.7937301844385726	0.7990287378344189	([106, 55], [106, 55, 35])
1	0.7865703515000699	0.8002255912951746	([130, 60], [130, 113, 60])
1	0.7852020777540603	0.8008640631095596	([112, 58], [112, 58, 55])
1	0.6198112071836371	0.8010228852476189	([196, 40], [196, 51, 40])
1	0.7733629687091147	0.8026480274702372	([198, 136], [200, 134, 73])
1	0.7738190878435375	0.8028226848785722	([133, 0], [153, 133, 100])
1	0.7494761706557598	0.8038634215125172	([134, 73], [200, 159, 134])
1	0.8030681346597263	0.8055170548482048	([152, 43], [169, 152, 43])
1	0.7456139975531181	0.8062549569966295	([87, 4], [97, 87, 75])
1	0.8039460132012921	0.807407784803777	([92, 43], [92, 52, 50])
1	0.7460462958925183	0.8077344074665933	([148, 41], [148, 141, 41])
1	0.8014565751916755	0.8077859536025905	([98, 28], [134, 98, 73])
1	0.7880475845790789	0.8108483868321651	([128, 32], [128, 74, 32])
1	0.7925445544205839	0.8111990994109142	([169, 87], [169, 141, 87])
1	0.8026473182860994	0.8152088778377287	([191, 120], [191, 156, 120])
1	0.7197725912753205	0.8156145392812667	([137, 2], [137, 110, 90])
1	0.6299661074692013	0.8168693922183875	([72, 26], [71, 59, 26])
1	0.8169607649530645	0.8169724754845307	([191, 83], [191, 177, 83])
1	0.6316151565892193	0.8170731409504047	([57, 40], [57, 51, 40])
1	0.6105732763223695	0.8213898488352458	([146, 39], [146, 137, 128])
1	0.6225488805307312	0.822924311263314	([115, 40], [115, 67, 51])
1	0.8135577372455346	0.8257715901853377	([190, 119], [190, 164, 119])
1	0.8246674108808574	0.8283666498766605	([129, 31], [195, 129, 67])
1	0.8172139745881305	0.829311561151705	([182, 81], [182, 166, 81])
1	0.7582973902882623	0.8348076969853652	([193, 70], [193, 70, 41])
1	0.6641913199416866	0.8365130712177733	([96, 8], [96, 41, 33])
1	0.5741430013630481	0.8386291480411756	([53, 36], [118, 52, 37])
1	0.8417829596630262	0.8418661159035341	([114, 30], [114, 75, 30])
1	0.7057450672941812	0.849010133896058	([49, 26], [59, 49, 26])
1	0.527961777934153	0.8490808929789448	([28, 27], [184, 27, 25])
1	0.6781003225702547	0.8519052157502621	([128, 1], [128, 93, 74])
1	0.7567507543080534	0.8581875727165839	([83, 10], [184, 83, 68])
1	0.7535532643407373	0.8600622196054099	([108, 5], [184, 176, 59])
1	0.7347109250741124	0.8814481509833134	([128, 10], [184, 122, 57])
1	0.7258843291580399	0.8843306268474069	([192, 26], [192, 34, 31])
1	0.7940524280610676	0.8886857795154958	([37, 10], [61, 37, 28])
1	0.5719044174550851	0.8964481882675224	([52, 40], [54, 53, 40])
1	0.6473105800431366	0.8985408145336988	([200, 7], [200, 82, 49])
1	0.452144708030379	0.8995360337479221	([183, 25], [158, 42, 32])
1	0.6795866072112298	0.9057052366297418	([43, 1], [185, 43, 32])
1	0.515586292966254	0.9063992423379355	([54, 51], [185, 43, 25])
1	0.6711996724955125	0.9143127771857263	([93, 1], [128, 43, 32])
0	0.0	0.9430627139762742	([0], [25, 9])
1	0.6021239343208471	0.9665149095352774	([110, 24], [111, 109, 24])
1	0.9945306067619096	0.9989169177377364	([10, 9], [9, 4, 3])
1	0.9889476589457222	0.9995971135124174	([9, 8], [187, 25, 9])
0	0.0	1.0	([11], [11, 0])
0	0.0	1.0	([12], [12, 0])
0	0.0	1.0	([13], [13, 0])
0	0.0	1.0	([14], [14, 0])
0	0.0	1.0	([15], [15, 0])
0	0.0	1.0	([16], [16, 0])
0	0.0	1.0	([17], [17, 0])
0	0.0	1.0	([18], [18, 0])
0	0.0	1.0	([19], [19, 0])
0	0.0	1.0	([20], [20, 0])
0	0.0	1.0	([21], [21, 0])
0	0.0	inf	([9], [])
