0	0.0	0.013521994140072352	([391], [391, 6])
0	0.0	0.016847076473997892	([381], [381, 5])
0	0.0	0.019428188003193833	([302], [302, 8])
0	0.0	0.06129739922928249	([10], [10, 7])
0	0.0	0.08844993340473957	([12], [12, 11])
0	0.0	0.2529323340931337	([255], [255, 254])
0	0.0	0.25449384246762974	([169], [169, 168])
0	0.0	0.25615384421816334	([413], [413, 412])
0	0.0	0.2604605073845217	([238], [238, 237])
0	0.0	0.26575617033732013	([367], [367, 366])
0	0.0	0.26845501483639195	([116], [116, 115])
0	0.0	0.26976844352444723	([222], [222, 221])
0	0.0	0.27095613166497473	([275], [275, 274])
0	0.0	0.271560457805346	([419], [419, 418])
0	0.0	0.27236366048348776	([261], [261, 260])
0	0.0	0.27335042118297886	([228], [228, 227])
0	0.0	0.275229084362409	([369], [369, 368])
0	0.0	0.27552512599045853	([121], [121, 120])
0	0.0	0.27615794061093385	([253], [253, 252])
0	0.0	0.27628596978836406	([273], [273, 272])
0	0.0	0.2770165649347141	([129], [129, 128])
0	0.0	0.27944969878960146	([304], [304, 303])
0	0.0	0.28005487599148093	([202], [202, 201])
0	0.0	0.28009074411359647	([120], [120, 119])
0	0.0	0.28024575747613684	([207], [207, 206])
0	0.0	0.28089179302566497	([339], [339, 338])
0	0.0	0.2816446783603401	([205], [205, 204])
0	0.0	0.2818250293787368	([83], [83, 81])
0	0.0	0.2824199319249301	([403], [403, 402])
0	0.0	0.28256141883062064	([177], [177, 176])
0	0.0	0.28260546956863947	([416], [416, 415])
0	0.0	0.28309950440999637	([409], [409, 408])
0	0.0	0.2832107738914775	([405], [405, 404])
0	0.0	0.28519984599933984	([282], [282, 281])
0	0.0	0.2854476720014205	([354], [354, 353])
0	0.0	0.28578784944397	([244], [244, 243])
0	0.0	0.2860962095387223	([29], [29, 28])
0	0.0	0.28632339309765925	([60], [60, 59])
0	0.0	0.28667586323280847	([153], [153, 152])
0	0.0	0.28684030303846564	([334], [334, 333])
0	0.0	0.28887444885224517	([234], [234, 233])
0	0.0	0.2891917237526144	([280], [280, 279])
0	0.0	0.28949458222615876	([168], [168, 167])
0	0.0	0.29005977601353106	([362], [362, 361])
0	0.0	0.2915035471234716	([154], [154, 153])
0	0.0	0.2916336921357329	([364], [364, 363])
0	0.0	0.29204756254982683	([371], [371, 370])
0	0.0	0.2921773403134308	([424], [424, 423])
0	0.0	0.2926802685211331	([284], [284, 283])
0	0.0	0.29274046764538386	([219], [219, 218])
0	0.0	0.2927542292505926	([54], [54, 53])
0	0.0	0.29399887846134715	([318], [318, 317])
0	0.0	0.2941688142034153	([239], [239, 238])
0	0.0	0.294510220647315	([62], [62, 61])
0	0.0	0.29485202455150766	([291], [291, 290])
0	0.0	0.29493085920858886	([175], [175, 174])
0	0.0	0.2955271535543101	([72], [72, 71])
0	0.0	0.29558910386629983	([171], [171, 170])
0	0.0	0.2959898194344784	([410], [410, 409])
0	0.0	0.29608507651616983	([189], [189, 188])
0	0.0	0.2962029984734586	([342], [342, 341])
0	0.0	0.2963688038640576	([235], [235, 234])
0	0.0	0.29721513431249585	([393], [393, 392])
0	0.0	0.29759371198955337	([383], [383, 382])
0	0.0	0.297745111545005	([352], [352, 351])
0	0.0	0.29851619607658386	([347], [347, 346])
0	0.0	0.299091833926469	([84], [84, 83])
0	0.0	0.2997263999394103	([103], [103, 102])
0	0.0	0.30019439058159586	([384], [384, 383])
0	0.0	0.3007831484623607	([212], [212, 211])
0	0.0	0.301453155713726	([163], [163, 162])
0	0.0	0.3016567891747046	([164], [164, 163])
0	0.0	0.30165845743521796	([266], [266, 265])
0	0.0	0.3028880177646009	([338], [338, 337])
0	0.0	0.3033066836970736	([269], [269, 268])
0	0.0	0.30332900663864226	([245], [245, 244])
0	0.0	0.3035346028906421	([415], [415, 414])
0	0.0	0.30395020752768753	([130], [130, 129])
0	0.0	0.30397828140008115	([110], [110, 109])
0	0.0	0.30418554047059587	([328], [328, 327])
0	0.0	0.3043392902949809	([182], [182, 181])
0	0.0	0.30434008121215805	([183], [183, 182])
0	0.0	0.3050274652252851	([139], [139, 138])
0	0.0	0.3051646820889423	([117], [117, 116])
0	0.0	0.305222375703058	([232], [232, 231])
0	0.0	0.3052605406473545	([257], [257, 256])
0	0.0	0.3054697380429024	([408], [408, 407])
0	0.0	0.30550468513729995	([132], [132, 131])
0	0.0	0.30564320674595097	([310], [310, 309])
0	0.0	0.30567622212615037	([247], [247, 246])
0	0.0	0.3058716617398288	([359], [359, 358])
0	0.0	0.3059026714723138	([335], [335, 334])
0	0.0	0.30649686757181904	([400], [400, 399])
0	0.0	0.3065546986037536	([124], [124, 123])
0	0.0	0.3067008467126125	([365], [365, 364])
0	0.0	0.30735600510497674	([375], [375, 374])
0	0.0	0.3076351383664285	([156], [156, 155])
0	0.0	0.3077183915659481	([74], [74, 73])
0	0.0	0.3083253475592375	([215], [215, 214])
0	0.0	0.3083602339002214	([251], [251, 250])
0	0.0	0.30844594858690516	([283], [283, 282])
0	0.0	0.3085461694346414	([91], [91, 90])
0	0.0	0.308833530461238	([258], [258, 257])
0	0.0	0.30894060415082586	([372], [372, 371])
0	0.0	0.30920245661275936	([230], [230, 229])
0	0.0	0.30925661753407685	([324], [324, 323])
0	0.0	0.30952589681752823	([396], [396, 395])
0	0.0	0.30979005119320885	([204], [204, 203])
0	0.0	0.3098760854608888	([374], [374, 373])
0	0.0	0.3102012126014516	([366], [366, 365])
0	0.0	0.3103961797967344	([178], [178, 177])
0	0.0	0.3106638706593007	([297], [297, 296])
0	0.0	0.310681579479736	([343], [343, 342])
0	0.0	0.3113442765527737	([2], [2, 0])
0	0.0	0.3115594507902509	([226], [226, 225])
0	0.0	0.3119882652418945	([325], [325, 324])
0	0.0	0.31238117395868686	([288], [288, 287])
0	0.0	0.3125750797881852	([208], [208, 207])
0	0.0	0.3129218473696761	([241], [241, 240])
0	0.0	0.3133729574340868	([70], [70, 69])
0	0.0	0.3137381140236999	([131], [131, 130])
0	0.0	0.3137513112311802	([162], [162, 161])
0	0.0	0.3141057696150649	([147], [147, 146])
0	0.0	0.31473649812038307	([265], [265, 264])
0	0.0	0.31524780127373797	([298], [298, 297])
0	0.0	0.31527655503132357	([192], [192, 191])
0	0.0	0.31548380816157157	([423], [423, 421])
0	0.0	0.3158713823224136	([293], [293, 292])
0	0.0	0.31602005976224895	([373], [373, 372])
0	0.0	0.31629930714745286	([376], [376, 375])
0	0.0	0.31683640426373544	([30], [30, 29])
0	0.0	0.31696252432716826	([246], [246, 245])
0	0.0	0.31717532393218656	([277], [277, 276])
0	0.0	0.3181734916942533	([345], [345, 344])
0	0.0	0.31830347340024195	([240], [240, 239])
0	0.0	0.31896277131639333	([216], [216, 215])
0	0.0	0.3190436093660826	([332], [332, 331])
0	0.0	0.3196559526380131	([125], [125, 124])
0	0.0	0.3197392018825557	([135], [135, 134])
0	0.0	0.31983439362128363	([102], [102, 101])
0	0.0	0.32139428483642246	([150], [150, 149])
0	0.0	0.3215388663736182	([126], [126, 125])
0	0.0	0.3217870157099258	([92], [92, 91])
0	0.0	0.32191062079351973	([193], [193, 192])
0	0.0	0.3224733566018027	([422], [422, 421])
0	0.0	0.322496630415102	([114], [114, 113])
0	0.0	0.32269023067027985	([229], [229, 228])
0	0.0	0.3227306288994188	([93], [93, 92])
0	0.0	0.322820403235946	([223], [223, 222])
0	0.0	0.322881629852985	([46], [46, 45])
0	0.0	0.32323041572033034	([301], [301, 300])
0	0.0	0.32325802953308735	([399], [399, 398])
0	0.0	0.3236082256869175	([194], [194, 193])
0	0.0	0.3238300566576489	([321], [321, 320])
0	0.0	0.3241012797185397	([89], [89, 88])
0	0.0	0.32414262706905195	([237], [237, 236])
0	0.0	0.3245780435748941	([79], [79, 78])
0	0.0	0.3248890832560649	([363], [363, 362])
0	0.0	0.3257080200100753	([386], [386, 385])
0	0.0	0.32574190301633216	([390], [390, 389])
0	0.0	0.3263852599672924	([398], [398, 397])
0	0.0	0.32658349951625776	([267], [267, 266])
0	0.0	0.3267086111012621	([249], [249, 248])
0	0.0	0.3267338584184947	([295], [295, 294])
0	0.0	0.32742685327690274	([209], [209, 208])
0	0.0	0.327547625078116	([180], [180, 179])
0	0.0	0.3277165024462656	([200], [200, 199])
0	0.0	0.328509160031057	([201], [201, 200])
0	0.0	0.32952811515188174	([174], [174, 173])
0	0.0	0.32969327337986837	([111], [111, 110])
0	0.0	0.330243516293001	([368], [368, 367])
0	0.0	0.33081210674680595	([315], [315, 314])
0	0.0	0.3308551352723498	([108], [108, 107])
0	0.0	0.33086842811112166	([99], [99, 98])
0	0.0	0.3309802093887011	([313], [313, 312])
0	0.0	0.33128352740795386	([329], [329, 328])
0	0.0	0.3314606203307898	([242], [242, 241])
0	0.0	0.3321266374274322	([292], [292, 291])
0	0.0	0.332476391577674	([305], [305, 304])
0	0.0	0.3325395316418792	([402], [402, 401])
0	0.0	0.3326542610627452	([308], [308, 307])
0	0.0	0.33270978898651793	([220], [220, 219])
0	0.0	0.33283281075077886	([227], [227, 226])
0	0.0	0.33285907857811775	([75], [75, 74])
0	0.0	0.33288460536761594	([259], [259, 258])
0	0.0	0.3329229809662202	([378], [378, 377])
0	0.0	0.332957618291349	([271], [271, 270])
0	0.0	0.33315517671067046	([96], [96, 95])
0	0.0	0.3332149962994353	([36], [36, 35])
0	0.0	0.3332810282411829	([170], [170, 169])
0	0.0	0.3332972457726809	([98], [98, 97])
0	0.0	0.33349779668287993	([136], [136, 135])
0	0.0	0.3335016858532534	([319], [319, 318])
0	0.0	0.33402634730322783	([231], [231, 230])
0	0.0	0.33418983265206864	([97], [97, 96])
0	0.0	0.33425250765777365	([47], [47, 46])
0	0.0	0.3343929489320718	([211], [211, 210])
0	0.0	0.33450557940469383	([323], [323, 322])
0	0.0	0.33460659466214215	([128], [128, 127])
0	0.0	0.33466479910684804	([311], [311, 310])
0	0.0	0.33469884875639383	([45], [45, 44])
0	0.0	0.3348968449393426	([214], [214, 213])
0	0.0	0.33507516317719227	([281], [281, 280])
0	0.0	0.33523655089239274	([48], [48, 46])
0	0.0	0.3353378691824146	([13], [13, 9])
0	0.0	0.3353911557716512	([307], [307, 306])
0	0.0	0.3354255589959942	([210], [210, 209])
0	0.0	0.33556896484066234	([268], [268, 267])
0	0.0	0.33609444245813963	([340], [340, 339])
0	0.0	0.3361078990332579	([127], [127, 126])
0	0.0	0.3362817172533827	([299], [299, 298])
0	0.0	0.3363616900919898	([406], [406, 405])
0	0.0	0.3366949460582094	([181], [181, 180])
0	0.0	0.3368596817046166	([314], [314, 313])
0	0.0	0.3370846301064301	([37], [37, 36])
0	0.0	0.33711510085188345	([333], [333, 332])
0	0.0	0.33842553431763606	([148], [148, 147])
0	0.0	0.33848911434113754	([300], [300, 299])
0	0.0	0.3386933139991954	([190], [190, 189])
0	0.0	0.339243862941787	([115], [115, 114])
0	0.0	0.3394477245954306	([250], [250, 249])
0	0.0	0.34045646912925565	([86], [86, 85])
0	0.0	0.3406583136527589	([43], [43, 42])
0	0.0	0.34067850689076595	([217], [217, 216])
0	0.0	0.3411337273128186	([377], [377, 376])
0	0.0	0.3417812836013047	([264], [264, 263])
0	0.0	0.3421912956705626	([149], [149, 148])
0	0.0	0.34229705439688424	([82], [82, 81])
0	0.0	0.34243518231994563	([331], [331, 330])
0	0.0	0.34252575722762246	([188], [188, 187])
0	0.0	0.3426530457929936	([349], [349, 348])
0	0.0	0.34265718457468314	([395], [395, 394])
0	0.0	0.3427511775774973	([112], [112, 111])
0	0.0	0.34292401925468774	([64], [64, 63])
0	0.0	0.3430129084175105	([357], [357, 356])
0	0.0	0.34342271917039047	([196], [196, 195])
0	0.0	0.34366919610330177	([152], [152, 151])
0	0.0	0.3437551527088169	([330], [330, 329])
0	0.0	0.3444111571712551	([44], [44, 43])
0	0.0	0.3445861683585177	([309], [309, 308])
0	0.0	0.3448447461359017	([306], [306, 305])
0	0.0	0.3454086286489986	([316], [316, 315])
0	0.0	0.3456046284859818	([389], [389, 388])
0	0.0	0.3457627186080765	([95], [95, 94])
0	0.0	0.3457986103974979	([63], [63, 62])
0	0.0	0.34589616063266965	([294], [294, 293])
0	0.0	0.3459830491601819	([360], [360, 359])
0	0.0	0.34625967377167816	([346], [346, 345])
0	0.0	0.34665484401790075	([312], [312, 311])
0	0.0	0.3467106164705978	([385], [385, 384])
0	0.0	0.3472355281979216	([39], [39, 38])
0	0.0	0.34750318555266524	([358], [358, 357])
0	0.0	0.34760390344667375	([137], [137, 136])
0	0.0	0.34823988113174836	([407], [407, 406])
0	0.0	0.34874824547331096	([252], [252, 251])
0	0.0	0.3487886188992497	([53], [53, 52])
0	0.0	0.34886618419240273	([160], [160, 159])
0	0.0	0.3489166623084225	([100], [100, 99])
0	0.0	0.3490916734654051	([187], [190, 185])
0	0.0	0.34919492586787404	([158], [158, 157])
0	0.0	0.3496712973931211	([59], [59, 58])
0	0.0	0.35030350848872394	([35], [35, 34])
0	0.0	0.35170538777543775	([289], [289, 288])
0	0.0	0.3521968429568585	([94], [94, 93])
0	0.0	0.35266334771982216	([286], [286, 285])
0	0.0	0.3528261694235034	([104], [104, 103])
0	0.0	0.3530285999539315	([198], [198, 197])
0	0.0	0.3533520050816249	([69], [69, 68])
0	0.0	0.3534398962854929	([254], [254, 253])
0	0.0	0.3535461428816735	([203], [203, 202])
0	0.0	0.35429612009172956	([270], [270, 269])
0	0.0	0.35496473570906784	([279], [280, 278])
0	0.0	0.35501165025125414	([272], [272, 271])
0	0.0	0.35507660286528525	([176], [176, 175])
0	0.0	0.3552672152979056	([370], [370, 369])
0	0.0	0.3559948320981847	([382], [384, 380])
0	0.0	0.3560482119569634	([263], [263, 262])
0	0.0	0.3561889417984732	([85], [85, 84])
0	0.0	0.35669874481563624	([213], [213, 212])
0	0.0	0.35685865309593395	([361], [361, 360])
0	0.0	0.35688175528586763	([233], [233, 232])
0	0.0	0.35717233970054296	([167], [167, 166])
0	0.0	0.3574537052942931	([236], [236, 235])
0	0.0	0.3574589113376526	([394], [394, 393])
0	0.0	0.35767466885234117	([278], [278, 277])
0	0.0	0.35826652520053687	([65], [65, 64])
0	0.0	0.3585420878990366	([380], [380, 379])
0	0.0	0.35886964637273155	([296], [296, 295])
0	0.0	0.3591567007158054	([379], [379, 378])
0	0.0	0.35938195028084935	([87], [87, 86])
0	0.0	0.3595581348432479	([166], [166, 165])
0	0.0	0.3598134403324088	([417], [417, 416])
0	0.0	0.36008534624144595	([388], [388, 387])
0	0.0	0.3603045049547639	([320], [320, 319])
0	0.0	0.36037018203722254	([165], [165, 164])
0	0.0	0.3604750536753018	([173], [173, 172])
0	0.0	0.3608322652749148	([80], [80, 78])
0	0.0	0.36104978593830545	([141], [141, 140])
0	0.0	0.36109833470988356	([38], [38, 37])
0	0.0	0.36122852051855137	([387], [387, 386])
0	0.0	0.3616597867072578	([138], [138, 137])
0	0.0	0.36171820225029383	([140], [140, 139])
0	0.0	0.3621849955254019	([88], [88, 87])
0	0.0	0.3624714017706441	([142], [142, 141])
0	0.0	0.36299328496317484	([109], [109, 108])
0	0.0	0.3635665002450919	([40], [40, 39])
0	0.0	0.36409591231195687	([19], [19, 17])
0	0.0	0.36429593929218546	([33], [33, 32])
0	0.0	0.3650469681072039	([348], [348, 347])
0	0.0	0.36515429431436297	([326], [326, 325])
0	0.0	0.36601254199924466	([61], [61, 60])
0	0.0	0.3665241930503114	([287], [287, 286])
0	0.0	0.3673088872005172	([221], [221, 220])
1	0.36063036144173355	0.3674456240238135	([325, 322], [325, 324, 322])
0	0.0	0.3686645411563631	([199], [199, 198])
0	0.0	0.3689193941595932	([81], [81, 80])
0	0.0	0.3696685525843259	([159], [159, 158])
0	0.0	0.37003259056396265	([34], [34, 33])
0	0.0	0.37010262694368423	([197], [197, 196])
0	0.0	0.37085809589406804	([172], [172, 171])
0	0.0	0.3709166308447555	([133], [133, 132])
0	0.0	0.3709907217665041	([243], [243, 242])
0	0.0	0.3724624965643127	([71], [71, 70])
0	0.0	0.3732187822148559	([146], [146, 144])
0	0.0	0.3736687847799037	([404], [404, 403])
0	0.0	0.3745390413775914	([195], [195, 194])
0	0.0	0.3749682071201616	([42], [42, 41])
0	0.0	0.3776445043173281	([41], [41, 40])
0	0.0	0.3778292897253254	([260], [260, 259])
0	0.0	0.37839478534761656	([248], [248, 247])
0	0.0	0.3785832407923811	([101], [101, 100])
0	0.0	0.37917454082759466	([344], [344, 343])
0	0.0	0.37942672349922246	([73], [73, 72])
0	0.0	0.3797194238643113	([262], [262, 261])
0	0.0	0.3800313875565183	([317], [317, 316])
0	0.0	0.3804266686477835	([185], [190, 184])
1	0.3742829407164581	0.3805090745263957	([187, 185], [190, 188, 185])
0	0.0	0.38062876253509764	([353], [353, 352])
0	0.0	0.38065724741892304	([401], [401, 400])
0	0.0	0.3821062881875958	([285], [285, 284])
0	0.0	0.3829996923850277	([51], [51, 50])
0	0.0	0.383344343451532	([107], [107, 106])
0	0.0	0.3848010257682703	([157], [157, 156])
0	0.0	0.385238677293859	([322], [322, 321])
0	0.0	0.38713398864285214	([418], [418, 417])
0	0.0	0.38718292184182374	([28], [29, 27])
0	0.0	0.387615398646691	([355], [355, 354])
0	0.0	0.38936964871488694	([113], [113, 112])
0	0.0	0.3901689387080984	([397], [397, 396])
0	0.0	0.39061767336078856	([276], [276, 275])
0	0.0	0.39081089217764825	([184], [184, 183])
1	0.38082255769649703	0.3908390198858066	([267, 262], [267, 265, 262])
0	0.0	0.39211730679079154	([290], [290, 289])
0	0.0	0.39233907900457254	([274], [275, 273])
0	0.0	0.3929218406336686	([161], [161, 160])
0	0.0	0.39305385730734815	([145], [145, 144])
0	0.0	0.39316929145286067	([134], [134, 133])
0	0.0	0.39342270637400123	([218], [219, 217])
1	0.37359813290948807	0.39380272282287426	([165, 161], [165, 164, 161])
0	0.0	0.3974661188650155	([155], [155, 154])
0	0.0	0.397929164566567	([421], [421, 420])
0	0.0	0.39830197959103336	([52], [52, 50])
0	0.0	0.3987281302763238	([186], [186, 185])
0	0.0	0.40043638837175566	([327], [327, 326])
0	0.0	0.40067647211075363	([356], [356, 354])
0	0.0	0.4008843990851449	([26], [26, 23])
0	0.0	0.4040441401237395	([412], [413, 411])
0	0.0	0.40461030358311173	([303], [303, 300])
0	0.0	0.4077414740198373	([15], [15, 14])
0	0.0	0.4081631579935494	([414], [414, 413])
0	0.0	0.40894800662453257	([179], [183, 178])
0	0.0	0.40967431334435245	([23], [23, 18])
0	0.0	0.4115891951875227	([77], [77, 76])
0	0.0	0.4127817046483244	([58], [58, 56])
0	0.0	0.4136251575184241	([119], [119, 117])
0	0.0	0.41382133301147367	([191], [191, 190])
0	0.0	0.4148028318713015	([411], [411, 410])
0	0.0	0.4155632411647093	([106], [106, 104])
0	0.0	0.4161114636021372	([351], [353, 349])
0	0.0	0.41889821212412426	([256], [256, 255])
1	0.41158970730819616	0.41980897396352074	([113, 108], [113, 110, 108])
0	0.0	0.41998611268583474	([32], [32, 31])
0	0.0	0.42146306156918006	([118], [118, 117])
0	0.0	0.42289095567659657	([90], [106, 105])
0	0.0	0.4239170345023985	([341], [351, 350])
0	0.0	0.42629676144228884	([18], [26, 25])
0	0.0	0.42961323575429466	([420], [421, 419])
0	0.0	0.43487074781921725	([151], [151, 150])
0	0.0	0.436566110535518	([123], [123, 122])
0	0.0	0.43922822018553015	([25], [23, 16])
0	0.0	0.4417099794414829	([225], [225, 224])
0	0.0	0.4424731732308143	([206], [206, 205])
0	0.0	0.44252083525206687	([105], [90, 89])
0	0.0	0.44497355658447074	([78], [105, 66])
0	0.0	0.44683907799125333	([56], [58, 57])
0	0.0	0.44948569404326333	([143], [143, 142])
0	0.0	0.4501972905155641	([49], [49, 48])
0	0.0	0.4527447379025509	([122], [122, 67])
0	0.0	0.45529513552693757	([50], [50, 49])
0	0.0	0.45593871308833817	([392], [396, 390])
0	0.0	0.4568418445856141	([67], [122, 121])
0	0.0	0.4574630347766083	([144], [144, 143])
0	0.0	0.4584250184690997	([76], [76, 74])
0	0.0	0.45869401095656304	([21], [21, 18])
0	0.0	0.4588823300433532	([224], [224, 223])
0	0.0	0.4590739161835102	([57], [56, 55])
0	0.0	0.4631268729181019	([55], [55, 54])
0	0.0	0.46455845584330857	([350], [341, 340])
0	0.0	0.46532442090149817	([31], [32, 30])
0	0.0	0.46533167219243715	([66], [67, 55])
0	0.0	0.4668641630826157	([16], [16, 15])
0	0.0	0.4682785234538679	([27], [143, 25])
0	0.0	0.48056757861340915	([14], [49, 19])
0	0.0	0.48073894765322983	([17], [31, 22])
0	0.0	0.48372616068968716	([337], [350, 66])
1	0.48649588276917216	0.4897583964087204	([356, 344], [356, 349, 348])
0	0.0	0.5005632563169216	([20], [20, 16])
1	0.47596944804041363	0.5268156314979742	([77, 73], [77, 76, 73])
0	0.0	0.5305369408227925	([22], [355, 9])
0	0.0	0.5465199590084336	([336], [336, 334])
1	0.5255581398319756	0.547421730648333	([424, 417], [424, 423, 417])
0	0.0	0.5670614345114312	([68], [77, 62])
1	0.5926658583033395	0.5977500795429286	([335, 326], [335, 330, 329])
1	0.590847126191535	0.5985668034768071	([41, 15], [34, 32, 15])
1	0.5977519019263046	0.6098767657991595	([153, 142], [153, 148, 146])
1	0.6026084376136419	0.6112779647650396	([41, 27], [37, 31, 29])
1	0.5807136136013878	0.6143370180296732	([326, 309], [326, 316, 309])
1	0.6022847335155264	0.6204977033215152	([36, 21], [36, 32, 21])
1	0.6158694394379262	0.6241116771823199	([79, 77], [79, 78, 75])
0	0.0	0.6247779782099558	([9], [100, 2])
1	0.5847251468292337	0.6252772992035366	([359, 341], [359, 356, 343])
1	0.6206363138731151	0.6331252966051012	([68, 58], [68, 64, 58])
1	0.5821854534524947	0.6343937049563736	([32, 18], [28, 27, 16])
1	0.6000241478730511	0.636133284799801	([61, 53], [61, 56, 53])
1	0.6155884925242371	0.6375483911606392	([306, 294], [306, 300, 294])
1	0.6164310218577659	0.6378429628071463	([159, 15], [157, 148, 15])
1	0.6163090232322062	0.639583731507261	([69, 65], [69, 68, 64])
1	0.5907421464787114	0.639583731507261	([68, 64], [77, 69, 64])
1	0.5381112073102653	0.6406204406884851	([57, 30], [57, 46, 40])
1	0.6128314911247361	0.6421774242752416	([166, 142], [166, 157, 142])
1	0.5841434022397591	0.6422847416904596	([343, 336], [340, 337, 335])
1	0.6394064422966899	0.6431714065448488	([195, 177], [195, 191, 177])
1	0.6409171385854632	0.6435709289449894	([83, 76], [83, 80, 76])
1	0.6386957002501522	0.6496093134597107	([137, 58], [137, 58, 28])
1	0.6489044719042258	0.6537055735814192	([336, 321], [336, 331, 321])
1	0.6507274979425328	0.6607238305737738	([152, 139], [152, 143, 142])
1	0.6205800619531872	0.6609193067240481	([259, 15], [263, 260, 259])
1	0.610997216910129	0.6609519304296784	([89, 22], [107, 90, 89])
1	0.6042498318251355	0.6621930792318992	([184, 22], [195, 187, 182])
1	0.627984069039135	0.6661976880383903	([417, 405], [417, 414, 405])
1	0.6534569761888205	0.6690154304702279	([52, 21], [52, 34, 32])
1	0.6625887992992694	0.6691456323195052	([172, 141], [172, 159, 141])
1	0.6136290088986212	0.6691456323195052	([172, 15], [172, 167, 159])
1	0.6657380303116164	0.6693862224685446	([255, 241], [255, 248, 246])
1	0.6365638534695952	0.6700626405837203	([338, 331], [339, 337, 334])
1	0.6620840136957242	0.6735506381141684	([275, 257], [275, 268, 267])
1	0.6398397139834474	0.6736862032271979	([336, 313], [336, 321, 313])
1	0.612070352668802	0.6753587618788551	([151, 27], [151, 142, 140])
1	0.6752378737987444	0.6758866244989605	([63, 46], [63, 56, 55])
1	0.6476169846357669	0.6763589999321589	([329, 315], [329, 326, 320])
1	0.6039514308884455	0.6831753443142464	([33, 20], [33, 20, 18])
1	0.5238220082040913	0.6831753443142464	([27, 16], [33, 22, 18])
1	0.619276363900322	0.68350696497972	([165, 27], [165, 142, 140])
1	0.6685147606646769	0.6852853419550475	([324, 308], [324, 312, 308])
1	0.6239449089512639	0.6866184568372483	([196, 15], [196, 185, 183])
1	0.6830522795797828	0.6867830721856693	([299, 286], [299, 293, 290])
1	0.6824111137765605	0.6868114204786204	([292, 57], [293, 292, 58])
1	0.6608239107788245	0.6928520439660726	([74, 57], [85, 78, 57])
1	0.636974970198737	0.6928520439660726	([87, 56], [86, 85, 57])
1	0.6582663898002716	0.6942349097759226	([100, 76], [104, 98, 80])
1	0.6899835412336264	0.6961010658634492	([329, 58], [329, 328, 58])
1	0.6909100443934155	0.6964175555066702	([114, 87], [114, 105, 87])
1	0.6084378993334076	0.6980375073791417	([77, 49], [77, 62, 49])
1	0.6976116063840271	0.7000644957909653	([298, 288], [300, 298, 288])
1	0.669336946036301	0.7008139916986026	([288, 275], [288, 281, 276])
1	0.5639732611432372	0.7009886728558068	([58, 28], [59, 49, 39])
1	0.6888327943336557	0.7022072380767282	([131, 114], [131, 120, 117])
1	0.6598704466228863	0.7047324105711791	([408, 379], [410, 399, 379])
1	0.7047751911087166	0.7049379579721783	([364, 339], [364, 362, 339])
1	0.6904125292851221	0.7052821537237062	([169, 138], [169, 167, 138])
1	0.6957883336622257	0.7057836305606722	([278, 265], [278, 275, 265])
1	0.6623920036021375	0.7060388139368292	([308, 58], [315, 309, 308])
1	0.6980395539672074	0.7063100859863642	([110, 85], [110, 97, 92])
1	0.656000729665902	0.7063444447483397	([115, 88], [115, 113, 87])
1	0.6772996621688744	0.7075482353302662	([202, 171], [202, 193, 177])
1	0.7057099172305834	0.7080201943446153	([168, 137], [168, 158, 142])
1	0.6761846467635473	0.7087884564358442	([133, 115], [133, 126, 115])
1	0.6214165566486919	0.7088429485191451	([86, 58], [74, 61, 58])
1	0.6859271945410955	0.7094463296427678	([359, 326], [359, 337, 335])
1	0.7085401468752643	0.710928196610685	([64, 43], [64, 60, 43])
1	0.6163818006436214	0.7109991528503093	([185, 15], [196, 173, 172])
1	0.7084264206242938	0.7137479791532702	([397, 372], [397, 383, 380])
1	0.7117400226751024	0.7139319652133417	([139, 126], [139, 134, 126])
1	0.7058590587700913	0.7147339938044852	([192, 57], [204, 197, 57])
1	0.7045062390923074	0.7152291547556808	([215, 57], [210, 202, 58])
1	0.7003879822681003	0.7152509866930765	([243, 230], [243, 242, 230])
1	0.6346648701559958	0.7160254813007766	([360, 336], [360, 344, 342])
1	0.7125713889816472	0.7165720722643801	([282, 250], [291, 282, 256])
1	0.707670329707453	0.7182000598838334	([73, 52], [73, 68, 52])
1	0.7107178414123975	0.7191110553452671	([124, 88], [124, 121, 88])
1	0.679942899279797	0.7201329461715343	([351, 334], [351, 343, 335])
1	0.7200886511944227	0.7207122500181348	([133, 93], [133, 115, 113])
1	0.7082459646505074	0.7218042922432258	([319, 303], [319, 311, 306])
1	0.7170581083786604	0.7222427060671959	([424, 389], [424, 414, 389])
1	0.711485516459474	0.7224541901551585	([274, 245], [274, 259, 257])
1	0.6936175120230962	0.7224552604549835	([276, 244], [276, 262, 247])
1	0.7166862125229843	0.7228393494841658	([97, 57], [97, 88, 85])
1	0.7103346956119847	0.7233673744330582	([260, 234], [260, 253, 234])
1	0.7163482626311852	0.7239295143878598	([203, 174], [203, 194, 192])
1	0.7144152430087569	0.7241168614742316	([174, 58], [192, 179, 58])
1	0.6934689158231034	0.7243667791681312	([132, 76], [124, 88, 76])
1	0.6983047643743678	0.7243815656895048	([291, 256], [282, 270, 263])
1	0.6035995412337534	0.7244205780608314	([78, 68], [112, 88, 76])
1	0.7226945942405293	0.7257672284331668	([140, 127], [140, 135, 127])
1	0.7015710918644853	0.7264161965639978	([174, 140], [174, 168, 160])
1	0.7030974901910584	0.7265147866220115	([170, 57], [170, 155, 57])
1	0.7095638270655218	0.7268459241238894	([84, 59], [84, 68, 65])
1	0.7219634994743598	0.7280590252260809	([335, 290], [362, 341, 290])
1	0.7247692496433079	0.7285024057006518	([171, 139], [171, 160, 140])
1	0.6837645599791566	0.7285670281888059	([362, 327], [362, 340, 339])
1	0.7202510919445494	0.7290297301451107	([338, 310], [338, 334, 328])
1	0.67248425503223	0.7292393166220114	([367, 331], [368, 367, 331])
1	0.7182324062381441	0.7296304714882184	([180, 57], [192, 183, 57])
1	0.6781669148769468	0.7298488934515912	([337, 119], [337, 119, 117])
1	0.7072154308793701	0.7300630015061524	([272, 243], [272, 268, 243])
1	0.6975332159783932	0.7313191615008007	([379, 337], [379, 360, 337])
1	0.727357244187912	0.7317202196558733	([275, 241], [275, 257, 255])
1	0.7261789320189794	0.7317759618078761	([162, 21], [162, 149, 21])
1	0.7096104829934674	0.7319222341836569	([284, 264], [284, 280, 264])
1	0.7060877879477916	0.7325107430230479	([296, 280], [296, 295, 280])
1	0.7187744570896005	0.7327077346637414	([190, 170], [190, 178, 176])
1	0.7208583910882427	0.7342104394690155	([374, 346], [374, 363, 346])
1	0.7316132125655711	0.7369615077801663	([294, 268], [294, 278, 276])
1	0.7173489280357256	0.7373690746990004	([383, 352], [376, 361, 359])
1	0.6936105942412685	0.7374163186128818	([289, 231], [289, 287, 239])
1	0.7364156459871194	0.737536549821844	([102, 72], [102, 89, 72])
1	0.7306033092520429	0.7380591021252194	([411, 374], [411, 410, 374])
1	0.7197649664519464	0.7383368184215766	([258, 231], [258, 244, 231])
1	0.6977342269672444	0.7388556539791434	([246, 226], [245, 239, 232])
1	0.734887638848077	0.7394849469882822	([337, 299], [337, 328, 299])
1	0.7306020416387267	0.7397508797858989	([304, 250], [299, 286, 282])
1	0.7339992157836425	0.7398669961839495	([72, 44], [72, 68, 44])
1	0.7399251339609748	0.7403903816244866	([357, 317], [357, 344, 318])
1	0.725948278962197	0.7404363852762509	([152, 58], [162, 152, 142])
1	0.7245467612243045	0.7405662180143988	([280, 252], [280, 264, 260])
1	0.7248479221291168	0.7410373399048416	([101, 68], [101, 97, 68])
1	0.7256516381420696	0.7411337862712158	([300, 274], [300, 288, 274])
1	0.7263047964260795	0.74116111387467	([119, 86], [121, 119, 86])
1	0.7341972351791127	0.741755080466526	([277, 234], [289, 277, 234])
1	0.7296784627299538	0.7418288483613266	([297, 252], [297, 283, 252])
1	0.7131530920556927	0.7418991530140161	([281, 76], [281, 261, 259])
1	0.7342779513956049	0.7422777589687342	([327, 241], [329, 327, 236])
1	0.7212710590695719	0.7424081571258679	([301, 257], [301, 296, 267])
1	0.7412015402589508	0.7428029063933176	([242, 211], [242, 230, 211])
1	0.7282158152264345	0.7434313525344695	([339, 307], [339, 334, 312])
1	0.6880416170094796	0.7442293503530465	([287, 239], [287, 250, 239])
1	0.7328471991211121	0.7445337799525455	([303, 259], [303, 293, 290])
1	0.7138313744914605	0.7448507231105592	([362, 290], [335, 330, 290])
1	0.6667572343511595	0.7451516324687701	([293, 58], [308, 301, 289])
1	0.7400438531358445	0.7452830116679459	([193, 154], [193, 171, 169])
1	0.7103949426534443	0.7454821487268485	([144, 14], [162, 144, 14])
1	0.7150463529044144	0.7458032674369006	([225, 76], [253, 234, 231])
1	0.7321601532317197	0.7459299494269658	([189, 144], [185, 172, 161])
1	0.6539677162931814	0.7461441104210823	([210, 58], [180, 171, 170])
1	0.7228027606976951	0.7462917784102886	([293, 245], [303, 281, 259])
1	0.7105026140484525	0.7462917784102886	([303, 76], [303, 281, 277])
1	0.7427452127940283	0.7463883747950227	([73, 18], [80, 73, 28])
1	0.7363689596244992	0.7468120661667894	([344, 318], [357, 343, 309])
1	0.746774353766115	0.7471622344565257	([167, 121], [167, 138, 121])
1	0.7318943997341779	0.7482341388376132	([192, 14], [194, 171, 162])
1	0.7451641877453518	0.748307453014236	([283, 232], [283, 252, 245])
1	0.7470597917164551	0.7483738834864438	([409, 367], [409, 383, 379])
1	0.7346178733102693	0.7493247396138841	([195, 164], [195, 174, 164])
1	0.711679824562393	0.7493556810356115	([309, 283], [309, 303, 277])
1	0.7088697210850485	0.7493556810356115	([326, 280], [326, 309, 277])
1	0.7429083394642745	0.7495871946274133	([300, 239], [300, 293, 239])
1	0.7419697868334566	0.7497118475440925	([379, 133], [379, 366, 132])
1	0.7411738048479181	0.7498315727001325	([331, 306], [331, 326, 306])
1	0.7473813887750949	0.750543001324112	([291, 243], [291, 272, 256])
1	0.7274254222662683	0.7505433475149472	([273, 238], [273, 258, 254])
1	0.741108764877138	0.7505906654881817	([286, 238], [286, 281, 238])
1	0.7505478050904305	0.7506006942269442	([340, 293], [340, 329, 293])
1	0.7435847477639119	0.7506406176607828	([393, 364], [393, 371, 364])
1	0.7400515682546612	0.7507352960723631	([359, 308], [359, 339, 308])
1	0.7267436023072443	0.7507742991486078	([320, 267], [320, 308, 267])
1	0.7430924550258408	0.7508457000683356	([315, 290], [315, 308, 241])
1	0.7379417821019768	0.751236240403207	([366, 132], [414, 385, 379])
1	0.7381617152925173	0.7519816438210869	([360, 311], [362, 360, 305])
1	0.7319152475227567	0.7521331304934147	([118, 76], [118, 115, 88])
1	0.74945839704805	0.7521648804085352	([225, 176], [225, 208, 176])
1	0.7184698035342204	0.7525550241830752	([167, 58], [167, 137, 134])
1	0.727328878593405	0.7526252540705618	([99, 31], [99, 81, 71])
1	0.7483991989895731	0.7529413533086097	([306, 246], [306, 297, 246])
1	0.7288182325245054	0.7529442065783722	([329, 236], [327, 260, 241])
1	0.7418254493911364	0.7530388202290283	([191, 151], [191, 174, 160])
1	0.7529164979223439	0.753203442084639	([271, 235], [271, 247, 235])
1	0.7099992711535826	0.753578711365605	([308, 241], [315, 307, 300])
1	0.7256121116197952	0.7536164204963389	([294, 249], [294, 278, 241])
1	0.7057953989818021	0.7536164204963389	([290, 241], [294, 290, 241])
1	0.7525959035707696	0.7537139195781385	([296, 248], [299, 296, 248])
1	0.701134155477504	0.7538136926562293	([218, 139], [218, 204, 139])
1	0.7365991177882814	0.7539916058069077	([136, 106], [136, 120, 106])
1	0.7454034883167423	0.7540445535032726	([208, 166], [208, 199, 177])
1	0.7461051567407359	0.7542417875532726	([292, 236], [301, 236, 234])
1	0.7027370729470737	0.7542417875532726	([234, 58], [301, 287, 234])
1	0.7368202010735745	0.7542417875532726	([296, 234], [301, 296, 234])
1	0.744430303928019	0.7554241142814375	([256, 223], [256, 248, 229])
1	0.7366920681795843	0.7555248294773983	([116, 74], [108, 103, 74])
1	0.7522900379366173	0.7557417439264184	([365, 177], [365, 177, 170])
1	0.7293285971669647	0.7560438420308869	([362, 305], [360, 334, 328])
1	0.7346824835649879	0.7564295475988647	([219, 173], [218, 173, 139])
1	0.7498898761682198	0.7564648280584019	([424, 319], [424, 359, 308])
1	0.7300364256953894	0.7569773628355282	([80, 28], [73, 52, 48])
1	0.7509393395033327	0.7569786762362041	([365, 68], [117, 91, 87])
1	0.7050559303664158	0.7575915231917065	([364, 296], [364, 339, 307])
1	0.7575816117141042	0.7597817565856915	([187, 147], [192, 187, 14])
1	0.7370786091459136	0.7598827364406457	([227, 133], [240, 229, 227])
1	0.7206617310173267	0.7598827364406457	([327, 269], [329, 240, 227])
1	0.7373905191744683	0.7601208880561181	([234, 132], [240, 229, 132])
1	0.754542156387841	0.7601830246769268	([241, 214], [241, 230, 214])
1	0.7321295632097714	0.7603088360644811	([264, 236], [264, 259, 236])
1	0.7290944151577096	0.7603958637319975	([239, 202], [239, 214, 212])
1	0.7465519490170717	0.7606867130149508	([365, 117], [365, 132, 117])
1	0.7499532785734655	0.7607424633750947	([175, 132], [175, 132, 119])
1	0.7151343044382862	0.760934257835416	([380, 357], [380, 371, 368])
1	0.7556513306057915	0.7611364092828958	([309, 261], [309, 295, 261])
1	0.739042774475423	0.7614024961546922	([175, 87], [175, 142, 135])
1	0.7363002181145801	0.7616871559843463	([341, 228], [341, 230, 228])
1	0.7510950645265474	0.7618997574643422	([82, 36], [82, 68, 46])
1	0.7427277961203232	0.7630902491586024	([179, 150], [179, 162, 150])
1	0.756079705712281	0.7635303038855821	([348, 324], [348, 337, 333])
1	0.7434229516145635	0.7636196160729943	([346, 325], [346, 334, 325])
1	0.7143134167635723	0.7636196160729943	([346, 58], [351, 346, 334])
1	0.7606008450102644	0.7637132307670675	([266, 68], [266, 261, 68])
1	0.7397733480388097	0.7638282017186246	([140, 85], [140, 138, 85])
1	0.7572025159459701	0.7638934565132341	([317, 251], [326, 317, 251])
1	0.7534153768663485	0.7639325578125881	([289, 218], [289, 258, 231])
1	0.7629193799219232	0.7639325578125881	([367, 258], [367, 289, 258])
1	0.7609343775170594	0.7644450638799191	([406, 346], [406, 402, 346])
1	0.7198108927247658	0.7644913304436353	([236, 209], [236, 232, 209])
1	0.733416328651917	0.76471995230619	([300, 253], [300, 284, 274])
1	0.7535799886178135	0.7648943847343361	([388, 345], [388, 383, 351])
1	0.6428323274452707	0.7651937528228354	([336, 295], [336, 321, 295])
1	0.7510506371803607	0.7659246207947784	([243, 201], [243, 230, 206])
1	0.7556104990982518	0.7659995112551236	([127, 78], [127, 117, 68])
1	0.7643050581030685	0.7661770713899397	([237, 129], [237, 233, 121])
1	0.7639598983871112	0.7661794439392403	([415, 209], [415, 209, 175])
1	0.7501826294118541	0.7662260890228796	([220, 171], [230, 206, 202])
1	0.7500744332645456	0.7662632636685753	([383, 323], [373, 338, 310])
1	0.736167142360331	0.7662632636685753	([380, 310], [380, 373, 310])
1	0.7622845508801426	0.7663873408855335	([408, 333], [408, 392, 341])
1	0.6808197587648456	0.7669674257884771	([225, 28], [318, 304, 237])
1	0.7067834227769663	0.7670937779042363	([280, 57], [280, 246, 240])
1	0.7663246476438723	0.7676233705815615	([310, 129], [338, 310, 129])
1	0.7565734256031617	0.7676667071961213	([276, 127], [282, 276, 133])
1	0.738852229944896	0.7676667071961213	([294, 133], [294, 276, 133])
1	0.7052940635212611	0.7676976988781149	([141, 21], [163, 148, 16])
1	0.7521241302426939	0.7678911429285269	([364, 283], [364, 307, 287])
1	0.7443652249006592	0.7680273842025398	([368, 319], [368, 331, 317])
1	0.6936559408515018	0.7680871045956869	([291, 117], [337, 291, 272])
1	0.6893572800426683	0.7680871045956869	([337, 279], [337, 304, 291])
1	0.7253301128610081	0.7683673201349608	([417, 14], [417, 22, 18])
1	0.7371161559260933	0.7684881704761686	([343, 294], [343, 309, 299])
1	0.7626742423859376	0.7687172296751958	([133, 40], [133, 63, 40])
1	0.7367254047169036	0.7689196969759432	([363, 291], [363, 362, 291])
1	0.7313427039618794	0.769092569724435	([282, 133], [265, 261, 127])
1	0.7624009593721347	0.7694281565567646	([365, 251], [365, 342, 305])
1	0.7428185761366707	0.7694331132708632	([207, 136], [207, 204, 136])
1	0.7687194530327507	0.7694439675180773	([238, 124], [239, 238, 124])
1	0.7647381976800299	0.7694860614645325	([357, 121], [357, 338, 121])
1	0.7624230934662191	0.7696380149959261	([170, 91], [170, 138, 126])
1	0.7647768716836698	0.7696949938410363	([236, 139], [236, 229, 139])
1	0.5973739666583737	0.7697036581046458	([140, 27], [175, 87, 68])
1	0.7057582844738043	0.7697036581046458	([186, 76], [191, 175, 68])
1	0.7334018353483869	0.7698276703516774	([141, 105], [141, 126, 116])
1	0.7596498518827834	0.7698276703516774	([166, 116], [166, 141, 116])
1	0.7541128586061905	0.7699935890326282	([231, 198], [231, 217, 198])
1	0.7645370415072894	0.7700576925590155	([314, 14], [333, 314, 311])
1	0.7640854978704685	0.7704283018779121	([215, 142], [215, 195, 174])
1	0.7311708557843881	0.7704522335122823	([324, 255], [324, 297, 255])
1	0.7598914054500588	0.7707726116137829	([107, 65], [107, 96, 65])
1	0.7264843038910611	0.7707795799397711	([258, 218], [258, 231, 218])
1	0.7511828865640332	0.7708865919164076	([266, 88], [266, 88, 68])
1	0.757334649381623	0.7709350440193405	([412, 377], [412, 392, 378])
1	0.7458251423611502	0.7712422801601783	([211, 131], [234, 211, 132])
1	0.704920027750105	0.7713152732229874	([247, 76], [276, 242, 133])
1	0.7534568079172468	0.7715034403167829	([231, 119], [244, 240, 119])
1	0.7707521018916862	0.7716554862023025	([297, 218], [297, 218, 139])
1	0.751371197451703	0.7719945240567809	([286, 59], [286, 59, 31])
1	0.6453741587250675	0.7719945240567809	([319, 58], [293, 286, 31])
1	0.7663285304386938	0.7720124534866745	([304, 86], [320, 308, 304])
1	0.6904479754091025	0.772019511858083	([246, 58], [246, 234, 226])
1	0.7656084959485955	0.7721763948422397	([395, 339], [395, 379, 375])
1	0.694774663344439	0.772245767930337	([240, 133], [291, 238, 117])
1	0.7613186819403216	0.7723543306165682	([140, 44], [140, 85, 61])
1	0.7682598835566435	0.7725438733065575	([339, 127], [339, 332, 127])
1	0.751617619902391	0.7726090542427412	([369, 131], [369, 365, 117])
1	0.7586973807271248	0.7728732746478846	([233, 121], [237, 236, 133])
1	0.7728630797567767	0.7729556914928256	([335, 130], [335, 290, 126])
1	0.758378260527874	0.7729556914928256	([338, 126], [338, 335, 126])
1	0.7593231584550291	0.7730359096323373	([102, 38], [102, 72, 52])
1	0.759645733697751	0.7731281875323683	([423, 317], [423, 408, 357])
1	0.7260844551493506	0.7731758105847549	([260, 28], [260, 232, 228])
1	0.6931791949167376	0.7732744565914382	([113, 28], [113, 92, 87])
1	0.7555190831880235	0.7733125559593506	([339, 239], [339, 304, 239])
1	0.7454121997524208	0.7733125559593506	([290, 127], [339, 307, 304])
1	0.726070977059224	0.7733410679971846	([284, 230], [284, 278, 230])
1	0.7340821221930127	0.773351924112091	([205, 68], [205, 202, 68])
1	0.7587007952913266	0.7733651583082617	([131, 71], [131, 89, 87])
1	0.7666364390541592	0.7735329690095561	([277, 175], [277, 264, 209])
1	0.7583256701558736	0.7736029742067262	([211, 79], [211, 79, 59])
1	0.7627757390127243	0.7739256246331231	([255, 120], [261, 255, 127])
1	0.7667667663569763	0.7739462792169106	([329, 110], [337, 329, 117])
1	0.7664661761809769	0.7741717980257697	([364, 241], [364, 307, 241])
1	0.7624436858263541	0.7743389863555884	([316, 265], [316, 309, 265])
1	0.7338572307033515	0.7743518280224202	([338, 242], [338, 276, 268])
1	0.720264186408849	0.7743518280224202	([335, 268], [338, 286, 276])
1	0.7524525473398165	0.7744047282934235	([245, 138], [230, 202, 138])
1	0.7633972482137026	0.7745234516938736	([149, 78], [154, 149, 78])
1	0.7695958413739116	0.7746663782780777	([295, 228], [295, 245, 239])
1	0.6136375096168067	0.774766975197274	([336, 270], [334, 324, 255])
1	0.7333891583970129	0.774816862278311	([135, 111], [135, 126, 123])
1	0.751965026546216	0.774816862278311	([226, 135], [226, 135, 123])
1	0.7693750434775024	0.7748305465353771	([231, 134], [232, 231, 134])
1	0.7690434109659285	0.7748955350371437	([247, 174], [247, 243, 201])
1	0.7445961881665192	0.774938448664332	([211, 59], [230, 211, 59])
1	0.7701583416042878	0.7749402529471926	([237, 21], [237, 235, 21])
1	0.7653140231085634	0.7749483609166609	([251, 215], [254, 251, 215])
1	0.6983975922986279	0.7749883044362017	([414, 58], [387, 377, 375])
1	0.7336837661793356	0.7751024664575039	([258, 126], [258, 238, 126])
1	0.7373551762589118	0.7751888170220046	([118, 28], [132, 118, 28])
1	0.6027974400185125	0.7751888170220046	([142, 15], [137, 132, 28])
1	0.7370485369657587	0.7752664756208103	([341, 274], [341, 274, 240])
1	0.7452924182112947	0.7755561601938878	([304, 127], [335, 257, 250])
1	0.764818251960365	0.7755979680867775	([234, 114], [234, 233, 120])
1	0.7691798175673109	0.7757275099447764	([130, 56], [239, 130, 124])
1	0.7583470363718431	0.7760335970515302	([364, 253], [364, 253, 234])
1	0.7434549566048144	0.7761500983819596	([362, 255], [362, 280, 264])
1	0.7509869744930341	0.7761500983819596	([340, 264], [362, 340, 264])
1	0.7762280602422121	0.7767426240231908	([255, 200], [255, 217, 198])
1	0.7325134953588143	0.7768642674086325	([367, 289], [373, 367, 289])
1	0.7679484984881567	0.7768685576213111	([343, 68], [346, 343, 68])
1	0.7685772576255618	0.7768825622365312	([213, 87], [213, 196, 175])
1	0.7501737575230198	0.7769464260643079	([421, 369], [421, 404, 369])
1	0.7543333137201262	0.7769715096181306	([195, 29], [195, 29, 14])
1	0.7636337941946716	0.7770106139330726	([412, 136], [412, 377, 372])
1	0.7624187473142165	0.7770665460326222	([295, 132], [295, 240, 239])
1	0.774100856413405	0.7772192493702795	([219, 161], [219, 175, 173])
1	0.7611203921548917	0.7773805583238889	([311, 68], [346, 325, 311])
1	0.7343174380344798	0.7774609160010777	([414, 133], [369, 338, 125])
1	0.7754501561891682	0.777547548877926	([368, 233], [368, 250, 246])
1	0.755610289809987	0.7776383812583049	([305, 167], [305, 174, 167])
1	0.766065108494939	0.777761480190005	([279, 227], [279, 268, 238])
1	0.7757250268583203	0.7779437737806677	([341, 151], [361, 341, 139])
1	0.7751686341610038	0.7780118054535353	([308, 117], [308, 240, 126])
1	0.7723139204209779	0.778050680239774	([313, 133], [319, 313, 133])
1	0.727745964141935	0.7781788165553882	([266, 221], [266, 221, 205])
1	0.7775395679387815	0.778195967858702	([217, 71], [217, 117, 68])
1	0.7739790706162812	0.778195967858702	([217, 117], [217, 202, 68])
1	0.7157274353439996	0.7782173654989796	([81, 31], [86, 81, 31])
1	0.772161261050469	0.7782280823583346	([289, 123], [292, 288, 123])
1	0.6763549074136239	0.7782590696156565	([337, 87], [215, 106, 97])
1	0.7530018285225044	0.778321958437403	([228, 166], [228, 212, 211])
1	0.7535342694294767	0.7784923559419908	([360, 244], [360, 290, 277])
1	0.7671552306871757	0.778513379374648	([172, 83], [172, 134, 68])
1	0.7109606466886699	0.7785593236839107	([215, 21], [285, 237, 232])
1	0.7730492072199027	0.7787936863412781	([421, 29], [421, 417, 14])
1	0.7722018569152981	0.7788070847794093	([104, 62], [108, 104, 62])
1	0.7633863695823297	0.7788070847794093	([239, 56], [130, 108, 62])
1	0.7712960397743724	0.7788388791316858	([201, 137], [201, 170, 137])
1	0.7788610067375555	0.778962718748294	([207, 56], [216, 207, 56])
1	0.5992464261207674	0.778962718748294	([286, 22], [225, 216, 56])
1	0.7703575165174287	0.7790081353536693	([420, 358], [420, 377, 358])
1	0.7236371073698654	0.7790081353536693	([420, 57], [420, 395, 377])
1	0.7752544471410334	0.7791679454529438	([277, 136], [277, 265, 237])
1	0.7601454252947071	0.7791740886988948	([305, 269], [305, 291, 269])
1	0.770252645390959	0.7791751296461162	([125, 84], [125, 121, 84])
1	0.7570659427591181	0.7793454328039292	([371, 320], [371, 357, 312])
1	0.6479810639479665	0.7794451632236564	([377, 57], [400, 380, 357])
1	0.6393825889586506	0.779465045069483	([336, 248], [336, 270, 248])
1	0.7455686431402277	0.779625724299272	([193, 56], [193, 175, 56])
1	0.7798230159956423	0.7800110144432136	([301, 102], [309, 283, 102])
1	0.770703230054246	0.7800329819214873	([229, 107], [229, 132, 117])
1	0.7659941636883353	0.7801332459021215	([239, 111], [239, 128, 124])
1	0.7434631744305136	0.7801332459021215	([226, 123], [239, 232, 128])
1	0.7106317046060237	0.7801347370735618	([419, 28], [419, 417, 14])
1	0.6619776701685066	0.7804009935458376	([285, 21], [215, 211, 21])
1	0.7530022682335532	0.7806853482718288	([173, 79], [173, 139, 79])
1	0.7780561104558943	0.780941284290985	([423, 296], [423, 422, 307])
1	0.7655687084164939	0.7810493836648387	([208, 109], [208, 174, 85])
1	0.7622155483125814	0.7811256445652689	([259, 174], [259, 247, 235])
1	0.7726173756415665	0.7811890188692298	([304, 116], [304, 116, 86])
1	0.7219403190216844	0.7812291856394826	([255, 217], [261, 255, 217])
1	0.7804500609624199	0.7812291856394826	([267, 217], [267, 261, 217])
1	0.7693231274141427	0.7812379484299667	([312, 198], [308, 237, 231])
1	0.7768622092815268	0.7812587878490448	([377, 139], [377, 279, 21])
1	0.7690694622683377	0.7812587878490448	([377, 279], [383, 377, 21])
1	0.7299739784363027	0.7812587878490448	([420, 21], [420, 377, 21])
1	0.7678668653696196	0.7812980961650866	([257, 222], [257, 245, 222])
1	0.7809694891082076	0.7814060761070452	([333, 78], [343, 333, 78])
1	0.7623439460226638	0.7814921087289293	([357, 114], [357, 335, 114])
1	0.7754642061120741	0.7815551248239117	([257, 21], [279, 272, 21])
1	0.6976394559801905	0.7816556568112643	([332, 57], [334, 332, 204])
1	0.7671850749695547	0.7816602201752341	([361, 139], [361, 234, 229])
1	0.7588625246943392	0.7816602201752341	([358, 229], [361, 358, 229])
1	0.7761700845678011	0.7818261466702003	([385, 68], [416, 396, 68])
1	0.7607365025085808	0.781931354311626	([286, 74], [286, 81, 74])
1	0.7771894679101417	0.78193276850897	([120, 31], [293, 281, 120])
1	0.7574556014253818	0.7820151176032213	([260, 135], [260, 239, 133])
1	0.7375320209924021	0.7820689081300148	([204, 102], [204, 199, 73])
1	0.7610310016716871	0.7821701601433556	([249, 176], [249, 225, 176])
1	0.7808832564845233	0.7821777483751484	([158, 65], [158, 149, 65])
1	0.7588205759258728	0.7822594870341512	([276, 219], [276, 243, 213])
1	0.782261739719739	0.7824175935149374	([344, 292], [345, 344, 292])
1	0.7468810448126602	0.7825128310706781	([408, 218], [408, 373, 338])
1	0.7723274620952859	0.7825378572885072	([363, 217], [365, 363, 227])
1	0.779612917312739	0.7829071745271872	([241, 137], [241, 229, 132])
1	0.771612950410061	0.7829071745271872	([327, 132], [327, 241, 132])
1	0.7567448529755834	0.7829523896700513	([320, 86], [304, 293, 86])
1	0.7594619925292859	0.7829759167018788	([333, 238], [333, 327, 238])
1	0.7665130252130666	0.7833170688989455	([424, 173], [424, 158, 146])
1	0.7637629440115763	0.7833311708016346	([345, 237], [345, 331, 237])
1	0.7708281715051679	0.7834773231545554	([267, 137], [267, 250, 137])
1	0.75483601266258	0.7835421102120841	([262, 207], [262, 245, 207])
1	0.7742332215096501	0.7835421102120841	([318, 207], [318, 245, 207])
1	0.7781997358795347	0.7836005563055508	([346, 14], [346, 333, 311])
1	0.7454781396808668	0.7836299318218201	([306, 114], [357, 309, 114])
1	0.7008358028194275	0.7839243084717687	([383, 21], [379, 377, 133])
1	0.7749971106265495	0.7840551372310943	([367, 134], [367, 225, 124])
1	0.7696646539504384	0.7840551372310943	([367, 225], [367, 342, 124])
1	0.7431693414579025	0.7840551372310943	([342, 124], [369, 367, 124])
1	0.7617251625466483	0.7840644197708809	([372, 136], [377, 372, 133])
1	0.7768242812820824	0.7840660497548292	([281, 120], [281, 262, 120])
1	0.7610089126457231	0.7841085798717904	([322, 231], [322, 310, 231])
1	0.7560256854286473	0.784120194765292	([363, 254], [363, 328, 254])
1	0.7658961052818454	0.7842192669176565	([380, 272], [380, 272, 133])
1	0.7827845778530099	0.7842601487443758	([385, 214], [408, 385, 218])
1	0.7618215002780169	0.7842680933836161	([300, 135], [300, 287, 135])
1	0.7822298043078489	0.7843900244731317	([351, 103], [351, 103, 75])
1	0.7703580520326505	0.7844125364646027	([170, 71], [170, 78, 71])
1	0.7739323659089504	0.7844125364646027	([176, 78], [176, 170, 78])
1	0.7750306271436012	0.7844125364646027	([227, 61], [214, 170, 78])
1	0.7838279827670047	0.7847234582580254	([292, 223], [292, 271, 223])
1	0.7553625736098365	0.7848359517972486	([311, 242], [311, 280, 275])
1	0.7807323175084848	0.7848514595651094	([206, 129], [206, 169, 129])
1	0.7643933132807366	0.7850418775336067	([374, 63], [374, 367, 133])
1	0.7700004743706215	0.7850956981446465	([193, 90], [193, 172, 109])
1	0.7389803528554217	0.7852088277752292	([154, 76], [148, 137, 134])
1	0.7837008630025446	0.785222770826861	([144, 102], [144, 102, 38])
1	0.6104082865250484	0.7853737602458162	([157, 22], [198, 194, 157])
1	0.7713017648281923	0.7854629491199285	([380, 286], [380, 293, 286])
1	0.782687203051135	0.7855047800523175	([278, 119], [337, 278, 272])
1	0.7633839333442453	0.7855982995369724	([227, 191], [227, 212, 191])
1	0.7814321078699442	0.7856619120564305	([224, 141], [220, 217, 141])
1	0.7712275077661159	0.7859238072366914	([174, 120], [174, 140, 139])
1	0.7837223877375432	0.7859984236055324	([412, 284], [412, 326, 284])
1	0.6877537766044941	0.7860532756283919	([365, 57], [365, 280, 251])
1	0.774815672282041	0.7861740340661226	([155, 64], [155, 139, 64])
1	0.774496469618818	0.7862163866035071	([412, 259], [412, 271, 28])
1	0.7839583796376894	0.7863136309502909	([369, 278], [369, 362, 278])
1	0.7800892495847663	0.7863287787652259	([205, 94], [205, 94, 82])
1	0.780365183104185	0.7863506017043395	([334, 21], [334, 318, 237])
1	0.5972306079330516	0.7863737530876679	([417, 22], [412, 359, 28])
1	0.7619665790601239	0.7864159421720974	([328, 123], [338, 328, 123])
1	0.7626554520235581	0.7864414779816302	([362, 213], [309, 308, 213])
1	0.7668747472619326	0.7864562519846379	([157, 84], [157, 141, 105])
1	0.7711531528188983	0.7864625405717971	([310, 111], [310, 291, 111])
1	0.7603791770768655	0.786536824048185	([198, 83], [198, 172, 157])
1	0.7840771873184497	0.7866778685078921	([422, 365], [422, 416, 365])
1	0.7403658329655314	0.7867543416851601	([424, 359], [424, 395, 356])
1	0.7854312216435269	0.7868693137403889	([384, 294], [384, 347, 343])
1	0.7776725831373456	0.7868781677994846	([313, 0], [316, 284, 282])
1	0.7649420266115553	0.786946811451008	([260, 193], [260, 255, 193])
1	0.7366441445288363	0.7870283388506331	([240, 173], [240, 173, 141])
1	0.7483344244603785	0.7870955496987314	([133, 63], [170, 133, 126])
1	0.7806372227841915	0.787098321612875	([422, 171], [422, 365, 230])
1	0.7839192588496529	0.7871007569212809	([243, 86], [286, 243, 31])
1	0.7524107932321182	0.7871634942735082	([99, 53], [99, 75, 53])
1	0.7213002318261691	0.7872195339016582	([292, 114], [288, 275, 123])
1	0.7722627571977279	0.787223082544686	([422, 307], [423, 379, 370])
1	0.6861658499712342	0.7872854338404132	([240, 57], [240, 137, 119])
1	0.7751102916108656	0.7873950829046716	([413, 298], [413, 298, 276])
1	0.7587339293218791	0.7873950829046716	([413, 269], [413, 379, 276])
1	0.768003426100969	0.7874657413228001	([341, 193], [341, 193, 141])
1	0.7688127559274233	0.7874657413228001	([299, 141], [341, 299, 141])
1	0.6931448584825988	0.7875555103429525	([323, 31], [330, 323, 31])
1	0.7748083964730077	0.7875592352309769	([187, 133], [187, 171, 133])
1	0.7847421535807049	0.7876450787824949	([357, 222], [357, 222, 84])
1	0.7603531730703101	0.7876450787824949	([342, 84], [357, 342, 84])
1	0.7779458845309085	0.7876450787824949	([423, 71], [423, 357, 84])
1	0.7853792696866155	0.7876490088105037	([312, 125], [328, 312, 123])
1	0.7412944195786693	0.7877764020547406	([297, 131], [313, 297, 218])
1	0.7876784422972607	0.7878624515961149	([280, 124], [369, 280, 278])
1	0.7805333503559632	0.7880245320134651	([378, 256], [379, 378, 256])
1	0.7825832378689159	0.7880245320134651	([397, 256], [397, 379, 256])
1	0.7751575332270325	0.7881796821451739	([360, 118], [360, 333, 311])
1	0.7865391322452762	0.7882430338966732	([337, 140], [337, 140, 117])
1	0.787762527562152	0.7882468639358008	([301, 214], [308, 301, 213])
1	0.7286479522571071	0.7882804909071576	([408, 76], [408, 396, 73])
1	0.7763586939000295	0.7883559960951925	([281, 205], [304, 281, 205])
1	0.7612094944536472	0.7884181514591149	([337, 73], [337, 73, 59])
1	0.7853473066437314	0.788488466397826	([369, 223], [369, 341, 223])
1	0.7477241775253636	0.7886439787354239	([378, 355], [405, 400, 346])
1	0.7876893087889472	0.7887193858579594	([412, 242], [412, 242, 28])
1	0.7852603054458264	0.7887549668682342	([414, 324], [414, 331, 324])
1	0.7865053596359353	0.7887937511092126	([309, 28], [309, 305, 28])
1	0.7821537025884452	0.7888227013854551	([413, 139], [413, 191, 170])
1	0.7852457714376647	0.788850605039613	([359, 175], [359, 341, 175])
1	0.7227381561779244	0.7889381774105276	([203, 31], [211, 203, 31])
1	0.7548655484690059	0.7891057216075089	([320, 215], [309, 304, 215])
1	0.7886815725633899	0.7891775983701979	([352, 0], [380, 377, 0])
1	0.7281186284990242	0.7892369223318971	([416, 68], [416, 392, 378])
1	0.7822621802800562	0.7892513503803104	([382, 203], [384, 382, 31])
1	0.7801333531776156	0.7892939595531457	([380, 0], [352, 345, 0])
1	0.7765502385221108	0.7893688958196088	([374, 200], [374, 365, 177])
1	0.7597266516291787	0.7893688958196088	([408, 177], [408, 374, 177])
1	0.7804958397606918	0.7894142533436068	([198, 30], [198, 30, 16])
1	0.584280996562051	0.7894142533436068	([196, 22], [198, 188, 16])
1	0.7714805200238883	0.7894241337349025	([413, 43], [413, 139, 64])
1	0.7647045011047232	0.7895583719572972	([320, 253], [320, 267, 253])
1	0.7760681711646614	0.7895614371780572	([279, 192], [279, 250, 192])
1	0.7850196176610079	0.7895614371780572	([304, 192], [304, 250, 192])
1	0.7735030477026587	0.7896764719848011	([399, 342], [399, 384, 343])
1	0.7770180431759834	0.7897363546283047	([416, 354], [416, 365, 340])
1	0.6646264457356855	0.7897686575872085	([185, 21], [185, 21, 16])
1	0.7269605848187167	0.7897829708536774	([384, 31], [382, 377, 31])
1	0.7828295706696373	0.7898429016631227	([277, 116], [277, 252, 116])
1	0.7751030610377018	0.7899816719169299	([309, 102], [309, 114, 102])
1	0.7872966277095225	0.7901743151914645	([209, 62], [209, 171, 89])
1	0.7513530200818587	0.790267312452988	([216, 115], [227, 216, 115])
1	0.7764266435702644	0.7902845154797735	([363, 0], [374, 363, 0])
1	0.7824709757977116	0.7903634942919332	([218, 157], [218, 174, 157])
1	0.7822387989451319	0.7907119258108815	([303, 142], [303, 291, 166])
1	0.782069338379987	0.7907128942664828	([309, 70], [320, 309, 70])
1	0.7277185426504287	0.7907172009903429	([226, 30], [226, 134, 123])
1	0.7760096811978788	0.7907542987753056	([410, 121], [424, 131, 121])
1	0.7631152254651952	0.7907657624792663	([293, 109], [293, 125, 109])
1	0.7704696359023013	0.7908425468795984	([296, 170], [343, 296, 292])
1	0.7566007638465962	0.7909737904742807	([309, 194], [309, 213, 194])
1	0.6206980076842856	0.7910606042183589	([322, 22], [322, 301, 286])
1	0.76033560395326	0.7910648982717429	([320, 131], [316, 312, 123])
1	0.7675400381846398	0.7912176961150121	([321, 226], [321, 275, 242])
1	0.7736986215713113	0.7913235574286074	([177, 30], [177, 61, 56])
1	0.7832656142785741	0.7914656747838712	([387, 348], [387, 371, 354])
1	0.7626534590906175	0.7916618990387624	([75, 0], [374, 71, 63])
1	0.7652763974161109	0.7916618990387624	([368, 85], [374, 85, 71])
1	0.7572751739074326	0.7916618990387624	([361, 71], [374, 361, 71])
1	0.7789941502383594	0.7917495418782802	([295, 96], [295, 132, 88])
1	0.7779000182023526	0.7918891995482478	([413, 330], [413, 412, 313])
1	0.7867055827002475	0.7919960799821174	([379, 173], [408, 379, 173])
1	0.7918802538168698	0.7920797049870358	([323, 87], [323, 303, 87])
1	0.762931116610532	0.792085939216082	([424, 89], [424, 422, 131])
1	0.7756105753740998	0.7920861688389544	([162, 108], [162, 154, 138])
1	0.7752039991204935	0.7921194167773788	([297, 202], [334, 297, 255])
1	0.7820553599432368	0.7921683877475016	([384, 270], [410, 384, 270])
1	0.7908611036283936	0.7922475955802406	([372, 324], [372, 361, 320])
1	0.78135114421386	0.7922591610606513	([153, 30], [175, 153, 30])
1	0.7848669786393222	0.7922737815496114	([298, 197], [354, 298, 211])
1	0.7671141331295717	0.792289539631384	([410, 235], [367, 360, 235])
1	0.7782493709536832	0.7923199318060555	([232, 112], [237, 112, 110])
1	0.7679053283122645	0.7925284138173053	([333, 150], [333, 179, 174])
1	0.78856117705025	0.7925806584672216	([394, 243], [394, 375, 243])
1	0.7759544007404603	0.7926801200121197	([407, 94], [407, 94, 86])
1	0.771069717958463	0.7926801200121197	([409, 86], [409, 407, 86])
1	0.760755924330454	0.7927972178946125	([389, 350], [389, 374, 372])
1	0.7806766815488537	0.7928138528896568	([345, 215], [345, 237, 215])
1	0.7927313987123199	0.7928375657195775	([376, 182], [404, 376, 198])
1	0.7849802815875627	0.7929192773991948	([367, 166], [367, 359, 166])
1	0.76225169921009	0.79306353445247	([256, 73], [282, 256, 80])
1	0.6932428051840075	0.7930970492601285	([265, 57], [280, 265, 242])
1	0.7857955381566667	0.7931757292983768	([166, 39], [166, 144, 39])
1	0.7440859171560184	0.7931909055107159	([394, 28], [412, 394, 371])
1	0.7679144963053556	0.7932187461678276	([354, 201], [298, 235, 213])
1	0.7785004893244213	0.7933484122448274	([200, 88], [200, 193, 109])
1	0.7912794209920941	0.7933786483361762	([328, 101], [362, 328, 79])
1	0.7916456548553031	0.7934521611610391	([383, 262], [383, 272, 262])
1	0.773027874798079	0.7934771989824388	([307, 56], [321, 307, 282])
1	0.7901552717961566	0.7935923827083682	([362, 135], [362, 328, 135])
1	0.7447444176415635	0.7936338888344805	([422, 135], [422, 171, 131])
1	0.7730329806731211	0.7936463249662289	([402, 216], [402, 216, 56])
1	0.787273319860779	0.7938241175247056	([199, 96], [202, 199, 96])
1	0.7558372914579964	0.793832728232171	([307, 206], [307, 306, 206])
1	0.7667574382513145	0.7939247088862471	([253, 128], [253, 231, 134])
1	0.7898532926114341	0.7941591659522769	([356, 116], [356, 203, 109])
1	0.7941516710982306	0.7942833989451699	([375, 222], [375, 243, 222])
1	0.7653406705353267	0.7943194111988657	([372, 306], [372, 331, 306])
1	0.7924774431740811	0.794353341745577	([404, 82], [404, 82, 61])
1	0.7687745777680228	0.794353341745577	([380, 61], [404, 380, 61])
1	0.768613809584036	0.7943738886080477	([268, 199], [268, 257, 216])
1	0.7692760602227298	0.7947713312484576	([326, 64], [326, 120, 64])
1	0.7811961008779827	0.7947817802099989	([370, 115], [379, 370, 115])
1	0.7898885109476621	0.7948021134348561	([208, 135], [208, 135, 133])
1	0.7807374379718386	0.794855848473947	([225, 93], [225, 124, 93])
1	0.7700130287958803	0.7948890894946529	([274, 169], [274, 242, 169])
1	0.7893760545128752	0.795090565892331	([362, 80], [362, 305, 174])
1	0.7871590322074888	0.7951366755719187	([387, 99], [387, 371, 82])
1	0.7838623875942625	0.7951366755719187	([371, 82], [404, 387, 82])
1	0.7753051095617682	0.7952651395830664	([151, 97], [379, 151, 138])
1	0.7774461320101219	0.7952703265761155	([253, 157], [253, 223, 218])
1	0.7805482215813022	0.795296824515034	([257, 106], [257, 248, 107])
1	0.7851505388081566	0.7954064605818553	([182, 64], [182, 93, 64])
1	0.7564494460002472	0.7954077408469656	([356, 271], [342, 271, 257])
1	0.7705373072699977	0.7955918586788897	([192, 117], [209, 192, 117])
1	0.778026126025566	0.7956807109014737	([339, 203], [356, 341, 141])
1	0.7555707704681438	0.7960162599058822	([329, 177], [329, 203, 177])
1	0.7901371144916193	0.7960368043479854	([401, 75], [401, 378, 75])
1	0.7094472626680521	0.796064285393149	([326, 21], [326, 235, 230])
1	0.7724283809478256	0.7960766367555833	([298, 92], [298, 92, 28])
1	0.7739518694890953	0.7962192769065137	([358, 119], [365, 358, 119])
1	0.7961539144741855	0.7963404730305147	([325, 157], [325, 315, 157])
1	0.7347897723155369	0.7964270712880609	([376, 87], [376, 369, 87])
1	0.7835995832998909	0.796538236187082	([156, 107], [156, 151, 107])
1	0.7513247425996146	0.7965551612040075	([263, 220], [265, 263, 220])
1	0.7557287069006979	0.7965772516279906	([323, 219], [323, 260, 219])
1	0.7878302171276551	0.7965957335009987	([236, 65], [236, 227, 65])
1	0.7837955879674048	0.7967331725488009	([231, 94], [231, 126, 79])
1	0.792806194985367	0.7968581581928572	([178, 128], [178, 142, 128])
1	0.7904209985575759	0.7968581581928572	([200, 128], [200, 142, 128])
1	0.7956232982645449	0.7969089717444363	([159, 60], [159, 60, 56])
1	0.7830155588629496	0.7970095927828509	([123, 37], [123, 116, 28])
1	0.7427090716234618	0.7971808803606593	([288, 168], [288, 242, 241])
1	0.7827726362616556	0.797231441472139	([229, 31], [229, 220, 31])
1	0.7715195134291333	0.7972732185535978	([301, 155], [301, 274, 169])
1	0.7516526978802799	0.7972732185535978	([363, 169], [363, 301, 169])
1	0.7808610918975566	0.7973903803945117	([303, 65], [303, 236, 229])
1	0.7924330161063875	0.7975205151886232	([378, 114], [378, 368, 135])
1	0.7955503371266646	0.7975636721886052	([346, 273], [346, 323, 273])
1	0.7940026465001996	0.797677724556438	([195, 69], [193, 187, 69])
1	0.7430835299994624	0.7980727348676849	([318, 140], [318, 222, 140])
1	0.7560438657697539	0.7980733956815861	([417, 344], [417, 383, 347])
1	0.7876956039991372	0.7980791296919942	([252, 71], [252, 116, 107])
1	0.7894575466261556	0.7981623557467784	([319, 221], [319, 221, 28])
1	0.7572862964269922	0.7982153246351857	([337, 201], [337, 87, 78])
1	0.7951425121540389	0.7984578781686367	([270, 59], [270, 230, 221])
1	0.6618599388025895	0.7984578781686367	([336, 230], [336, 270, 230])
1	0.7588353139681332	0.7985206050241623	([278, 0], [421, 313, 0])
1	0.7836996611620761	0.7985206050241623	([414, 0], [421, 414, 0])
1	0.7788318372013641	0.7985725999313986	([382, 303], [382, 374, 325])
1	0.7920009448145849	0.7986385478970215	([218, 100], [218, 203, 100])
1	0.79258077465724	0.7986765303362016	([201, 107], [248, 201, 173])
1	0.7650183817331642	0.7987840828030719	([396, 314], [413, 396, 314])
1	0.7856065524059618	0.7988805095114313	([161, 18], [161, 139, 21])
1	0.7878167493269969	0.7989915537892667	([314, 138], [314, 202, 201])
1	0.7921402776723648	0.7990704544234605	([110, 37], [123, 110, 86])
1	0.7792262538038981	0.799176987268531	([299, 191], [299, 264, 204])
1	0.7977657186874451	0.7993405302718103	([352, 232], [374, 352, 232])
1	0.7790718969036081	0.7993774645634052	([263, 30], [303, 263, 87])
1	0.7957234462119465	0.7994117770140851	([268, 190], [268, 199, 190])
1	0.7843788916105519	0.7994668134837314	([400, 324], [400, 346, 324])
1	0.7771829346074834	0.7994887419428557	([409, 140], [409, 369, 125])
1	0.7758286272560563	0.7995805736029348	([275, 203], [275, 235, 203])
1	0.763291994348638	0.7995912899309406	([363, 81], [363, 360, 106])
1	0.779100884189848	0.7996548517608172	([406, 322], [406, 388, 322])
1	0.7771645097567847	0.7996660086827156	([165, 93], [165, 162, 109])
1	0.7551753819247683	0.7996769558547508	([413, 191], [413, 409, 160])
1	0.7842185506813425	0.7997155613978122	([294, 172], [294, 243, 28])
1	0.7607159814611011	0.7997301300582551	([405, 308], [405, 361, 316])
1	0.7483417935274083	0.7998931927632634	([300, 173], [300, 263, 245])
1	0.7991081532225104	0.8001937013084565	([377, 207], [377, 374, 207])
1	0.7776130772325736	0.8002294564709099	([364, 130], [364, 241, 130])
1	0.7816484530531221	0.8002446245092321	([155, 100], [155, 148, 100])
1	0.7569641295903791	0.8004095276284482	([415, 175], [415, 373, 175])
1	0.7724101946187149	0.8006163604281628	([395, 175], [395, 370, 354])
1	0.7968731344116903	0.8007828708020269	([232, 70], [232, 228, 70])
1	0.6178728769088988	0.8008547910783849	([263, 15], [259, 174, 148])
1	0.8002417826335605	0.8011096583811638	([347, 90], [347, 343, 90])
1	0.7543636903843196	0.8011766727717925	([323, 180], [338, 323, 301])
1	0.7503167639427619	0.8015962871002937	([364, 86], [364, 238, 86])
1	0.7423574141375892	0.8017072843582729	([351, 75], [378, 377, 75])
1	0.7812428879875986	0.8018289030615641	([394, 301], [419, 394, 301])
1	0.7932890074868711	0.8018377860181538	([210, 150], [210, 201, 150])
1	0.8002434236922414	0.8018943130343137	([421, 176], [421, 225, 202])
1	0.798474355287533	0.8019356165323633	([323, 249], [323, 266, 260])
1	0.7798805472872388	0.8020738514921861	([280, 83], [280, 124, 114])
1	0.7990823540102348	0.802370310748866	([406, 98], [406, 390, 98])
1	0.7924922115045996	0.8024322364199615	([382, 231], [382, 366, 230])
1	0.7761208792954678	0.8024343728369837	([360, 208], [360, 299, 208])
1	0.7973395662069975	0.8024495952720212	([215, 125], [215, 125, 109])
1	0.7822538709152889	0.8024536852770862	([418, 129], [404, 129, 74])
1	0.7774184648169643	0.802558412652724	([390, 92], [390, 92, 21])
1	0.7862925937100095	0.8027093233700233	([400, 225], [400, 370, 351])
1	0.7808657935094105	0.8028394465867078	([142, 112], [175, 142, 112])
1	0.7925755657766648	0.8029249695573399	([323, 16], [323, 31, 16])
1	0.7904617763533834	0.8029520852685748	([317, 225], [322, 317, 225])
1	0.7944749050586325	0.8030540708201435	([297, 60], [297, 91, 60])
1	0.8014660051913037	0.8031888353125362	([238, 41], [238, 136, 41])
1	0.7772963035460028	0.8031977107709988	([332, 107], [331, 107, 64])
1	0.7867547258444023	0.8033217568026452	([278, 69], [271, 136, 69])
1	0.770993836474819	0.8034509109207394	([182, 93], [182, 152, 64])
1	0.7630924358804825	0.8036729717122131	([416, 142], [416, 142, 140])
1	0.7955185228955283	0.8037835619335753	([340, 172], [340, 250, 244])
1	0.7881061019602976	0.8040614406450414	([380, 147], [384, 380, 164])
1	0.7916629318109845	0.8040808665496354	([233, 69], [233, 114, 82])
1	0.7796819389019896	0.8044374690107099	([418, 144], [418, 344, 328])
1	0.7879196347819748	0.8044993360770872	([335, 72], [335, 278, 72])
1	0.7785612879924068	0.8047920946957582	([219, 80], [219, 211, 72])
1	0.7983009980502158	0.8050822720850145	([390, 220], [415, 390, 220])
1	0.7909756958818733	0.8052629390909654	([244, 62], [244, 233, 69])
1	0.8041620582693498	0.8054264005401581	([276, 71], [276, 247, 71])
1	0.7799918326987048	0.8054563808688999	([207, 74], [207, 74, 72])
1	0.7693731938358102	0.8057510633770341	([151, 36], [157, 151, 36])
1	0.8047558165002576	0.8058989568342311	([253, 13], [368, 243, 13])
1	0.7918013421188113	0.8059175644755001	([389, 213], [424, 389, 195])
1	0.7973081290679378	0.8061098208077078	([419, 69], [419, 301, 69])
1	0.7997136229054518	0.8061485343421672	([373, 140], [409, 373, 250])
1	0.7982459415408851	0.8064108822132113	([379, 70], [379, 173, 70])
1	0.7997997446033059	0.8068375138985058	([417, 189], [417, 189, 26])
1	0.7887627858435728	0.806870075818749	([317, 100], [317, 304, 106])
1	0.7562894305499319	0.8070421310403623	([344, 144], [344, 338, 144])
1	0.8024815017350517	0.8071243611708395	([416, 212], [421, 416, 212])
1	0.8054458591070304	0.8071850817933431	([280, 171], [280, 272, 202])
1	0.8004475443685545	0.8072046860856923	([375, 111], [405, 375, 103])
1	0.7957190800147178	0.8073875609399012	([355, 291], [355, 291, 250])
1	0.7772879366042886	0.8073916830150895	([340, 30], [367, 340, 226])
1	0.7730014519772466	0.8075598125182902	([405, 103], [375, 366, 87])
1	0.7905501771441432	0.8076597221083875	([358, 83], [359, 358, 73])
1	0.8000838289448404	0.8076766504313778	([287, 198], [301, 287, 198])
1	0.7830344284372462	0.8077974629710916	([396, 257], [386, 318, 222])
1	0.8043121311678519	0.8080477210243926	([353, 82], [359, 353, 233])
1	0.7979666496224496	0.8081471963722104	([183, 116], [183, 169, 110])
1	0.7898770986563471	0.8081501289482859	([421, 202], [421, 369, 231])
1	0.7955341319402529	0.808224881971102	([168, 0], [168, 162, 0])
1	0.7769920972677858	0.8082382826883246	([347, 56], [347, 341, 56])
1	0.7981518483538246	0.808247882856781	([387, 228], [387, 354, 201])
1	0.7992316430816025	0.8084926233467551	([238, 194], [238, 231, 194])
1	0.8043523855607446	0.8089649342034396	([414, 287], [414, 340, 287])
1	0.803768123126403	0.8090526587692044	([197, 0], [197, 196, 0])
1	0.7906868737445065	0.8090526587692044	([223, 0], [223, 196, 0])
1	0.5935372765815807	0.8091528508773563	([285, 15], [285, 39, 21])
1	0.7903567091982492	0.8092750235394514	([250, 63], [251, 250, 63])
1	0.7989223453394437	0.8094314396540109	([352, 81], [352, 103, 81])
1	0.7980427629984644	0.8095791440733762	([347, 137], [347, 137, 87])
1	0.7813096425688439	0.8096262512876206	([394, 95], [394, 329, 85])
1	0.7535084033899151	0.8096337434740537	([409, 196], [409, 196, 31])
1	0.7651715842702164	0.8096376374321322	([310, 73], [311, 310, 73])
1	0.7950242895211468	0.8097379458828945	([359, 98], [367, 359, 98])
1	0.7963057874058654	0.8097487537320447	([423, 13], [423, 36, 29])
1	0.7748444442080017	0.8097487537320447	([378, 36], [423, 378, 36])
1	0.6166943067856364	0.8098301877253608	([64, 27], [64, 40, 28])
1	0.8010639589347991	0.8101113614232122	([271, 180], [271, 254, 180])
1	0.8009836473820503	0.810125392209545	([187, 99], [187, 141, 99])
1	0.8003652908708048	0.8101316778187188	([406, 48], [406, 327, 48])
1	0.7784978575169407	0.81013845115458	([266, 184], [266, 200, 184])
1	0.8037434082588034	0.8102268802185282	([342, 142], [345, 342, 166])
1	0.7904876457421446	0.8103907630442209	([403, 268], [403, 364, 268])
1	0.7936396205700151	0.810424147219558	([393, 101], [393, 386, 101])
1	0.8102341647948227	0.8104351882112049	([220, 110], [220, 111, 110])
1	0.7913615396869853	0.8105673450494624	([269, 85], [269, 258, 85])
1	0.8004270366863436	0.810574027514382	([417, 59], [417, 286, 59])
1	0.7920013500250805	0.810574027514382	([417, 275], [417, 286, 275])
1	0.7828951619071132	0.810577840488888	([394, 130], [394, 328, 130])
1	0.8064136191070673	0.8110690497315369	([270, 177], [270, 232, 177])
1	0.7923726475529086	0.8113230819572194	([423, 192], [423, 408, 192])
1	0.806857544801734	0.8115795454900205	([278, 95], [278, 230, 95])
1	0.7704797350364329	0.8116421071406931	([356, 70], [369, 356, 70])
1	0.7938368686595937	0.8119226302716288	([354, 127], [354, 201, 136])
1	0.8105570380622933	0.8120020461244127	([242, 52], [242, 237, 52])
1	0.8000477787449284	0.8121952280852829	([288, 196], [288, 279, 196])
1	0.7924361726080661	0.8122913144742818	([415, 116], [415, 359, 175])
1	0.758078521671036	0.8123421619646528	([189, 26], [417, 189, 54])
1	0.793749497502882	0.8124305149644092	([360, 183], [360, 283, 149])
1	0.8038607513209377	0.812477352033214	([402, 277], [402, 334, 277])
1	0.8118511799923241	0.8126174591145571	([387, 267], [408, 387, 253])
1	0.8093161480871324	0.8127522771486599	([251, 29], [251, 63, 29])
1	0.7841540250633582	0.8130038212493634	([395, 96], [414, 395, 105])
1	0.8045373891065786	0.8132025804810014	([419, 325], [419, 325, 301])
1	0.6302718661389695	0.8134503464908259	([127, 15], [199, 127, 73])
1	0.783483922031667	0.813543854947841	([420, 124], [420, 417, 124])
1	0.8126287974588438	0.8136199582996558	([138, 32], [138, 85, 32])
1	0.8019743586541734	0.8136701780893766	([309, 151], [341, 309, 151])
1	0.79264737537761	0.8138524407845767	([352, 41], [354, 352, 136])
1	0.7761246866264537	0.8138675163078108	([406, 263], [406, 376, 263])
1	0.7927180106921228	0.8140770539909441	([415, 35], [415, 175, 136])
1	0.6204433066587571	0.8147836953604125	([394, 77], [394, 82, 77])
1	0.7985096243445077	0.8155361215423262	([226, 63], [241, 226, 63])
1	0.8094238406430978	0.8157855556600933	([355, 221], [363, 358, 221])
1	0.7896296911978185	0.8157972963010307	([415, 282], [415, 282, 117])
1	0.6372152630569619	0.8160537507350857	([422, 15], [422, 421, 47])
1	0.8118476445054008	0.8162994472677679	([183, 95], [183, 173, 95])
1	0.8048782521635406	0.8169811067311772	([328, 44], [328, 326, 44])
1	0.8119449420666175	0.8170880698610595	([181, 47], [181, 170, 47])
1	0.794662298764407	0.8172299576067766	([389, 90], [393, 389, 90])
1	0.7902921121074696	0.8178928714148676	([331, 159], [360, 331, 149])
1	0.7830026151796718	0.8186963097638973	([384, 164], [385, 384, 187])
1	0.7969999518843337	0.8190072055051475	([406, 183], [380, 207, 183])
1	0.8168799250240683	0.8191369278219064	([300, 185], [346, 300, 273])
1	0.7837833235258089	0.8192430018552239	([295, 41], [295, 132, 41])
1	0.7778992788272451	0.8192744691009941	([364, 53], [364, 86, 30])
1	0.8001638813503609	0.8198996996345629	([358, 191], [358, 286, 191])
1	0.8138529734442836	0.8210592073809264	([267, 46], [267, 46, 28])
1	0.811086069497064	0.8211723588953455	([329, 146], [329, 195, 146])
1	0.7824797687628122	0.8212044859644728	([398, 254], [398, 377, 254])
1	0.8108399079329468	0.8212796852708033	([186, 33], [196, 186, 33])
1	0.6230128834256459	0.8215240253648812	([388, 15], [388, 61, 43])
1	0.8083607158875635	0.8216149213936351	([320, 50], [320, 83, 70])
1	0.8123493513014823	0.8220369790122997	([270, 162], [321, 270, 242])
1	0.8158252811299277	0.8222810720891554	([184, 103], [185, 184, 103])
1	0.8041704784185106	0.8226735046335227	([368, 13], [99, 53, 13])
1	0.7685085415122537	0.8227396880072178	([321, 143], [270, 143, 137])
1	0.6406977060084972	0.8237758323764609	([378, 336], [378, 342, 336])
1	0.8095088509381413	0.823795214336294	([348, 62], [348, 312, 62])
1	0.7972539869931476	0.8240955427627012	([386, 193], [394, 386, 193])
1	0.8256459370852561	0.8258974078623967	([389, 150], [389, 220, 167])
1	0.8138015639738564	0.8259987583844228	([350, 95], [350, 343, 109])
1	0.7980200904944745	0.8264303553787296	([308, 18], [167, 120, 70])
1	0.7998251483223175	0.8266029604717839	([399, 184], [417, 399, 184])
1	0.7943965951081109	0.8272403204325417	([291, 14], [357, 314, 14])
1	0.5841992975347661	0.8273909130682208	([112, 77], [145, 23, 18])
1	0.8251181052381815	0.8277552735774589	([367, 38], [367, 82, 70])
1	0.8250364931548558	0.8279275162890926	([366, 145], [366, 193, 182])
1	0.8074325178869193	0.8281191060214474	([131, 45], [173, 131, 71])
1	0.6209188431952739	0.8316055223059914	([348, 15], [348, 259, 136])
1	0.8304163451644693	0.8327272300127174	([352, 186], [352, 204, 186])
1	0.6121913660715501	0.832929860205649	([197, 77], [197, 77, 71])
1	0.6069842560923009	0.8356778694647555	([107, 22], [195, 107, 69])
1	0.8292339395549428	0.840091409181736	([349, 52], [371, 349, 195])
1	0.6265550137086082	0.8419606517912802	([94, 15], [285, 94, 21])
1	0.5210157821732965	0.8429243919786246	([17, 16], [49, 19, 17])
1	0.6117010662935728	0.8438737465540458	([134, 22], [198, 134, 22])
1	0.8393775827936047	0.8460057948194968	([320, 26], [320, 45, 38])
1	0.6092235800427176	0.847358563762605	([186, 27], [186, 151, 138])
1	0.46299810207670505	0.8535713362412237	([118, 66], [118, 105, 66])
1	0.5135222003964985	0.8552400497372981	([51, 23], [51, 23, 18])
1	0.6167646272960613	0.861281048762831	([306, 27], [306, 117, 29])
1	0.5317759204471209	0.865874810005207	([14, 13], [355, 53, 13])
1	0.5221918782784319	0.8676343759397466	([337, 335], [420, 106, 66])
1	0.5072064527874058	0.8684580216711933	([145, 23], [143, 26, 25])
1	0.4908448118504881	0.8718347621218374	([420, 66], [420, 350, 130])
1	0.5167719912700963	0.8744178718474188	([186, 25], [186, 143, 25])
1	0.5056893272601499	0.87918281599127	([22, 16], [224, 67, 55])
1	0.4709107396633064	0.8875197242557252	([224, 67], [122, 67, 55])
1	0.5920313574580982	0.900653055680928	([289, 77], [289, 82, 77])
1	0.5072205647274192	0.9110871843171877	([411, 25], [413, 411, 25])
0	0.0	0.9311311596239482	([0], [14, 7])
1	0.6850195385472305	0.9360051959604024	([14, 0], [100, 16, 0])
0	0.0	0.9542528723226805	([7], [16, 12])
0	0.0	0.9729825717387316	([8], [302, 301])
0	0.0	0.9782555793932732	([5], [381, 380])
0	0.0	0.9828092080339467	([11], [392, 391])
0	0.0	1.0	([1], [1, 0])
0	0.0	1.0	([3], [3, 0])
0	0.0	1.0	([4], [4, 0])
0	0.0	1.0	([24], [24, 0])
1	0.9691051418435296	1.0	([406, 7], [406, 16, 0])
0	0.0	inf	([6], [])
