0	0.0	0.2487846713744434	([68], [68, 67])
0	0.0	0.24926650058274352	([157], [157, 156])
0	0.0	0.2498975467937145	([466], [466, 465])
0	0.0	0.25120014325590245	([476], [476, 475])
0	0.0	0.25196611443376543	([403], [403, 402])
0	0.0	0.25262361673965067	([143], [143, 142])
0	0.0	0.2533851785191601	([471], [471, 470])
0	0.0	0.25721040166657194	([159], [159, 158])
0	0.0	0.25765866083517497	([39], [39, 38])
0	0.0	0.258227851181456	([464], [464, 463])
0	0.0	0.25828280304508094	([480], [480, 479])
0	0.0	0.2591746789826057	([97], [97, 96])
0	0.0	0.2604619426650618	([122], [122, 121])
0	0.0	0.26072991305290477	([77], [77, 76])
0	0.0	0.2615784983046692	([12], [12, 11])
0	0.0	0.2617114391717143	([166], [166, 165])
0	0.0	0.26234011481753006	([300], [300, 299])
0	0.0	0.2625702827143545	([127], [127, 126])
0	0.0	0.2626242932317745	([479], [479, 478])
0	0.0	0.2626563202059311	([175], [175, 174])
0	0.0	0.2632341786448438	([131], [131, 130])
0	0.0	0.26359495801925154	([368], [368, 367])
0	0.0	0.26373358744428693	([141], [141, 140])
0	0.0	0.26450875341418767	([163], [163, 162])
0	0.0	0.26475906635740837	([310], [310, 309])
0	0.0	0.2653239749738221	([465], [465, 464])
0	0.0	0.2657461117869013	([168], [168, 167])
0	0.0	0.2658189417232483	([392], [392, 391])
0	0.0	0.2658541382932649	([280], [280, 279])
0	0.0	0.2664706578790873	([102], [102, 101])
0	0.0	0.2671339868691447	([51], [51, 50])
0	0.0	0.2681465523055174	([62], [62, 61])
0	0.0	0.26856868803642653	([116], [116, 115])
0	0.0	0.2686000799226588	([405], [405, 404])
0	0.0	0.2692419696178407	([128], [128, 127])
0	0.0	0.2694757725178634	([481], [481, 480])
0	0.0	0.2694826671813406	([100], [100, 99])
0	0.0	0.2699301004387385	([60], [60, 59])
0	0.0	0.27007435345996916	([43], [43, 42])
0	0.0	0.2706616895563613	([448], [448, 447])
0	0.0	0.2707574902888974	([396], [396, 395])
0	0.0	0.27124019575235647	([314], [314, 313])
0	0.0	0.27126816921826424	([313], [313, 312])
0	0.0	0.2713483481756998	([71], [71, 70])
0	0.0	0.27185588077669914	([88], [88, 87])
0	0.0	0.2722049255638877	([6], [6, 5])
0	0.0	0.27229810266440674	([7], [7, 6])
0	0.0	0.2725002955588155	([302], [302, 301])
0	0.0	0.2731976622283145	([412], [412, 411])
0	0.0	0.2733230685170122	([291], [291, 290])
0	0.0	0.2733292329538306	([136], [136, 135])
0	0.0	0.2742350709086181	([447], [447, 446])
0	0.0	0.27426809967693705	([48], [48, 47])
0	0.0	0.2744638615120341	([421], [421, 420])
0	0.0	0.27478729712206335	([389], [389, 388])
0	0.0	0.2749333288810141	([138], [138, 137])
0	0.0	0.2751076926270568	([139], [139, 138])
0	0.0	0.2757092450497039	([119], [119, 118])
0	0.0	0.27570959727105804	([140], [140, 139])
0	0.0	0.2759884539778281	([211], [211, 210])
0	0.0	0.2759901562025063	([470], [470, 469])
0	0.0	0.27610880614585653	([418], [418, 417])
0	0.0	0.27623205418443275	([64], [64, 63])
0	0.0	0.2763477818973647	([134], [134, 133])
0	0.0	0.27645846660548745	([83], [83, 82])
0	0.0	0.2765388137526354	([14], [14, 13])
0	0.0	0.2766239196593474	([112], [112, 111])
0	0.0	0.27674673386739523	([44], [44, 43])
0	0.0	0.2767830219007647	([5], [5, 4])
0	0.0	0.2769256909488041	([34], [34, 33])
0	0.0	0.27696256117965806	([384], [384, 383])
0	0.0	0.2770476548621607	([52], [52, 51])
0	0.0	0.2771423455563103	([133], [134, 132])
0	0.0	0.2772072062477935	([42], [42, 41])
0	0.0	0.2775359066828831	([208], [208, 207])
0	0.0	0.2776472696483902	([370], [370, 369])
0	0.0	0.27769443833181934	([444], [444, 443])
0	0.0	0.2777964264786192	([276], [276, 275])
0	0.0	0.2783762899302551	([407], [407, 406])
0	0.0	0.2785498741743501	([67], [67, 66])
0	0.0	0.27857772697227423	([417], [417, 416])
0	0.0	0.2787661554971191	([87], [87, 86])
0	0.0	0.27891521193645447	([297], [297, 296])
0	0.0	0.27917970947620735	([125], [125, 124])
0	0.0	0.27925408476419655	([22], [22, 21])
0	0.0	0.2793150545658929	([111], [111, 110])
0	0.0	0.2799303982530084	([172], [172, 171])
0	0.0	0.28027149433515547	([228], [228, 227])
0	0.0	0.2804731548130846	([106], [106, 105])
0	0.0	0.28087057097877105	([292], [292, 291])
0	0.0	0.28103792185820436	([55], [55, 54])
0	0.0	0.2815875713102746	([411], [411, 410])
0	0.0	0.2815955776997928	([398], [398, 397])
0	0.0	0.28190433994886427	([221], [221, 220])
0	0.0	0.2820723275116874	([264], [264, 263])
0	0.0	0.28214514932113044	([126], [126, 125])
0	0.0	0.282459868434098	([363], [363, 362])
0	0.0	0.2826594979939986	([388], [388, 387])
0	0.0	0.2828283660871037	([180], [180, 179])
0	0.0	0.2830564593488027	([210], [210, 209])
0	0.0	0.2830726636699272	([53], [53, 52])
0	0.0	0.28363408753084157	([474], [474, 473])
0	0.0	0.28408652420834785	([277], [277, 276])
0	0.0	0.2842017406202885	([96], [96, 95])
0	0.0	0.28424710745167237	([40], [40, 39])
0	0.0	0.28448794285956397	([445], [445, 444])
0	0.0	0.2846124755981321	([460], [460, 459])
0	0.0	0.28467320621459435	([427], [427, 426])
0	0.0	0.28472378707541324	([147], [147, 146])
0	0.0	0.28482814206308193	([93], [93, 92])
0	0.0	0.2848580294005158	([13], [13, 12])
0	0.0	0.28486190877584217	([36], [36, 35])
0	0.0	0.2849380508233315	([304], [304, 303])
0	0.0	0.2854419039987203	([414], [414, 413])
0	0.0	0.2855917641661859	([290], [290, 289])
0	0.0	0.2855970451258048	([120], [120, 119])
0	0.0	0.2856086489975717	([253], [253, 252])
0	0.0	0.2856636283534587	([124], [124, 123])
0	0.0	0.28596535270081275	([406], [406, 405])
0	0.0	0.28604804733275824	([456], [456, 455])
0	0.0	0.28643581822640196	([268], [268, 267])
0	0.0	0.28651232787011943	([477], [477, 476])
0	0.0	0.2867433157066612	([63], [63, 62])
0	0.0	0.2868236109511806	([113], [113, 112])
0	0.0	0.2869868521185493	([26], [26, 25])
0	0.0	0.28733543283999763	([38], [38, 37])
0	0.0	0.28739318151723636	([59], [59, 58])
0	0.0	0.288042769596478	([17], [17, 16])
0	0.0	0.2880590218342621	([293], [293, 292])
0	0.0	0.28811387598588173	([287], [287, 286])
0	0.0	0.2881786230692022	([387], [387, 386])
0	0.0	0.28833707607583164	([284], [284, 283])
0	0.0	0.2883446493199123	([336], [336, 335])
0	0.0	0.28837774956629425	([46], [46, 45])
0	0.0	0.288398719508598	([58], [58, 57])
0	0.0	0.28864960724308547	([452], [452, 451])
0	0.0	0.28870857796812005	([422], [422, 420])
0	0.0	0.28910869401569156	([457], [457, 456])
0	0.0	0.289318814358712	([75], [75, 74])
0	0.0	0.28973793945822285	([81], [81, 80])
0	0.0	0.2899641873052195	([74], [74, 73])
0	0.0	0.29020425144819245	([177], [177, 176])
0	0.0	0.2903126805341615	([195], [195, 194])
0	0.0	0.29077122397203603	([28], [28, 27])
0	0.0	0.290893186813404	([250], [250, 249])
0	0.0	0.2910733212940717	([161], [161, 160])
0	0.0	0.2910974953220298	([317], [317, 316])
0	0.0	0.2913499851817822	([23], [23, 22])
0	0.0	0.2916027992007407	([265], [265, 264])
0	0.0	0.2916845379205661	([224], [224, 223])
0	0.0	0.2917854048843398	([72], [72, 71])
0	0.0	0.29236054420232316	([441], [441, 440])
0	0.0	0.2924668408139556	([419], [419, 418])
0	0.0	0.2925929842827194	([468], [468, 467])
0	0.0	0.2928106062877153	([309], [309, 308])
0	0.0	0.29284744202049956	([216], [216, 215])
0	0.0	0.29289088465103974	([435], [435, 434])
0	0.0	0.29336849409884785	([425], [425, 424])
0	0.0	0.2934593928848862	([241], [241, 240])
0	0.0	0.29348953397292454	([245], [245, 244])
0	0.0	0.29408121109831736	([385], [385, 384])
0	0.0	0.29410177576238145	([242], [242, 241])
0	0.0	0.2941553579870045	([20], [20, 19])
0	0.0	0.29427666348970405	([439], [439, 438])
0	0.0	0.2944478551739046	([296], [296, 295])
0	0.0	0.2944716397445862	([78], [78, 77])
0	0.0	0.2947823735033138	([352], [352, 351])
0	0.0	0.29483837435981813	([431], [431, 430])
0	0.0	0.2948692866234646	([353], [353, 352])
0	0.0	0.29492374602147936	([394], [394, 390])
0	0.0	0.2950561879679314	([82], [82, 81])
0	0.0	0.2951021058144972	([109], [109, 108])
0	0.0	0.2951368549410685	([442], [442, 441])
0	0.0	0.2952929399660922	([308], [308, 307])
0	0.0	0.2954741963658773	([76], [76, 75])
0	0.0	0.29548075405313917	([101], [101, 100])
0	0.0	0.29555764610644636	([260], [260, 259])
0	0.0	0.29587515650927787	([281], [281, 280])
0	0.0	0.29593878868950585	([130], [130, 129])
0	0.0	0.296088601147071	([146], [147, 144])
0	0.0	0.29670361635773207	([420], [420, 419])
0	0.0	0.29688420452836867	([379], [379, 378])
0	0.0	0.29732880340242707	([132], [132, 131])
0	0.0	0.29735166093244997	([202], [202, 201])
0	0.0	0.2979911671425906	([162], [162, 161])
0	0.0	0.2980653747453007	([366], [366, 365])
0	0.0	0.2980775546447071	([381], [381, 380])
0	0.0	0.2981389578592555	([37], [37, 36])
0	0.0	0.2982115827882546	([351], [351, 350])
0	0.0	0.29836262425054755	([234], [234, 233])
0	0.0	0.2985924008731827	([375], [375, 374])
0	0.0	0.29865042191052693	([9], [9, 8])
0	0.0	0.29869138344002943	([155], [155, 154])
0	0.0	0.2989731278075351	([183], [183, 182])
0	0.0	0.29901057661164165	([4], [4, 3])
0	0.0	0.29903638662665344	([289], [289, 288])
0	0.0	0.2991602384514193	([311], [311, 310])
0	0.0	0.29967023525716263	([342], [342, 341])
0	0.0	0.2997292269347311	([49], [49, 48])
0	0.0	0.29982986207738843	([475], [475, 474])
0	0.0	0.2999303327377749	([430], [430, 429])
0	0.0	0.2999732421265537	([118], [118, 117])
0	0.0	0.30003117541710606	([219], [219, 218])
0	0.0	0.30019892414463023	([61], [61, 60])
0	0.0	0.30021430631137996	([378], [378, 377])
0	0.0	0.3005312853411359	([80], [80, 79])
0	0.0	0.3006522922716533	([478], [478, 477])
0	0.0	0.3007042641733915	([152], [152, 151])
0	0.0	0.30072804198015307	([391], [391, 390])
0	0.0	0.30088128525982594	([206], [206, 205])
0	0.0	0.3009778138220199	([182], [182, 181])
0	0.0	0.30100060909688603	([275], [275, 274])
0	0.0	0.301077965497445	([203], [203, 202])
0	0.0	0.30148295642131784	([361], [361, 360])
0	0.0	0.30154998184058474	([115], [115, 114])
0	0.0	0.30172048149184455	([185], [185, 184])
0	0.0	0.30179475951306156	([318], [318, 317])
0	0.0	0.3021201553613221	([450], [450, 449])
0	0.0	0.302132295073903	([323], [323, 322])
0	0.0	0.3024515567620619	([438], [438, 437])
0	0.0	0.3024668693020226	([165], [165, 164])
0	0.0	0.3027086071022936	([343], [343, 342])
0	0.0	0.3027226220977495	([189], [189, 188])
0	0.0	0.3030291425180559	([256], [256, 255])
0	0.0	0.30316873233546543	([432], [432, 431])
0	0.0	0.3032335508903011	([400], [400, 399])
0	0.0	0.3033452485643071	([298], [298, 297])
0	0.0	0.3033465169112589	([269], [269, 268])
0	0.0	0.30349444417129945	([467], [467, 466])
0	0.0	0.3035285864696403	([330], [330, 329])
0	0.0	0.3035631789326906	([261], [261, 260])
0	0.0	0.3035856123665032	([462], [462, 461])
0	0.0	0.30395503395481094	([374], [374, 373])
0	0.0	0.3042250749628043	([91], [91, 90])
0	0.0	0.30428187172191257	([235], [235, 234])
0	0.0	0.3043190921853182	([65], [65, 64])
0	0.0	0.3043253945705567	([107], [107, 106])
0	0.0	0.30435927367687016	([380], [380, 379])
0	0.0	0.3044552081549733	([252], [252, 251])
0	0.0	0.304496025615803	([357], [357, 356])
0	0.0	0.30479301814399334	([453], [453, 452])
0	0.0	0.3054212918214012	([437], [437, 436])
0	0.0	0.3054994454738826	([393], [393, 392])
0	0.0	0.30573073462448097	([278], [278, 277])
0	0.0	0.3057710225744437	([237], [237, 236])
0	0.0	0.3058702316864476	([267], [267, 266])
0	0.0	0.3058817749196082	([30], [30, 29])
0	0.0	0.3060653164446855	([472], [472, 467])
0	0.0	0.3060860456230879	([209], [209, 208])
0	0.0	0.30616035425585175	([356], [356, 355])
0	0.0	0.3061908935324003	([144], [146, 145])
0	0.0	0.30629771961243235	([70], [70, 69])
0	0.0	0.30656387548407094	([110], [110, 109])
0	0.0	0.30677312166518345	([372], [372, 371])
0	0.0	0.30686951027276893	([319], [319, 318])
0	0.0	0.3068875008136867	([326], [326, 325])
0	0.0	0.3069779723010902	([240], [240, 239])
0	0.0	0.307027447205524	([201], [201, 200])
0	0.0	0.3070945714213453	([409], [409, 408])
0	0.0	0.30741109573134123	([197], [197, 196])
0	0.0	0.3075566199883664	([401], [401, 400])
0	0.0	0.3083309196068525	([362], [362, 361])
0	0.0	0.3087639459535677	([294], [294, 293])
0	0.0	0.30876864872032694	([191], [191, 190])
0	0.0	0.3099523381329773	([386], [386, 385])
0	0.0	0.3100911192746319	([204], [204, 203])
0	0.0	0.3103412545015557	([248], [248, 247])
0	0.0	0.31043590642525776	([254], [254, 253])
0	0.0	0.3104977360219086	([103], [103, 102])
0	0.0	0.31056117209874645	([167], [167, 166])
0	0.0	0.3106764660469452	([454], [454, 453])
0	0.0	0.3107021196963989	([327], [327, 326])
0	0.0	0.31074861930809267	([272], [272, 271])
0	0.0	0.31079520039219743	([397], [397, 396])
0	0.0	0.3108016011868631	([328], [328, 327])
0	0.0	0.3109311670292826	([348], [348, 347])
0	0.0	0.31093691151742586	([196], [196, 195])
0	0.0	0.31094875379653303	([303], [303, 302])
0	0.0	0.3109721846255976	([154], [154, 153])
0	0.0	0.3110045556690832	([56], [56, 55])
0	0.0	0.31102361473300455	([449], [449, 448])
0	0.0	0.3112063209874161	([473], [473, 472])
0	0.0	0.311264820313857	([45], [46, 44])
0	0.0	0.3112981183780008	([156], [156, 155])
0	0.0	0.3115470073458842	([188], [188, 187])
0	0.0	0.3119132376701282	([170], [170, 169])
0	0.0	0.31202847340373463	([325], [325, 324])
0	0.0	0.312241337708459	([29], [29, 28])
0	0.0	0.312813755884315	([469], [469, 468])
0	0.0	0.3129313365364263	([354], [354, 353])
0	0.0	0.3130958989712211	([199], [199, 198])
0	0.0	0.3132898669190693	([148], [148, 147])
0	0.0	0.31338698228675227	([266], [266, 265])
0	0.0	0.31356136829014375	([428], [428, 427])
0	0.0	0.3137725053679415	([236], [236, 235])
0	0.0	0.314072235752285	([184], [184, 183])
0	0.0	0.3142264743780901	([440], [440, 439])
0	0.0	0.31430833713810136	([151], [151, 150])
0	0.0	0.3147349525228325	([200], [200, 199])
0	0.0	0.3148305278865747	([341], [341, 340])
0	0.0	0.3149659317343294	([89], [89, 88])
0	0.0	0.31497232054394536	([193], [193, 192])
0	0.0	0.31508470198761623	([249], [249, 248])
0	0.0	0.3151031520081799	([434], [434, 433])
0	0.0	0.31572140674322957	([271], [271, 270])
0	0.0	0.3160010886380637	([153], [153, 152])
0	0.0	0.3160647883516878	([288], [288, 287])
0	0.0	0.316090194044627	([324], [324, 323])
0	0.0	0.3161813083996626	([215], [215, 214])
0	0.0	0.3162896178320941	([123], [123, 122])
0	0.0	0.3162973587238639	([255], [255, 254])
0	0.0	0.31674836941762147	([458], [458, 457])
0	0.0	0.31684650296011235	([251], [251, 250])
0	0.0	0.31728342473280347	([322], [322, 321])
0	0.0	0.31748296828748174	([158], [158, 157])
0	0.0	0.31764241449243974	([31], [31, 30])
0	0.0	0.3178914427178962	([455], [455, 454])
0	0.0	0.3181601351615979	([84], [84, 83])
0	0.0	0.31842082331648	([262], [262, 261])
0	0.0	0.3184234814841729	([335], [335, 334])
0	0.0	0.3185501208203722	([104], [104, 103])
0	0.0	0.3186578261853521	([99], [99, 98])
0	0.0	0.3188156392499883	([160], [160, 159])
0	0.0	0.31914212386950364	([73], [73, 72])
0	0.0	0.319479758635011	([349], [349, 348])
0	0.0	0.31952806567651454	([217], [217, 216])
0	0.0	0.31959690238963484	([25], [25, 24])
0	0.0	0.31960074790184906	([329], [329, 328])
1	0.30567898605236177	0.31962155785207846	([40, 37], [40, 39, 38])
0	0.0	0.31962770416014247	([233], [233, 232])
0	0.0	0.3199360271739857	([350], [350, 349])
0	0.0	0.3199966233605624	([282], [282, 281])
0	0.0	0.3201027701877638	([187], [187, 186])
0	0.0	0.32043856343812577	([230], [230, 229])
0	0.0	0.3205186794757304	([194], [194, 193])
0	0.0	0.32066265977049263	([8], [8, 7])
0	0.0	0.3211188934033307	([223], [223, 222])
0	0.0	0.3211607942940176	([227], [227, 226])
0	0.0	0.3211979603188579	([283], [283, 282])
0	0.0	0.3215497402154704	([225], [225, 224])
0	0.0	0.32161352935499404	([299], [300, 298])
0	0.0	0.3217520327860806	([360], [360, 359])
0	0.0	0.3217706552338087	([214], [214, 213])
0	0.0	0.3218527953071324	([178], [178, 177])
0	0.0	0.3221854427252807	([207], [207, 206])
0	0.0	0.3222635330932137	([164], [164, 163])
0	0.0	0.32254579637730585	([364], [364, 363])
0	0.0	0.323459287942271	([331], [331, 330])
0	0.0	0.3234967278597902	([150], [150, 149])
0	0.0	0.3239348724020139	([358], [358, 357])
0	0.0	0.32399387367309335	([316], [316, 315])
0	0.0	0.3240198350237011	([415], [415, 414])
0	0.0	0.32414719388865476	([367], [368, 366])
0	0.0	0.3242102485045797	([423], [423, 422])
0	0.0	0.32444712588709956	([332], [332, 331])
0	0.0	0.32450377307920175	([373], [373, 372])
0	0.0	0.3246021722597828	([377], [377, 376])
0	0.0	0.32463269362575753	([181], [181, 180])
0	0.0	0.3251936802632645	([345], [345, 344])
0	0.0	0.32531823292291645	([27], [27, 26])
0	0.0	0.3253518503447143	([137], [137, 136])
0	0.0	0.3255464664455343	([218], [218, 217])
0	0.0	0.32582609128803147	([333], [333, 332])
0	0.0	0.3262747210604753	([426], [426, 425])
0	0.0	0.32638625950309036	([285], [285, 284])
0	0.0	0.32658787695382974	([399], [399, 398])
0	0.0	0.3268618501330084	([231], [231, 230])
0	0.0	0.32727906005567997	([232], [232, 231])
0	0.0	0.32758728406232634	([32], [32, 31])
0	0.0	0.32766180100931	([174], [174, 173])
0	0.0	0.32814377850221643	([108], [108, 105])
0	0.0	0.32837366551622854	([33], [33, 32])
0	0.0	0.32854797535953995	([121], [121, 120])
0	0.0	0.3287059912827712	([92], [92, 91])
0	0.0	0.32870781628711	([371], [371, 370])
0	0.0	0.328901328798187	([306], [306, 305])
0	0.0	0.32895860060383303	([436], [436, 435])
0	0.0	0.32897320229810484	([408], [408, 407])
0	0.0	0.32908612998022957	([90], [91, 89])
0	0.0	0.3293456826986138	([19], [19, 18])
0	0.0	0.329761596889147	([424], [424, 423])
0	0.0	0.329774977032035	([117], [117, 116])
0	0.0	0.32982569667356504	([244], [244, 243])
0	0.0	0.33035267822875813	([15], [15, 14])
0	0.0	0.3305209890695902	([413], [413, 412])
0	0.0	0.33052878252087314	([259], [259, 257])
0	0.0	0.3305295569560156	([416], [416, 415])
1	0.32072426856858044	0.3306037278347792	([454, 451], [454, 453, 452])
0	0.0	0.3306493151763826	([85], [85, 84])
0	0.0	0.33070839463613616	([463], [463, 462])
0	0.0	0.3307267934364977	([47], [49, 46])
0	0.0	0.33102435205781744	([433], [433, 432])
0	0.0	0.3310969390408886	([359], [359, 358])
0	0.0	0.3317183399246636	([257], [259, 258])
0	0.0	0.3320791459695197	([21], [21, 18])
0	0.0	0.33225652213596596	([321], [321, 320])
0	0.0	0.33262338770424466	([337], [337, 336])
0	0.0	0.33267245069287965	([395], [395, 394])
0	0.0	0.3330531278728061	([11], [11, 10])
0	0.0	0.3331063732613599	([226], [226, 225])
0	0.0	0.33351213756530407	([404], [404, 403])
0	0.0	0.3338193310805688	([94], [94, 93])
0	0.0	0.3339678543651498	([461], [461, 460])
1	0.321154726104087	0.33405993532584355	([145, 144], [147, 146, 145])
1	0.3330022735757383	0.3341368259947603	([470, 467], [472, 471, 470])
0	0.0	0.3341799115551615	([338], [338, 337])
0	0.0	0.3344519028741247	([192], [192, 191])
0	0.0	0.3350482973112244	([149], [149, 148])
1	0.3312465349042168	0.33587430597374646	([216, 213], [216, 215, 213])
1	0.33340327847611473	0.33609417474900666	([269, 266], [269, 268, 267])
0	0.0	0.3362880200867537	([35], [35, 34])
0	0.0	0.33652780892770456	([239], [239, 238])
0	0.0	0.3373466739672563	([273], [273, 272])
0	0.0	0.3378149626726274	([320], [320, 319])
0	0.0	0.33797806071547287	([243], [243, 242])
0	0.0	0.3380762637594247	([270], [270, 269])
0	0.0	0.3381930779962626	([402], [402, 400])
0	0.0	0.3383651636535166	([339], [339, 334])
0	0.0	0.3384043590117959	([79], [79, 78])
0	0.0	0.33872713276719324	([213], [213, 212])
0	0.0	0.338829325323386	([305], [305, 304])
0	0.0	0.3391071530946174	([369], [369, 368])
0	0.0	0.3394097733462475	([459], [459, 458])
0	0.0	0.33965209916298933	([344], [344, 343])
0	0.0	0.3396842781587938	([340], [340, 339])
0	0.0	0.33972874975879835	([205], [205, 204])
1	0.31331124718440095	0.3400022775672429	([472, 471], [470, 469, 468])
0	0.0	0.340189263550189	([347], [347, 346])
0	0.0	0.34031494584796784	([142], [142, 141])
1	0.33798216305620404	0.3405761365021198	([21, 20], [21, 20, 18])
1	0.3247175271735452	0.3409096537451291	([164, 160], [164, 163, 162])
1	0.3299684924326249	0.3411554787243917	([394, 393], [394, 393, 390])
0	0.0	0.3415812870186786	([57], [57, 56])
0	0.0	0.341595215111194	([41], [42, 40])
0	0.0	0.34231905545956703	([258], [257, 256])
1	0.31520964609721003	0.3423478606287459	([304, 301], [304, 303, 301])
0	0.0	0.3426682878880673	([301], [301, 300])
0	0.0	0.3428796577723425	([383], [383, 382])
0	0.0	0.34341332898251226	([307], [307, 306])
1	0.3413723380305839	0.3449147621023071	([113, 108], [113, 110, 109])
0	0.0	0.3456511379210664	([222], [222, 221])
0	0.0	0.34642232588774985	([171], [172, 170])
0	0.0	0.3474860458001892	([410], [410, 409])
0	0.0	0.3482735804005459	([451], [451, 450])
0	0.0	0.3484575775455793	([312], [312, 311])
1	0.3427437815007695	0.34873095326940023	([254, 251], [254, 253, 251])
0	0.0	0.34899653000192543	([16], [16, 15])
0	0.0	0.3491137465484257	([390], [390, 389])
0	0.0	0.34976302071219934	([135], [135, 134])
0	0.0	0.3497918816559886	([365], [365, 364])
1	0.3411509060903023	0.3498874517354624	([294, 288], [294, 292, 289])
0	0.0	0.35026522971295326	([186], [186, 185])
0	0.0	0.3507230608893392	([3], [4, 2])
0	0.0	0.3508608279048039	([114], [114, 113])
0	0.0	0.3511049866755449	([95], [95, 94])
0	0.0	0.3515095427693492	([98], [98, 95])
0	0.0	0.3527190848083917	([355], [355, 354])
0	0.0	0.35305554124599065	([346], [346, 345])
0	0.0	0.35421037001915046	([279], [279, 278])
0	0.0	0.3547879854673424	([54], [56, 53])
0	0.0	0.35581460901292467	([10], [10, 9])
0	0.0	0.3558820136115524	([443], [443, 442])
0	0.0	0.35615896624277527	([376], [376, 375])
0	0.0	0.3583453748246133	([382], [382, 381])
0	0.0	0.3587767430382031	([86], [86, 85])
0	0.0	0.35953371859636774	([179], [179, 178])
1	0.3444965495057731	0.3599051774078214	([338, 334], [338, 336, 334])
0	0.0	0.3609553410547125	([18], [18, 17])
0	0.0	0.36112122225033066	([66], [66, 65])
1	0.35857396538186986	0.36207550627769436	([398, 395], [398, 397, 396])
0	0.0	0.36268690895626937	([247], [247, 246])
0	0.0	0.3631611402388002	([190], [190, 189])
0	0.0	0.3631901406677791	([50], [50, 49])
0	0.0	0.3635732410109201	([429], [429, 428])
0	0.0	0.3640682785974456	([129], [129, 125])
1	0.35321465401710844	0.36448658161425496	([412, 408], [412, 410, 409])
0	0.0	0.36466158206110616	([169], [169, 168])
0	0.0	0.3648664364449026	([69], [69, 68])
0	0.0	0.36552260056139385	([229], [229, 228])
0	0.0	0.36665963323169254	([173], [173, 172])
0	0.0	0.3695514366564057	([238], [238, 237])
1	0.35243241130061725	0.3709098522114363	([278, 274], [278, 277, 274])
0	0.0	0.37526933688581393	([334], [334, 333])
0	0.0	0.375633561623051	([286], [286, 285])
0	0.0	0.3757152490152143	([212], [212, 211])
1	0.33245547735180986	0.3760781550923313	([85, 79], [85, 81, 80])
0	0.0	0.37608210515864887	([24], [24, 23])
0	0.0	0.3766242488065896	([274], [274, 273])
0	0.0	0.37662546753183745	([220], [220, 219])
0	0.0	0.3779046730179585	([315], [315, 314])
1	0.37259776613005563	0.3780649884145266	([262, 257], [262, 260, 259])
0	0.0	0.37900258444360246	([246], [246, 245])
0	0.0	0.38108646551616443	([263], [263, 262])
0	0.0	0.3823751698036094	([295], [295, 294])
1	0.3791653490852103	0.38531026952737446	([363, 360], [363, 362, 361])
1	0.3899390585541346	0.3950797121344703	([238, 232], [238, 237, 232])
1	0.3775000393929595	0.3964555755911093	([204, 199], [204, 202, 200])
0	0.0	0.39733246592750426	([105], [105, 104])
0	0.0	0.3987697408300292	([446], [446, 445])
0	0.0	0.4108278603370168	([198], [198, 197])
1	0.4106967747832906	0.4111442079514478	([355, 349], [355, 354, 349])
0	0.0	0.4111965281813214	([145], [144, 143])
0	0.0	0.42430251595585183	([176], [176, 175])
1	0.43268922686313166	0.43839003388960757	([186, 178], [186, 185, 184])
1	0.4835640522407452	0.48719191729927885	([445, 429], [445, 442, 432])
1	0.507212688948782	0.5102089392779092	([384, 371], [384, 383, 371])
1	0.5826543962871501	0.5930489578219964	([86, 66], [86, 74, 68])
0	0.0	0.6114156492474346	([2], [7, 1])
1	0.6146364651673284	0.6171653200125078	([159, 139], [159, 154, 142])
0	0.0	0.6204067173717351	([1], [337, 0])
1	0.6187838327304165	0.6250719847816812	([20, 2], [19, 15, 2])
1	0.5855257807923048	0.6258722521699421	([210, 175], [205, 186, 181])
1	0.6060450216169982	0.6272574358950248	([245, 215], [245, 228, 215])
1	0.6235117084141835	0.6344896323996436	([116, 94], [116, 105, 94])
1	0.6349372819226025	0.6403634718466416	([371, 336], [371, 363, 359])
1	0.6347859321558466	0.6412759347276329	([139, 117], [139, 129, 123])
1	0.6300923385769596	0.6432031503451163	([310, 290], [310, 299, 290])
1	0.6315782227339503	0.6432928304472558	([31, 2], [31, 29, 2])
1	0.6413120874944098	0.6444202127101019	([164, 138], [164, 156, 138])
1	0.6211306176173179	0.6464041694735926	([219, 2], [219, 218, 2])
1	0.6292572602650476	0.6473169406187662	([24, 1], [24, 8, 7])
1	0.6293823357633809	0.6508415288437447	([173, 2], [190, 178, 2])
1	0.6387050511044308	0.6584551325840443	([142, 120], [142, 140, 119])
1	0.6071304708230433	0.661359741749202	([32, 6], [32, 19, 16])
1	0.6534763507544185	0.663019318332012	([210, 156], [210, 175, 156])
1	0.6544664924281589	0.6649506871790556	([415, 2], [428, 415, 408])
1	0.6459014677687833	0.665174203587999	([428, 2], [453, 449, 2])
1	0.6594542495060254	0.6700450484925434	([166, 135], [166, 158, 135])
1	0.650101712144592	0.6701001408795624	([294, 2], [294, 282, 279])
1	0.6671497293136572	0.6709814999408314	([105, 76], [105, 94, 76])
1	0.6701891227701099	0.6720781486234496	([462, 425], [462, 451, 425])
1	0.6524556100368797	0.6768806362081501	([414, 391], [414, 400, 391])
1	0.6697325775813214	0.6776888808300439	([169, 137], [170, 169, 137])
1	0.6725809763156548	0.6783283454537221	([422, 389], [422, 414, 389])
1	0.6703358067485177	0.6790153259441348	([163, 121], [163, 121, 109])
1	0.6419724981186431	0.680037722706899	([462, 2], [428, 407, 401])
1	0.663452423776312	0.6805802690251521	([416, 367], [416, 393, 384])
1	0.6802981438972863	0.6805802690251521	([419, 384], [419, 416, 384])
1	0.6566821535030665	0.6805851385979329	([393, 2], [401, 393, 386])
1	0.6686357480136951	0.6809869456031784	([157, 130], [157, 142, 140])
1	0.6577776928488148	0.6833382885186451	([66, 30], [66, 48, 36])
1	0.6700363158564201	0.684164155719444	([149, 116], [149, 143, 116])
1	0.6692578840384678	0.6853841466743484	([461, 412], [461, 444, 409])
1	0.6598891905607843	0.6854185911858507	([416, 393], [416, 415, 393])
1	0.6440577406856349	0.6876591653093413	([62, 29], [62, 47, 45])
1	0.6908655036623634	0.6911471691425692	([107, 70], [107, 91, 75])
1	0.6915476095056191	0.6919286833326433	([160, 126], [160, 138, 132])
1	0.6778686929769205	0.6921359928922611	([113, 71], [113, 95, 89])
1	0.6779890782875431	0.6923563015598647	([473, 403], [473, 462, 410])
1	0.6445625350949471	0.693650029255069	([345, 2], [376, 355, 345])
1	0.6835747168535198	0.6939845718748346	([68, 4], [87, 68, 65])
1	0.6854188395922416	0.6940197562602956	([63, 27], [63, 62, 29])
1	0.6483789052182467	0.6940438372454316	([320, 2], [345, 331, 325])
1	0.6930819401860085	0.6975525319133127	([411, 378], [411, 394, 387])
1	0.6808089683289005	0.6975875201916734	([94, 8], [94, 84, 8])
1	0.6935450742866045	0.6986550637569826	([476, 405], [476, 473, 405])
1	0.6785075939942599	0.6989807302181397	([115, 69], [115, 94, 91])
1	0.6907960620071161	0.7004814381430443	([136, 35], [136, 52, 35])
1	0.6973697251333995	0.7009567206002574	([120, 1], [108, 75, 65])
1	0.6669583093957827	0.701280661625433	([117, 64], [117, 105, 64])
1	0.6864535856525139	0.7013844531045098	([154, 11], [154, 143, 11])
1	0.6781919682579466	0.7025873868600424	([420, 385], [420, 414, 385])
1	0.6595435193222887	0.702739537008654	([50, 1], [85, 66, 54])
1	0.685523830669255	0.7027452271885464	([136, 52], [136, 133, 52])
1	0.6730239646153736	0.7037733674203128	([177, 149], [177, 173, 154])
1	0.7014654487182886	0.7039074695099091	([481, 36], [481, 36, 9])
1	0.698401505203385	0.7040119891669827	([148, 114], [148, 137, 115])
1	0.7007216851439272	0.7040641680751528	([74, 44], [74, 59, 44])
1	0.701450364549133	0.7048933102387918	([134, 73], [134, 114, 73])
1	0.67923378201615	0.7049018638039258	([196, 146], [196, 174, 173])
1	0.697605603211115	0.7050069747915124	([150, 3], [154, 150, 3])
1	0.6929541275634985	0.7051297484404211	([477, 406], [477, 473, 406])
1	0.6892031114496483	0.7055021939998797	([55, 12], [55, 32, 9])
1	0.6971830419061995	0.7056140203126754	([478, 408], [463, 453, 413])
1	0.6734401421676396	0.7057089273077125	([119, 59], [119, 72, 63])
1	0.6857713942013878	0.705994048313289	([400, 1], [400, 396, 1])
1	0.695760362944551	0.7067827638999968	([459, 1], [459, 441, 400])
1	0.6987873039278288	0.7071038100106299	([401, 11], [401, 29, 11])
1	0.6540567790453693	0.707192678512247	([230, 0], [230, 214, 193])
1	0.6479993389104037	0.7074581366135023	([56, 2], [107, 70, 56])
1	0.7039964089334239	0.7074877385796596	([455, 399], [455, 450, 399])
1	0.6986712179251925	0.7079089367432294	([464, 396], [464, 441, 406])
1	0.706583903668208	0.7081747469199865	([109, 43], [109, 106, 43])
1	0.6955865683729501	0.7082839385435719	([165, 116], [165, 136, 133])
1	0.7040138061595392	0.7085035003610557	([131, 51], [133, 131, 53])
1	0.670211079331072	0.7086080720101341	([480, 407], [480, 473, 410])
1	0.6840564558637178	0.7089448806167752	([133, 53], [133, 112, 111])
1	0.7013695128236387	0.7090419512821432	([353, 309], [353, 337, 309])
1	0.7065955353233717	0.7098756940935407	([469, 400], [469, 445, 414])
1	0.7021799981187813	0.7101685212356494	([160, 62], [138, 120, 117])
1	0.7074796573066275	0.7102556268180641	([129, 47], [131, 129, 47])
1	0.6920696764090317	0.7103933847877228	([378, 311], [378, 367, 296])
1	0.7031640494633267	0.7114055344232157	([307, 1], [303, 297, 1])
1	0.6712524983829745	0.711490516932408	([102, 7], [100, 92, 7])
1	0.6827311063537675	0.7116143555983142	([153, 1], [148, 8, 2])
1	0.7077936487277497	0.7119209743945487	([76, 27], [76, 70, 27])
1	0.707904478187659	0.7119827469193796	([171, 77], [171, 94, 77])
1	0.7114019245369146	0.7122302832515387	([170, 31], [481, 170, 36])
1	0.655153763662484	0.7128453764682824	([85, 1], [65, 16, 13])
1	0.7027943978384488	0.7128868767474288	([49, 10], [49, 32, 21])
1	0.7018752111735654	0.7131796805009587	([174, 118], [174, 142, 107])
1	0.6991175374883939	0.7135077150543921	([147, 109], [147, 143, 109])
1	0.710663347212882	0.7137020106384258	([137, 60], [137, 75, 60])
1	0.70106954972662	0.7139510116210823	([130, 61], [133, 130, 52])
1	0.6792623703290475	0.71424077566989	([451, 397], [451, 430, 397])
1	0.7065361644357185	0.71430892730791	([159, 45], [169, 45, 33])
1	0.6393947777263957	0.7147332774059019	([104, 2], [92, 84, 8])
1	0.6887610879394176	0.7151795802302158	([116, 36], [117, 116, 42])
1	0.7146004527654236	0.7151795802302158	([139, 42], [139, 117, 42])
1	0.696853631326392	0.7154933074520728	([115, 4], [115, 91, 4])
1	0.7069506304438007	0.7159162873564324	([453, 394], [453, 417, 394])
1	0.7012558222787445	0.7159716473179208	([133, 31], [133, 52, 39])
1	0.7073775891337674	0.7159716473179208	([124, 39], [133, 124, 39])
1	0.7117614627660661	0.7159716473179208	([161, 39], [161, 133, 39])
1	0.7003044715744315	0.7159926986178324	([114, 37], [136, 121, 35])
1	0.706481764834227	0.716033183081672	([290, 117], [290, 135, 117])
1	0.7081814400012726	0.7163457094525815	([280, 241], [280, 267, 241])
1	0.7028088581178839	0.7166552877871232	([282, 1], [282, 272, 1])
1	0.6828361672801269	0.7167738928759275	([87, 4], [115, 69, 15])
1	0.7095707988836422	0.7168425340479054	([207, 112], [207, 171, 142])
1	0.7167581528098557	0.7169652864838287	([305, 247], [305, 275, 247])
1	0.7136698717689637	0.7172667331617331	([123, 67], [123, 114, 67])
1	0.6915511935396919	0.7173806535768674	([427, 378], [427, 406, 386])
1	0.6458020713004121	0.7173960405643791	([214, 0], [214, 169, 168])
1	0.7162427858542909	0.7174115555510839	([106, 24], [106, 43, 17])
1	0.6948988463894635	0.7174521850518611	([465, 401], [465, 461, 401])
1	0.6449796766353937	0.7175905213683197	([145, 2], [148, 114, 93])
1	0.6865856381627252	0.7187662055491318	([122, 55], [122, 107, 56])
1	0.711078993963783	0.7188015718557558	([110, 41], [110, 74, 70])
1	0.7154338843990982	0.7194151441317239	([130, 27], [113, 112, 27])
1	0.6849175056146076	0.7197228241059269	([143, 9], [148, 141, 8])
1	0.7091007800527056	0.7197394882739437	([468, 398], [468, 463, 406])
1	0.7059761512077184	0.7199747738222503	([117, 14], [117, 42, 41])
1	0.7100812421804334	0.7201758269001676	([364, 1], [372, 364, 334])
1	0.7195072417921557	0.7202674947542937	([67, 22], [133, 67, 39])
1	0.6406057271532954	0.7203101938737075	([305, 0], [337, 305, 301])
1	0.7139981626085485	0.7208584827292267	([396, 291], [407, 396, 291])
1	0.6936591872978958	0.7209876778326387	([169, 33], [162, 139, 42])
1	0.7049359565209878	0.7210484434082484	([259, 3], [311, 295, 3])
1	0.7190973412443253	0.7213610023845243	([163, 54], [163, 162, 54])
1	0.6939508368713871	0.7213896874415058	([117, 7], [117, 114, 7])
1	0.704165801988991	0.7214240594666901	([163, 72], [163, 106, 72])
1	0.7133476350398724	0.7216472245851548	([395, 170], [407, 395, 170])
1	0.6835497554426481	0.7220234461978231	([61, 19], [61, 35, 19])
1	0.6946875980676787	0.7221411749621529	([137, 28], [141, 137, 28])
1	0.6918357403613206	0.7224434502022424	([173, 111], [173, 165, 111])
1	0.6880150883595154	0.7226145005904122	([290, 210], [308, 296, 171])
1	0.7065933987296942	0.7227521722946249	([137, 75], [173, 161, 60])
1	0.6253485232882169	0.7228226757216984	([92, 3], [143, 119, 14])
1	0.7195943661158511	0.7228425718935886	([160, 20], [162, 160, 42])
1	0.7104993557565106	0.7232613975195196	([481, 170], [170, 135, 133])
1	0.7043269957702663	0.7237611009351675	([135, 83], [135, 105, 83])
1	0.7072739632273877	0.7238103469886201	([407, 299], [396, 382, 291])
1	0.6900836171117671	0.7241195732084204	([152, 32], [152, 141, 32])
1	0.7016246737156754	0.7243723313218976	([167, 15], [167, 141, 28])
1	0.7045617640343091	0.7250319565378818	([173, 60], [137, 131, 53])
1	0.7066953515652435	0.7252611789266026	([167, 71], [167, 113, 106])
1	0.7164428831345939	0.7252989105584017	([110, 26], [117, 110, 26])
1	0.7012067196145627	0.7253481650049433	([481, 307], [481, 307, 9])
1	0.7013759548340892	0.7254175131353641	([152, 68], [152, 138, 61])
1	0.7075956133420531	0.7255093595504917	([461, 39], [461, 404, 401])
1	0.6746624481051681	0.7256564477466629	([236, 1], [364, 313, 307])
1	0.7058889888042895	0.7258086112707866	([406, 309], [396, 309, 291])
1	0.7211496228187747	0.7259847248487539	([175, 92], [175, 160, 92])
1	0.7015573611994933	0.7259850828640025	([205, 1], [253, 236, 1])
1	0.7056898452410121	0.7261742197160932	([172, 66], [172, 162, 83])
1	0.7042266762299119	0.7264535109043827	([306, 8], [296, 171, 155])
1	0.7255827401570707	0.7264535109043827	([294, 155], [296, 294, 155])
1	0.7040772021753241	0.7266393484515786	([166, 34], [166, 59, 57])
1	0.6978702583645415	0.726666403051791	([151, 89], [151, 148, 89])
1	0.7038837025829642	0.726848258053422	([196, 7], [196, 146, 7])
1	0.7190207972218196	0.7269727564000936	([389, 3], [389, 357, 3])
1	0.7264242195980479	0.7270308615109949	([275, 215], [275, 247, 215])
1	0.7265132983305196	0.7270441586774756	([147, 66], [147, 96, 89])
1	0.7109525086875412	0.7276030035199478	([295, 175], [290, 289, 210])
1	0.7057805008554086	0.7277831626280793	([149, 5], [149, 141, 8])
1	0.7209775457634934	0.7278366270271945	([401, 114], [401, 156, 114])
1	0.7043255886717759	0.7278366270271945	([401, 172], [401, 172, 156])
1	0.7250524461646709	0.7281022539233587	([118, 30], [131, 118, 30])
1	0.7270620733476887	0.7282737627040535	([264, 177], [264, 220, 177])
1	0.7064753407910849	0.7283412473103554	([387, 293], [396, 387, 293])
1	0.59276324949815	0.7286901039111414	([190, 2], [173, 145, 141])
1	0.7254050914654664	0.728901166647688	([448, 382], [448, 414, 394])
1	0.7181453173006015	0.7292643910171833	([125, 43], [125, 43, 39])
1	0.7134953929449027	0.7292643910171833	([125, 10], [125, 124, 39])
1	0.7255186732673387	0.7292778250497611	([469, 387], [469, 400, 389])
1	0.7172127179278122	0.7294841901264307	([210, 108], [210, 121, 108])
1	0.7147736659780499	0.7294841901264307	([210, 61], [210, 163, 121])
1	0.7260192333626139	0.7296933772637477	([420, 349], [420, 385, 372])
1	0.7285295206557956	0.7304663207765829	([388, 295], [388, 378, 296])
1	0.7260198481048745	0.7304966388790797	([168, 14], [168, 155, 14])
1	0.71833734333908	0.7305979372123897	([477, 117], [477, 136, 117])
1	0.7032752301198592	0.7308353104208567	([404, 38], [480, 404, 400])
1	0.7284984787738756	0.7308855935624018	([150, 35], [150, 132, 35])
1	0.6931181484055922	0.73161780183749	([401, 310], [401, 368, 310])
1	0.7309927619233731	0.7316463494909247	([400, 53], [400, 53, 42])
1	0.7233649589178743	0.7318167951410064	([146, 79], [146, 133, 58])
1	0.7226726067806815	0.7318781069025562	([291, 162], [291, 289, 162])
1	0.7198140071911024	0.7320584850742641	([477, 162], [477, 162, 136])
1	0.6858658096223189	0.7320594395021465	([171, 94], [171, 167, 96])
1	0.718505026253438	0.732113590285414	([383, 7], [406, 394, 7])
1	0.6678037220963244	0.7321211180581056	([444, 376], [444, 427, 376])
1	0.7159971610218102	0.7321351443056333	([389, 171], [389, 303, 298])
1	0.7313236121410802	0.7321351443056333	([410, 303], [410, 389, 303])
1	0.7237766631070653	0.73225566978628	([287, 142], [288, 287, 142])
1	0.7017687354836835	0.7323035266697346	([350, 3], [418, 416, 3])
1	0.701354119608533	0.7323277237485353	([406, 210], [406, 298, 289])
1	0.6798526065420872	0.7324401466314183	([308, 171], [290, 280, 241])
1	0.7318004849863525	0.7325043623952775	([180, 91], [180, 168, 91])
1	0.7272802838997708	0.7328028537184563	([407, 141], [407, 170, 160])
1	0.724267147976822	0.7331632735884117	([398, 311], [398, 378, 345])
1	0.6350475699165641	0.7332281499855565	([258, 0], [258, 230, 213])
1	0.6963775130645629	0.7335725053572835	([386, 287], [386, 378, 287])
1	0.7175437890477487	0.7336774632976069	([211, 72], [175, 118, 62])
1	0.7326887056553393	0.7339125647988088	([397, 312], [397, 369, 312])
1	0.7095083439341164	0.7340668811005682	([440, 379], [440, 405, 399])
1	0.7141639833956911	0.7342186420802999	([478, 139], [478, 139, 122])
1	0.7248194980598108	0.7343140532947809	([340, 270], [340, 302, 298])
1	0.7280994717566354	0.7344035894681596	([153, 64], [153, 130, 64])
1	0.7255684238666135	0.734532187519376	([400, 10], [406, 400, 10])
1	0.7253984681217225	0.734532187519376	([473, 10], [473, 406, 10])
1	0.6820264018103518	0.7345953858411934	([153, 4], [144, 115, 85])
1	0.698043058764713	0.7347164660224852	([481, 9], [404, 114, 39])
1	0.7311818679941553	0.7347376295292001	([293, 105], [293, 128, 112])
1	0.7276550758003679	0.7348378405600878	([438, 361], [438, 396, 361])
1	0.7287943395324531	0.7349365735191935	([215, 129], [215, 208, 114])
1	0.7115154699542515	0.7350428045521863	([466, 61], [475, 466, 61])
1	0.7253422859521975	0.7352303870689858	([466, 377], [466, 455, 377])
1	0.709423495945322	0.7352934251618704	([337, 264], [337, 288, 276])
1	0.7106455442695941	0.7354154172613532	([162, 16], [162, 33, 16])
1	0.724298476445778	0.7354405910735292	([388, 149], [405, 388, 136])
1	0.7201350824807171	0.7354431226873267	([410, 56], [410, 164, 46])
1	0.7228622668043287	0.7358077287971829	([460, 142], [460, 142, 106])
1	0.7186847353679167	0.7358490232092024	([171, 40], [171, 128, 40])
1	0.7205207155143976	0.7359053872867588	([211, 135], [211, 168, 135])
1	0.7290651679751966	0.7359069709014394	([402, 126], [402, 160, 151])
1	0.7040227972634223	0.7359069709014394	([402, 167], [407, 402, 160])
1	0.7351370595626268	0.7359299463683459	([481, 382], [481, 470, 382])
1	0.716109401644285	0.7359937777980549	([397, 168], [402, 397, 168])
1	0.7252153463810039	0.7363912909879506	([217, 114], [208, 140, 116])
1	0.7337237705550103	0.7368067446224615	([461, 174], [461, 401, 172])
1	0.7057310127120618	0.7368081374203493	([460, 27], [460, 404, 106])
1	0.7343166895144593	0.7374790493242445	([127, 24], [138, 127, 24])
1	0.7197133020487975	0.7375045089045351	([302, 7], [383, 337, 301])
1	0.7126887948916397	0.7375929878904074	([165, 74], [165, 160, 44])
1	0.6943734956050472	0.7377160262787199	([297, 172], [296, 292, 172])
1	0.7357492595305052	0.7377572124676669	([211, 31], [293, 211, 210])
1	0.734030131725276	0.7378400585183142	([164, 18], [164, 49, 46])
1	0.7138165713187747	0.7378579359724237	([406, 7], [413, 400, 10])
1	0.7281604607941962	0.7378799478433704	([240, 28], [240, 213, 207])
1	0.6929939856311539	0.7379629535966796	([290, 131], [290, 163, 131])
1	0.7257565181288878	0.7380614571294319	([361, 271], [361, 310, 300])
1	0.7039380449956933	0.7381189248999414	([475, 46], [475, 474, 46])
1	0.6697708897157191	0.7382241439402876	([372, 1], [176, 148, 146])
1	0.7138445683931661	0.7382734755516305	([410, 158], [400, 168, 158])
1	0.712237877870231	0.7382734755516305	([400, 31], [400, 397, 168])
1	0.6904294437471479	0.7384190872689731	([404, 295], [404, 386, 295])
1	0.7105812179213284	0.738696367406926	([126, 16], [137, 126, 16])
1	0.7204222493805004	0.738754746040898	([371, 283], [371, 331, 283])
1	0.7327273344537389	0.73885093797509	([136, 79], [136, 79, 67])
1	0.7339979891436617	0.7388700740428117	([209, 17], [209, 57, 17])
1	0.6912827417424824	0.7391894800657313	([293, 31], [211, 168, 31])
1	0.729904853569558	0.7392510923632221	([287, 168], [293, 287, 31])
1	0.7115726228737282	0.7393591167144917	([369, 258], [343, 312, 306])
1	0.718831084831814	0.7394608262474107	([308, 27], [308, 290, 130])
1	0.738784816905006	0.7400808453161837	([421, 271], [421, 371, 368])
1	0.7345754879717978	0.7400913478909733	([403, 207], [403, 207, 116])
1	0.7041611477025641	0.7401609368443424	([477, 136], [477, 461, 168])
1	0.7382321640886647	0.7405671511461847	([268, 181], [268, 234, 212])
1	0.7251788400152506	0.7406923663497594	([287, 61], [287, 61, 52])
1	0.7281647953416646	0.7407585774038596	([280, 70], [292, 280, 166])
1	0.736824505083875	0.740784893123317	([448, 360], [448, 382, 374])
1	0.7345101107299906	0.741154118489968	([409, 65], [403, 401, 116])
1	0.7383335609946826	0.7413156700391443	([295, 157], [295, 175, 157])
1	0.7117561259777647	0.7415576813396867	([413, 62], [413, 407, 62])
1	0.7133586841745186	0.7415866177607273	([399, 35], [404, 399, 38])
1	0.7399052102851191	0.7416018443123858	([145, 57], [145, 141, 60])
1	0.720279826111087	0.741664907276153	([408, 43], [405, 136, 125])
1	0.7068144173876184	0.7420140605438668	([405, 136], [388, 210, 154])
1	0.7349161696489444	0.7420148735466542	([477, 19], [477, 117, 19])
1	0.7285253627721745	0.7422321918771065	([182, 100], [216, 142, 107])
1	0.7391565763948704	0.7422369126073396	([228, 143], [228, 216, 143])
1	0.6729364766262733	0.7423056850677375	([311, 3], [301, 277, 3])
1	0.7368852322468711	0.7424133219899024	([462, 169], [479, 406, 400])
1	0.7292257116985871	0.7425907975137974	([468, 31], [468, 460, 31])
1	0.6871441922832718	0.7426083639941622	([462, 125], [462, 404, 114])
1	0.7040609388130209	0.7427566277391857	([299, 32], [290, 289, 32])
1	0.7220975390051768	0.7428820296302646	([175, 22], [175, 168, 22])
1	0.7379009490262467	0.742930489086653	([153, 81], [153, 114, 97])
1	0.7147419634598282	0.7429889461004419	([473, 135], [473, 171, 153])
1	0.7403676741234106	0.7429889461004419	([475, 171], [475, 473, 171])
1	0.73377804133834	0.743065992409377	([477, 55], [477, 120, 117])
1	0.7372333167323782	0.743065992409377	([463, 120], [477, 463, 120])
1	0.7373326303374871	0.7431707695054531	([400, 113], [400, 120, 113])
1	0.6386138110657364	0.7431707695054531	([401, 2], [400, 158, 120])
1	0.7324577645958982	0.7431874132854922	([411, 209], [411, 402, 160])
1	0.7399780758791991	0.7437663850533119	([294, 35], [399, 309, 294])
1	0.7315847638761221	0.7439505307809264	([174, 11], [174, 156, 132])
1	0.7333060986929814	0.744103175585177	([377, 172], [401, 377, 310])
1	0.6234163146013223	0.7445587154223288	([169, 0], [337, 264, 258])
1	0.7364258921680636	0.7449701415670483	([463, 13], [463, 405, 13])
1	0.7438746315862623	0.7451429478110032	([381, 286], [381, 311, 280])
1	0.7298171812512358	0.7452070166477425	([480, 14], [474, 65, 14])
1	0.7345490943505952	0.7452204495600324	([398, 27], [398, 381, 27])
1	0.7338803399533721	0.7452210974307417	([195, 3], [252, 239, 3])
1	0.707932776545757	0.7452210974307417	([418, 252], [418, 252, 3])
1	0.7240062338762016	0.7455191443900743	([291, 10], [287, 31, 10])
1	0.6910243204893686	0.745525196789565	([474, 1], [474, 403, 401])
1	0.7311953363628966	0.7456227276691926	([381, 28], [410, 381, 28])
1	0.7166809296577056	0.7456500995262841	([409, 286], [409, 396, 293])
1	0.7409243767817437	0.7458381117523364	([406, 54], [406, 396, 54])
1	0.7091458147130868	0.7458826994096059	([180, 117], [180, 171, 117])
1	0.7123439807356148	0.745905187278432	([461, 268], [461, 409, 286])
1	0.6809924604697712	0.7459052324787262	([287, 94], [287, 94, 10])
1	0.745043724645593	0.7459052324787262	([406, 94], [406, 94, 10])
1	0.7438342092836481	0.7463894052632581	([310, 13], [310, 165, 13])
1	0.7419842862088382	0.746426409283671	([468, 251], [468, 275, 251])
1	0.7432705858231939	0.7464297289476766	([309, 131], [309, 293, 131])
1	0.7404708208439601	0.7465048301565843	([468, 275], [468, 275, 209])
1	0.7293634187959092	0.7466007687432796	([402, 279], [402, 279, 133])
1	0.7242160448315803	0.7466007687432796	([398, 133], [402, 398, 133])
1	0.7034882222990613	0.7469075510197943	([215, 87], [215, 114, 104])
1	0.7197913789357515	0.7470599168422765	([279, 139], [402, 382, 291])
1	0.7158479973151572	0.7471351312029015	([411, 8], [411, 397, 8])
1	0.7295096328693477	0.7471995708738397	([390, 292], [390, 388, 299])
1	0.7263144707547727	0.7472003514486337	([242, 170], [242, 205, 199])
1	0.7429870216833413	0.7472857343091766	([199, 109], [207, 199, 109])
1	0.6983223542024288	0.7473543863674884	([473, 77], [475, 473, 162])
1	0.7288628824580846	0.7474855997481158	([310, 72], [310, 165, 72])
1	0.7416177180877448	0.747648880864153	([368, 269], [368, 332, 277])
1	0.7403497091250916	0.7477321644868276	([215, 29], [215, 114, 8])
1	0.7073155590152197	0.7479562186465325	([288, 115], [287, 279, 142])
1	0.6185947983701152	0.7479627908153536	([285, 2], [272, 243, 213])
1	0.7414085662065699	0.7483255529472324	([415, 322], [415, 386, 302])
1	0.731277432775535	0.7484714392864456	([456, 33], [464, 456, 33])
1	0.7434564650648958	0.7484986740051635	([392, 279], [392, 373, 279])
1	0.7426483926194158	0.7487737152495415	([253, 4], [253, 250, 4])
1	0.7329752216639369	0.7491009282813599	([411, 288], [411, 378, 288])
1	0.7165289648132854	0.7491821124803185	([414, 306], [414, 407, 287])
1	0.74334774644574	0.7495891051869115	([460, 124], [460, 124, 106])
1	0.6421398197290948	0.7497561183044181	([376, 2], [393, 376, 356])
1	0.741623002654728	0.7497599540265983	([214, 89], [214, 177, 89])
1	0.7350596249659893	0.7499195530805894	([474, 109], [474, 109, 65])
1	0.7440020829649123	0.749925321910317	([417, 276], [417, 406, 285])
1	0.7334469572623518	0.7499355712855194	([396, 86], [406, 396, 94])
1	0.7303773637368679	0.7500219820811217	([433, 32], [423, 401, 114])
1	0.7422728425631849	0.750156049617356	([375, 163], [457, 379, 375])
1	0.7265441957804244	0.7501843240180903	([416, 265], [416, 370, 265])
1	0.7373307571584389	0.7503512659390934	([377, 253], [377, 280, 273])
1	0.7233496039902163	0.7503531363461797	([478, 40], [480, 463, 40])
1	0.7367409143160449	0.7503925101124226	([228, 102], [228, 143, 109])
1	0.7414953397886005	0.7504086079052067	([256, 100], [237, 208, 114])
1	0.7063286354442361	0.7506449727834587	([478, 74], [480, 402, 400])
1	0.7100699997531237	0.7506821932865161	([310, 165], [310, 295, 165])
1	0.718245745839186	0.7509065503922534	([378, 138], [378, 287, 279])
1	0.7484060151786114	0.7510102865450868	([373, 245], [373, 279, 268])
1	0.7419794128379688	0.7510924842362974	([317, 26], [385, 317, 272])
1	0.7414852790534373	0.7511655409670108	([476, 296], [463, 405, 296])
1	0.7484331845478533	0.7516430692813645	([459, 88], [459, 287, 88])
1	0.7415512670949775	0.751657875390632	([181, 102], [181, 156, 106])
1	0.7502121017833403	0.7518684377308399	([465, 38], [480, 465, 47])
1	0.7328738140492207	0.7522165449006067	([389, 145], [389, 154, 145])
1	0.728688979061581	0.7522556170312481	([244, 26], [244, 198, 173])
1	0.7205021505891636	0.7523771671147036	([309, 241], [309, 275, 241])
1	0.7483553622331205	0.7524853427927555	([463, 59], [463, 443, 59])
1	0.7474594884565011	0.7525076276769369	([399, 146], [399, 172, 155])
1	0.7376301396109199	0.7529228489303517	([480, 86], [480, 73, 62])
1	0.7233400933435397	0.7530084082825046	([275, 116], [295, 275, 116])
1	0.7336348386236377	0.7537029140168647	([385, 4], [413, 385, 26])
1	0.7503959759687451	0.7537029140168647	([436, 26], [436, 413, 26])
1	0.7481010933666384	0.7537709260135115	([378, 242], [378, 287, 242])
1	0.7398691663166898	0.7538364269522747	([443, 297], [456, 443, 297])
1	0.7374241099249832	0.7539929137500545	([458, 166], [458, 410, 164])
1	0.7364509868036145	0.7540028667383014	([390, 130], [405, 390, 105])
1	0.7328255687504074	0.7541683829629938	([479, 64], [479, 109, 33])
1	0.7485986277538208	0.7543138930739991	([390, 49], [390, 130, 27])
1	0.7288030495179565	0.7545799771519734	([476, 131], [476, 402, 123])
1	0.7385169875218962	0.7546333378120238	([405, 60], [405, 60, 43])
1	0.7461009795598496	0.7546539741353497	([304, 242], [304, 287, 270])
1	0.7213366163287094	0.7546826303981877	([296, 45], [296, 155, 45])
1	0.7448275407901405	0.7547547519448929	([269, 5], [277, 269, 5])
1	0.752102825657852	0.7548394316271688	([379, 32], [456, 379, 32])
1	0.7430110069129044	0.7549563524293583	([216, 35], [216, 35, 8])
1	0.7461165003339871	0.7550013367489073	([312, 224], [312, 296, 224])
1	0.7302699337617319	0.7554695161857263	([474, 356], [474, 406, 356])
1	0.7423482656412361	0.7555755616348327	([378, 25], [378, 109, 25])
1	0.7533400797768853	0.7556637251920133	([235, 25], [258, 235, 25])
1	0.7443799662711326	0.7557473807132875	([313, 204], [313, 274, 210])
1	0.7468464242938545	0.7560822493924454	([414, 76], [414, 306, 8])
1	0.7448738767898384	0.7561938498844101	([229, 153], [229, 196, 153])
1	0.7180035207588618	0.7564670937432859	([330, 6], [330, 304, 6])
1	0.7547284415866495	0.7565469311128326	([227, 101], [265, 227, 101])
1	0.7527977286146047	0.7565469311128326	([280, 101], [280, 265, 101])
1	0.7288381122607509	0.757132489139879	([472, 4], [472, 397, 8])
1	0.7484334248687261	0.7577527315540805	([276, 102], [276, 190, 102])
1	0.7572090116311501	0.7581292172610005	([177, 25], [177, 154, 25])
1	0.7348108908248292	0.7582489061215189	([308, 87], [308, 157, 74])
1	0.7570795565022876	0.7583510521272921	([302, 202], [302, 257, 225])
1	0.7334899734724033	0.7585715254044954	([245, 128], [245, 207, 123])
1	0.7243623604314324	0.7585829168759133	([274, 148], [274, 237, 235])
1	0.7088654738768263	0.7588650496288007	([425, 139], [425, 403, 139])
1	0.7532082553604019	0.7590010610499679	([392, 214], [417, 392, 214])
1	0.7501400258201967	0.7590813824435744	([357, 159], [357, 159, 3])
1	0.7488581696998089	0.7592782697964653	([309, 101], [309, 106, 101])
1	0.7468349902864788	0.7592782697964653	([309, 34], [309, 181, 106])
1	0.7506520301168486	0.7592842183152758	([275, 86], [227, 101, 93])
1	0.7268334375826565	0.7592842183152758	([227, 6], [227, 177, 93])
1	0.7557306146592665	0.7592861119385771	([447, 37], [447, 444, 37])
1	0.7447320331056988	0.759575408811208	([374, 255], [374, 312, 298])
1	0.7548952021399326	0.7596492667642352	([424, 274], [424, 414, 274])
1	0.7548831048374705	0.7596748014325116	([313, 103], [313, 268, 265])
1	0.7292285939221651	0.7597472862340836	([226, 99], [273, 257, 99])
1	0.7322876347526379	0.7598017940508359	([398, 107], [406, 398, 107])
1	0.7439512248033465	0.7598137598185293	([436, 107], [436, 408, 107])
1	0.7543178238578889	0.7603120828596283	([457, 311], [457, 413, 309])
1	0.7259791725717946	0.7605423524044895	([397, 75], [397, 75, 70])
1	0.7542620390132768	0.7605423524044895	([391, 70], [397, 391, 70])
1	0.7524880305090509	0.7605725587184924	([292, 75], [292, 279, 75])
1	0.7594334885347248	0.7606624940925232	([194, 67], [194, 182, 67])
1	0.7568153411298891	0.7607330386308003	([419, 281], [442, 419, 281])
1	0.7508179600723929	0.7611642529414206	([391, 254], [391, 303, 254])
1	0.7352916259232448	0.7611992250532327	([457, 119], [462, 457, 119])
1	0.7388406643820761	0.7612000951681	([268, 103], [288, 268, 103])
1	0.7593533617916677	0.7613449783484857	([286, 199], [286, 199, 143])
1	0.7539254131633265	0.7614320722307459	([432, 31], [432, 426, 31])
1	0.7582797450131398	0.7615730020236001	([276, 131], [276, 174, 143])
1	0.7303606616505935	0.7615730020236001	([286, 143], [286, 276, 143])
1	0.7483944348329754	0.7618040275003407	([258, 79], [268, 258, 103])
1	0.7506656168835178	0.7618048884438297	([478, 21], [478, 40, 31])
1	0.7603590276058908	0.762205570365899	([457, 69], [461, 457, 39])
1	0.752860433617676	0.7626419113059884	([285, 96], [285, 274, 96])
1	0.7578303782140523	0.7626821145774487	([206, 79], [206, 172, 79])
1	0.750946604753356	0.7629039031625225	([420, 66], [420, 66, 3])
1	0.7196948560627155	0.7629664832791385	([469, 126], [465, 410, 396])
1	0.7590887350890102	0.7630183697303595	([472, 66], [472, 171, 66])
1	0.7621964293471458	0.7630466833866549	([462, 200], [462, 210, 200])
1	0.7627310041752502	0.7632646752779846	([224, 24], [242, 224, 24])
1	0.7502842649912521	0.7632738626709478	([383, 252], [383, 376, 252])
1	0.7605837507160961	0.7633373403581225	([377, 135], [377, 135, 34])
1	0.7384818248691315	0.7633373403581225	([377, 58], [392, 377, 34])
1	0.7613469474326374	0.7634150036027529	([99, 29], [102, 99, 29])
1	0.7499166499771893	0.7634493055050411	([271, 91], [295, 271, 253])
1	0.7522267077740202	0.7635061625522098	([311, 79], [311, 207, 79])
1	0.7574327050924081	0.7635687742707273	([281, 150], [281, 280, 70])
1	0.7595145386058973	0.7636279658012273	([256, 63], [256, 192, 65])
1	0.7540194996293553	0.7636694000068753	([477, 78], [477, 78, 64])
1	0.7368718077621533	0.7637685889160012	([471, 310], [471, 444, 310])
1	0.7632087820803786	0.7638687499848782	([338, 184], [369, 338, 303])
1	0.7324915363088581	0.7639348544613939	([428, 169], [428, 400, 158])
1	0.7510015737091846	0.7639528794831372	([347, 67], [378, 360, 67])
1	0.7578032009247002	0.7639888748463431	([321, 240], [321, 300, 271])
1	0.7592282459941668	0.7640348569820189	([268, 134], [268, 151, 134])
1	0.7637780651194174	0.7640525330885689	([279, 40], [406, 396, 40])
1	0.7466484706290332	0.7642665391705217	([329, 230], [329, 318, 215])
1	0.7354224635467047	0.7644668860980619	([303, 147], [303, 149, 147])
1	0.7605198674811683	0.764601536657167	([387, 98], [387, 98, 90])
1	0.7626373651896817	0.764601536657167	([412, 90], [412, 387, 90])
1	0.7307140948113149	0.7647892303092216	([178, 101], [178, 101, 86])
1	0.7518221984407474	0.7649047873000255	([459, 20], [424, 20, 8])
1	0.7476089125327348	0.7652535078958145	([452, 305], [470, 390, 305])
1	0.7593777617258821	0.7654117436235511	([366, 85], [366, 308, 85])
1	0.7344425146025867	0.765672739128855	([365, 38], [388, 365, 38])
1	0.7388663407682899	0.765680634643803	([468, 209], [468, 398, 275])
1	0.7418868600224111	0.7658281655801378	([380, 51], [357, 356, 21])
1	0.764856297209139	0.7658325632496348	([345, 233], [375, 345, 233])
1	0.7634142547217697	0.7658325632496348	([443, 233], [443, 375, 233])
1	0.7557826984181284	0.7660531680557068	([393, 240], [399, 386, 240])
1	0.7594764900922786	0.7660715458991546	([469, 280], [469, 389, 303])
1	0.7565713230791968	0.7661202106500583	([392, 93], [392, 93, 34])
1	0.7647907148901425	0.7661893114294491	([458, 278], [458, 407, 240])
1	0.76432627667843	0.7668385715611721	([345, 111], [381, 345, 111])
1	0.765977762678843	0.767107251116146	([380, 143], [380, 308, 280])
1	0.7572314070168673	0.7675912450435619	([451, 25], [451, 427, 25])
1	0.7379488560704477	0.7676345955410763	([455, 63], [455, 408, 63])
1	0.7666102964885293	0.767671386144599	([386, 66], [390, 386, 147])
1	0.7564034374911073	0.7677367724171917	([320, 65], [381, 320, 65])
1	0.7670380164568343	0.7679620414211346	([443, 208], [443, 208, 156])
1	0.7668954696509608	0.7684389749012457	([259, 81], [259, 216, 100])
1	0.7359743797365113	0.7685320163986138	([245, 50], [245, 122, 50])
1	0.764048381924837	0.7686824652084121	([359, 152], [359, 310, 152])
1	0.7614604152107259	0.7687088992740964	([384, 92], [388, 384, 83])
1	0.7353984697443717	0.7687469020006801	([305, 182], [305, 298, 182])
1	0.7674181703583541	0.7688650321885565	([420, 190], [420, 298, 276])
1	0.7539354614966822	0.7688753485518407	([451, 284], [451, 312, 284])
1	0.7543658399559456	0.7689205948297794	([341, 183], [341, 329, 183])
1	0.7654422081178542	0.769048415768758	([373, 73], [373, 100, 73])
1	0.7453691015268322	0.7690751747437979	([390, 147], [390, 164, 147])
1	0.7645258754511994	0.7694132975248803	([357, 127], [401, 357, 127])
1	0.7622717648889717	0.7694287107242254	([369, 88], [399, 369, 88])
1	0.7644834188184849	0.7696483354824112	([460, 304], [460, 385, 304])
1	0.7304229030229479	0.7699015512297886	([462, 85], [462, 85, 71])
1	0.7677839818942457	0.7701962226084276	([325, 188], [325, 264, 188])
1	0.7690911169299018	0.7703154475516674	([299, 98], [299, 98, 87])
1	0.7480431111048568	0.77050452280175	([369, 184], [374, 229, 224])
1	0.7445005933071692	0.7706472126911709	([393, 64], [396, 393, 64])
1	0.7502650716834751	0.7708744498209112	([414, 104], [414, 104, 68])
1	0.7273794704935745	0.7710336797984805	([434, 212], [434, 395, 212])
1	0.7443626854203989	0.77104756810858	([360, 117], [381, 360, 117])
1	0.769413026354451	0.7712488252590334	([330, 176], [330, 256, 176])
1	0.761233978933453	0.7712528727671638	([437, 143], [437, 382, 157])
1	0.7589880103454979	0.7713366031774257	([433, 269], [433, 335, 302])
1	0.769996514611278	0.7713486930174506	([276, 18], [286, 276, 18])
1	0.7562432761837095	0.7714240019306423	([444, 149], [444, 149, 66])
1	0.7695427657598791	0.7714251689208653	([344, 141], [344, 310, 26])
1	0.7601150422102316	0.7721845377429452	([269, 164], [269, 194, 184])
1	0.7639085771971555	0.7727382589154957	([237, 19], [237, 217, 25])
1	0.7643801016416539	0.7728740835645589	([470, 110], [479, 470, 110])
1	0.7495097330765045	0.7736327897205019	([342, 203], [345, 342, 203])
1	0.7675366677054435	0.7739576541954666	([355, 83], [387, 355, 83])
1	0.7698986547466179	0.7739696461774502	([411, 101], [411, 101, 83])
1	0.7654889710174908	0.7740846064346955	([449, 267], [449, 367, 303])
1	0.7547117878607207	0.7743177898425084	([449, 97], [458, 449, 97])
1	0.7667650526484387	0.7744710819692661	([232, 80], [232, 229, 80])
1	0.7694348556953893	0.7746915358993746	([455, 154], [455, 408, 30])
1	0.7676714653214581	0.7748072711534213	([393, 188], [393, 240, 210])
1	0.7663208961058129	0.7750829138801466	([328, 118], [328, 286, 118])
1	0.7501171198610861	0.7750829138801466	([368, 118], [368, 286, 118])
1	0.7695559185505971	0.7751205502913298	([247, 32], [265, 247, 32])
1	0.7715664022107045	0.7752372925612169	([365, 123], [365, 172, 123])
1	0.7568523036251324	0.7755527607118171	([419, 74], [419, 410, 74])
1	0.7439509427351266	0.7755610161785426	([452, 92], [467, 93, 7])
1	0.7530094378428228	0.7757433189213573	([317, 97], [317, 309, 97])
1	0.7751005276096371	0.7757808929743342	([450, 145], [450, 411, 145])
1	0.7635636403357865	0.7758098141518679	([379, 238], [379, 245, 238])
1	0.7484664199444181	0.7760300867334697	([316, 93], [316, 305, 93])
1	0.7426855091214142	0.7760372969723413	([233, 16], [241, 233, 22])
1	0.7720814058089924	0.7763177242445635	([444, 110], [444, 110, 32])
1	0.7570817202046667	0.7765402577124045	([422, 100], [431, 422, 81])
1	0.7699389133965278	0.7767761178911515	([438, 115], [438, 396, 115])
1	0.7706748411173785	0.7770014385066673	([313, 42], [313, 209, 168])
1	0.765185582188628	0.7770089158603728	([351, 185], [316, 257, 192])
1	0.7644580028076775	0.7772029736829478	([412, 200], [412, 287, 200])
1	0.7655442913754025	0.777945251985852	([301, 180], [362, 301, 291])
1	0.7510796858979126	0.7786427065259439	([453, 101], [453, 411, 386])
1	0.7678324628194514	0.7788969958038876	([361, 220], [361, 310, 220])
1	0.716180597875569	0.7789989950536126	([261, 66], [269, 261, 69])
1	0.764642544898831	0.7791089126121908	([364, 126], [364, 296, 289])
1	0.7740629685062818	0.7791681702721565	([357, 99], [357, 352, 99])
1	0.7654941541838749	0.7795177212752512	([344, 90], [347, 344, 67])
1	0.7608264048415652	0.779722136858338	([445, 147], [448, 445, 147])
1	0.7597049879847486	0.7798442546723504	([355, 121], [379, 355, 121])
1	0.7538676564768538	0.780304128609784	([362, 180], [324, 301, 180])
1	0.7664480860661841	0.7803838738784346	([361, 182], [361, 182, 166])
1	0.769090171908009	0.7812139755503603	([263, 78], [271, 263, 78])
1	0.7618565025741646	0.7821618809626623	([262, 83], [262, 83, 3])
1	0.7679521773710782	0.7826654143837151	([433, 77], [459, 433, 77])
1	0.7669326416045625	0.7832826349221891	([314, 29], [314, 293, 161])
1	0.7597574977780447	0.7841037928394055	([480, 363], [480, 363, 307])
1	0.7776851498081524	0.7842150906400149	([194, 125], [211, 194, 125])
1	0.7690683382752085	0.7846095297295824	([446, 195], [446, 380, 210])
1	0.7819732607105232	0.7851345281376753	([436, 176], [436, 176, 4])
1	0.7871896863934518	0.7873587392274343	([348, 193], [348, 334, 193])
1	0.7846972441922483	0.7894367823028892	([418, 187], [418, 367, 187])
1	0.7769034553693934	0.7940568944905959	([361, 29], [398, 361, 29])
1	0.634585430910805	0.7946264761832358	([409, 0], [409, 258, 142])
1	0.7950416302499653	0.7983536082668014	([430, 194], [430, 253, 194])
1	0.783666774989996	0.8053797625820454	([339, 40], [339, 135, 98])
0	0.0	inf	([0], [])
