0	0.0	0.21440588096157978	([67], [67, 66])
0	0.0	0.22384130663205537	([170], [170, 169])
0	0.0	0.23037008899415715	([194], [194, 193])
0	0.0	0.23203322559811848	([177], [177, 176])
0	0.0	0.23233553960436484	([168], [168, 167])
0	0.0	0.23326979310079182	([36], [36, 35])
0	0.0	0.2337550107622854	([164], [164, 163])
0	0.0	0.23388484164797813	([162], [162, 161])
0	0.0	0.23475341297902835	([94], [94, 93])
0	0.0	0.2349738043072993	([99], [99, 98])
0	0.0	0.23570528830504048	([15], [15, 14])
0	0.0	0.2368308538710439	([255], [255, 254])
0	0.0	0.23721199941428667	([159], [159, 158])
0	0.0	0.23812207736424026	([57], [57, 56])
0	0.0	0.2381853485348768	([143], [143, 142])
0	0.0	0.23849026548773952	([247], [247, 246])
0	0.0	0.2389925494186075	([228], [228, 227])
0	0.0	0.23901205709765186	([231], [231, 230])
0	0.0	0.23953538918202516	([27], [27, 26])
0	0.0	0.23961238725151154	([179], [179, 178])
0	0.0	0.24004033042952333	([17], [17, 16])
0	0.0	0.24011297495936898	([196], [196, 195])
0	0.0	0.24100865049970926	([138], [138, 137])
0	0.0	0.24182344886056897	([70], [70, 69])
0	0.0	0.24184562305946045	([47], [47, 46])
0	0.0	0.24306407900351648	([238], [238, 237])
0	0.0	0.24356418784325745	([156], [156, 155])
0	0.0	0.24463089740859137	([53], [53, 52])
0	0.0	0.24513908700324008	([149], [149, 148])
0	0.0	0.2451651294551911	([155], [155, 154])
0	0.0	0.24517607572891392	([19], [19, 18])
0	0.0	0.2456622209980866	([246], [246, 245])
0	0.0	0.24574620913393752	([270], [270, 269])
0	0.0	0.24588094747059627	([152], [152, 151])
0	0.0	0.24588905172861988	([11], [11, 10])
0	0.0	0.2459909155178368	([96], [96, 95])
0	0.0	0.24672334211225017	([55], [55, 54])
0	0.0	0.2473448505294414	([4], [4, 3])
0	0.0	0.24817613231778998	([176], [176, 175])
0	0.0	0.24823481272881198	([23], [23, 22])
0	0.0	0.24830217662650952	([26], [26, 25])
0	0.0	0.24872706282025414	([199], [199, 198])
0	0.0	0.24889211527051477	([190], [190, 189])
0	0.0	0.24927777016042538	([10], [10, 9])
0	0.0	0.249872370261345	([244], [244, 243])
0	0.0	0.2500151900979005	([38], [38, 37])
0	0.0	0.2502765312225709	([232], [232, 231])
0	0.0	0.25047298900104187	([263], [263, 262])
0	0.0	0.25079776367987805	([292], [292, 291])
0	0.0	0.2510509197245611	([234], [234, 233])
0	0.0	0.25113236033342856	([182], [182, 181])
0	0.0	0.2511704876097459	([91], [91, 90])
0	0.0	0.2514061974353962	([202], [202, 201])
0	0.0	0.2523354915339003	([281], [281, 280])
0	0.0	0.25281008015031387	([174], [174, 173])
0	0.0	0.2530650458292832	([13], [13, 12])
0	0.0	0.25312716916650285	([59], [59, 58])
0	0.0	0.2535069953614332	([289], [289, 288])
0	0.0	0.253872364113155	([226], [226, 225])
0	0.0	0.2542107314955081	([220], [220, 219])
0	0.0	0.2542193293260341	([41], [41, 40])
0	0.0	0.25427600079846874	([71], [71, 70])
0	0.0	0.2543597910073075	([18], [18, 17])
0	0.0	0.2545884057166162	([288], [288, 287])
0	0.0	0.25489880575786406	([205], [205, 204])
0	0.0	0.25502871819739215	([31], [31, 30])
0	0.0	0.256479993060353	([236], [236, 235])
0	0.0	0.25665773715150203	([221], [221, 220])
0	0.0	0.25684347297841215	([60], [60, 59])
0	0.0	0.2572405125884922	([248], [248, 247])
0	0.0	0.258156767996558	([88], [88, 87])
0	0.0	0.25856158849178895	([144], [144, 143])
0	0.0	0.2589315306111346	([188], [188, 187])
0	0.0	0.25987194883155273	([5], [5, 4])
0	0.0	0.2603131054250699	([208], [208, 207])
0	0.0	0.2604354262095394	([260], [260, 259])
0	0.0	0.2604566790184252	([7], [7, 6])
0	0.0	0.26059486577051416	([93], [93, 92])
0	0.0	0.26118740483123787	([252], [252, 251])
0	0.0	0.2612188604260897	([273], [273, 272])
0	0.0	0.2612808196687509	([56], [56, 55])
0	0.0	0.26132404232286	([290], [290, 289])
0	0.0	0.2613339642655026	([83], [83, 82])
0	0.0	0.26157425915105936	([65], [65, 64])
0	0.0	0.2615828973234267	([42], [42, 41])
0	0.0	0.26169677255203116	([33], [33, 32])
0	0.0	0.2622217829415871	([2], [2, 1])
0	0.0	0.26316359728713573	([139], [139, 138])
0	0.0	0.2635513686597644	([191], [191, 190])
0	0.0	0.2635705349059319	([193], [193, 192])
0	0.0	0.2636948571703103	([84], [84, 83])
0	0.0	0.2637129482147659	([185], [185, 184])
0	0.0	0.2637206486378331	([22], [22, 21])
0	0.0	0.26392947446628456	([98], [98, 97])
0	0.0	0.2639986090843007	([8], [8, 7])
0	0.0	0.26438938610942236	([97], [97, 96])
0	0.0	0.2645445673481062	([64], [64, 63])
0	0.0	0.2646197164194544	([253], [253, 252])
0	0.0	0.26463231066269716	([46], [46, 45])
0	0.0	0.2648049587245399	([34], [34, 33])
0	0.0	0.26506344063198806	([50], [50, 49])
0	0.0	0.26526820690906333	([277], [277, 276])
0	0.0	0.2653854868902582	([45], [45, 44])
0	0.0	0.265577219184666	([261], [261, 260])
0	0.0	0.26578173268194	([82], [82, 81])
0	0.0	0.2664010434246077	([204], [204, 203])
0	0.0	0.2664146639510442	([283], [283, 282])
0	0.0	0.26645936528809694	([54], [54, 53])
0	0.0	0.2668400519404086	([187], [187, 186])
0	0.0	0.2671524762505493	([276], [276, 275])
0	0.0	0.2672833633831695	([68], [68, 67])
0	0.0	0.26778860071013366	([200], [200, 199])
0	0.0	0.2683024937560351	([104], [104, 103])
0	0.0	0.268623564930074	([86], [86, 85])
0	0.0	0.2692367265005845	([6], [6, 5])
0	0.0	0.2692793115989667	([262], [262, 261])
0	0.0	0.26985685543388555	([61], [61, 60])
0	0.0	0.2701074547735876	([274], [274, 273])
0	0.0	0.2704028826870175	([114], [114, 113])
0	0.0	0.27079940386516504	([240], [240, 239])
0	0.0	0.2709440157843849	([79], [79, 78])
0	0.0	0.2713511493814313	([198], [198, 197])
0	0.0	0.2715961782446069	([12], [12, 11])
0	0.0	0.27214439892649833	([51], [51, 50])
0	0.0	0.2724384743454659	([147], [147, 146])
0	0.0	0.2726227805332267	([87], [87, 86])
0	0.0	0.2728574883415064	([89], [89, 88])
0	0.0	0.2729440858544995	([122], [122, 121])
0	0.0	0.27306930074508207	([230], [230, 229])
0	0.0	0.27309221842842635	([241], [241, 240])
0	0.0	0.2730981462391798	([157], [157, 156])
0	0.0	0.27347997377702044	([165], [165, 164])
0	0.0	0.2739724730650226	([141], [141, 140])
0	0.0	0.2741019807091097	([284], [284, 283])
0	0.0	0.2741473096405896	([3], [3, 2])
0	0.0	0.2741739502052434	([95], [95, 94])
0	0.0	0.27421895268955043	([9], [9, 8])
0	0.0	0.2742752243183256	([225], [225, 224])
0	0.0	0.27542431351610147	([233], [233, 232])
0	0.0	0.2760690242716447	([245], [245, 244])
0	0.0	0.276523850052175	([20], [20, 19])
0	0.0	0.27677664072979175	([90], [90, 89])
0	0.0	0.2772031232451714	([25], [25, 24])
0	0.0	0.2772745793007498	([40], [40, 39])
0	0.0	0.27777344228196893	([249], [249, 248])
0	0.0	0.27794543188768983	([285], [285, 284])
0	0.0	0.27803435718342845	([251], [251, 250])
0	0.0	0.27952616461533103	([85], [85, 84])
0	0.0	0.28013731871348346	([254], [254, 253])
0	0.0	0.28016816211999823	([102], [102, 101])
0	0.0	0.2804307344096898	([158], [158, 157])
0	0.0	0.28181129090430207	([235], [235, 234])
0	0.0	0.28231539127265093	([201], [201, 200])
0	0.0	0.28258155052289613	([74], [74, 73])
0	0.0	0.2830567958020146	([116], [116, 115])
0	0.0	0.28344789840867063	([118], [118, 117])
0	0.0	0.28386780212696905	([108], [108, 107])
0	0.0	0.28392423913535725	([30], [30, 29])
0	0.0	0.28441373811327614	([180], [180, 179])
0	0.0	0.2846006413493597	([69], [69, 68])
0	0.0	0.2851167991788691	([291], [291, 290])
0	0.0	0.285385960324077	([183], [183, 182])
0	0.0	0.28571032640970395	([266], [266, 265])
0	0.0	0.2857848106211168	([237], [237, 236])
0	0.0	0.2861547203226497	([44], [44, 43])
0	0.0	0.28667993942642	([110], [110, 109])
0	0.0	0.2879913231283655	([112], [112, 111])
0	0.0	0.2888709429886252	([256], [256, 255])
0	0.0	0.2889464741336635	([224], [224, 223])
0	0.0	0.28906521353947234	([211], [211, 210])
0	0.0	0.28927573719325217	([178], [178, 177])
0	0.0	0.2893958843229368	([146], [146, 145])
0	0.0	0.289516366234204	([227], [227, 226])
0	0.0	0.2895550176676951	([113], [113, 112])
0	0.0	0.2897500885779009	([92], [92, 91])
0	0.0	0.2900038010125841	([21], [21, 20])
0	0.0	0.29013622257703214	([14], [14, 13])
0	0.0	0.2902417987277638	([32], [32, 31])
0	0.0	0.2905201303989899	([62], [62, 61])
0	0.0	0.2905937418388546	([242], [242, 241])
0	0.0	0.29074605108694906	([107], [107, 106])
0	0.0	0.29127467670883317	([117], [117, 116])
0	0.0	0.29138560394597895	([186], [186, 185])
0	0.0	0.29361313990805227	([184], [184, 183])
0	0.0	0.29434302042418903	([103], [103, 102])
0	0.0	0.294971444833086	([52], [52, 51])
0	0.0	0.2952237148566915	([195], [195, 194])
0	0.0	0.29553413453486116	([72], [72, 71])
0	0.0	0.29581550835040327	([229], [229, 228])
0	0.0	0.2966668988533534	([213], [213, 212])
0	0.0	0.29681790598769664	([264], [264, 263])
0	0.0	0.29753730785536653	([154], [154, 153])
0	0.0	0.29816558578903085	([203], [203, 202])
0	0.0	0.2982768479890088	([160], [160, 159])
0	0.0	0.2986466917502349	([268], [268, 267])
0	0.0	0.29869494010146347	([282], [282, 281])
0	0.0	0.2990530920117686	([48], [48, 47])
0	0.0	0.29965894575995455	([189], [189, 188])
0	0.0	0.3003342751221132	([119], [119, 118])
0	0.0	0.3006616043246573	([145], [145, 144])
0	0.0	0.3019276807705474	([171], [171, 170])
0	0.0	0.3024624141828913	([223], [223, 222])
0	0.0	0.30256153717573203	([222], [222, 221])
0	0.0	0.3033212799179387	([150], [150, 149])
0	0.0	0.30356413257480086	([121], [121, 120])
0	0.0	0.3037542508659398	([287], [287, 286])
0	0.0	0.30376076682733943	([239], [239, 238])
0	0.0	0.30537634219289694	([267], [267, 266])
0	0.0	0.3060062171105679	([272], [272, 271])
0	0.0	0.3062164053144247	([265], [265, 264])
0	0.0	0.30659044868453683	([259], [259, 258])
0	0.0	0.30665520220270487	([29], [29, 28])
0	0.0	0.3066625656193696	([140], [141, 139])
0	0.0	0.3081186635895811	([66], [66, 65])
0	0.0	0.30835124663610436	([280], [280, 279])
0	0.0	0.30840141569288837	([218], [218, 217])
0	0.0	0.3091191604356997	([16], [16, 15])
0	0.0	0.3093051732013467	([181], [181, 180])
0	0.0	0.3094387817331829	([151], [151, 150])
0	0.0	0.30947094193635954	([28], [28, 27])
0	0.0	0.3098153849193658	([142], [142, 141])
0	0.0	0.3110164212144808	([216], [216, 215])
0	0.0	0.31168658129711935	([214], [214, 213])
0	0.0	0.3119036890197917	([80], [80, 79])
0	0.0	0.31191625488257185	([258], [258, 256])
0	0.0	0.311984798337648	([106], [106, 105])
0	0.0	0.3125625676119981	([63], [63, 62])
0	0.0	0.3130436514261176	([39], [39, 38])
0	0.0	0.31484238796488767	([215], [215, 214])
0	0.0	0.31642328448455487	([209], [209, 208])
0	0.0	0.31737622814804894	([210], [210, 209])
0	0.0	0.31823723576821095	([100], [100, 99])
0	0.0	0.31840276463308226	([24], [24, 23])
0	0.0	0.31900716331728063	([109], [109, 108])
0	0.0	0.31922174628746375	([175], [175, 174])
0	0.0	0.31930112941709293	([169], [170, 168])
0	0.0	0.32144920750648937	([101], [101, 100])
0	0.0	0.32253670232791226	([192], [192, 191])
0	0.0	0.3235296535930416	([271], [271, 270])
0	0.0	0.32385281274241645	([153], [153, 152])
0	0.0	0.32395208557797894	([49], [49, 48])
0	0.0	0.3244191524676063	([243], [243, 242])
0	0.0	0.3245649091987381	([111], [111, 110])
0	0.0	0.325563856702963	([250], [250, 249])
0	0.0	0.326298722387971	([167], [167, 166])
0	0.0	0.32773231524094365	([166], [166, 165])
0	0.0	0.32951390442070466	([217], [217, 216])
0	0.0	0.3298892500396003	([81], [81, 80])
0	0.0	0.3307255939166696	([275], [275, 274])
0	0.0	0.33089416726875703	([219], [219, 218])
0	0.0	0.33177446403112976	([269], [269, 268])
0	0.0	0.33285706323699293	([58], [58, 57])
0	0.0	0.334619896332098	([105], [105, 104])
0	0.0	0.3354101687358666	([197], [197, 196])
0	0.0	0.3387623608549609	([73], [73, 72])
0	0.0	0.3399608437602761	([161], [161, 160])
0	0.0	0.3426431276376997	([120], [120, 119])
0	0.0	0.343595808920666	([279], [279, 278])
0	0.0	0.348426738932859	([163], [163, 162])
0	0.0	0.3486468953168594	([115], [115, 114])
0	0.0	0.35202108530080295	([37], [37, 36])
0	0.0	0.3559731154251068	([77], [77, 75])
0	0.0	0.35645016792500545	([212], [212, 211])
0	0.0	0.3566996657961793	([148], [148, 147])
0	0.0	0.36057589751656266	([207], [258, 257])
0	0.0	0.3643487808548262	([75], [77, 76])
0	0.0	0.3648752363684661	([278], [278, 277])
0	0.0	0.36736106590873524	([35], [35, 34])
0	0.0	0.3765367763090935	([286], [286, 285])
0	0.0	0.3770667501653235	([43], [43, 42])
0	0.0	0.37733488437179485	([137], [137, 136])
0	0.0	0.3951205998067799	([173], [173, 172])
0	0.0	0.398465551650325	([78], [78, 74])
0	0.0	0.3987815364656571	([1], [78, 77])
1	0.40252420936350913	0.40358592939008986	([283, 279], [283, 281, 279])
0	0.0	0.4042855558829023	([206], [206, 205])
1	0.3526854737206512	0.4086010096573133	([161, 153], [161, 158, 157])
1	0.401755034497384	0.41116814355831677	([75, 74], [78, 77, 75])
1	0.4078346179949535	0.41709617711742764	([217, 212], [217, 216, 212])
0	0.0	0.42265359970538663	([172], [172, 171])
0	0.0	0.4240239059917276	([257], [207, 205])
1	0.4556683890123346	0.46270975752705956	([279, 274], [279, 278, 274])
1	0.4155036036054034	0.466433806266053	([80, 76], [80, 78, 77])
0	0.0	0.47579257546528875	([76], [75, 0])
0	0.0	0.4833238821732496	([136], [206, 0])
0	0.0	0.49488850038960475	([0], [136, 124])
1	0.4872173434221399	0.5505770144244749	([213, 208], [213, 212, 208])
1	0.4834361777743415	0.551905937702018	([76, 72], [76, 75, 72])
1	0.5562436819586353	0.5574466142230979	([207, 199], [207, 204, 198])
1	0.5480945911416967	0.560724489708275	([50, 42], [50, 49, 42])
1	0.5841958881733568	0.5850296840509196	([79, 44], [79, 74, 44])
1	0.5888415398450078	0.5950378579517448	([73, 67], [73, 72, 67])
1	0.5868855719112037	0.6025173244874921	([211, 202], [211, 202, 197])
1	0.5858508336877095	0.6027500265333182	([211, 197], [211, 209, 206])
1	0.542118097043519	0.6046834675248524	([44, 34], [44, 43, 34])
1	0.5980404340503946	0.6094174191350182	([292, 276], [292, 286, 277])
1	0.6074444325882239	0.6146223879276977	([66, 58], [66, 64, 63])
1	0.5968691828764608	0.6251819400605272	([272, 255], [272, 271, 259])
1	0.5897390525551164	0.6254532691956227	([196, 179], [196, 190, 179])
1	0.6242193431416823	0.6266516995918955	([271, 250], [271, 259, 256])
1	0.6215187052878214	0.6299368548122153	([40, 29], [40, 35, 29])
1	0.6183537289821074	0.6399713378901399	([272, 213], [273, 272, 213])
1	0.6232020725807228	0.641597752129815	([274, 258], [274, 271, 258])
1	0.6034548439810848	0.6470229560744888	([279, 208], [285, 279, 208])
1	0.6125948927660841	0.6489817424404007	([184, 174], [183, 182, 174])
1	0.6499671593874591	0.6506660465898362	([81, 51], [81, 51, 42])
1	0.6272733477084155	0.651217906396726	([244, 227], [244, 241, 235])
1	0.6554848893337162	0.6563799030980927	([197, 183], [197, 191, 190])
1	0.6397739317383786	0.6568550188136434	([275, 249], [275, 271, 249])
1	0.6350311495915059	0.6629718001506112	([195, 178], [193, 190, 176])
1	0.6434785123319603	0.6631919356040646	([86, 69], [86, 82, 69])
1	0.6031039164543996	0.6632953493359901	([249, 211], [276, 271, 249])
1	0.6335843806420923	0.6632953493359901	([292, 249], [292, 276, 249])
1	0.6440164682320434	0.663589344580232	([258, 209], [273, 258, 256])
1	0.6579757282247372	0.6640792695640785	([248, 233], [248, 244, 243])
1	0.623994600247665	0.664430108627453	([270, 251], [271, 269, 249])
1	0.6384337665392773	0.6647984328756767	([97, 76], [97, 86, 82])
1	0.6408270265285919	0.6652407448556386	([292, 267], [291, 288, 269])
1	0.6349823267472933	0.6714756540286101	([173, 138], [173, 167, 146])
1	0.6624245956299205	0.6725779182598967	([76, 48], [79, 76, 48])
1	0.6573669968389886	0.6730545132943896	([109, 74], [124, 102, 74])
1	0.6539482022975407	0.6731119910511175	([254, 213], [254, 250, 213])
1	0.6458600597473401	0.6731119910511175	([253, 215], [279, 250, 213])
1	0.6716275697171982	0.6731673747672448	([150, 124], [166, 160, 124])
1	0.6706332208426686	0.6753046079432851	([65, 39], [65, 56, 53])
1	0.671845503485367	0.6753046079432851	([92, 65], [92, 65, 53])
1	0.6685258500760187	0.6780160636842326	([172, 145], [174, 172, 145])
1	0.6613282323206419	0.6781904693300251	([208, 138], [215, 214, 173])
1	0.6749461972003803	0.6781904693300251	([279, 173], [279, 214, 173])
1	0.6388810067002031	0.6786396311532328	([81, 42], [81, 71, 42])
1	0.6663601788685835	0.6794159147086143	([259, 220], [271, 259, 217])
1	0.6658835091150587	0.6794159147086143	([277, 217], [277, 271, 217])
1	0.6646789419714414	0.680264166241703	([250, 240], [250, 249, 240])
1	0.655211065304155	0.6819571584721695	([225, 202], [225, 223, 211])
1	0.6809179391983751	0.6838144190912527	([210, 179], [210, 203, 179])
1	0.6803050593694328	0.6839803653077657	([260, 218], [270, 260, 255])
1	0.6711030351889626	0.6844136273954535	([92, 53], [92, 86, 65])
1	0.6515453181455122	0.6848960110764976	([166, 124], [150, 141, 140])
1	0.6268070362393238	0.6854720911318266	([211, 178], [211, 197, 196])
1	0.6716827449022438	0.6872610204583091	([95, 50], [96, 82, 42])
1	0.6818507669759095	0.6875120189116378	([117, 73], [117, 102, 73])
1	0.6807068912493138	0.6876619398945593	([80, 50], [80, 73, 46])
1	0.6827129613299528	0.6879080970951263	([268, 214], [274, 268, 256])
1	0.6471770766952245	0.6884127326250646	([225, 191], [225, 218, 191])
1	0.6775272858529513	0.6896100587062663	([98, 83], [98, 93, 83])
1	0.6761135859640658	0.6896946470900549	([95, 64], [95, 82, 64])
1	0.6539310866236044	0.6897485930986682	([246, 226], [246, 243, 226])
1	0.6691576167872254	0.6902422989915146	([270, 218], [271, 260, 218])
1	0.5934750299017033	0.6903260646615316	([276, 211], [270, 249, 211])
1	0.6750518263799388	0.6903372012463598	([277, 206], [277, 256, 249])
1	0.6818717163175897	0.6904322362292487	([292, 225], [292, 247, 228])
1	0.6543067939651597	0.6906491818129096	([214, 174], [214, 199, 198])
1	0.6840732141588868	0.6914119676236478	([286, 223], [286, 276, 211])
1	0.6529306812793644	0.6914633153991093	([90, 54], [95, 90, 54])
1	0.5856202270419127	0.6914794057591545	([274, 215], [249, 247, 224])
1	0.6849597080062211	0.6916771877378289	([111, 44], [111, 110, 44])
1	0.6877879339243967	0.6926665822581564	([187, 137], [187, 182, 173])
1	0.6681018546046026	0.6935443855899777	([63, 29], [63, 56, 29])
1	0.6942741369715016	0.6942922478022147	([247, 203], [247, 224, 203])
1	0.68337633056405	0.6944628519797048	([91, 63], [91, 90, 54])
1	0.641505077609753	0.694998113546465	([124, 75], [124, 74, 35])
1	0.6818502542013326	0.6961642779871479	([181, 148], [181, 180, 148])
1	0.6698039363056181	0.698060691667077	([289, 263], [289, 286, 262])
1	0.6741786986497807	0.6981361586591953	([52, 25], [56, 52, 23])
1	0.6340316536042042	0.6985106476205193	([200, 187], [200, 198, 187])
1	0.6534444097716339	0.6986111886277877	([112, 79], [114, 102, 74])
1	0.6947545886794746	0.6992628563371934	([70, 50], [71, 70, 50])
1	0.5716970362896813	0.6992628563371934	([74, 47], [80, 71, 50])
1	0.6973938328338639	0.6998760672546841	([216, 188], [213, 199, 198])
1	0.6914557856894342	0.7001763370743452	([72, 36], [72, 58, 42])
1	0.6989256995554242	0.7005549384922233	([221, 187], [221, 220, 187])
1	0.6957611747135898	0.7008339189119537	([94, 55], [95, 94, 55])
1	0.6929428561419947	0.7012779234809677	([189, 140], [189, 180, 140])
1	0.6736304109533648	0.7039847725326015	([215, 186], [215, 186, 185])
1	0.6964894423560044	0.7041830115028259	([243, 10], [243, 227, 10])
1	0.6820178966812164	0.7054468412592703	([54, 24], [54, 52, 23])
1	0.7039146610461957	0.7060734341777396	([273, 33], [273, 213, 34])
1	0.6898872306005255	0.7060871474977628	([213, 145], [213, 188, 173])
1	0.6800803903300456	0.7061193414849954	([284, 74], [284, 222, 208])
1	0.6926773478781398	0.7065729629014591	([90, 28], [86, 65, 24])
1	0.6961469912879892	0.7074143540053891	([285, 78], [285, 213, 34])
1	0.5910503610870013	0.7078563044730595	([124, 36], [100, 97, 81])
1	0.7056456704955228	0.7088539217550294	([208, 47], [279, 208, 47])
1	0.6753627508430934	0.7090077001728033	([239, 217], [249, 239, 217])
1	0.700596862729206	0.7091921230406297	([209, 172], [213, 209, 173])
1	0.6560046578390667	0.7098324234696767	([218, 124], [284, 274, 44])
1	0.6906059984562121	0.7101776410210353	([182, 165], [182, 173, 165])
1	0.7092714047540477	0.7106835653313375	([222, 190], [222, 190, 187])
1	0.6884232123522814	0.711181629157884	([89, 22], [89, 86, 28])
1	0.6959820006611909	0.7128740282270892	([98, 51], [93, 87, 55])
1	0.6744346468767289	0.7129485079084094	([105, 43], [105, 72, 43])
1	0.70206986872637	0.7129676864882512	([89, 62], [89, 63, 62])
1	0.7103271232827425	0.7147102896371466	([239, 186], [250, 239, 186])
1	0.7082116372126654	0.7159549553363999	([263, 243], [269, 263, 246])
1	0.7030642667126137	0.7166554402897911	([274, 139], [274, 139, 138])
1	0.7140485454382716	0.7167980334098473	([59, 48], [59, 53, 49])
1	0.7114725142029114	0.7181709086198386	([265, 234], [292, 265, 234])
1	0.7134628511070662	0.7184625553485288	([229, 91], [229, 227, 86])
1	0.7100172514192801	0.7186909240746778	([240, 199], [250, 240, 199])
1	0.7092869353358918	0.7186909240746778	([266, 199], [266, 250, 199])
1	0.7144104100043579	0.7187841630383424	([276, 65], [276, 203, 76])
1	0.7020862059905978	0.7187841630383424	([203, 76], [276, 275, 76])
1	0.7035289086484152	0.7198727225425413	([203, 88], [203, 88, 76])
1	0.706289301218117	0.7200702774366599	([83, 40], [83, 54, 40])
1	0.7073484470549245	0.7204747999688388	([242, 87], [242, 229, 86])
1	0.7183741229622248	0.7219254937907078	([245, 6], [245, 225, 224])
1	0.7021369292906233	0.7223832609008284	([247, 52], [247, 228, 51])
1	0.7205593926662501	0.7227577034441093	([30, 3], [30, 29, 3])
1	0.7077264050837135	0.7227577034441093	([95, 3], [41, 29, 3])
1	0.7059284827601086	0.7227809634060395	([208, 1], [207, 174, 145])
1	0.6983599688228247	0.7227809634060395	([260, 174], [256, 207, 174])
1	0.7091232327122959	0.7232370081002176	([87, 2], [87, 27, 2])
1	0.7079571798160539	0.7233429570505675	([209, 140], [214, 173, 145])
1	0.6982398233818922	0.7235529467448115	([226, 192], [227, 226, 192])
1	0.7193480331515075	0.7245661358377228	([179, 86], [227, 192, 179])
1	0.6617118967922565	0.7247700118279411	([214, 34], [284, 213, 34])
1	0.7168401487902832	0.725217326060261	([234, 191], [292, 234, 191])
1	0.6980181451433239	0.7252310794946003	([225, 28], [249, 225, 202])
1	0.7041948405947853	0.7254895377027333	([29, 5], [29, 15, 9])
1	0.7126458918867987	0.7259347327884078	([216, 43], [216, 214, 78])
1	0.7246350334936617	0.725955912401537	([261, 219], [261, 260, 223])
1	0.6899940143687243	0.7261729005467389	([63, 2], [53, 29, 3])
1	0.7264476913704889	0.7264478811639631	([60, 36], [60, 59, 48])
1	0.6760296601217952	0.726833439322069	([90, 13], [90, 28, 11])
1	0.6955045181932014	0.7274754261401148	([277, 51], [292, 291, 64])
1	0.713486801150545	0.7277847882668136	([202, 2], [277, 202, 201])
1	0.718590492815581	0.7280249734000398	([56, 10], [56, 19, 10])
1	0.7240463189356944	0.728064171933325	([54, 33], [54, 42, 33])
1	0.6991591706772955	0.7284064170889466	([267, 189], [267, 256, 181])
1	0.7283423516591583	0.7293256845857806	([64, 5], [227, 64, 5])
1	0.7030572336054172	0.7293256845857806	([241, 5], [227, 224, 5])
1	0.7027509622440182	0.7297039686392792	([62, 34], [62, 61, 34])
1	0.7242402420974433	0.7299009391761682	([274, 122], [274, 122, 111])
1	0.6756568543929149	0.7302654136382221	([270, 3], [292, 270, 217])
1	0.6848590510041702	0.7303880135368958	([225, 64], [91, 54, 7])
1	0.6951235505477061	0.7303880135368958	([228, 29], [247, 54, 7])
1	0.7204093569614348	0.7308910869865738	([235, 178], [235, 224, 178])
1	0.6817770215293197	0.7310587118018878	([263, 191], [263, 211, 206])
1	0.7313380964131224	0.731872920409991	([180, 95], [180, 95, 3])
1	0.7284323413518735	0.7321436465541028	([88, 56], [88, 87, 56])
1	0.7194065283424733	0.7322516748018429	([71, 14], [71, 64, 14])
1	0.65687510125707	0.7326014276276602	([242, 193], [248, 242, 193])
1	0.7092085493278103	0.7326440038351193	([193, 51], [247, 203, 193])
1	0.7273155929989923	0.732861733672689	([244, 55], [244, 225, 64])
1	0.7285002547483612	0.7328970007919892	([270, 194], [270, 211, 194])
1	0.6597808493911527	0.7330467996106493	([287, 205], [287, 271, 217])
1	0.7107761894037478	0.7331308488598072	([210, 81], [210, 202, 81])
1	0.6465785961330973	0.7333218880219041	([215, 44], [210, 174, 166])
1	0.7308546153130507	0.7333595229652563	([245, 22], [245, 23, 22])
1	0.7112923204497429	0.7334483891388779	([264, 201], [264, 223, 201])
1	0.7311480613399619	0.7334511257657509	([244, 40], [244, 55, 52])
1	0.7271659746870468	0.7336248329053611	([226, 89], [228, 90, 26])
1	0.7318544916461522	0.7337023454469834	([238, 1], [241, 238, 1])
1	0.7030718086177061	0.7339700552869477	([180, 29], [270, 180, 174])
1	0.6665430331122623	0.7339700552869477	([277, 180], [277, 270, 180])
1	0.6976709932555499	0.7340878405181946	([174, 1], [241, 222, 217])
1	0.689451457922547	0.734246004279656	([249, 28], [225, 28, 6])
1	0.6822132864874297	0.7344929924049085	([227, 6], [289, 280, 1])
1	0.7281119083338837	0.7347252980168198	([216, 147], [216, 207, 145])
1	0.6809997155159582	0.7349083433816195	([292, 93], [234, 93, 91])
1	0.7026633482524971	0.7350099576951182	([236, 19], [232, 226, 9])
1	0.7263437633722637	0.7353161252860078	([268, 205], [268, 214, 205])
1	0.7002852939514176	0.7355898839072373	([275, 76], [292, 276, 83])
1	0.7290737535207775	0.7358984822229638	([33, 2], [41, 33, 28])
1	0.6966164788226069	0.7367013441596105	([223, 149], [223, 218, 149])
1	0.7318808979528526	0.7373674467791889	([212, 148], [212, 182, 180])
1	0.7325168356426324	0.7374727722417411	([265, 162], [265, 197, 171])
1	0.7299755326118751	0.7379021075991733	([245, 180], [245, 236, 177])
1	0.724992496875387	0.7379599988780862	([92, 4], [92, 86, 4])
1	0.6862322964846497	0.7379629368604739	([248, 53], [245, 53, 6])
1	0.7282985100197072	0.7382480429134846	([68, 16], [68, 57, 16])
1	0.7331719624505202	0.7384477977870366	([243, 195], [243, 229, 195])
1	0.7214444856310225	0.7385908195277726	([88, 18], [88, 56, 24])
1	0.715495201153354	0.7386509057108301	([250, 92], [250, 248, 92])
1	0.7336514262962316	0.738866999871794	([270, 42], [276, 270, 39])
1	0.6947424140001158	0.739095984735841	([202, 94], [202, 94, 2])
1	0.7247328033270417	0.7394489522877278	([233, 57], [233, 225, 64])
1	0.7272417206842133	0.7398027750776747	([269, 72], [288, 286, 72])
1	0.7280103585522978	0.739850666435825	([224, 50], [224, 211, 50])
1	0.7141602249074497	0.7403607530702978	([286, 72], [269, 248, 211])
1	0.6755224319089208	0.7403857878190797	([183, 124], [284, 185, 183])
1	0.7328753718646907	0.7405351702403916	([259, 74], [279, 259, 74])
1	0.7409633879920374	0.7414182833723805	([93, 17], [93, 90, 17])
1	0.7123582897218359	0.7414387884574611	([39, 1], [92, 31, 27])
1	0.721534657827843	0.7418932324220562	([264, 69], [264, 224, 69])
1	0.73969304019129	0.7419508355422122	([262, 183], [262, 225, 217])
1	0.7411021518454894	0.7420327512219421	([224, 85], [224, 85, 64])
1	0.7406315750445848	0.7421402377073283	([178, 97], [178, 171, 97])
1	0.7268666862576222	0.7421721840308378	([237, 26], [242, 237, 22])
1	0.7237323383077247	0.7424309655972594	([194, 8], [228, 194, 8])
1	0.7424315385892413	0.7424322380797294	([268, 237], [268, 237, 190])
1	0.7335403727359797	0.742435915626948	([268, 32], [268, 214, 32])
1	0.6851909505731311	0.7426507117355204	([238, 201], [240, 238, 198])
1	0.7271990865221927	0.7434055490837027	([230, 11], [233, 230, 11])
1	0.6212691079416559	0.7435298392798262	([292, 2], [275, 274, 48])
1	0.7311542366854178	0.7435682171605572	([106, 70], [106, 99, 80])
1	0.731217947054333	0.7438021389563807	([56, 1], [56, 37, 1])
1	0.722967771577192	0.7438361673898124	([231, 16], [237, 231, 16])
1	0.7292279036189521	0.7439146420255046	([223, 20], [237, 223, 20])
1	0.732152738387494	0.7440136372899796	([263, 169], [263, 177, 171])
1	0.7430304828581483	0.744026458086182	([179, 40], [269, 179, 178])
1	0.7344882393337521	0.7441450086084611	([240, 24], [240, 237, 22])
1	0.7393838010314708	0.7442866863489008	([278, 71], [278, 79, 73])
1	0.7406963489278724	0.7445592052364237	([194, 92], [250, 194, 186])
1	0.7264265054249657	0.7447138094953324	([246, 20], [246, 243, 20])
1	0.7004762459783863	0.7450067741038642	([226, 9], [244, 226, 21])
1	0.7300601454220683	0.7455550805656138	([177, 51], [193, 177, 171])
1	0.718697832112613	0.7456473241081105	([211, 141], [265, 211, 141])
1	0.7388796297408341	0.7462672671000589	([204, 80], [253, 209, 80])
1	0.7372729641999838	0.7464060175577183	([176, 82], [176, 97, 82])
1	0.7371238624146992	0.7464060175577183	([171, 96], [176, 171, 97])
1	0.7360410906772006	0.746680202175152	([219, 120], [219, 136, 115])
1	0.7236324695634391	0.747352540169369	([230, 27], [233, 230, 171])
1	0.7221584366438735	0.7474577141621919	([242, 122], [183, 173, 122])
1	0.7357012835379503	0.7480128074634929	([239, 33], [285, 267, 239])
1	0.7279980262299245	0.7483050974795996	([176, 57], [292, 171, 91])
1	0.7380031354624847	0.7491955607731765	([194, 57], [270, 194, 42])
1	0.7436683796011283	0.7492369286397378	([290, 70], [290, 286, 72])
1	0.7345438436680014	0.7500757952526191	([197, 63], [276, 197, 63])
1	0.7273079394059858	0.7501051449087868	([216, 102], [216, 102, 73])
1	0.7158679938205255	0.7505129673705466	([98, 1], [98, 97, 1])
1	0.7469863843469609	0.7505274533872074	([88, 35], [99, 88, 81])
1	0.7379753170541881	0.7505502848156375	([59, 8], [59, 47, 28])
1	0.7127051217224322	0.7509179021045113	([171, 27], [248, 230, 27])
1	0.7510242743130534	0.7514165547841728	([195, 19], [227, 179, 19])
1	0.7037665140110144	0.7516083249274226	([289, 19], [289, 180, 19])
1	0.7276630533373125	0.7516209643103939	([108, 69], [108, 72, 69])
1	0.7439189818318281	0.7516368621898104	([246, 69], [246, 69, 10])
1	0.7352201471286914	0.7518918181543488	([253, 80], [278, 207, 80])
1	0.7389224618426607	0.7523299456694287	([291, 105], [291, 105, 95])
1	0.7101335420349493	0.7526380554046348	([192, 25], [231, 192, 16])
1	0.7383993087217536	0.7528667008733093	([240, 146], [240, 198, 173])
1	0.7526939058247145	0.7530249190208612	([199, 33], [250, 199, 33])
1	0.7358320662275664	0.7532777435628232	([254, 106], [291, 271, 105])
1	0.746664765316991	0.7538062240948786	([142, 80], [253, 208, 142])
1	0.7231368573831357	0.7546436899979811	([288, 96], [288, 249, 227])
1	0.7457427728600006	0.7553083089865898	([176, 4], [277, 196, 175])
1	0.7219479798507155	0.7555591823742827	([181, 69], [209, 181, 69])
1	0.7389549999631985	0.7560718142945789	([288, 148], [287, 219, 140])
1	0.7318743121839413	0.7564291095954111	([206, 49], [286, 206, 177])
1	0.755579737657674	0.7564339125749547	([101, 59], [101, 82, 59])
1	0.7475419200000507	0.7568804029040872	([239, 62], [239, 227, 62])
1	0.7338249055712949	0.7571924208679545	([166, 52], [176, 166, 82])
1	0.7557640526944971	0.757243222607768	([261, 144], [261, 221, 209])
1	0.7447158202486415	0.758061706871225	([141, 48], [265, 256, 48])
1	0.7581528653315571	0.75835242628192	([289, 57], [289, 57, 52])
1	0.7191917551316876	0.75835242628192	([205, 52], [289, 205, 52])
1	0.6630081274091764	0.7583887546990593	([267, 124], [264, 222, 201])
1	0.742924734023372	0.7597005132781492	([223, 61], [223, 62, 61])
1	0.7560903582981776	0.7602444347680104	([177, 65], [203, 177, 76])
1	0.7245158103602326	0.76039398930769	([287, 84], [262, 84, 25])
1	0.7252415401619804	0.7613981479461891	([181, 24], [245, 181, 163])
1	0.7463187929113085	0.7617797964885251	([287, 36], [287, 42, 36])
1	0.7492659959535646	0.7618806434168209	([140, 72], [140, 72, 63])
1	0.7133434242886875	0.7627995256534615	([211, 14], [245, 211, 14])
1	0.7543590196172608	0.7634007545772276	([204, 65], [277, 204, 196])
1	0.7555432538202399	0.7637285459252348	([189, 68], [267, 189, 59])
1	0.7529307391626092	0.7638123026155685	([234, 148], [249, 234, 148])
1	0.7505724996639082	0.764210744282104	([185, 47], [282, 185, 137])
1	0.7325613006226942	0.764557018766821	([229, 169], [229, 179, 169])
1	0.7541984639334913	0.764725363400578	([165, 98], [177, 165, 51])
1	0.6566642495852946	0.7648377707393114	([242, 124], [242, 236, 183])
1	0.7545442330232974	0.7648501881489483	([266, 164], [266, 210, 174])
1	0.7532500743506374	0.7651174145937365	([138, 107], [174, 138, 107])
1	0.7625624596065248	0.7652573153934147	([258, 67], [258, 74, 67])
1	0.7255975743588114	0.7660512262189185	([266, 119], [272, 266, 119])
1	0.7347644169941491	0.7662033383056769	([239, 158], [245, 239, 163])
1	0.7615580010993711	0.7679340579590949	([251, 9], [251, 245, 9])
1	0.7551040277323154	0.7683462882597338	([212, 107], [212, 107, 44])
1	0.7494276665217108	0.7687709231415633	([204, 27], [204, 202, 16])
1	0.75873309766671	0.7692167670218769	([215, 23], [215, 200, 23])
1	0.7674713033276862	0.7697222252510747	([186, 50], [206, 186, 49])
1	0.7612853479510017	0.7698091244327787	([166, 22], [233, 166, 22])
1	0.753047296777096	0.7698397121978902	([235, 140], [235, 209, 190])
1	0.7228629959852336	0.7701861295664355	([122, 8], [242, 122, 8])
1	0.7349898793991932	0.7708083000376251	([235, 82], [287, 235, 140])
1	0.7530832843890919	0.7708524313113976	([239, 15], [239, 238, 15])
1	0.7706414418460563	0.7714307590305497	([195, 38], [195, 179, 38])
1	0.771298976475887	0.7722004949928191	([183, 30], [193, 183, 171])
1	0.7346992444108836	0.7736162368045676	([174, 12], [236, 184, 183])
1	0.7518836605390715	0.7737264292695037	([181, 32], [196, 181, 32])
1	0.6635950808813941	0.7739291515679312	([124, 62], [124, 75, 62])
1	0.7547640351196621	0.7759363987378586	([267, 59], [289, 267, 59])
1	0.74524937494953	0.7759478750330572	([220, 60], [292, 220, 60])
1	0.7538349768345278	0.7759809169119873	([201, 107], [219, 201, 107])
1	0.7306895608252706	0.7760236258235292	([172, 81], [278, 172, 139])
1	0.7525630201665088	0.776197796755433	([268, 68], [268, 68, 31])
1	0.7520182059978336	0.7764588792593317	([267, 13], [267, 243, 13])
1	0.7427123541009514	0.7765521616389118	([143, 120], [216, 143, 120])
1	0.7408088187833513	0.7769710750739246	([171, 13], [263, 243, 13])
1	0.7776906699494471	0.7785833969344382	([273, 95], [273, 251, 95])
1	0.7245668989095517	0.7795677203136421	([163, 87], [172, 163, 81])
1	0.7784019064349537	0.7803521014465478	([181, 119], [208, 181, 119])
1	0.7798140508124846	0.7810080047617206	([144, 15], [195, 144, 15])
1	0.780385157933297	0.7815688713280885	([205, 99], [224, 205, 99])
1	0.7714370969704325	0.7822446490973426	([164, 28], [201, 164, 149])
1	0.7625935946297184	0.7826917295411497	([114, 62], [114, 106, 62])
1	0.7729726256777528	0.7828142610858555	([187, 114], [285, 187, 137])
1	0.7818859526588415	0.7832143967225423	([285, 89], [289, 285, 89])
1	0.7715006338962003	0.7846615326079994	([259, 15], [259, 249, 15])
1	0.7682846474582473	0.785982413303384	([286, 18], [286, 190, 18])
1	0.7742335999021932	0.7864753231956574	([169, 99], [220, 169, 99])
1	0.7383554842407255	0.7871035130877099	([214, 59], [214, 59, 2])
1	0.7880296835508741	0.7887118290102437	([199, 11], [199, 196, 11])
1	0.7684957502408044	0.7891128208023783	([167, 62], [167, 62, 38])
1	0.7561810239941475	0.7921930316641894	([243, 150], [243, 219, 150])
1	0.7844125413689381	0.7922023695750676	([152, 89], [196, 152, 141])
1	0.7809551137352881	0.7980397037072358	([142, 20], [196, 142, 141])
1	0.7944391785127577	0.7999059566081677	([155, 85], [195, 155, 85])
1	0.7985098125023922	0.804102944634009	([247, 158], [247, 163, 158])
1	0.7832514261696588	0.8052578412803596	([155, 25], [168, 155, 25])
1	0.8079676683980251	0.8119248345546027	([101, 10], [101, 59, 10])
1	0.5007595605275122	0.8224788697556328	([257, 0], [257, 172, 34])
1	0.5496742765973721	0.8284497947547439	([124, 117], [257, 75, 34])
1	0.48502914769278244	0.8291636793208162	([172, 0], [206, 77, 40])
0	0.0	1.0	([123], [123, 0])
0	0.0	1.0	([125], [125, 0])
0	0.0	1.0	([126], [126, 0])
0	0.0	1.0	([127], [127, 0])
0	0.0	1.0	([128], [128, 0])
0	0.0	1.0	([129], [129, 0])
0	0.0	1.0	([130], [130, 0])
0	0.0	1.0	([131], [131, 0])
0	0.0	1.0	([132], [132, 0])
0	0.0	1.0	([133], [133, 0])
0	0.0	1.0	([134], [134, 0])
0	0.0	1.0	([135], [135, 0])
0	0.0	inf	([124], [])
