0	0.0	0.017634201456937153	([320], [320, 86])
0	0.0	0.021848616861839292	([358], [358, 99])
0	0.0	0.050725477703210314	([87], [87, 79])
0	0.0	0.06936210441336353	([105], [105, 98])
0	0.0	0.11176253275138599	([90], [90, 82])
0	0.0	0.22495289797726867	([70], [70, 69])
0	0.0	0.236274594432664	([314], [314, 313])
0	0.0	0.2455741783382621	([298], [298, 297])
0	0.0	0.24584055145723518	([15], [15, 14])
0	0.0	0.24679998868269637	([162], [162, 161])
0	0.0	0.24924037532307547	([316], [316, 315])
0	0.0	0.2519015763607419	([112], [112, 111])
0	0.0	0.25589324273405567	([383], [383, 382])
0	0.0	0.25959647056002577	([274], [274, 273])
0	0.0	0.2597029975089889	([229], [229, 228])
0	0.0	0.2611927251453745	([253], [253, 252])
0	0.0	0.26202320027720266	([41], [41, 40])
0	0.0	0.26204916600273065	([59], [59, 58])
0	0.0	0.2623622193197054	([24], [24, 23])
0	0.0	0.26332912953134857	([44], [44, 43])
0	0.0	0.265969765540429	([31], [31, 30])
0	0.0	0.2665611415099279	([17], [17, 16])
0	0.0	0.2671410777320719	([234], [234, 233])
0	0.0	0.26779755446682646	([23], [23, 22])
0	0.0	0.26797613308321594	([289], [289, 288])
0	0.0	0.2686232222847069	([309], [309, 308])
0	0.0	0.269483692441177	([37], [37, 36])
0	0.0	0.27066340642396003	([2], [2, 1])
0	0.0	0.2708356714395291	([301], [301, 300])
0	0.0	0.2709672320888175	([241], [241, 240])
0	0.0	0.27119678328723984	([179], [179, 178])
0	0.0	0.2713474293534514	([224], [224, 223])
0	0.0	0.27149646659797905	([14], [14, 13])
0	0.0	0.2717102834127915	([374], [374, 373])
0	0.0	0.2719387099053268	([49], [49, 48])
0	0.0	0.2724910950441694	([273], [273, 272])
0	0.0	0.27354714886174625	([244], [244, 243])
0	0.0	0.27365118326024335	([156], [156, 155])
0	0.0	0.2741209683451839	([40], [40, 39])
0	0.0	0.2754203858636873	([120], [120, 119])
0	0.0	0.2760368067730104	([269], [269, 268])
0	0.0	0.2761900231152832	([302], [302, 301])
0	0.0	0.27660380558830305	([6], [6, 5])
0	0.0	0.276639480970967	([19], [19, 18])
0	0.0	0.27679204013622083	([9], [9, 8])
0	0.0	0.27714201685840384	([126], [126, 125])
0	0.0	0.2775382353160915	([52], [52, 50])
0	0.0	0.27759614709948893	([285], [285, 284])
0	0.0	0.27792515690519376	([255], [255, 254])
0	0.0	0.2780819066234154	([331], [331, 330])
0	0.0	0.2784555561484774	([173], [173, 172])
0	0.0	0.27866299266000183	([136], [136, 135])
0	0.0	0.2786767917179892	([295], [295, 294])
0	0.0	0.27948361828652096	([232], [232, 231])
0	0.0	0.279488925607525	([306], [306, 305])
0	0.0	0.2800835470166889	([214], [214, 213])
0	0.0	0.28117495353832395	([281], [281, 280])
0	0.0	0.2812635882869993	([167], [167, 166])
0	0.0	0.2812956108349638	([119], [119, 118])
0	0.0	0.2820561241640867	([307], [307, 306])
0	0.0	0.28248270017039934	([64], [64, 63])
0	0.0	0.28285303547561835	([238], [238, 236])
0	0.0	0.28307804102275935	([324], [324, 323])
0	0.0	0.28348531576043673	([242], [242, 241])
0	0.0	0.28348613539078493	([68], [68, 67])
0	0.0	0.2836385007734488	([168], [168, 167])
0	0.0	0.28406186569566094	([250], [250, 249])
0	0.0	0.28493988445150503	([34], [34, 33])
0	0.0	0.2859694951964594	([30], [30, 29])
0	0.0	0.2865367331374864	([133], [133, 132])
0	0.0	0.28659138777837456	([7], [7, 6])
0	0.0	0.28664325459263973	([137], [137, 136])
0	0.0	0.28684127928279624	([319], [319, 318])
0	0.0	0.28743959574365674	([47], [47, 46])
0	0.0	0.2877619474329114	([178], [178, 177])
0	0.0	0.28818582634987966	([342], [342, 341])
0	0.0	0.28838371881172503	([67], [67, 66])
0	0.0	0.2887732548080305	([139], [139, 138])
0	0.0	0.28878390378713076	([233], [233, 232])
0	0.0	0.28931191291769803	([39], [39, 38])
0	0.0	0.28946153515095685	([282], [282, 281])
0	0.0	0.2896417227490969	([368], [368, 367])
0	0.0	0.29023923413392155	([290], [290, 289])
0	0.0	0.2903311152346982	([172], [172, 171])
0	0.0	0.29045947328952354	([346], [346, 345])
0	0.0	0.2906918368262029	([291], [291, 290])
0	0.0	0.2907343489605269	([125], [125, 124])
0	0.0	0.290879782732562	([260], [260, 259])
0	0.0	0.291296909774291	([247], [247, 246])
0	0.0	0.2914992298181519	([215], [215, 214])
0	0.0	0.29157405922277185	([323], [323, 322])
0	0.0	0.29197398129284974	([18], [18, 17])
0	0.0	0.29279124050873523	([33], [33, 32])
0	0.0	0.2928196281248575	([259], [259, 258])
0	0.0	0.29305547768798906	([380], [380, 379])
0	0.0	0.29316204930137574	([325], [325, 324])
0	0.0	0.29318376901641485	([362], [362, 361])
0	0.0	0.2938185560962755	([158], [158, 157])
0	0.0	0.2939756427084213	([181], [181, 180])
0	0.0	0.2946073594124529	([204], [204, 203])
0	0.0	0.294994190501775	([248], [248, 247])
0	0.0	0.2951649545712171	([375], [375, 374])
0	0.0	0.2953045139338586	([220], [220, 219])
0	0.0	0.295682034083959	([339], [339, 338])
0	0.0	0.2957016129632592	([372], [372, 371])
0	0.0	0.295935137765796	([341], [341, 340])
0	0.0	0.29601408363115406	([225], [225, 224])
0	0.0	0.29650303789610594	([231], [231, 230])
0	0.0	0.2965902141914907	([212], [212, 211])
0	0.0	0.2967861221968407	([280], [280, 279])
0	0.0	0.2970450780020149	([22], [22, 21])
0	0.0	0.2972302662596649	([318], [318, 317])
0	0.0	0.29727902394794087	([340], [340, 339])
0	0.0	0.29776040772614326	([367], [367, 366])
0	0.0	0.2978102101897834	([46], [46, 45])
0	0.0	0.2980204813286637	([391], [391, 390])
0	0.0	0.29818504530849993	([377], [377, 376])
0	0.0	0.2982717763381867	([236], [236, 235])
0	0.0	0.2984206956487092	([349], [349, 348])
0	0.0	0.2984321055790573	([203], [203, 202])
0	0.0	0.29861100207916963	([150], [150, 149])
0	0.0	0.29874032617808327	([392], [392, 391])
0	0.0	0.29876947862487874	([142], [142, 141])
0	0.0	0.2989645363901269	([348], [348, 347])
0	0.0	0.29932592506007577	([208], [208, 207])
0	0.0	0.29944835958903454	([310], [310, 309])
0	0.0	0.29948818594965054	([29], [29, 28])
0	0.0	0.29953401342715574	([327], [327, 326])
0	0.0	0.30006908112979064	([185], [185, 184])
0	0.0	0.30025640398968356	([146], [146, 145])
0	0.0	0.3003398016800017	([63], [63, 62])
0	0.0	0.30039835728688086	([293], [293, 292])
0	0.0	0.3004655904659001	([55], [55, 54])
0	0.0	0.30061086111467533	([393], [393, 392])
0	0.0	0.3007326017831901	([243], [243, 242])
0	0.0	0.3008001891307043	([140], [140, 139])
0	0.0	0.30080460060969266	([110], [110, 109])
0	0.0	0.3008330524520548	([211], [211, 210])
0	0.0	0.3008622214272845	([115], [115, 114])
0	0.0	0.3014264378564148	([123], [123, 122])
0	0.0	0.3017504960046526	([143], [143, 142])
0	0.0	0.3018140951467095	([230], [230, 229])
0	0.0	0.3023337231472595	([11], [11, 10])
0	0.0	0.30275041593912727	([132], [132, 131])
0	0.0	0.3028184266892768	([388], [388, 387])
0	0.0	0.3028430290688269	([160], [160, 159])
0	0.0	0.30292716351936916	([159], [159, 158])
0	0.0	0.30305906272207134	([16], [16, 15])
0	0.0	0.30322302693527736	([330], [330, 329])
0	0.0	0.30341259890484035	([334], [334, 333])
0	0.0	0.30360908411862536	([263], [263, 262])
0	0.0	0.30362750492708707	([206], [206, 205])
0	0.0	0.30367267222431493	([57], [57, 56])
0	0.0	0.3038165227786695	([154], [154, 153])
0	0.0	0.30394711714410233	([379], [379, 378])
0	0.0	0.30430579700849897	([221], [221, 220])
0	0.0	0.3049112764900897	([378], [378, 377])
0	0.0	0.305120555125	([337], [337, 336])
0	0.0	0.30518404795828386	([60], [60, 59])
0	0.0	0.3052132265669106	([322], [322, 321])
0	0.0	0.30523676512088205	([3], [3, 1])
0	0.0	0.305299577331808	([134], [134, 133])
0	0.0	0.30536527790369283	([332], [332, 331])
0	0.0	0.30538618489858343	([128], [128, 127])
0	0.0	0.3055219043877734	([122], [122, 121])
0	0.0	0.30559627059692734	([264], [264, 263])
0	0.0	0.30562381624013885	([299], [299, 298])
0	0.0	0.3058499492877632	([118], [118, 117])
0	0.0	0.30603831781992463	([62], [62, 61])
0	0.0	0.30633533922287404	([296], [296, 295])
0	0.0	0.30639793302528956	([257], [257, 256])
0	0.0	0.3067728857292304	([205], [205, 204])
0	0.0	0.3072692018247306	([397], [397, 396])
0	0.0	0.307532296947364	([113], [113, 112])
0	0.0	0.30821723081531377	([193], [193, 192])
0	0.0	0.3084021124369915	([219], [219, 218])
0	0.0	0.3085636062062582	([191], [191, 190])
0	0.0	0.3086833760985557	([338], [338, 337])
0	0.0	0.30873798829335813	([148], [148, 147])
0	0.0	0.30888737772869096	([116], [116, 115])
0	0.0	0.30905015072600345	([147], [147, 146])
0	0.0	0.30991299917012377	([335], [335, 334])
0	0.0	0.30992558420041405	([157], [157, 156])
0	0.0	0.3108149640980783	([394], [394, 393])
0	0.0	0.31087132742083584	([121], [121, 120])
0	0.0	0.31149274310587893	([176], [176, 175])
0	0.0	0.31171471407095624	([353], [353, 352])
0	0.0	0.3117651746638968	([262], [262, 261])
0	0.0	0.31193416490213066	([345], [345, 344])
0	0.0	0.31214288540838375	([12], [12, 11])
0	0.0	0.31238158093509444	([38], [38, 37])
0	0.0	0.31246397944353066	([366], [366, 365])
0	0.0	0.31246700270789646	([251], [251, 250])
0	0.0	0.3126240278502132	([95], [95, 85])
0	0.0	0.312699306173517	([109], [109, 108])
0	0.0	0.3132357848444471	([5], [5, 4])
0	0.0	0.3135525619766868	([216], [216, 215])
0	0.0	0.3137285568593336	([245], [245, 244])
0	0.0	0.3140511992635082	([177], [177, 176])
0	0.0	0.3141770495780805	([10], [10, 9])
0	0.0	0.3142621705445239	([175], [175, 174])
0	0.0	0.314354128841463	([284], [284, 283])
0	0.0	0.3145946413456129	([277], [277, 276])
0	0.0	0.31459716970445667	([54], [54, 53])
0	0.0	0.3146054402772836	([261], [261, 260])
0	0.0	0.31490989435307215	([333], [333, 332])
0	0.0	0.314930956667573	([144], [144, 143])
0	0.0	0.31524427557244045	([48], [48, 47])
0	0.0	0.3153314194662209	([326], [326, 325])
0	0.0	0.3156286533918762	([108], [108, 107])
0	0.0	0.3159462063539638	([354], [354, 353])
0	0.0	0.31594829457562473	([61], [61, 60])
0	0.0	0.3160311583540085	([192], [192, 191])
0	0.0	0.316115291590185	([369], [369, 368])
0	0.0	0.3161330465640014	([8], [8, 7])
0	0.0	0.31657219113397694	([56], [56, 55])
0	0.0	0.31802400810377496	([370], [370, 369])
0	0.0	0.3182613696455944	([197], [197, 196])
0	0.0	0.3183170760167758	([226], [226, 225])
0	0.0	0.31857759997188534	([287], [287, 283])
0	0.0	0.31917418960677485	([297], [297, 296])
0	0.0	0.31923491466451975	([187], [187, 186])
0	0.0	0.31958101074036915	([4], [4, 3])
0	0.0	0.31972848328678777	([200], [200, 199])
0	0.0	0.31978413022749463	([28], [28, 27])
0	0.0	0.31986882006472983	([249], [249, 248])
0	0.0	0.31995035006235484	([347], [347, 346])
0	0.0	0.32104622151867407	([75], [75, 74])
0	0.0	0.32131519210255005	([360], [360, 359])
0	0.0	0.3214915923823088	([361], [361, 360])
0	0.0	0.3217334886187726	([195], [195, 194])
0	0.0	0.3219785180642978	([355], [355, 354])
0	0.0	0.3221599789100841	([350], [350, 349])
0	0.0	0.32219659170488285	([371], [371, 370])
0	0.0	0.322256013713263	([196], [196, 195])
0	0.0	0.3227188955875874	([66], [66, 65])
0	0.0	0.32314600430210516	([352], [352, 351])
0	0.0	0.323688786913693	([246], [246, 245])
0	0.0	0.32375994644083994	([240], [240, 239])
0	0.0	0.3252599217856957	([111], [111, 110])
0	0.0	0.32610406973107137	([396], [396, 395])
0	0.0	0.3262994476827984	([161], [161, 160])
0	0.0	0.32772920531000704	([32], [32, 31])
0	0.0	0.32777677001741273	([194], [194, 193])
0	0.0	0.3289612693358786	([127], [127, 126])
0	0.0	0.32944594507677255	([190], [190, 189])
0	0.0	0.3296932181411083	([252], [252, 251])
0	0.0	0.3297656905462356	([149], [149, 148])
0	0.0	0.33071433206254947	([292], [292, 291])
0	0.0	0.33117856261087575	([217], [217, 216])
0	0.0	0.33126537399401174	([317], [317, 316])
0	0.0	0.33129301216452617	([117], [117, 115])
0	0.0	0.3313970009036253	([65], [65, 64])
0	0.0	0.331550737349603	([186], [186, 185])
0	0.0	0.3327281977396445	([1], [1, 0])
0	0.0	0.3331091317253139	([21], [21, 20])
0	0.0	0.3339472176741045	([145], [145, 144])
0	0.0	0.3344696020557995	([213], [213, 212])
0	0.0	0.33448171482124733	([294], [294, 293])
0	0.0	0.3356549364100682	([376], [376, 375])
0	0.0	0.33603146676424256	([45], [45, 44])
0	0.0	0.33655687963196157	([102], [102, 78])
0	0.0	0.33670493437223714	([201], [201, 200])
0	0.0	0.3369258677493338	([256], [256, 255])
0	0.0	0.33746870873030005	([199], [199, 198])
0	0.0	0.3376573595564948	([189], [189, 188])
0	0.0	0.3380239767296848	([27], [27, 26])
0	0.0	0.3381045363454747	([228], [228, 227])
0	0.0	0.3386535508215992	([180], [180, 179])
1	0.3304349598741515	0.3389237699236216	([68, 65], [68, 67, 65])
0	0.0	0.33897808111302546	([166], [166, 165])
0	0.0	0.3396609910781847	([311], [311, 310])
0	0.0	0.3399592326416627	([124], [124, 123])
0	0.0	0.34107878079552134	([254], [254, 253])
1	0.3324607192630464	0.3414604447409798	([287, 285], [287, 285, 284])
0	0.0	0.34189545460991877	([174], [174, 173])
0	0.0	0.34301320103406957	([209], [209, 208])
0	0.0	0.34366374881314	([303], [303, 302])
0	0.0	0.3440358529051313	([351], [351, 350])
0	0.0	0.34410852949987825	([227], [227, 226])
0	0.0	0.3449450472203502	([163], [163, 162])
0	0.0	0.34546334585235056	([171], [171, 169])
0	0.0	0.3457557054373518	([74], [74, 73])
0	0.0	0.3459908868851817	([343], [343, 336])
0	0.0	0.34608036922698104	([114], [114, 113])
0	0.0	0.3474793829512242	([275], [275, 274])
0	0.0	0.3480715691049416	([42], [42, 41])
0	0.0	0.3480790359256875	([53], [53, 52])
1	0.3406330265422055	0.3481142267754454	([347, 344], [347, 346, 345])
0	0.0	0.34877037828649254	([239], [239, 238])
0	0.0	0.3489827438141518	([188], [188, 187])
0	0.0	0.3494180826520056	([198], [198, 197])
0	0.0	0.35051023488866595	([276], [276, 275])
0	0.0	0.35072019234464746	([305], [305, 303])
0	0.0	0.35091292895207	([135], [135, 134])
0	0.0	0.3517927115739427	([71], [71, 70])
0	0.0	0.3520216348960654	([272], [272, 271])
0	0.0	0.352912788709634	([308], [308, 307])
0	0.0	0.3531292513457689	([169], [169, 168])
0	0.0	0.35335081844662325	([336], [336, 335])
0	0.0	0.35422903284295276	([300], [300, 299])
0	0.0	0.35675991060865014	([20], [20, 19])
0	0.0	0.35773012452580194	([131], [131, 130])
0	0.0	0.3585209436919587	([50], [50, 49])
0	0.0	0.3586884575315481	([207], [207, 206])
1	0.35739305979523006	0.35944138469373177	([217, 210], [217, 216, 211])
1	0.3453004182508535	0.36092086459993505	([216, 213], [216, 215, 213])
0	0.0	0.3634071874435783	([138], [138, 137])
0	0.0	0.3634436406502038	([384], [384, 383])
0	0.0	0.3652585563702332	([58], [58, 57])
0	0.0	0.36531703424880313	([235], [235, 234])
0	0.0	0.36549199722403564	([395], [395, 394])
0	0.0	0.3665824717610705	([43], [43, 42])
0	0.0	0.3668736829908912	([359], [359, 357])
1	0.344005227162471	0.3698775760583522	([261, 258], [261, 260, 258])
0	0.0	0.37080754087292933	([165], [165, 163])
0	0.0	0.37247057561163627	([258], [258, 257])
0	0.0	0.37314098133546586	([357], [357, 355])
1	0.3390484632948062	0.3733004478174914	([350, 344], [350, 348, 344])
0	0.0	0.3735024295930967	([223], [223, 221])
0	0.0	0.3736304807281823	([184], [184, 183])
0	0.0	0.3737951377537424	([266], [266, 264])
0	0.0	0.37469797516934433	([279], [282, 276])
0	0.0	0.37539303950632513	([103], [103, 102])
0	0.0	0.3766142412928972	([153], [154, 149])
0	0.0	0.37682556169848325	([356], [356, 355])
0	0.0	0.3773447365022837	([288], [288, 287])
0	0.0	0.37827096376247876	([164], [164, 163])
0	0.0	0.3792841438602606	([141], [141, 140])
0	0.0	0.3799326678826502	([183], [183, 181])
1	0.35542625072568584	0.3802654477351965	([343, 342], [343, 342, 337])
0	0.0	0.3808372822171906	([13], [13, 12])
1	0.38042004023690756	0.3811899813260048	([377, 374], [377, 376, 374])
0	0.0	0.3821266763217478	([69], [69, 68])
1	0.3641496339475341	0.3827186973410246	([42, 36], [42, 41, 36])
0	0.0	0.38594240381286604	([155], [155, 154])
0	0.0	0.386485979108841	([202], [202, 201])
0	0.0	0.3868022147668284	([390], [390, 389])
0	0.0	0.38789252180860656	([270], [270, 269])
0	0.0	0.3895142485877158	([129], [129, 128])
0	0.0	0.39056766978180946	([381], [381, 380])
0	0.0	0.3912548235816017	([76], [76, 75])
0	0.0	0.3913811349866061	([387], [388, 384])
0	0.0	0.39166476787720605	([278], [278, 277])
1	0.3902745226596831	0.3917465987543	([279, 277], [282, 279, 276])
0	0.0	0.3935134855483535	([315], [315, 314])
0	0.0	0.39406340815928764	([151], [151, 150])
0	0.0	0.3946755353462889	([389], [389, 388])
0	0.0	0.39559013577603425	([107], [107, 104])
1	0.39535171865334995	0.3965677598366355	([362, 354], [362, 360, 357])
0	0.0	0.3978153669284728	([328], [328, 327])
0	0.0	0.40074577782032583	([344], [344, 343])
0	0.0	0.40171308597934446	([130], [130, 129])
1	0.3964835150245445	0.40188165253208	([394, 388], [394, 390, 388])
0	0.0	0.40299200077994585	([73], [74, 71])
0	0.0	0.40362169939998555	([210], [210, 209])
0	0.0	0.40369740241557817	([400], [400, 398])
0	0.0	0.40649180333386487	([283], [283, 282])
0	0.0	0.4071150053741173	([218], [266, 265])
0	0.0	0.4079698458037091	([312], [312, 311])
0	0.0	0.408625945459591	([329], [329, 328])
0	0.0	0.4117209547756492	([401], [401, 400])
0	0.0	0.41234547963652124	([398], [398, 397])
0	0.0	0.4141025235010971	([78], [78, 77])
0	0.0	0.41467939170226953	([267], [267, 266])
0	0.0	0.4220963698299996	([170], [170, 169])
0	0.0	0.4224590664354429	([382], [383, 381])
0	0.0	0.42319047481041877	([80], [80, 35])
0	0.0	0.4253171325651823	([152], [152, 96])
0	0.0	0.42608504054045854	([182], [182, 181])
0	0.0	0.42614444670985896	([271], [271, 270])
0	0.0	0.42769260498927025	([373], [373, 372])
0	0.0	0.4284154690295817	([286], [286, 83])
0	0.0	0.4294470978474976	([237], [237, 91])
0	0.0	0.4295300313325942	([313], [313, 312])
0	0.0	0.4298627912612299	([399], [399, 398])
0	0.0	0.4340731831791503	([268], [269, 266])
0	0.0	0.43690930250437465	([106], [106, 96])
1	0.4371574368033152	0.4372565048047134	([381, 373], [381, 379, 373])
0	0.0	0.4374452722421852	([365], [400, 94])
0	0.0	0.4377044436377442	([364], [364, 93])
0	0.0	0.4380465275194045	([222], [222, 221])
0	0.0	0.43836818815448814	([304], [304, 303])
0	0.0	0.4404716675004221	([89], [89, 51])
0	0.0	0.4410732667160815	([104], [182, 88])
0	0.0	0.44223288092628327	([385], [385, 384])
0	0.0	0.4428334315625842	([51], [51, 50])
0	0.0	0.4458961596953207	([265], [218, 217])
0	0.0	0.4464658496810092	([91], [237, 236])
0	0.0	0.44675226892266134	([26], [26, 24])
0	0.0	0.4475776612434929	([96], [106, 93])
0	0.0	0.45057628199151206	([77], [77, 76])
0	0.0	0.45146084413912074	([83], [286, 285])
0	0.0	0.45518221759528277	([386], [386, 91])
0	0.0	0.4572394623331969	([363], [363, 97])
0	0.0	0.4575148113689572	([94], [385, 89])
0	0.0	0.45754904387722	([101], [101, 72])
0	0.0	0.4601951395371884	([36], [73, 72])
0	0.0	0.4612465240661151	([72], [387, 386])
0	0.0	0.4614363072827921	([88], [267, 92])
0	0.0	0.46609826431659285	([92], [170, 97])
0	0.0	0.46670311747180393	([97], [365, 364])
0	0.0	0.46781164253022817	([93], [222, 80])
0	0.0	0.47046140376665313	([35], [88, 25])
0	0.0	0.47156705071002325	([25], [399, 100])
0	0.0	0.47485304366920655	([100], [35, 34])
0	0.0	0.4787371151973105	([0], [363, 362])
1	0.4885914251747985	0.49408499371948794	([6, 0], [6, 4, 0])
1	0.4683019403187853	0.5220787322855558	([265, 92], [267, 265, 264])
1	0.530859081681628	0.5428702902388534	([27, 18], [27, 25, 23])
1	0.5438527197015484	0.5467015406217205	([387, 380], [387, 384, 383])
1	0.5901584421920439	0.5919730420539506	([39, 32], [39, 37, 32])
1	0.5795149324096404	0.606533082450233	([165, 153], [165, 160, 158])
1	0.5773019624446947	0.6086749955376591	([102, 75], [102, 77, 74])
0	0.0	0.6109732821080724	([85], [95, 12])
1	0.5969170153656242	0.6153857382824798	([61, 47], [61, 58, 47])
1	0.6308987556707787	0.6347251139820084	([169, 148], [169, 160, 153])
1	0.6316877680410732	0.6361882887544071	([316, 294], [316, 308, 296])
1	0.6533912278079648	0.6575182747657513	([60, 38], [60, 47, 43])
1	0.6667477841508648	0.6683338363788858	([60, 28], [60, 43, 28])
1	0.665435823535618	0.6700639479693032	([207, 175], [207, 186, 175])
1	0.6692043971832505	0.6715184904023677	([322, 302], [322, 321, 302])
1	0.6569262275211897	0.6754728751285078	([24, 10], [22, 18, 7])
1	0.6707038936312313	0.6764717634135307	([61, 2], [61, 60, 15])
1	0.6602328730857812	0.6767256265569063	([21, 8], [24, 21, 8])
1	0.6413820693888742	0.6768026083562952	([62, 13], [62, 61, 13])
1	0.6731113299028259	0.6775580839567912	([49, 14], [49, 38, 14])
1	0.6671638607378776	0.6793399458990741	([384, 102], [394, 384, 102])
1	0.6752496907679251	0.6808148998739436	([388, 104], [394, 388, 104])
1	0.6196109646843332	0.6809102562960629	([76, 6], [76, 74, 0])
1	0.6231939132534775	0.68116549392015	([71, 57], [71, 63, 56])
1	0.6782562825293116	0.6831251972580421	([75, 11], [75, 69, 5])
1	0.6782496258532289	0.6831251972580421	([401, 75], [401, 75, 5])
1	0.6515368181223	0.6833024927860621	([104, 75], [104, 74, 71])
1	0.6822811265896549	0.6834441908188557	([67, 1], [67, 62, 1])
1	0.6817972881138914	0.6847672816662709	([108, 1], [108, 64, 62])
1	0.6710092836361704	0.6850893769862788	([352, 305], [352, 334, 305])
1	0.6778673251162592	0.6859511871319371	([76, 47], [76, 71, 56])
1	0.671166824210929	0.6863573589168075	([221, 181], [221, 210, 183])
1	0.6750361005170926	0.6863733487020649	([53, 17], [53, 46, 17])
1	0.5248402805219952	0.6873826848580804	([389, 100], [399, 389, 384])
1	0.6364328356007964	0.6887286435606753	([85, 20], [85, 20, 11])
1	0.6812464913398075	0.6891929859514525	([285, 248], [285, 278, 248])
1	0.5182937955328935	0.6896138763798741	([278, 94], [278, 270, 253])
1	0.6708955512888295	0.6906330048014829	([55, 26], [78, 77, 55])
1	0.6629745173794117	0.6910951724695807	([291, 253], [291, 279, 253])
1	0.6885449535405377	0.6919209714155339	([163, 126], [163, 139, 126])
1	0.6895975437809693	0.6934612867770078	([63, 40], [63, 55, 52])
1	0.6797367905355137	0.6961966222807819	([294, 245], [288, 272, 254])
1	0.6559312758953603	0.6966434320700926	([102, 26], [55, 54, 26])
1	0.6918170088373871	0.6969457299115798	([399, 78], [395, 393, 77])
1	0.6930396046946667	0.6971614072146457	([217, 77], [217, 184, 77])
1	0.6968138608502165	0.6987392002750386	([156, 116], [156, 131, 122])
1	0.6970899018848158	0.6989116577002231	([176, 121], [176, 160, 121])
1	0.6777185627608524	0.6997398627519998	([290, 251], [290, 278, 248])
1	0.6588339786111144	0.6998278726164794	([56, 24], [56, 44, 26])
1	0.6969011106264874	0.6998394896220806	([291, 241], [294, 291, 241])
1	0.6835915536354094	0.7000155257715196	([395, 76], [394, 393, 77])
1	0.6861814683458	0.7010319450550538	([174, 135], [174, 162, 135])
1	0.6500208496646814	0.7012521972552709	([71, 21], [71, 21, 10])
1	0.6680268925416379	0.7016321030657676	([388, 73], [388, 104, 71])
1	0.6600615740619973	0.7016321030657676	([394, 103], [391, 388, 71])
1	0.6016945172027138	0.7033844454940734	([77, 0], [395, 391, 76])
1	0.5988094827842818	0.70464927297183	([104, 0], [71, 56, 21])
1	0.7021285607816148	0.7048418478990577	([327, 102], [349, 327, 317])
1	0.6839323706490478	0.704914508717855	([183, 132], [183, 162, 135])
1	0.6558602857172837	0.7063114368744228	([360, 78], [360, 349, 102])
1	0.7020303575582517	0.7069823889361989	([219, 175], [219, 207, 187])
1	0.7064527145340205	0.7082497447832707	([258, 77], [260, 258, 77])
1	0.6892912679689862	0.7086186551957327	([158, 108], [158, 121, 108])
1	0.653619167527612	0.709026525789524	([108, 64], [108, 104, 63])
1	0.7065868867841333	0.7103250223637809	([293, 256], [301, 284, 276])
1	0.6912189571114641	0.710466453149843	([76, 20], [76, 20, 5])
1	0.7108113442185748	0.7111305577268743	([253, 220], [253, 232, 224])
1	0.7002305572475069	0.7125101941698228	([159, 107], [159, 131, 110])
1	0.7093295507738373	0.7130865921792515	([347, 300], [347, 319, 300])
1	0.7013340039188036	0.7134739319013675	([77, 33], [77, 33, 13])
1	0.6537703197709276	0.7144540391561683	([397, 71], [399, 75, 71])
1	0.6998123418264687	0.7146685778286023	([372, 292], [382, 351, 308])
1	0.7117958040550382	0.7147351155987893	([300, 260], [300, 274, 260])
1	0.692441025160453	0.7151881065587405	([372, 78], [393, 376, 372])
1	0.711173047442206	0.7170568972943114	([272, 240], [272, 256, 240])
1	0.7142002474345619	0.7176210441008667	([169, 76], [167, 145, 76])
1	0.7036469883534279	0.71820490052619	([297, 252], [297, 287, 250])
1	0.7114613424985033	0.7186605152688047	([111, 47], [111, 108, 63])
1	0.7108267945654664	0.7198117343010271	([287, 232], [287, 250, 239])
1	0.7116590146376539	0.7203204165491564	([180, 120], [180, 158, 133])
1	0.7166960948745323	0.72042694823529	([368, 314], [368, 351, 314])
1	0.7067506203626991	0.7204522312082651	([250, 204], [250, 238, 210])
1	0.7177892301684677	0.7206817707468948	([282, 234], [282, 268, 234])
1	0.7066926634468831	0.7216404823738753	([241, 119], [248, 241, 119])
1	0.7006069255239719	0.7216621617448772	([284, 231], [284, 271, 231])
1	0.7122451229666823	0.7218883221995995	([382, 110], [382, 176, 110])
1	0.7147140968683056	0.7221375629112409	([303, 78], [305, 260, 77])
1	0.7132869975161835	0.722171367513212	([293, 234], [293, 256, 248])
1	0.7168182278870291	0.7229256369109687	([251, 218], [251, 245, 218])
1	0.6966533831795597	0.7231879390551037	([309, 272], [309, 290, 277])
1	0.7162134590980076	0.7232101655943671	([294, 160], [294, 292, 157])
1	0.6524520260654159	0.7235570912254452	([313, 282], [313, 297, 282])
1	0.704070456966898	0.7236738775640972	([177, 112], [177, 158, 117])
1	0.7164614726468176	0.7237841955237048	([401, 292], [401, 382, 292])
1	0.7109349451534931	0.723828650380712	([307, 269], [307, 305, 269])
1	0.7236153739696192	0.7242919186168705	([322, 75], [339, 322, 317])
1	0.7024217267817185	0.7243787391448595	([382, 176], [401, 382, 114])
1	0.708868171298211	0.7244054314408832	([177, 75], [163, 146, 132])
1	0.7132082883011219	0.724688495125619	([175, 62], [175, 121, 62])
1	0.7213053649663296	0.7252584748932309	([314, 249], [314, 288, 285])
1	0.7211555945892919	0.7257916791825513	([111, 27], [111, 47, 27])
1	0.7125761603614156	0.7264077755203794	([290, 114], [382, 292, 290])
1	0.7235657926798377	0.7265334665869619	([290, 236], [290, 248, 247])
1	0.7257399328700028	0.7270727516325182	([218, 117], [218, 181, 117])
1	0.7180386558678794	0.7270774732794657	([254, 179], [254, 235, 232])
1	0.6981881551789332	0.7272676169970338	([315, 176], [382, 315, 292])
1	0.7106071675824182	0.7278823703870312	([45, 0], [45, 24, 14])
1	0.7253943567989359	0.728328835636759	([351, 121], [351, 175, 168])
1	0.7140247798766264	0.7284095493392407	([372, 312], [372, 312, 292])
1	0.7239189626110683	0.729233645923972	([187, 139], [187, 164, 163])
1	0.7245394149731403	0.730135804674786	([189, 128], [189, 178, 128])
1	0.6885912539328126	0.7303238917191264	([162, 104], [153, 146, 75])
1	0.6794264593288247	0.7304895425524597	([114, 61], [114, 108, 62])
1	0.7202142794511454	0.7308202665768334	([126, 71], [146, 138, 71])
1	0.682459603479333	0.7308458398104902	([369, 75], [369, 366, 75])
1	0.7082162079327574	0.7310456666045604	([110, 40], [114, 110, 40])
1	0.7300723361827043	0.7313440236982565	([289, 229], [289, 279, 234])
1	0.7246785031894456	0.7314927173703107	([281, 224], [281, 256, 252])
1	0.6658589160814683	0.7318513114424137	([147, 75], [179, 162, 104])
1	0.6511496299004204	0.7318513114424137	([186, 103], [186, 179, 104])
1	0.7134977676547735	0.731996777643812	([368, 291], [368, 314, 311])
1	0.7163727673326454	0.7320705366830622	([277, 197], [277, 256, 230])
1	0.6919763908215841	0.732375817395242	([230, 121], [230, 218, 121])
1	0.7270882963335801	0.7326940089854717	([273, 108], [294, 273, 108])
1	0.7230658109903099	0.7327761982279205	([383, 294], [383, 351, 294])
1	0.7206111393096136	0.733425723664939	([234, 196], [234, 223, 196])
1	0.6883334448051579	0.7334421620536503	([368, 104], [388, 368, 353])
1	0.7248672149778426	0.7342198248245213	([242, 117], [242, 230, 117])
1	0.7293788276908374	0.7344294246588502	([342, 173], [342, 318, 184])
1	0.7194061809932764	0.735168068390997	([249, 114], [290, 244, 234])
1	0.694012708461834	0.7354521728509822	([248, 116], [248, 187, 183])
1	0.7316797950762168	0.7355042943648332	([375, 177], [382, 375, 177])
1	0.7040690043626346	0.7357931234561886	([296, 178], [296, 272, 179])
1	0.7069863570502317	0.7357931234561886	([351, 168], [351, 296, 179])
1	0.7224725945966698	0.7361207366208267	([251, 110], [251, 243, 115])
1	0.7359325838264373	0.7365201118656721	([382, 126], [382, 126, 114])
1	0.7321138147141252	0.7366248331576709	([359, 174], [359, 342, 326])
1	0.6698214443735967	0.7369213109646565	([103, 66], [116, 110, 66])
1	0.7302613223251776	0.737581180660846	([317, 168], [351, 325, 168])
1	0.7265884943030254	0.7377082753708573	([257, 181], [257, 251, 181])
1	0.7248681150995798	0.7380937070165815	([314, 181], [285, 251, 248])
1	0.7288158409506231	0.7384556915284727	([247, 104], [247, 210, 186])
1	0.7314232111601807	0.7384556915284727	([253, 186], [253, 247, 186])
1	0.7103883204334863	0.7385085713721962	([271, 180], [277, 271, 180])
1	0.7256214421816866	0.7385360791559794	([221, 115], [243, 221, 219])
1	0.7342410614573937	0.7388402489785916	([288, 65], [288, 250, 76])
1	0.7039032914596635	0.7388497685809197	([292, 157], [351, 294, 160])
1	0.7102427086921944	0.7388624031481378	([339, 75], [366, 339, 333])
1	0.7262072853046679	0.7389171358023048	([346, 167], [346, 315, 176])
1	0.7367456730135532	0.7389171358023048	([391, 176], [391, 346, 176])
1	0.7275921774042117	0.7391930684756483	([107, 68], [107, 68, 62])
1	0.7271746560409158	0.7393038623007885	([229, 120], [229, 228, 120])
1	0.6782807401124548	0.7393912103401125	([113, 60], [113, 108, 64])
1	0.731503029261009	0.7395125487177042	([212, 145], [212, 187, 163])
1	0.7356090685294653	0.7395774143201321	([227, 126], [227, 210, 126])
1	0.7271850234211553	0.7395774143201321	([277, 126], [277, 210, 126])
1	0.7206078545200344	0.7396006110379728	([228, 108], [238, 228, 120])
1	0.7170530113010474	0.73994830339811	([243, 115], [229, 221, 115])
1	0.7328153760905707	0.740076617397831	([225, 125], [225, 220, 125])
1	0.6700857110097952	0.7401342097706771	([245, 102], [245, 218, 207])
1	0.7343469952746653	0.7401342097706771	([288, 207], [288, 245, 207])
1	0.7180051868702448	0.7402653154426844	([260, 216], [260, 255, 214])
1	0.7366262322735817	0.740630926293515	([397, 109], [397, 109, 67])
1	0.7376896430798534	0.7407125072959589	([203, 137], [215, 203, 137])
1	0.7174203528898464	0.7407922337872089	([310, 214], [310, 293, 214])
1	0.7345181865629662	0.7408339245755303	([235, 118], [251, 235, 118])
1	0.7166894110683925	0.7409135262752092	([318, 184], [342, 323, 181])
1	0.7319075967217099	0.7411932807045679	([285, 123], [285, 248, 128])
1	0.7387903209747056	0.741254336694038	([331, 171], [331, 171, 165])
1	0.7302385849221702	0.741254336694038	([331, 76], [357, 331, 165])
1	0.7285019129249827	0.741505278508617	([124, 59], [183, 124, 59])
1	0.7310065197405393	0.741505278508617	([248, 59], [248, 183, 59])
1	0.7228870733074498	0.7420604526688191	([357, 165], [336, 102, 77])
1	0.6939224263473632	0.7420604526688191	([260, 102], [336, 305, 77])
1	0.7354056102041556	0.7420604526688191	([330, 77], [336, 330, 77])
1	0.739024508142754	0.7422656731137286	([339, 145], [339, 147, 145])
1	0.7301583668850192	0.7424504634545979	([266, 217], [266, 217, 213])
1	0.7360326362800518	0.7426583194379902	([168, 71], [168, 146, 132])
1	0.7133891183231234	0.7428866606372836	([125, 46], [177, 125, 52])
1	0.7406445681568652	0.7429201182675883	([252, 121], [252, 248, 128])
1	0.7399844424076853	0.7429868734007843	([299, 191], [299, 277, 180])
1	0.7366286224330016	0.7430102807703083	([115, 59], [115, 107, 59])
1	0.7112220223567776	0.743068483953605	([323, 181], [318, 311, 184])
1	0.7087897041855058	0.7434144329877502	([143, 76], [318, 184, 171])
1	0.7413244288594683	0.7435017822833366	([206, 136], [210, 206, 126])
1	0.6975394592061079	0.743694708340392	([322, 183], [368, 322, 183])
1	0.7437011820108976	0.7437063527131392	([178, 73], [178, 162, 104])
1	0.7069678625801128	0.7438027437537159	([183, 42], [382, 177, 61])
1	0.5704499135734856	0.7438718865571172	([104, 103], [239, 235, 114])
1	0.7173632035416861	0.7439041520346493	([305, 169], [329, 184, 169])
1	0.6627134590880673	0.7439041520346493	([189, 102], [329, 318, 184])
1	0.7301883129061939	0.7440280286150228	([236, 180], [236, 214, 189])
1	0.7432617194597954	0.7441275294003403	([233, 107], [256, 240, 107])
1	0.7280941847463651	0.7442143578369738	([292, 186], [281, 256, 183])
1	0.6294327957101665	0.7442266316991699	([130, 77], [184, 130, 127])
1	0.7281764994457682	0.7445255376828124	([361, 150], [361, 330, 171])
1	0.7152593785116741	0.7447124716420265	([370, 298], [370, 351, 313])
1	0.7377838641643927	0.7447490993991909	([334, 146], [334, 331, 146])
1	0.6995589983009898	0.7447784242845373	([279, 77], [279, 260, 252])
1	0.7308645139477717	0.7449461501849118	([299, 115], [299, 290, 114])
1	0.7117781344954898	0.7450214415253398	([399, 107], [372, 107, 104])
1	0.7281968864877565	0.7453634851832391	([383, 15], [383, 375, 64])
1	0.7446704325934046	0.7454702894821873	([383, 120], [383, 120, 108])
1	0.7246866851766021	0.7454702894821873	([375, 59], [383, 294, 108])
1	0.7451505891972824	0.7457070999034533	([303, 172], [357, 303, 172])
1	0.7198633074900512	0.7457070999034533	([370, 172], [370, 357, 172])
1	0.7459847961766148	0.7460620658565317	([223, 42], [226, 223, 50])
1	0.738869474692653	0.7460946642524071	([371, 241], [371, 292, 256])
1	0.7455419573083476	0.7461665471509459	([277, 168], [277, 168, 135])
1	0.7010615793004373	0.7465054251260574	([401, 230], [401, 230, 114])
1	0.7370023180692392	0.7465378243923	([284, 140], [291, 284, 133])
1	0.7311964617244715	0.7465955312623546	([374, 111], [374, 176, 111])
1	0.7195670711430247	0.7467423829243232	([121, 39], [177, 121, 38])
1	0.7448304849853804	0.7467499989630059	([296, 219], [296, 236, 219])
1	0.7132864855234121	0.746855601514202	([370, 181], [370, 344, 342])
1	0.7267662793269628	0.7470245979575287	([232, 44], [248, 232, 119])
1	0.7384880445551056	0.7470694371423947	([314, 133], [314, 181, 175])
1	0.736813455250726	0.7473352836398481	([361, 264], [361, 306, 264])
1	0.7279938833180426	0.7475229326021252	([387, 72], [399, 387, 69])
1	0.5310013237168733	0.7475348261549226	([381, 94], [398, 381, 380])
1	0.7270470455405025	0.7476848941314391	([119, 50], [232, 231, 119])
1	0.7444800935656479	0.7477816325057329	([295, 233], [295, 287, 233])
1	0.7268110129478315	0.7477839038659825	([396, 125], [396, 125, 108])
1	0.6998815751914655	0.7478493913044404	([232, 77], [260, 252, 232])
1	0.7363443833684701	0.7480346333634735	([179, 57], [284, 254, 179])
1	0.7317984351786592	0.7486713394964206	([247, 132], [247, 132, 121])
1	0.7386301466236986	0.7488102988680498	([315, 128], [315, 201, 181])
1	0.7303686030742127	0.7491239766508245	([284, 0], [284, 57, 0])
1	0.7350370622107907	0.7491399953408973	([374, 271], [374, 351, 271])
1	0.7392513689159943	0.7496221228650602	([398, 70], [401, 398, 70])
1	0.7479430121514704	0.7499483000288082	([374, 49], [382, 374, 58])
1	0.7394349565371917	0.7499631815944524	([397, 179], [397, 179, 120])
1	0.7493626923700555	0.7500829508963386	([295, 203], [295, 242, 233])
1	0.7069707473630228	0.7506770536872703	([257, 75], [257, 248, 75])
1	0.741663367702695	0.7507693641165225	([298, 174], [351, 298, 174])
1	0.7479501873822465	0.7508015741714253	([279, 39], [279, 53, 39])
1	0.7290073545521389	0.7510228705549427	([256, 107], [233, 181, 107])
1	0.7300912026458005	0.7514936637323392	([118, 37], [118, 64, 37])
1	0.7494900737025805	0.7522734590819478	([351, 196], [351, 206, 196])
1	0.7418054038459782	0.7523509088824083	([203, 115], [221, 219, 115])
1	0.7259477627221608	0.752366924321005	([316, 63], [316, 294, 108])
1	0.7483476902155346	0.7526081126796096	([123, 19], [125, 123, 46])
1	0.7479821849300824	0.7526081126796096	([294, 46], [294, 123, 46])
1	0.7249047710812053	0.7526744002179283	([297, 109], [297, 111, 109])
1	0.7393105296135303	0.7532651120483502	([311, 126], [311, 177, 126])
1	0.7353547700284433	0.7532851280943047	([291, 133], [297, 291, 109])
1	0.73448339932515	0.753320203508527	([302, 167], [334, 302, 166])
1	0.7248970909438036	0.7533255951644509	([266, 185], [305, 264, 185])
1	0.7419082921527563	0.7533494044387584	([324, 210], [316, 288, 210])
1	0.7351335232378358	0.7534763200229552	([308, 163], [351, 308, 121])
1	0.7295415468469818	0.7535160795471405	([284, 57], [284, 244, 179])
1	0.7412440522743375	0.7535555357693812	([234, 48], [234, 231, 26])
1	0.6819690206965625	0.7536828186299656	([236, 113], [236, 234, 113])
1	0.7530838241621419	0.7537640277286489	([361, 214], [361, 214, 104])
1	0.6558476993911045	0.7538264089709535	([274, 104], [274, 236, 214])
1	0.7292829506546196	0.7539575980774552	([397, 289], [397, 297, 289])
1	0.7305825857984533	0.7543042785258934	([269, 173], [357, 305, 269])
1	0.7240855465721308	0.7551582553421262	([144, 77], [151, 135, 130])
1	0.6890072868334179	0.7551747447958659	([359, 266], [359, 303, 271])
1	0.6983702679127456	0.7554196605239463	([231, 50], [223, 216, 42])
1	0.7390598834628962	0.7557639630155123	([387, 259], [387, 357, 259])
1	0.7381192159586696	0.7557912784078908	([308, 30], [308, 291, 44])
1	0.7481416957971875	0.755882364817477	([365, 212], [365, 351, 174])
1	0.7326092307420176	0.7563444097710704	([238, 76], [302, 288, 75])
1	0.7366296764871832	0.7564266909937836	([257, 50], [289, 279, 39])
1	0.7476298212713098	0.7564747366855279	([375, 116], [382, 375, 116])
1	0.7375204496671242	0.7565268955548723	([369, 140], [370, 369, 140])
1	0.7335680299598626	0.7566760707028258	([178, 60], [296, 178, 60])
1	0.7529911459095229	0.7567139654790923	([348, 276], [351, 348, 276])
1	0.7295409226466825	0.7567782358995425	([314, 58], [231, 207, 187])
1	0.7476161719561483	0.7568113938884523	([340, 153], [357, 340, 153])
1	0.7467585123365343	0.7568786674375494	([179, 17], [255, 242, 17])
1	0.7265183294043166	0.7569123565540111	([242, 17], [242, 232, 44])
1	0.7240279236087678	0.7570544404242315	([279, 53], [257, 236, 231])
1	0.7338072557894919	0.7571831332889163	([383, 178], [383, 308, 178])
1	0.7468862358886694	0.7572619848988511	([397, 223], [397, 289, 240])
1	0.7546435751138728	0.7574944049108769	([260, 141], [307, 260, 253])
1	0.7470004833537321	0.7575596475123877	([289, 159], [313, 289, 159])
1	0.7254857392918412	0.7576225033057471	([371, 60], [374, 371, 60])
1	0.7206776187568211	0.7578689072451987	([295, 2], [295, 76, 64])
1	0.7478019590645313	0.7582646127152104	([329, 266], [329, 305, 266])
1	0.7577210464897338	0.7583336165802377	([278, 213], [278, 213, 211])
1	0.7418505624101491	0.7584152412690652	([251, 41], [251, 61, 41])
1	0.7541332219264815	0.7584917437260968	([272, 146], [309, 272, 139])
1	0.7085338471053483	0.758604146487963	([233, 167], [233, 225, 167])
1	0.7561390591215683	0.7589144493164582	([226, 156], [226, 175, 156])
1	0.7564664364889157	0.7589616776991821	([294, 188], [294, 188, 177])
1	0.7331183465090768	0.7590088617536891	([297, 132], [260, 150, 141])
1	0.7501317381795081	0.7590700668270771	([290, 201], [290, 201, 128])
1	0.7539262521674149	0.759184167851879	([280, 127], [280, 184, 169])
1	0.6743554382671753	0.7591985751029994	([200, 75], [206, 177, 126])
1	0.745519102623586	0.759287376386044	([230, 16], [230, 109, 17])
1	0.7463096251410926	0.7594910087542622	([264, 167], [264, 185, 169])
1	0.7535303485759135	0.759647535964837	([259, 166], [357, 259, 166])
1	0.7474322716754712	0.7597379838120449	([390, 9], [390, 387, 9])
1	0.7408147546567623	0.7599309475438084	([309, 28], [309, 107, 59])
1	0.7430893058518951	0.7599534412501471	([324, 110], [324, 210, 176])
1	0.755286605788656	0.7600670224781377	([369, 57], [377, 369, 57])
1	0.7215815077292538	0.7602223685801437	([307, 104], [387, 307, 104])
1	0.7416761256408552	0.7604666966625271	([229, 37], [232, 229, 37])
1	0.736934139931997	0.7606628992071851	([182, 76], [182, 167, 158])
1	0.7555244968515348	0.7606914377767917	([337, 151], [337, 319, 164])
1	0.7345256859098089	0.7610677404229266	([383, 231], [383, 249, 231])
1	0.6960248978234482	0.7612757005447645	([195, 76], [195, 184, 76])
1	0.7476675658942433	0.7615493833091226	([367, 263], [384, 362, 263])
1	0.7396409884370478	0.7620545976250414	([135, 74], [135, 122, 74])
1	0.7305856838723788	0.7622433427912062	([269, 71], [266, 150, 146])
1	0.7463487672486593	0.7624253149982285	([379, 173], [379, 374, 173])
1	0.7589801882582757	0.7624518234324265	([341, 107], [350, 341, 107])
1	0.7516989330058335	0.7625671383468002	([371, 226], [371, 256, 226])
1	0.7318539717484132	0.7627647733403884	([371, 139], [371, 369, 140])
1	0.7482738515158968	0.7634756421216848	([378, 285], [378, 354, 285])
1	0.7554855305638657	0.7638071817593669	([164, 3], [164, 108, 107])
1	0.7432333120418184	0.763950760740208	([205, 28], [205, 203, 50])
1	0.7544057598778922	0.7642981409407738	([275, 1], [397, 275, 1])
1	0.6970514175544976	0.7644846351661981	([115, 45], [115, 59, 45])
1	0.7540776915115787	0.7644905140791798	([376, 133], [374, 373, 118])
1	0.7386895427527975	0.7647537696414547	([291, 19], [291, 277, 30])
1	0.756087167385989	0.765246186228547	([236, 42], [246, 236, 42])
1	0.7281108779161087	0.7653019788852109	([253, 52], [253, 229, 52])
1	0.7635775046712954	0.7656126781832577	([252, 57], [252, 128, 57])
1	0.7576062434090178	0.7656669607641207	([220, 72], [220, 183, 64])
1	0.7630274180725017	0.7660220652507003	([274, 23], [291, 274, 19])
1	0.7474002426431281	0.7662315094544002	([394, 53], [400, 394, 53])
1	0.7646507032412975	0.7664044724045894	([395, 276], [395, 348, 347])
1	0.7533993557292393	0.7666963280523302	([398, 254], [398, 382, 254])
1	0.7555775329306148	0.7667103101523237	([287, 12], [287, 110, 66])
1	0.7584773861306005	0.767050339324158	([393, 236], [393, 236, 107])
1	0.7665573288978191	0.7671169009944866	([330, 265], [330, 303, 269])
1	0.7626016047534719	0.7672386642089862	([198, 109], [198, 166, 109])
1	0.7359777376430431	0.7674726829840396	([233, 19], [233, 107, 19])
1	0.766012942610074	0.7678433364480295	([309, 192], [309, 293, 209])
1	0.7576459414463553	0.7678543677267889	([327, 71], [329, 327, 71])
1	0.748854099734708	0.7689699675642987	([239, 49], [239, 228, 43])
1	0.7459385054848592	0.7694560650157228	([315, 66], [315, 307, 66])
1	0.7347137324016112	0.7695805730357015	([172, 74], [172, 107, 104])
1	0.736388484190676	0.7696922412165398	([243, 36], [244, 61, 32])
1	0.7684195720352607	0.7699854565610021	([236, 73], [236, 233, 71])
1	0.766464869443687	0.7704173617895588	([395, 119], [400, 395, 119])
1	0.7696829528773939	0.7710122322749637	([318, 73], [390, 318, 73])
1	0.7680449770713575	0.7712347914365886	([385, 274], [385, 375, 274])
1	0.7680629180520717	0.771816606159111	([312, 17], [312, 253, 17])
1	0.7474172291810495	0.7720663754007421	([336, 162], [353, 336, 162])
1	0.7686197105279935	0.7725601369769911	([395, 235], [400, 395, 235])
1	0.7688900026021827	0.772625230052983	([219, 32], [228, 219, 32])
1	0.7696946564724191	0.7727662783071652	([289, 199], [289, 232, 194])
1	0.74593814001067	0.7728907129909791	([369, 32], [382, 369, 32])
1	0.7423910484046273	0.7733117938554022	([354, 5], [387, 354, 5])
1	0.7510700036161149	0.7734149892922549	([195, 36], [195, 76, 46])
1	0.7597929109087647	0.7736136335059872	([185, 21], [185, 74, 21])
1	0.7581545870452918	0.7739064276889172	([210, 29], [210, 114, 29])
1	0.7431919949793763	0.7741035212936561	([196, 14], [382, 196, 112])
1	0.7606206569419339	0.774183092586539	([367, 22], [367, 160, 104])
1	0.7493162134847465	0.7743400187667384	([276, 115], [276, 181, 107])
1	0.753275007724582	0.7744756515259745	([119, 9], [367, 263, 119])
1	0.7559305734066069	0.7746794560584396	([393, 293], [393, 377, 293])
1	0.5222282316850244	0.77494006344495	([328, 100], [328, 312, 300])
1	0.7666322240449369	0.7751177160032282	([307, 6], [307, 76, 66])
1	0.7693600071598619	0.7753755702709715	([376, 42], [383, 376, 42])
1	0.7537226373344049	0.7754664777969265	([372, 218], [372, 250, 218])
1	0.6791032223556678	0.7760122551300858	([293, 102], [293, 245, 121])
1	0.7531248280036158	0.7764381048792488	([285, 26], [285, 116, 54])
1	0.7759108321880299	0.7773701805806503	([369, 213], [369, 213, 184])
1	0.776721117700587	0.7775035240846514	([396, 211], [396, 233, 211])
1	0.6907414654207564	0.7781695895624472	([191, 78], [191, 134, 118])
1	0.7719448612975139	0.7782778320638675	([163, 24], [163, 75, 24])
1	0.7646404207984066	0.7784637173224579	([173, 26], [339, 333, 26])
1	0.7672268603675818	0.7785344231244468	([215, 20], [238, 212, 20])
1	0.7734226049353766	0.7793208302333168	([351, 18], [351, 107, 18])
1	0.6125995863816013	0.7794945218639394	([116, 95], [116, 95, 12])
1	0.7555821828862255	0.7803573247481363	([338, 213], [338, 323, 213])
1	0.7795007006556294	0.7805266882801215	([345, 125], [345, 308, 125])
1	0.7774443446733125	0.7810133811818755	([300, 21], [300, 285, 38])
1	0.5316583492893995	0.7812891193230775	([356, 101], [386, 356, 353])
1	0.7723088526058967	0.7816589003702182	([365, 21], [365, 277, 29])
1	0.7656502558556475	0.781857114346942	([207, 33], [207, 53, 33])
1	0.6803278394989484	0.7822448870655988	([147, 103], [147, 104, 103])
1	0.7792222851383813	0.782984221072844	([388, 141], [388, 360, 141])
1	0.7813651241918644	0.7838668388963739	([378, 135], [378, 365, 135])
1	0.7518751059187984	0.7842896187197522	([378, 7], [391, 378, 7])
1	0.772367590714339	0.7845192224496943	([254, 48], [254, 232, 48])
1	0.7739852427090652	0.7849190509818199	([378, 188], [378, 309, 262])
1	0.6875653496326545	0.7851996068682167	([134, 78], [305, 125, 115])
1	0.785203120196238	0.785209598539785	([315, 10], [315, 28, 20])
1	0.7029327693996341	0.7854905575669862	([229, 78], [229, 191, 177])
1	0.7780586685206864	0.7868176359502722	([342, 1], [384, 342, 1])
1	0.773706159046923	0.7873277652166457	([390, 128], [390, 354, 128])
1	0.6595497582894791	0.7879194519255859	([256, 103], [256, 108, 103])
1	0.7757701783740742	0.7895152869286602	([148, 53], [159, 148, 53])
1	0.7522348936031561	0.7897772912349664	([285, 74], [285, 249, 74])
1	0.6329174327213375	0.7901553807503015	([395, 85], [395, 85, 11])
1	0.7853855970067417	0.7902786527148654	([214, 6], [214, 171, 6])
1	0.7600584381180966	0.7920987056925659	([299, 3], [299, 114, 3])
1	0.7925188811415242	0.8000655936408848	([261, 5], [261, 249, 5])
1	0.7640675812425726	0.8009190841170043	([134, 4], [134, 38, 21])
1	0.7998820609925021	0.8046741584563867	([200, 7], [206, 200, 7])
1	0.5669550023076778	0.8076193895652543	([401, 0], [356, 101, 72])
1	0.5105845730787804	0.81177184916046	([270, 94], [381, 270, 94])
0	0.0	0.8150285425511641	([321], [97, 90])
1	0.5148538112027841	0.829512272806068	([151, 100], [328, 151, 100])
1	0.5108875201081642	0.8409111937765442	([164, 94], [278, 164, 94])
1	0.8347749048926012	0.8474646569789983	([106, 102], [384, 106, 104])
1	0.4914267779687801	0.8491754388823385	([312, 100], [399, 151, 100])
1	0.5181705752306047	0.862226435069557	([107, 106], [152, 106, 104])
0	0.0	0.8640783244826176	([98], [105, 82])
1	0.48738063732630105	0.8751617203814599	([328, 319], [386, 236, 91])
1	0.4568417040286881	0.8794116399945786	([304, 83], [304, 285, 83])
1	0.4764101608590187	0.8852821048812372	([153, 152], [364, 106, 104])
1	0.48578077454474716	0.8872538012740991	([386, 101], [385, 89, 50])
1	0.4828825250441647	0.887285037063672	([365, 363], [363, 169, 97])
1	0.4920748752271067	0.889397430005687	([36, 34], [222, 80, 35])
1	0.48049332388985694	0.9064182105799194	([26, 25], [265, 264, 92])
1	0.5272151783559019	0.9079725782153131	([129, 101], [355, 129, 101])
1	0.4759274614690491	0.9099745993548378	([92, 25], [182, 88, 25])
0	0.0	0.9100737293769425	([79], [87, 78])
1	0.4785691383092008	0.9196424050252823	([106, 88], [182, 106, 88])
1	0.6109820956717025	0.9226517184767872	([85, 11], [95, 85, 11])
0	0.0	0.9702039550109358	([99], [358, 357])
0	0.0	0.9735937376470704	([82], [321, 320])
1	0.999775519772385	0.9998155077081633	([185, 90], [185, 173, 90])
1	0.9980185264826168	0.9999975352447152	([105, 96], [384, 105, 90])
0	0.0	1.0	([81], [81, 0])
0	0.0	1.0	([84], [84, 0])
1	0.9834516934791625	1.0	([274, 87], [87, 78, 0])
1	0.9934993223813097	1.0	([105, 79], [105, 79, 0])
0	0.0	inf	([86], [])
