0	0.0	0.014327467447159363	([175], [175, 122])
0	0.0	0.01581188817906281	([399], [399, 119])
0	0.0	0.017871413942067555	([194], [194, 124])
0	0.0	0.0216911389589005	([190], [190, 181])
0	0.0	0.04087730330553341	([129], [129, 125])
0	0.0	0.048269291052684314	([131], [131, 113])
0	0.0	0.05159258002397556	([114], [114, 26])
0	0.0	0.2407057466668918	([177], [177, 176])
0	0.0	0.24509604547871416	([306], [306, 305])
0	0.0	0.24615589793397954	([1], [1, 0])
0	0.0	0.24825685908889059	([229], [229, 228])
0	0.0	0.24843010587273856	([242], [242, 241])
0	0.0	0.24976148498037695	([297], [297, 296])
0	0.0	0.25367980449992916	([332], [332, 331])
0	0.0	0.25452766276243266	([407], [407, 406])
0	0.0	0.25463551446547067	([7], [7, 6])
0	0.0	0.2593526001021158	([111], [111, 110])
0	0.0	0.25987685376466907	([11], [11, 10])
0	0.0	0.26324470097753716	([13], [13, 12])
0	0.0	0.2668022730404166	([37], [37, 36])
0	0.0	0.26846096788889406	([410], [410, 409])
0	0.0	0.26874047396334577	([393], [393, 392])
0	0.0	0.26942896939578515	([20], [20, 19])
0	0.0	0.2711786315427481	([404], [404, 403])
0	0.0	0.27300604904715836	([173], [173, 172])
0	0.0	0.2738109385692897	([372], [372, 371])
0	0.0	0.2745813377310121	([170], [170, 169])
0	0.0	0.2753638889716836	([189], [189, 188])
0	0.0	0.2755648972110793	([314], [314, 313])
0	0.0	0.27628049119303455	([278], [278, 277])
0	0.0	0.2784318959675202	([98], [98, 97])
0	0.0	0.2793671847934338	([294], [294, 293])
0	0.0	0.2797812852215343	([412], [412, 411])
0	0.0	0.27994739109968814	([343], [343, 342])
0	0.0	0.2799826302331206	([174], [174, 173])
0	0.0	0.28050999306147767	([323], [323, 322])
0	0.0	0.2806772855692072	([193], [193, 192])
0	0.0	0.28101486528162956	([401], [401, 400])
0	0.0	0.28250266760115555	([34], [34, 33])
0	0.0	0.2827032770026659	([39], [39, 38])
0	0.0	0.28281562861133747	([349], [349, 348])
0	0.0	0.28285355661840605	([31], [31, 30])
0	0.0	0.2830184284456709	([202], [202, 201])
0	0.0	0.28313133336029794	([163], [163, 162])
0	0.0	0.283175850770941	([112], [112, 111])
0	0.0	0.283279510459011	([97], [97, 96])
0	0.0	0.283366579302624	([287], [287, 286])
0	0.0	0.28355040094973316	([180], [180, 179])
0	0.0	0.283936931777806	([62], [62, 61])
0	0.0	0.2841440344245421	([276], [276, 275])
0	0.0	0.2846596468319435	([237], [237, 236])
0	0.0	0.28469015884094945	([23], [23, 22])
0	0.0	0.28594711275834706	([55], [55, 54])
0	0.0	0.2864166907798888	([396], [396, 395])
0	0.0	0.28691708010668077	([164], [164, 163])
0	0.0	0.28749564193309773	([409], [409, 408])
0	0.0	0.28768621791492216	([248], [248, 247])
0	0.0	0.28771955180572073	([9], [9, 8])
0	0.0	0.28787863790263746	([352], [352, 351])
0	0.0	0.28883685940874954	([368], [368, 367])
0	0.0	0.2888800691749341	([63], [63, 62])
0	0.0	0.2889117006577825	([386], [386, 385])
0	0.0	0.2898891651403133	([3], [3, 2])
0	0.0	0.29013459454810586	([316], [316, 315])
0	0.0	0.29016330214273306	([321], [321, 320])
0	0.0	0.2913593838229783	([41], [41, 40])
0	0.0	0.29209706283523645	([415], [415, 414])
0	0.0	0.2925460297572846	([255], [255, 254])
0	0.0	0.29298894523205204	([149], [149, 148])
0	0.0	0.2936714949287929	([153], [153, 152])
0	0.0	0.29392887634190334	([209], [209, 208])
0	0.0	0.29508279656885716	([46], [46, 45])
0	0.0	0.29524752050031555	([40], [40, 39])
0	0.0	0.29542068426446594	([369], [369, 368])
0	0.0	0.29605173415707947	([161], [161, 160])
0	0.0	0.29622524778321196	([310], [310, 309])
0	0.0	0.29639896459167003	([283], [283, 282])
0	0.0	0.2966239110019072	([49], [49, 48])
0	0.0	0.29837400363525524	([304], [304, 303])
0	0.0	0.2988070811076573	([52], [52, 51])
0	0.0	0.2989442908428288	([207], [207, 206])
0	0.0	0.2989688074237356	([57], [57, 56])
0	0.0	0.29965235021424835	([342], [342, 341])
0	0.0	0.29989920650523033	([197], [197, 196])
0	0.0	0.30107693051342654	([10], [10, 9])
0	0.0	0.30121176404201333	([377], [377, 376])
0	0.0	0.3012728333279602	([290], [290, 289])
0	0.0	0.30136086655822175	([192], [192, 191])
0	0.0	0.301667366568409	([329], [329, 328])
0	0.0	0.3020438770743206	([30], [30, 29])
0	0.0	0.30275109418049395	([220], [220, 219])
0	0.0	0.3031140692271878	([370], [370, 369])
0	0.0	0.3031825750360016	([244], [244, 243])
0	0.0	0.3036030056844941	([206], [206, 204])
0	0.0	0.3041104534624534	([327], [327, 326])
0	0.0	0.3041380023664149	([107], [107, 106])
0	0.0	0.30432330919978506	([89], [89, 88])
0	0.0	0.30488104794383064	([241], [241, 240])
0	0.0	0.3051316682385468	([288], [288, 287])
0	0.0	0.3052911034327929	([408], [408, 407])
0	0.0	0.30622403103787577	([33], [33, 32])
0	0.0	0.30634767326475487	([8], [8, 7])
0	0.0	0.30662805507051627	([251], [251, 250])
0	0.0	0.30666278040038375	([204], [206, 205])
0	0.0	0.30680210687101406	([210], [210, 209])
0	0.0	0.30755325944793005	([264], [264, 263])
0	0.0	0.30768978784721285	([224], [224, 223])
0	0.0	0.3080249352703106	([350], [350, 349])
0	0.0	0.3082594191242676	([249], [249, 248])
0	0.0	0.30838731260669516	([77], [77, 76])
0	0.0	0.3085285850137098	([360], [360, 359])
0	0.0	0.3095295050126031	([398], [398, 397])
0	0.0	0.3096462197138714	([59], [59, 58])
0	0.0	0.309839729018343	([389], [389, 388])
0	0.0	0.3102068086969591	([158], [158, 157])
0	0.0	0.31021145250790494	([388], [388, 387])
0	0.0	0.3106720184191716	([245], [245, 244])
0	0.0	0.3127336963019716	([70], [70, 69])
0	0.0	0.3129066947885648	([152], [152, 151])
0	0.0	0.3130725848430839	([387], [387, 386])
0	0.0	0.3132293334618742	([201], [201, 200])
0	0.0	0.3132458681026544	([236], [236, 235])
0	0.0	0.3132603395271302	([355], [355, 354])
0	0.0	0.3137050919464231	([362], [362, 361])
0	0.0	0.31390349807676066	([385], [385, 384])
0	0.0	0.3140351157700027	([302], [302, 301])
0	0.0	0.3142390310153015	([403], [404, 402])
0	0.0	0.3143449943006225	([336], [336, 335])
0	0.0	0.3143991510678761	([4], [4, 3])
0	0.0	0.31462071719653634	([268], [268, 267])
0	0.0	0.3150926494404241	([159], [159, 157])
0	0.0	0.31579352872767225	([211], [211, 210])
0	0.0	0.3161014932747635	([375], [375, 374])
0	0.0	0.3163136254429848	([378], [378, 377])
0	0.0	0.3163696116642739	([414], [414, 413])
0	0.0	0.31682078136846453	([406], [406, 405])
0	0.0	0.317433528607134	([221], [221, 220])
0	0.0	0.31745398221480736	([43], [43, 42])
0	0.0	0.3176479379040191	([383], [383, 382])
0	0.0	0.3177606434190245	([263], [263, 262])
0	0.0	0.31902888421392367	([374], [374, 373])
0	0.0	0.31903921315013606	([151], [151, 150])
0	0.0	0.3190540296668245	([21], [21, 20])
0	0.0	0.3194720134450421	([250], [250, 249])
0	0.0	0.3198547704518908	([328], [328, 327])
0	0.0	0.3199921328357841	([54], [54, 53])
0	0.0	0.32014464507751345	([330], [330, 329])
0	0.0	0.32065559068269084	([81], [81, 80])
0	0.0	0.3206722235514436	([144], [144, 143])
0	0.0	0.32138531136259535	([309], [309, 308])
0	0.0	0.3214651384569312	([379], [379, 378])
0	0.0	0.321469229466458	([299], [299, 298])
0	0.0	0.32182937370259695	([231], [231, 230])
0	0.0	0.3226487841503662	([267], [267, 266])
0	0.0	0.3231620946228172	([25], [25, 24])
0	0.0	0.32362387034935697	([188], [188, 187])
0	0.0	0.3236251662309501	([356], [356, 355])
0	0.0	0.3237439259425919	([381], [381, 380])
0	0.0	0.32381482624922325	([252], [252, 251])
0	0.0	0.3240771759835643	([218], [218, 217])
0	0.0	0.3245162464408057	([75], [75, 74])
0	0.0	0.32451689465463673	([35], [35, 34])
0	0.0	0.3246169208886615	([168], [168, 167])
0	0.0	0.3249666541491103	([392], [392, 391])
0	0.0	0.32524853102728196	([397], [397, 396])
0	0.0	0.3252777975991502	([171], [171, 170])
0	0.0	0.3254399314187025	([106], [106, 105])
0	0.0	0.32548714588690697	([67], [67, 66])
0	0.0	0.3257787993012916	([58], [58, 57])
0	0.0	0.3263114054267885	([240], [240, 239])
0	0.0	0.32641629356377505	([376], [376, 375])
0	0.0	0.3265312425885182	([24], [24, 23])
0	0.0	0.32700940825907443	([411], [411, 410])
0	0.0	0.32779636774276893	([74], [74, 73])
0	0.0	0.3278706959700826	([391], [391, 390])
0	0.0	0.3279144066031271	([29], [29, 28])
0	0.0	0.32797136151558054	([416], [416, 415])
0	0.0	0.32837888151593053	([95], [95, 94])
0	0.0	0.328462883406073	([150], [150, 149])
0	0.0	0.32875847787990553	([373], [373, 372])
0	0.0	0.32884191606424445	([390], [390, 389])
0	0.0	0.32899862183281553	([15], [15, 14])
0	0.0	0.3291453841805797	([167], [167, 166])
0	0.0	0.32929821190553055	([154], [154, 153])
0	0.0	0.3296103951808199	([319], [319, 318])
0	0.0	0.3298586216782205	([246], [246, 245])
0	0.0	0.33019905803409394	([225], [225, 224])
0	0.0	0.3302027905277913	([169], [169, 168])
0	0.0	0.3305095131489346	([217], [217, 216])
0	0.0	0.3305577567483118	([315], [315, 314])
0	0.0	0.33098590161479713	([185], [185, 183])
0	0.0	0.33164975796453633	([223], [223, 222])
0	0.0	0.3321944395643841	([160], [160, 159])
0	0.0	0.33221042619147284	([347], [347, 346])
0	0.0	0.3330058595260102	([334], [334, 333])
0	0.0	0.3332392458567465	([146], [146, 145])
0	0.0	0.3333211572479286	([145], [145, 144])
0	0.0	0.3337591792289542	([5], [5, 4])
0	0.0	0.33388744273332643	([247], [247, 246])
0	0.0	0.3342060451209649	([212], [212, 211])
0	0.0	0.3343183851937146	([66], [66, 65])
0	0.0	0.33450273155113325	([320], [320, 319])
0	0.0	0.3345224704088985	([301], [301, 300])
0	0.0	0.3345838809160719	([382], [382, 381])
0	0.0	0.3350146542665152	([101], [101, 100])
0	0.0	0.33536047697804333	([262], [262, 261])
0	0.0	0.3360114624803753	([100], [100, 99])
0	0.0	0.33602568151685885	([270], [270, 269])
0	0.0	0.3361590559580891	([313], [313, 312])
0	0.0	0.3365562966036513	([292], [292, 291])
0	0.0	0.3372013489032377	([186], [186, 185])
0	0.0	0.3374149504015192	([184], [184, 183])
0	0.0	0.33745354209943484	([277], [277, 276])
0	0.0	0.3384278459386065	([50], [50, 49])
0	0.0	0.33845942683068225	([17], [17, 15])
0	0.0	0.338740115432638	([274], [274, 273])
0	0.0	0.33904561472881073	([269], [269, 268])
0	0.0	0.3390703842897733	([36], [36, 35])
0	0.0	0.33922517456031454	([303], [303, 302])
0	0.0	0.33974725477264917	([286], [286, 285])
0	0.0	0.339932318990109	([147], [147, 146])
0	0.0	0.34050102291867224	([322], [322, 321])
0	0.0	0.3408363226894474	([64], [64, 63])
0	0.0	0.3413674054735363	([308], [308, 307])
0	0.0	0.3413825086614799	([227], [227, 226])
0	0.0	0.3414909604333216	([341], [341, 340])
0	0.0	0.3414999129980209	([413], [413, 412])
0	0.0	0.3420295258003741	([94], [94, 93])
0	0.0	0.3430513222009217	([351], [351, 350])
0	0.0	0.3438719339068006	([73], [73, 72])
0	0.0	0.3440282761479254	([234], [234, 233])
0	0.0	0.34423931161864635	([261], [261, 260])
0	0.0	0.34424839708763144	([285], [285, 284])
0	0.0	0.34445738100135986	([361], [361, 360])
0	0.0	0.3445196310540735	([56], [56, 55])
0	0.0	0.3449601507974278	([266], [266, 265])
0	0.0	0.345217590629761	([205], [204, 203])
0	0.0	0.3453932243273385	([338], [338, 336])
0	0.0	0.3457663356323293	([103], [103, 102])
0	0.0	0.34592487566578195	([166], [166, 165])
0	0.0	0.34597823956197277	([394], [394, 393])
0	0.0	0.3461345149789399	([380], [380, 379])
0	0.0	0.34632362752577295	([335], [335, 334])
0	0.0	0.34656295024905487	([156], [156, 155])
0	0.0	0.34731325208689423	([85], [85, 84])
0	0.0	0.34869090298745653	([232], [232, 227])
0	0.0	0.3493185776777728	([311], [311, 310])
0	0.0	0.34945167569905256	([86], [86, 85])
1	0.3466645052561219	0.3495000558534259	([288, 285], [288, 287, 286])
0	0.0	0.3495383024283562	([19], [19, 18])
0	0.0	0.3495904348488555	([105], [105, 104])
0	0.0	0.34968844814975036	([83], [83, 82])
0	0.0	0.34974808395184515	([346], [346, 345])
0	0.0	0.35020520563480745	([162], [162, 161])
0	0.0	0.35044579900169576	([325], [325, 324])
0	0.0	0.3505854453881803	([222], [222, 221])
0	0.0	0.3506643693419104	([91], [91, 90])
0	0.0	0.3514782406435297	([22], [22, 21])
0	0.0	0.3517637937540597	([365], [365, 364])
0	0.0	0.3517764211040859	([357], [357, 356])
0	0.0	0.35202443569470937	([157], [157, 156])
0	0.0	0.3522689171758153	([18], [18, 17])
0	0.0	0.3528542511724815	([384], [384, 383])
0	0.0	0.3533131684284454	([82], [82, 81])
0	0.0	0.35352848312420526	([300], [300, 299])
0	0.0	0.3535631832490276	([2], [2, 0])
0	0.0	0.353594094812648	([143], [143, 142])
0	0.0	0.35362429855024713	([80], [80, 79])
0	0.0	0.3541409051459329	([42], [42, 41])
0	0.0	0.3543050929875993	([51], [51, 50])
0	0.0	0.35455804597954366	([295], [295, 293])
0	0.0	0.35467487548681625	([38], [38, 37])
0	0.0	0.3547658945125031	([12], [12, 11])
0	0.0	0.35523838527261936	([312], [312, 311])
0	0.0	0.3559903396662065	([293], [293, 292])
0	0.0	0.3562847332686529	([213], [213, 212])
0	0.0	0.35644820587224213	([256], [256, 255])
0	0.0	0.3567295574823854	([155], [155, 154])
0	0.0	0.3570694524906196	([61], [61, 60])
0	0.0	0.35716963375816985	([333], [338, 337])
0	0.0	0.35730834279611434	([187], [187, 186])
0	0.0	0.35739372754207827	([45], [45, 44])
0	0.0	0.3586866939970986	([88], [88, 86])
0	0.0	0.3587735769295932	([200], [200, 199])
0	0.0	0.3596255585436091	([79], [79, 78])
0	0.0	0.3604853879627779	([109], [109, 108])
0	0.0	0.3606327410659109	([289], [289, 288])
0	0.0	0.36123516306884046	([14], [14, 13])
0	0.0	0.3619950954732137	([226], [226, 225])
0	0.0	0.36229432734109823	([208], [208, 207])
0	0.0	0.36274111318145774	([243], [243, 241])
0	0.0	0.36358673192880386	([72], [72, 71])
0	0.0	0.3636660679242438	([284], [284, 283])
0	0.0	0.3639980483680649	([71], [71, 70])
0	0.0	0.3643216630188377	([28], [28, 27])
0	0.0	0.36456308551665684	([203], [203, 202])
0	0.0	0.365002546521508	([337], [333, 331])
0	0.0	0.36571482265479266	([219], [219, 218])
0	0.0	0.3663792178987752	([354], [354, 353])
0	0.0	0.36684818222153087	([318], [318, 317])
0	0.0	0.36761623063709936	([6], [6, 5])
0	0.0	0.3681216349144028	([271], [271, 270])
0	0.0	0.3689421005270336	([305], [305, 304])
0	0.0	0.37209553133512213	([395], [395, 394])
0	0.0	0.37224680027376794	([179], [179, 178])
0	0.0	0.37296473501850114	([298], [298, 297])
0	0.0	0.3735090307782679	([104], [104, 103])
0	0.0	0.3742481371596799	([296], [296, 295])
0	0.0	0.37426474850564173	([32], [32, 31])
0	0.0	0.37448062953432554	([53], [53, 51])
0	0.0	0.37448604161299054	([44], [44, 43])
0	0.0	0.3773746313908898	([196], [196, 195])
0	0.0	0.3792097795210451	([178], [178, 177])
0	0.0	0.3792604284448271	([172], [172, 171])
0	0.0	0.37938548215938855	([273], [273, 271])
0	0.0	0.37977996735342207	([214], [214, 213])
0	0.0	0.37985157888898696	([281], [281, 280])
0	0.0	0.37995942040873404	([260], [260, 259])
0	0.0	0.3799601252273304	([291], [291, 290])
0	0.0	0.38027758340476975	([265], [273, 272])
0	0.0	0.3823020461260117	([272], [265, 264])
0	0.0	0.38231489769119303	([230], [231, 227])
0	0.0	0.38248543167429944	([238], [238, 237])
0	0.0	0.3824904869756558	([282], [282, 280])
0	0.0	0.3828690747288603	([235], [235, 234])
0	0.0	0.3834229016807037	([108], [108, 107])
1	0.3625408501084102	0.38497798772278885	([330, 326], [330, 329, 328])
0	0.0	0.3867057189704108	([16], [16, 15])
0	0.0	0.38722085810096685	([78], [78, 77])
0	0.0	0.389233847437516	([367], [367, 366])
0	0.0	0.38923753018092094	([69], [69, 68])
0	0.0	0.38968360681786557	([239], [239, 238])
0	0.0	0.39122865805360285	([99], [99, 98])
0	0.0	0.3914574768717077	([359], [359, 357])
0	0.0	0.3925054888420326	([135], [135, 120])
0	0.0	0.3935500924359787	([76], [76, 75])
0	0.0	0.39365210584714844	([195], [195, 193])
0	0.0	0.39391222695127953	([345], [345, 344])
0	0.0	0.3949304545908473	([405], [405, 404])
0	0.0	0.3951656871796632	([402], [402, 401])
0	0.0	0.3960212941113326	([148], [148, 147])
0	0.0	0.3960699030413301	([366], [366, 365])
0	0.0	0.39814256873001336	([353], [353, 352])
0	0.0	0.398691900880736	([92], [92, 91])
0	0.0	0.3997880660727943	([257], [257, 256])
0	0.0	0.3999999037377697	([348], [348, 347])
0	0.0	0.40131927911349297	([216], [231, 229])
0	0.0	0.40394784724166516	([275], [275, 274])
0	0.0	0.4050254923039105	([165], [165, 164])
0	0.0	0.4053144187593813	([90], [90, 89])
0	0.0	0.40737211913461885	([133], [133, 128])
1	0.3920898863098584	0.40822238418338946	([32, 27], [32, 31, 28])
0	0.0	0.41092218647021234	([364], [364, 363])
1	0.40551571332335246	0.41097474205255	([270, 266], [270, 269, 267])
0	0.0	0.41116345734970056	([344], [346, 343])
1	0.3864772653053302	0.4131103253067937	([59, 55], [59, 57, 56])
0	0.0	0.41470341732320687	([139], [139, 120])
0	0.0	0.4151958948143915	([326], [326, 325])
0	0.0	0.4155087610683925	([317], [317, 316])
0	0.0	0.4164795057087326	([182], [182, 180])
0	0.0	0.41710531184651667	([371], [371, 370])
0	0.0	0.4174954341376972	([259], [259, 258])
1	0.41168619243370297	0.41756029336391276	([344, 343], [346, 345, 344])
0	0.0	0.41780729552642376	([60], [60, 59])
0	0.0	0.4182808984836687	([307], [307, 304])
0	0.0	0.41933192838844896	([65], [65, 64])
0	0.0	0.4196840603585658	([199], [199, 197])
0	0.0	0.42102536289414066	([340], [340, 339])
0	0.0	0.42114163912877045	([339], [339, 338])
0	0.0	0.4214453402900929	([140], [140, 138])
0	0.0	0.42313543344913784	([68], [74, 66])
0	0.0	0.42343084274670423	([87], [87, 86])
0	0.0	0.4242926589176971	([228], [216, 215])
0	0.0	0.4246680998711572	([136], [136, 121])
0	0.0	0.4256554620080621	([358], [358, 357])
0	0.0	0.42629693346897013	([253], [253, 126])
0	0.0	0.42669687439849224	([254], [254, 252])
0	0.0	0.4281332165709079	([198], [198, 130])
0	0.0	0.4294238668052604	([363], [363, 362])
0	0.0	0.4313770739093746	([280], [280, 279])
0	0.0	0.4326173298589766	([258], [258, 257])
0	0.0	0.4344205510169398	([215], [216, 214])
1	0.42255010576559154	0.43496595090425805	([317, 313], [317, 316, 313])
0	0.0	0.43505486390219666	([324], [324, 323])
0	0.0	0.43600319919475394	([331], [331, 330])
1	0.4368668734614681	0.4369084622806176	([18, 14], [18, 17, 15])
0	0.0	0.43791713524709647	([93], [93, 92])
0	0.0	0.4383012701871044	([84], [84, 83])
0	0.0	0.4387614614571037	([27], [27, 25])
0	0.0	0.44052213486871666	([141], [141, 121])
0	0.0	0.44093184241825506	([183], [183, 182])
1	0.4305891874194376	0.44280199936999964	([75, 65], [75, 74, 66])
0	0.0	0.44538206864858304	([130], [130, 47])
0	0.0	0.44543611596175897	([400], [400, 398])
0	0.0	0.44647317670973946	([121], [141, 140])
0	0.0	0.44707799353307415	([110], [111, 108])
0	0.0	0.4471516048361199	([120], [135, 126])
0	0.0	0.4479598326840412	([134], [134, 132])
0	0.0	0.4498561762392234	([279], [283, 278])
1	0.4492585557078376	0.45142412567348306	([70, 66], [70, 68, 66])
0	0.0	0.45170683137628337	([102], [103, 101])
0	0.0	0.4519037242705383	([142], [142, 141])
0	0.0	0.4602992489041633	([47], [47, 46])
0	0.0	0.46100651506367735	([126], [253, 252])
0	0.0	0.4636136843492089	([137], [137, 115])
1	0.45046613715530415	0.46408937097502617	([362, 353], [362, 360, 353])
0	0.0	0.46645719433733823	([138], [138, 137])
1	0.43046701371775536	0.4684779463396982	([71, 67], [74, 71, 67])
1	0.43462365369365097	0.4691169398767116	([274, 265], [274, 271, 265])
0	0.0	0.47428501591444167	([191], [215, 115])
0	0.0	0.4784089550114479	([115], [199, 198])
0	0.0	0.48089397598008043	([128], [133, 115])
1	0.4577338958424564	0.4813571744400488	([102, 100], [103, 102, 100])
0	0.0	0.48201350807672194	([0], [140, 139])
0	0.0	0.4822054880580577	([233], [115, 87])
0	0.0	0.48515907777382555	([48], [137, 132])
0	0.0	0.49002939896078307	([176], [176, 174])
0	0.0	0.4977971437249146	([96], [102, 92])
1	0.5083020049325794	0.5090435472166107	([228, 226], [229, 228, 227])
1	0.487557981147302	0.524825174951322	([112, 109], [112, 110, 108])
1	0.5572568717000674	0.5713415646379697	([209, 201], [209, 208, 201])
1	0.49808555400476967	0.5863501829436089	([139, 132], [139, 138, 137])
1	0.5734701694033357	0.5986769149620715	([235, 231], [235, 234, 231])
1	0.5969374129895351	0.6016742319283953	([136, 135], [138, 136, 135])
1	0.5455243734758067	0.6145645852865559	([272, 132], [272, 260, 259])
1	0.5295950171366911	0.6171302064141673	([344, 132], [344, 340, 339])
1	0.6260406610768994	0.6270142834647724	([276, 256], [276, 274, 256])
1	0.6188853332973101	0.63311822899593	([218, 92], [218, 215, 214])
1	0.621756219358102	0.642326552960392	([93, 83], [93, 89, 86])
1	0.5721945718765076	0.6426941435012391	([97, 94], [99, 96, 95])
1	0.6236929852212546	0.6428294294056652	([92, 43], [92, 51, 43])
1	0.5460228799868917	0.6488361786165548	([138, 134], [137, 136, 134])
1	0.6422282044828326	0.6513067447047142	([64, 49], [64, 56, 55])
1	0.6334507714890985	0.6548992498666301	([193, 182], [193, 191, 189])
1	0.6363198290202491	0.6634384411499693	([147, 102], [147, 144, 102])
1	0.6645460103858271	0.6650618445067054	([21, 7], [21, 14, 11])
1	0.569111121932449	0.6655316100360191	([99, 95], [101, 96, 93])
1	0.6528448990552812	0.6686308955591265	([301, 290], [301, 298, 295])
1	0.6288327589749327	0.670426035141611	([292, 92], [298, 292, 291])
1	0.6601415330627556	0.6706218124075584	([369, 347], [369, 363, 360])
1	0.5326365896440338	0.6793101461413804	([281, 132], [281, 272, 264])
1	0.6792925898395094	0.6851237170244961	([234, 221], [234, 226, 221])
1	0.6861328095760871	0.6895055607128737	([326, 312], [326, 323, 312])
1	0.689696797917238	0.6917200340601604	([46, 34], [46, 41, 34])
1	0.663002652409936	0.6952482862882666	([102, 84], [102, 84, 78])
1	0.6762872241324519	0.6970337140960848	([289, 254], [286, 282, 277])
1	0.6948456147730345	0.6981549980752336	([324, 237], [324, 237, 231])
1	0.6598842039264116	0.6982419659522078	([187, 161], [187, 179, 178])
1	0.44992310478886754	0.6991659318142034	([138, 136], [141, 137, 136])
1	0.6952074847197469	0.7042595038203089	([71, 48], [71, 64, 48])
1	0.695563953591861	0.7046371682461706	([252, 238], [252, 247, 246])
1	0.7014032802914033	0.7052176026708462	([41, 9], [41, 23, 9])
1	0.6994525399237241	0.7055239929765462	([241, 231], [242, 241, 231])
1	0.7000353076175493	0.706251950198711	([237, 216], [237, 224, 223])
1	0.6852742799065071	0.706251950198711	([237, 223], [237, 231, 224])
1	0.7092921300916772	0.7096930104811788	([200, 102], [200, 196, 102])
1	0.6953548448790441	0.7115648039848447	([240, 230], [240, 236, 234])
1	0.6849148736853685	0.7121462878207317	([239, 226], [239, 233, 226])
1	0.7063068312308888	0.7123636554859223	([371, 343], [371, 367, 343])
1	0.687921983675582	0.7124614865029433	([229, 219], [229, 225, 222])
1	0.7072580479257392	0.7124713628048681	([220, 208], [220, 214, 213])
1	0.7029734379677859	0.7125695148531379	([77, 50], [77, 71, 50])
1	0.6965134956087139	0.7125935313675709	([102, 5], [102, 92, 18])
1	0.6149757087779623	0.7136049064921491	([102, 78], [102, 92, 86])
1	0.7082698305132069	0.7143761061015366	([35, 8], [35, 24, 23])
1	0.6994748178666125	0.7144046513533571	([320, 302], [320, 314, 311])
1	0.6847569391039453	0.7159432180247128	([23, 2], [23, 9, 5])
1	0.7030257975822335	0.7173617278064084	([234, 214], [234, 221, 219])
1	0.6209652957690182	0.7187620573977115	([92, 72], [92, 72, 52])
1	0.6896331862917217	0.7189488814273377	([368, 340], [371, 368, 340])
1	0.6759703824915645	0.7189951995336681	([94, 80], [94, 87, 80])
1	0.7117437057103938	0.7197179120421623	([102, 50], [102, 78, 64])
1	0.702592937538255	0.7203656788269499	([400, 378], [400, 393, 381])
1	0.7108201137671428	0.7214414256049867	([233, 218], [233, 231, 218])
1	0.7072203838845731	0.721875099078115	([340, 319], [340, 334, 319])
1	0.7168992668508812	0.7226586631642362	([400, 324], [400, 385, 324])
1	0.7199241823152459	0.7242297321129156	([166, 95], [166, 162, 161])
1	0.7217044550994216	0.7245323241616155	([394, 374], [394, 386, 374])
1	0.7032582301207118	0.7247401870663968	([95, 85], [95, 91, 85])
1	0.7142617592126823	0.7256860662719194	([208, 182], [208, 196, 182])
1	0.7018547919804463	0.726140147555675	([226, 215], [226, 221, 217])
1	0.701980338678144	0.7262319644080331	([391, 373], [391, 386, 373])
1	0.6915637810288161	0.7277951529015833	([82, 49], [82, 78, 60])
1	0.691153285105383	0.7296113820764382	([83, 50], [83, 81, 50])
1	0.7231882548149596	0.7320063354602766	([176, 153], [173, 162, 153])
1	0.6986529306216802	0.7321801308697472	([34, 18], [34, 25, 24])
1	0.7171267311602533	0.7326825475464525	([338, 310], [340, 338, 310])
1	0.7194991572192045	0.7332624994873591	([205, 189], [205, 201, 195])
1	0.7317152487949597	0.7333825855389119	([413, 391], [413, 405, 400])
1	0.7240050073404031	0.7335806473730279	([43, 27], [43, 38, 27])
1	0.7075933227450317	0.7336653447346789	([200, 184], [200, 192, 184])
1	0.7283499067173203	0.7363676315342378	([395, 380], [395, 389, 380])
1	0.7076918208939397	0.7370331769919285	([29, 17], [31, 29, 17])
1	0.7108136759345375	0.7381423043409588	([98, 81], [98, 91, 89])
1	0.714579296811795	0.7384815017800305	([398, 371], [398, 386, 373])
1	0.7317463852429452	0.7391769607258291	([245, 211], [245, 226, 222])
1	0.6796487930301779	0.7392047304031998	([78, 42], [78, 61, 48])
1	0.7177567019607101	0.7392839129463098	([25, 6], [25, 13, 12])
1	0.7240834539825634	0.739285971513594	([303, 255], [303, 291, 255])
1	0.7254648720176934	0.739711871149182	([222, 193], [222, 200, 192])
1	0.7321134185925988	0.7398732908720325	([304, 286], [304, 297, 294])
1	0.7244567769240693	0.7398734618122215	([329, 78], [329, 327, 102])
1	0.7195456119727934	0.7408662732117187	([138, 102], [140, 138, 102])
1	0.7383802270117854	0.7410043484990282	([216, 184], [216, 196, 184])
1	0.7391051943778189	0.7412419774164923	([108, 3], [415, 108, 3])
1	0.7411260296201388	0.7417351807391421	([290, 247], [290, 254, 251])
1	0.7421333984590265	0.7425923603391836	([103, 77], [103, 91, 82])
1	0.7337371469659464	0.742760529112465	([89, 45], [89, 82, 49])
1	0.6745623738091155	0.7428215343253874	([330, 93], [320, 312, 302])
1	0.7154961246644195	0.7432937811947714	([250, 236], [250, 245, 236])
1	0.7342725698249809	0.743331815013604	([217, 192], [217, 216, 192])
1	0.7360599476044656	0.743462587990654	([411, 6], [414, 411, 1])
1	0.7355098006422275	0.7437537716500954	([321, 291], [321, 301, 300])
1	0.7040568757943294	0.7441877891682294	([40, 5], [40, 24, 9])
1	0.7433950332406632	0.7444174050388666	([298, 245], [312, 310, 245])
1	0.7070945645033271	0.7447560822802457	([39, 7], [39, 23, 5])
1	0.7028306903443657	0.7448495514884642	([188, 163], [188, 182, 163])
1	0.7130535429241702	0.7457293291606866	([299, 250], [299, 291, 255])
1	0.7048615818720394	0.7466342712676073	([159, 143], [159, 152, 150])
1	0.7375632294884663	0.7468558341195652	([324, 296], [324, 318, 300])
1	0.7379075434128656	0.747208153306302	([188, 147], [192, 188, 147])
1	0.7285720580384877	0.747366027862391	([236, 153], [251, 241, 236])
1	0.7208761223408685	0.7475086071427158	([411, 393], [411, 405, 404])
1	0.7457221292178251	0.7476334439876272	([46, 14], [46, 41, 14])
1	0.7336070252698315	0.7484196575625512	([240, 212], [240, 227, 220])
1	0.7064012444064689	0.7489900050735206	([192, 102], [192, 162, 153])
1	0.7114511595838089	0.7490431603912627	([58, 15], [58, 57, 29])
1	0.7171556973885654	0.7498153429844161	([246, 224], [246, 229, 224])
1	0.5729653111222263	0.7498905764728012	([92, 52], [90, 89, 43])
1	0.7341573322848789	0.7503833126400432	([48, 33], [48, 46, 33])
1	0.7184805980038769	0.7507327706115776	([251, 102], [251, 153, 147])
1	0.7434759860391197	0.7513327150149519	([335, 306], [337, 335, 306])
1	0.7066352865743698	0.7514366029158298	([110, 17], [110, 108, 17])
1	0.7457606219807337	0.7515301731109656	([334, 292], [334, 319, 311])
1	0.7464121907544913	0.7516144326481335	([91, 38], [91, 82, 39])
1	0.7284714413706322	0.7516714564155109	([369, 337], [369, 347, 342])
1	0.6986307919705204	0.7522516895767517	([45, 0], [22, 8, 3])
1	0.7233442306457072	0.7531114210069403	([372, 332], [372, 366, 339])
1	0.7306588908571918	0.7531384106259169	([103, 46], [103, 92, 52])
1	0.711764619681534	0.7531384106259169	([95, 64], [103, 95, 52])
1	0.7416755968874216	0.7532975368102174	([104, 85], [104, 102, 84])
1	0.6838057717381901	0.7539043914193679	([138, 112], [138, 134, 111])
1	0.7355202247318883	0.7539563233029469	([407, 377], [407, 405, 377])
1	0.7525344355604514	0.7541615824658024	([108, 28], [182, 173, 108])
1	0.7120441416197434	0.7542772843907458	([161, 95], [161, 159, 142])
1	0.7387802726892078	0.7544128726063821	([220, 151], [220, 212, 153])
1	0.734517456656468	0.7544128726063821	([251, 225], [251, 220, 153])
1	0.7527301116116758	0.7547661485799013	([301, 241], [301, 295, 248])
1	0.7372003429824608	0.7547929544437678	([394, 318], [394, 386, 319])
1	0.7431038464874296	0.7553470908576438	([98, 42], [104, 98, 42])
1	0.7494865591318607	0.7555318059545032	([411, 22], [411, 22, 11])
1	0.7526500226065267	0.755627535636556	([200, 155], [200, 179, 155])
1	0.7164216016491501	0.755627535636556	([179, 102], [200, 182, 179])
1	0.7498181310797453	0.755627535636556	([203, 179], [203, 200, 179])
1	0.74197342804411	0.7559109244837833	([49, 28], [49, 29, 28])
1	0.7233132660487189	0.7559109244837833	([49, 17], [49, 44, 29])
1	0.7113528319502497	0.7559109244837833	([57, 29], [57, 49, 29])
1	0.7141704368746579	0.7561472775071774	([212, 153], [251, 236, 225])
1	0.7424895222142048	0.7562871402010429	([375, 210], [239, 219, 214])
1	0.7407871112097598	0.7565355695034711	([371, 322], [371, 340, 322])
1	0.7334125007557848	0.7565747988990426	([171, 110], [177, 173, 108])
1	0.7453462385700466	0.7566038324052313	([236, 179], [251, 236, 191])
1	0.7522652165871012	0.7569124925204876	([97, 1], [97, 93, 1])
1	0.7478051392237836	0.7569554892077287	([410, 386], [414, 410, 390])
1	0.7362012677606741	0.7570000207985309	([84, 40], [84, 49, 46])
1	0.7281357248187446	0.7571812686887879	([339, 302], [339, 334, 292])
1	0.7559635041560777	0.7572787555332272	([186, 159], [186, 178, 159])
1	0.7561303419495766	0.7573276703938687	([315, 277], [315, 300, 294])
1	0.7535673038736851	0.7575855501855382	([375, 338], [394, 375, 318])
1	0.6393789627780934	0.7578448584407299	([134, 109], [142, 140, 99])
1	0.7115229502833419	0.75790835874999	([386, 319], [375, 371, 322])
1	0.736770465681583	0.7579532153265491	([376, 244], [377, 375, 239])
1	0.7563973896943417	0.7580465468901537	([313, 254], [313, 298, 254])
1	0.7484863039938957	0.7589969693824793	([94, 10], [94, 93, 6])
1	0.688442820278978	0.7592188914827194	([93, 32], [93, 84, 46])
1	0.6996986750725376	0.7592363061320088	([93, 57], [93, 57, 45])
1	0.7583338004777657	0.7593544458710956	([343, 316], [343, 337, 316])
1	0.7414391806966719	0.7594102558356794	([374, 327], [374, 370, 336])
1	0.7254025802770054	0.7594752643130056	([252, 208], [252, 238, 199])
1	0.7560082202481705	0.759928534161802	([242, 213], [250, 248, 213])
1	0.7247618593658882	0.7602196592962421	([411, 38], [411, 36, 22])
1	0.7426576417309697	0.7603657581658293	([211, 186], [212, 211, 186])
1	0.6720607081248731	0.7604194153532426	([93, 5], [93, 32, 5])
1	0.7379279930766071	0.7605592192417543	([202, 180], [208, 202, 177])
1	0.7131279865657707	0.760720202727775	([406, 8], [411, 406, 22])
1	0.756730207019108	0.7607305782157386	([338, 191], [338, 318, 191])
1	0.7415290362548526	0.7613986598756526	([381, 340], [381, 375, 340])
1	0.7421363139869055	0.7614365870960035	([406, 192], [400, 382, 378])
1	0.7283624713910276	0.761592392100958	([231, 199], [231, 223, 199])
1	0.7464956330981956	0.7616524196687874	([235, 93], [235, 195, 95])
1	0.7427195641887719	0.7616689248007137	([372, 311], [372, 332, 323])
1	0.737992385051834	0.7616689248007137	([378, 323], [378, 372, 323])
1	0.7187804527531642	0.7620672233845767	([104, 31], [104, 84, 31])
1	0.7414412984347445	0.7623391590502449	([255, 244], [255, 252, 244])
1	0.7389764790373707	0.7623391590502449	([376, 252], [376, 252, 244])
1	0.7157783624909265	0.7626928674853368	([79, 31], [84, 46, 34])
1	0.7091448796926636	0.7628050833178901	([324, 254], [324, 296, 254])
1	0.7630341625633055	0.7631099796543367	([366, 313], [366, 343, 313])
1	0.6306708140682965	0.7631122519645631	([166, 92], [178, 166, 158])
1	0.7607150086524656	0.7632542348490187	([319, 283], [319, 301, 283])
1	0.7576357572357167	0.7632559262041558	([346, 324], [346, 338, 331])
1	0.7613798318308705	0.7634938117788062	([254, 140], [254, 247, 145])
1	0.6938703891728633	0.7638098571665722	([251, 153], [220, 186, 151])
1	0.7549378817187232	0.7639154689620266	([234, 208], [234, 214, 208])
1	0.7212779133820922	0.7639961597040974	([218, 171], [218, 171, 163])
1	0.7167611635674083	0.7643891348549112	([383, 324], [379, 375, 318])
1	0.7360875252291161	0.7645520564942702	([91, 11], [91, 38, 11])
1	0.7304836655740473	0.7646151484330825	([208, 160], [197, 193, 160])
1	0.7458998093836152	0.7646151484330825	([389, 160], [389, 193, 160])
1	0.7229506608537389	0.7646542970394994	([251, 191], [236, 224, 222])
1	0.7270041994416567	0.7650467980006411	([357, 93], [357, 340, 327])
1	0.7568627442633548	0.7652207824268282	([401, 206], [407, 401, 201])
1	0.7422132785044789	0.7652638236435308	([374, 213], [400, 324, 219])
1	0.6175910351827083	0.765317043259691	([92, 18], [102, 84, 18])
1	0.7352037052415459	0.7654270262895593	([375, 234], [375, 239, 231])
1	0.7293127088550314	0.7654270262895593	([394, 239], [375, 374, 231])
1	0.746546902985989	0.7656450228510421	([289, 143], [374, 289, 143])
1	0.7427582751016885	0.7656450228510421	([374, 146], [375, 374, 143])
1	0.7635048976369263	0.7659982747727978	([221, 189], [221, 218, 189])
1	0.7609433276250753	0.7660959752211138	([402, 227], [408, 394, 227])
1	0.7548100821314307	0.7661339780619898	([79, 21], [102, 86, 21])
1	0.7660418795582287	0.7661361389187872	([209, 96], [209, 208, 93])
1	0.7539050016603069	0.7661361389187872	([208, 93], [216, 209, 93])
1	0.7435021539268099	0.7662350188461773	([381, 6], [411, 393, 6])
1	0.7298605099666492	0.7663411441821375	([228, 206], [228, 207, 206])
1	0.757778328636439	0.7664513580115007	([207, 168], [218, 207, 171])
1	0.7621647271575286	0.7667024243350791	([383, 339], [383, 375, 372])
1	0.6936316828292515	0.7667024243350791	([385, 372], [385, 383, 372])
1	0.7577980066278113	0.7668123176482731	([101, 27], [104, 101, 27])
1	0.7431500387595752	0.7668568374375283	([153, 0], [153, 106, 96])
1	0.7123105816473367	0.7672384838428665	([237, 189], [237, 226, 189])
1	0.7605436409426856	0.7672384838428665	([323, 226], [323, 226, 189])
1	0.7261351029160863	0.7672615124506874	([153, 103], [153, 103, 29])
1	0.748286289306953	0.7672906183393206	([219, 85], [234, 219, 85])
1	0.7252274295343051	0.7674299564046386	([244, 193], [242, 225, 222])
1	0.7610516089946994	0.7675577618608995	([382, 289], [382, 374, 371])
1	0.7248368477350283	0.7676010594994397	([245, 206], [245, 228, 216])
1	0.742437578406911	0.7676716428537863	([373, 302], [371, 318, 314])
1	0.7662916411128199	0.7677175917860833	([395, 218], [400, 395, 219])
1	0.7670499511228677	0.7677539704706196	([377, 93], [380, 377, 93])
1	0.762778161815746	0.7677539704706196	([380, 89], [391, 380, 93])
1	0.7528606754860918	0.7678341130107105	([250, 213], [250, 237, 216])
1	0.745084894680877	0.7678695358327174	([235, 195], [227, 221, 189])
1	0.7557399306025817	0.7679466507838169	([391, 93], [410, 400, 386])
1	0.7302851337360772	0.7679583690268847	([99, 49], [99, 93, 49])
1	0.7667459507735825	0.768009526647055	([387, 143], [387, 379, 143])
1	0.7564760638934405	0.7680204166412917	([313, 276], [313, 295, 276])
1	0.7369593220906899	0.7680231401096808	([211, 154], [216, 211, 154])
1	0.7115982451241265	0.7684353447701767	([394, 208], [394, 239, 201])
1	0.7272615359673337	0.7684353447701767	([408, 209], [401, 394, 201])
1	0.7566237752444972	0.7684915539075822	([291, 228], [302, 291, 246])
1	0.7618121889960783	0.7684942683567816	([323, 211], [323, 211, 189])
1	0.7223746320471754	0.768559512964049	([90, 35], [90, 46, 35])
1	0.7140380752260512	0.768559512964049	([103, 29], [103, 46, 35])
1	0.7578614265907817	0.7686443434453505	([313, 202], [313, 254, 202])
1	0.7272148829906033	0.7687818968088973	([165, 32], [189, 165, 32])
1	0.7587581700544652	0.7688340749213661	([247, 209], [236, 234, 207])
1	0.7627335055346396	0.768918985046478	([415, 340], [415, 381, 340])
1	0.7165330804275362	0.7690791112831596	([216, 93], [245, 235, 93])
1	0.7313492150675863	0.7690791112831596	([312, 245], [312, 245, 93])
1	0.7511610080688373	0.7692180863955439	([164, 140], [164, 161, 140])
1	0.7638517876134483	0.7692180863955439	([176, 140], [176, 161, 140])
1	0.7612529739579711	0.7693917876536881	([398, 211], [398, 386, 211])
1	0.6964404583193567	0.7694928293854315	([295, 248], [295, 255, 248])
1	0.7421693737421556	0.7696445054417407	([381, 108], [415, 395, 381])
1	0.7268822440954648	0.7696477333978657	([410, 318], [410, 394, 386])
1	0.7627565575047733	0.7696744470531662	([238, 39], [238, 222, 153])
1	0.7614601095720925	0.7699216882015606	([372, 228], [372, 244, 227])
1	0.7277269692276288	0.7699712038264468	([294, 102], [299, 285, 200])
1	0.7676173156280387	0.7700129668659639	([108, 60], [108, 83, 74])
1	0.7672340922576738	0.7700129668659639	([104, 74], [108, 104, 74])
1	0.7160630665349298	0.7701094581653819	([206, 174], [206, 189, 176])
1	0.7694938933740266	0.7701094581653819	([401, 176], [401, 206, 176])
1	0.7584080352773431	0.7701480526388464	([97, 23], [97, 23, 3])
1	0.741435433987833	0.7702400099988284	([415, 395], [415, 413, 396])
1	0.7537268124280546	0.7702476719004514	([381, 243], [381, 243, 225])
1	0.7378117127173246	0.7702476719004514	([225, 94], [381, 380, 225])
1	0.7659009285842329	0.770432309171128	([152, 90], [152, 144, 93])
1	0.7533036355168392	0.7705998116800865	([408, 376], [408, 394, 376])
1	0.7472268020459115	0.7706051017834221	([237, 160], [237, 193, 189])
1	0.7577851035874482	0.7706164137010362	([318, 144], [318, 298, 144])
1	0.7552370985719518	0.7706397870198758	([95, 2], [95, 93, 1])
1	0.7472532014179286	0.7706969672429705	([285, 231], [285, 231, 200])
1	0.6331167295363395	0.7707109121882063	([230, 92], [238, 230, 222])
1	0.7677934558895074	0.7707259496563021	([239, 5], [239, 235, 93])
1	0.6983362524413046	0.7707259496563021	([415, 1], [377, 239, 93])
1	0.7477109956972853	0.7707544193814742	([213, 36], [411, 400, 36])
1	0.7608057041761741	0.7709809124188912	([42, 3], [42, 36, 22])
1	0.7252089987914858	0.7710736193992673	([192, 94], [225, 222, 94])
1	0.7364691013478956	0.7711013785569355	([386, 220], [386, 374, 211])
1	0.7096631288662476	0.7711114679618508	([213, 149], [213, 199, 149])
1	0.7594513997650106	0.7711658510140783	([324, 159], [231, 159, 34])
1	0.7698721514571881	0.7711658510140783	([229, 34], [231, 229, 34])
1	0.7617968634474904	0.7711881746950932	([250, 24], [250, 216, 11])
1	0.6909644197241117	0.7712643567389045	([374, 231], [372, 341, 332])
1	0.7670919006229702	0.7712898474263549	([212, 8], [212, 201, 8])
1	0.7526028760441001	0.7712898474263549	([201, 24], [407, 201, 8])
1	0.735088983171738	0.7715538895578796	([247, 145], [252, 224, 153])
1	0.756900214722765	0.7715538895578796	([387, 252], [387, 252, 153])
1	0.7102181450667315	0.77173310714088	([302, 246], [293, 291, 245])
1	0.7486851934203659	0.7717575719400581	([408, 227], [388, 385, 227])
1	0.7680507354842463	0.7717670722981268	([324, 201], [324, 227, 201])
1	0.6557464691308165	0.7718406989253221	([102, 28], [102, 84, 28])
1	0.49770453435278594	0.771902954456549	([134, 133], [137, 134, 133])
1	0.7274195359195023	0.7722434880440301	([374, 289], [289, 251, 239])
1	0.7662594948338614	0.7722864987630276	([216, 39], [216, 93, 39])
1	0.7229331890608806	0.7723282381672859	([153, 36], [247, 209, 96])
1	0.7631749056187669	0.7724971269559596	([155, 89], [155, 147, 89])
1	0.574589574032591	0.7726817047618282	([324, 231], [254, 247, 245])
1	0.6901100479002061	0.7726817047618282	([195, 95], [298, 254, 245])
1	0.7655054445340723	0.7727141954926077	([294, 230], [294, 289, 239])
1	0.7611418781740195	0.7727743216688614	([378, 5], [414, 378, 374])
1	0.7184470281033282	0.7728257776445991	([387, 153], [379, 244, 227])
1	0.7232049900466234	0.7730342417124021	([95, 13], [95, 13, 6])
1	0.7602747054398867	0.7730342417124021	([143, 6], [143, 95, 6])
1	0.767849298593627	0.7731253121805192	([145, 7], [145, 93, 19])
1	0.7614369246424078	0.7731253121805192	([216, 18], [216, 93, 19])
1	0.7692854389440756	0.7731873065634643	([56, 30], [56, 52, 30])
1	0.7511063766574927	0.7734216473915461	([215, 188], [225, 211, 199])
1	0.7513982272261454	0.7734873572796167	([378, 38], [375, 231, 38])
1	0.7297441732777241	0.7735003086155348	([160, 84], [160, 157, 91])
1	0.7567636535630669	0.7735003086155348	([188, 91], [188, 157, 91])
1	0.7629772623170424	0.7735035543109557	([383, 91], [383, 157, 142])
1	0.7617897841227445	0.7737916975957106	([380, 9], [380, 93, 9])
1	0.7219533843725721	0.7738020444651722	([389, 228], [389, 374, 229])
1	0.7613940282507661	0.7738072918185989	([340, 254], [343, 340, 254])
1	0.6491174691639904	0.7738461097109376	([312, 93], [250, 216, 93])
1	0.7528192016239597	0.7739337003795749	([299, 177], [299, 195, 177])
1	0.7607109635655525	0.7739498496144781	([376, 215], [376, 215, 193])
1	0.7728464371218414	0.7740333231753853	([154, 4], [154, 142, 93])
1	0.7506298804082657	0.7740472644487782	([407, 226], [407, 380, 226])
1	0.663489491800197	0.7741338886148069	([416, 245], [416, 245, 212])
1	0.7731503622023974	0.7741750555636037	([240, 42], [240, 96, 94])
1	0.6320826005595638	0.7741750555636037	([380, 232], [240, 225, 94])
1	0.7729540095942462	0.7741750555636037	([252, 94], [252, 240, 94])
1	0.7029009936289669	0.7744032507569555	([299, 200], [324, 297, 231])
1	0.685419206641759	0.7744032507569555	([339, 231], [339, 297, 231])
1	0.7312221341918266	0.7744032507569555	([374, 297], [374, 297, 231])
1	0.7683058238484308	0.7744900481198009	([352, 317], [352, 341, 329])
1	0.7216839421713327	0.7745156025565874	([111, 15], [110, 100, 15])
1	0.7706793687311495	0.7747400235479218	([390, 145], [393, 390, 158])
1	0.7716043829826719	0.7749814217288405	([302, 154], [303, 302, 147])
1	0.6129026650558043	0.7750608479227094	([232, 155], [227, 225, 155])
1	0.7502703934461264	0.7750608479227094	([388, 155], [388, 227, 155])
1	0.7536889351362641	0.7750608479227094	([394, 161], [394, 227, 155])
1	0.7624608903293206	0.7750852727387788	([337, 49], [337, 320, 89])
1	0.7484265759066959	0.7751421205549897	([86, 37], [86, 82, 37])
1	0.773591216022018	0.7752358872945964	([301, 93], [310, 301, 93])
1	0.7626871512895014	0.7753678247816946	([377, 187], [377, 187, 93])
1	0.6984078968846141	0.7753683729940326	([380, 200], [384, 239, 236])
1	0.7744809562191802	0.7754840514596393	([138, 98], [138, 105, 102])
1	0.7101551412988302	0.7754988870715828	([159, 39], [159, 145, 89])
1	0.7552575221524567	0.7755157455823251	([85, 36], [90, 85, 35])
1	0.7601499580244739	0.7755157455823251	([249, 85], [249, 85, 35])
1	0.7528889178307796	0.7755460343803444	([391, 242], [391, 242, 195])
1	0.7668036505722596	0.775598199645905	([331, 285], [331, 321, 285])
1	0.7687533790287936	0.7757607728114239	([235, 162], [235, 230, 180])
1	0.7333133197350132	0.7759103615943913	([382, 4], [393, 382, 7])
1	0.7722246400216263	0.7759305331834472	([404, 361], [404, 382, 371])
1	0.7458443546108446	0.7759542196779656	([391, 321], [391, 336, 321])
1	0.7668996319018564	0.7760355586375428	([406, 302], [406, 382, 371])
1	0.7346329288850094	0.7760489206696374	([223, 147], [223, 195, 147])
1	0.7663442746075184	0.7761914366753728	([306, 224], [306, 281, 153])
1	0.7209891887496569	0.7763426357935603	([383, 312], [383, 324, 313])
1	0.7602767107608055	0.7763621220338472	([318, 225], [373, 366, 225])
1	0.7568665937712695	0.7764453357718353	([231, 100], [238, 231, 199])
1	0.75394847423776	0.7765316840224582	([374, 40], [374, 231, 40])
1	0.7686168681810971	0.7766032830548735	([411, 246], [411, 250, 246])
1	0.7585735680366497	0.7766915432716196	([303, 147], [306, 302, 153])
1	0.7329726050893439	0.776716968786993	([319, 191], [394, 318, 208])
1	0.7586129034139517	0.7767209977684637	([99, 12], [142, 99, 12])
1	0.7698949514230249	0.7767914102298212	([283, 98], [283, 140, 106])
1	0.7498084175403771	0.776820400054716	([373, 23], [380, 373, 23])
1	0.7195577347483954	0.7768950863260944	([391, 196], [391, 242, 93])
1	0.7737243572167626	0.7768954239462345	([401, 240], [401, 394, 240])
1	0.7671405170206524	0.776982533897032	([220, 88], [231, 217, 88])
1	0.7247144339928462	0.7770319224327735	([364, 102], [364, 347, 327])
1	0.7671275393883696	0.7771606250535272	([217, 143], [380, 379, 217])
1	0.7768470576793193	0.7772118360389286	([369, 189], [376, 370, 189])
1	0.6054112665871484	0.7772743114436567	([178, 92], [184, 178, 153])
1	0.7736635947212099	0.7774431127398924	([296, 161], [296, 291, 228])
1	0.7605884476621342	0.7775690048397633	([382, 248], [382, 318, 301])
1	0.7729500843303113	0.777599390491302	([228, 161], [324, 296, 161])
1	0.7584632895518063	0.777599390491302	([341, 161], [341, 324, 161])
1	0.7740473928900179	0.7777455722301865	([404, 197], [404, 378, 371])
1	0.6993376262018899	0.777820763288009	([189, 10], [189, 178, 5])
1	0.7585853711116795	0.7778869933786079	([411, 320], [411, 397, 300])
1	0.7467375055957947	0.777935032693624	([375, 183], [379, 375, 183])
1	0.775647961496514	0.777935032693624	([393, 183], [393, 379, 183])
1	0.7689499882520024	0.7779804277544213	([378, 197], [408, 404, 197])
1	0.7653307955665168	0.778092682048927	([366, 293], [366, 324, 293])
1	0.7737026304299675	0.7781772758833871	([318, 90], [318, 144, 93])
1	0.6273045085021888	0.7781772758833871	([298, 92], [318, 208, 93])
1	0.7385425914432504	0.7783661277461814	([415, 108], [108, 17, 3])
1	0.7764408080015435	0.7784375107144579	([384, 310], [384, 371, 302])
1	0.7399478000905108	0.7787372574439166	([201, 90], [394, 318, 90])
1	0.7697088328017069	0.7787626370181406	([312, 51], [312, 103, 51])
1	0.7503239546582349	0.7787994292192544	([244, 0], [244, 200, 193])
1	0.7554534102682363	0.7787994292192544	([244, 204], [244, 204, 200])
1	0.7611100288054166	0.7788137892919604	([383, 299], [383, 312, 300])
1	0.7775454307184761	0.7788220753487383	([386, 241], [386, 241, 211])
1	0.7694470920976784	0.7788943216499571	([243, 186], [243, 186, 153])
1	0.7536236332930922	0.7788943216499571	([308, 186], [302, 186, 153])
1	0.7363503246149682	0.7789010225337042	([81, 19], [81, 33, 29])
1	0.7447151962323151	0.7790040723699653	([389, 193], [407, 379, 374])
1	0.7427390270660801	0.7790305833243645	([146, 98], [146, 143, 96])
1	0.7121828744874199	0.7790635565054168	([162, 78], [152, 90, 79])
1	0.6114439137124174	0.7791689454995556	([337, 92], [333, 318, 93])
1	0.7528061890350326	0.77942117204065	([320, 247], [320, 302, 153])
1	0.7773583456998592	0.77942117204065	([332, 153], [332, 320, 153])
1	0.7380864783904878	0.7794686555324338	([187, 42], [187, 93, 42])
1	0.7571593768848447	0.7795036912671466	([193, 1], [240, 193, 144])
1	0.6356857481622957	0.7795705686274791	([92, 24], [92, 24, 18])
1	0.7729375269540804	0.7796528571261157	([414, 31], [414, 81, 33])
1	0.7786097480467682	0.779748134199839	([391, 171], [391, 186, 171])
1	0.7423592436151762	0.779837390289052	([409, 221], [406, 384, 209])
1	0.7234974576819819	0.779889617750797	([281, 153], [320, 153, 145])
1	0.7531914109469662	0.7800725605797034	([367, 25], [374, 367, 25])
1	0.7418503643985678	0.7801339489882663	([189, 52], [189, 52, 43])
1	0.7650940105626337	0.780147489600016	([248, 151], [248, 240, 153])
1	0.7315349347549241	0.7801837614584411	([231, 36], [393, 367, 7])
1	0.7166564304483712	0.7803660450173696	([319, 235], [319, 283, 235])
1	0.771567733187479	0.7803973929789702	([324, 44], [324, 44, 24])
1	0.7481769181254603	0.7804265455350102	([143, 84], [143, 96, 80])
1	0.7616567170160612	0.780451356942884	([108, 83], [112, 104, 74])
1	0.7785444645141437	0.7806893730874087	([248, 84], [248, 208, 93])
1	0.7789218935226191	0.7806893730874087	([327, 248], [327, 248, 93])
1	0.597012096288599	0.7807051178948897	([184, 92], [178, 93, 92])
1	0.5698124760960479	0.7807614401151909	([238, 92], [230, 218, 211])
1	0.7285539200035955	0.7808443062611241	([382, 192], [406, 209, 199])
1	0.7573180140316547	0.7808856378295098	([383, 142], [299, 298, 144])
1	0.7689112389596104	0.780965430312435	([409, 37], [415, 409, 25])
1	0.7722277995870446	0.7811185532956076	([240, 12], [240, 94, 81])
1	0.6596040397492303	0.7811185532956076	([227, 78], [240, 227, 81])
1	0.5885482769887378	0.7812019754738327	([142, 92], [218, 184, 153])
1	0.781093601896034	0.7812019754738327	([229, 184], [229, 218, 184])
1	0.7688252097598186	0.7812823760165274	([322, 244], [322, 311, 244])
1	0.7360384987777063	0.7812823760165274	([311, 234], [372, 311, 244])
1	0.7768771641799121	0.78128262021786	([213, 97], [235, 217, 213])
1	0.772523629556584	0.7815075672619255	([322, 216], [326, 322, 216])
1	0.7729724309414686	0.7815084030220988	([221, 95], [405, 400, 95])
1	0.7499638065552073	0.7815395888505168	([78, 9], [78, 48, 9])
1	0.7782746734708785	0.7815882376691725	([385, 245], [385, 377, 222])
1	0.7637229410072501	0.781678913365248	([383, 37], [377, 231, 40])
1	0.7814391185729935	0.781678913365248	([405, 40], [405, 377, 40])
1	0.7409708043094079	0.7817170937045695	([375, 143], [239, 143, 93])
1	0.7729773200184483	0.7818392562677902	([338, 80], [338, 103, 80])
1	0.7624085765242358	0.7818807459062143	([307, 203], [317, 307, 199])
1	0.7142353439476407	0.7820770917117807	([99, 0], [99, 12, 6])
1	0.7036952652317437	0.782100235496109	([108, 16], [106, 95, 91])
1	0.762038800527151	0.7821274488257451	([249, 155], [249, 160, 155])
1	0.7620964821453377	0.7821929688296505	([143, 37], [143, 142, 37])
1	0.7598273086570259	0.7822922724838448	([182, 97], [200, 182, 97])
1	0.7790812680877162	0.7824545345001815	([380, 311], [380, 324, 317])
1	0.7500434817259836	0.7824875823865828	([405, 83], [403, 389, 381])
1	0.7411475271312291	0.7825440404762614	([388, 368], [388, 375, 368])
1	0.7627641629725109	0.7825931385961179	([184, 85], [219, 216, 184])
1	0.7777953971523722	0.7826404232559427	([372, 152], [372, 367, 152])
1	0.7663338120333139	0.7826780259220035	([66, 13], [66, 54, 14])
1	0.7463050709096438	0.7827606090823994	([254, 186], [254, 220, 216])
1	0.7526920409387857	0.7827986529233236	([390, 226], [390, 380, 375])
1	0.772109050428051	0.7828305678841484	([414, 81], [414, 412, 107])
1	0.771669049899574	0.7828372685311424	([324, 86], [324, 321, 86])
1	0.7209137273061745	0.7828389131372672	([169, 138], [173, 169, 136])
1	0.7530030558672391	0.7829928009567237	([110, 59], [110, 103, 100])
1	0.767708226033568	0.783092523744469	([311, 159], [324, 319, 159])
1	0.7426284096683823	0.783277686831372	([78, 27], [82, 39, 27])
1	0.7595909052995994	0.7834451023831428	([323, 189], [318, 317, 189])
1	0.7605593776607488	0.7834451023831428	([349, 189], [349, 318, 189])
1	0.7831792916226467	0.7835516845104107	([388, 306], [388, 306, 227])
1	0.7792833369465794	0.7836710146841247	([364, 230], [368, 364, 229])
1	0.7597999459903192	0.7836710146841247	([368, 229], [374, 364, 229])
1	0.7205439315171119	0.7837281174916404	([291, 95], [291, 245, 95])
1	0.727489219443931	0.7838592548995192	([312, 214], [312, 236, 214])
1	0.6711144161495425	0.7841307391990643	([182, 108], [168, 161, 140])
1	0.7730100642747135	0.7842778275506095	([224, 91], [239, 224, 214])
1	0.6977209899256044	0.7843016749759797	([398, 102], [388, 368, 327])
1	0.7599030264543795	0.7845446821918307	([401, 158], [414, 404, 179])
1	0.7371222953561939	0.7845488510137844	([303, 240], [311, 303, 240])
1	0.7761536641423483	0.78467580503537	([337, 287], [337, 324, 287])
1	0.7755868546609087	0.7848023773573125	([398, 162], [398, 211, 162])
1	0.7777256226859084	0.7849346711053224	([369, 231], [369, 364, 231])
1	0.7826121441732766	0.7853502474867964	([367, 317], [367, 352, 341])
1	0.7650678571206526	0.78544521874352	([289, 210], [299, 289, 151])
1	0.7662479614031452	0.7855492131837766	([87, 0], [104, 87, 83])
1	0.7195134713243324	0.7856498461486922	([319, 224], [319, 235, 213])
1	0.7820057108175053	0.7856498461486922	([325, 221], [320, 319, 213])
1	0.7456808847819364	0.7858125592566495	([374, 191], [382, 374, 191])
1	0.7451154485613161	0.7858465837424309	([412, 101], [414, 33, 21])
1	0.7377866077443557	0.7859621780925277	([323, 149], [323, 311, 159])
1	0.785250876883887	0.7863441188355389	([192, 37], [197, 192, 41])
1	0.778765971762557	0.7864226551722537	([197, 138], [197, 149, 143])
1	0.525215517051231	0.7865020721381437	([363, 132], [363, 344, 335])
1	0.7564844712077822	0.7865507406840034	([303, 187], [311, 303, 187])
1	0.765853384609006	0.7865573585517571	([327, 183], [327, 200, 183])
1	0.7498894000422397	0.7866482868063562	([173, 28], [108, 79, 60])
1	0.779291798458389	0.7867735623196416	([312, 25], [367, 317, 25])
1	0.7720346487775587	0.7867892126227962	([398, 250], [407, 398, 250])
1	0.7751338400082758	0.7869960664043537	([77, 3], [77, 50, 19])
1	0.7704928457233341	0.7870595000726834	([345, 257], [351, 345, 257])
1	0.7644265775754134	0.7871803214126986	([251, 22], [406, 251, 244])
1	0.7505566183385318	0.7872449935537587	([388, 255], [388, 368, 255])
1	0.7821532738930871	0.7872734627141814	([361, 220], [361, 220, 197])
1	0.7590736059625768	0.7872734627141814	([361, 78], [404, 361, 197])
1	0.7849719050547913	0.7873171322468516	([407, 30], [407, 30, 22])
1	0.7821849588963051	0.7874454033385255	([354, 112], [364, 354, 134])
1	0.785596030673042	0.7874727812050699	([408, 297], [408, 387, 321])
1	0.7866572220229745	0.7875103505190632	([217, 170], [379, 217, 170])
1	0.7688419016265307	0.7876148940689705	([199, 20], [219, 199, 20])
1	0.7838258855216702	0.7876148940689705	([221, 20], [221, 219, 20])
1	0.7760857709892328	0.7876784636117976	([287, 223], [293, 287, 226])
1	0.783102571261845	0.7877112067398321	([100, 44], [100, 90, 44])
1	0.7784839834439804	0.7877134969251426	([402, 320], [411, 402, 394])
1	0.7793825568228275	0.7878012819383693	([400, 365], [400, 365, 328])
1	0.7545787416675452	0.7878902625486167	([295, 237], [301, 295, 237])
1	0.7324302514239607	0.7879869369970668	([299, 104], [299, 255, 104])
1	0.7679598446248607	0.7882223958472214	([364, 137], [349, 189, 176])
1	0.7837984053040883	0.7883345135403987	([284, 193], [284, 255, 193])
1	0.7195434983729165	0.7885044809460917	([203, 164], [203, 179, 164])
1	0.6583144632286376	0.7886088037536697	([416, 384], [416, 413, 384])
1	0.7554559015116	0.788712707191994	([410, 150], [410, 150, 93])
1	0.7793620830654735	0.7888020150642505	([373, 330], [373, 330, 325])
1	0.7645198274143952	0.7888020150642505	([373, 144], [373, 371, 325])
1	0.7671271986551391	0.788884874763172	([325, 286], [325, 304, 303])
1	0.7540760057382226	0.788884874763172	([331, 304], [331, 325, 304])
1	0.7394457128730404	0.7889187961764782	([234, 83], [234, 231, 83])
1	0.7838156545738297	0.7890182615372584	([391, 149], [391, 150, 149])
1	0.7691248772690921	0.7890683703636426	([304, 146], [304, 289, 93])
1	0.7353423765047705	0.7890738343025485	([231, 53], [231, 53, 22])
1	0.7600260557036368	0.78912206406855	([339, 160], [340, 316, 193])
1	0.7672893688144521	0.7892665738827961	([299, 214], [311, 299, 234])
1	0.777584092197534	0.7893007034795734	([174, 104], [174, 168, 104])
1	0.7878675171680297	0.7894139738199336	([288, 195], [307, 298, 203])
1	0.7661521158796223	0.7894842949844683	([167, 107], [171, 167, 110])
1	0.7675808200217098	0.7895284659876155	([180, 13], [180, 173, 13])
1	0.7710495253181466	0.7895575218679756	([308, 0], [308, 186, 153])
1	0.787868983503393	0.7895882215451014	([341, 278], [341, 324, 287])
1	0.7508892843583121	0.7895974427710375	([410, 35], [408, 39, 35])
1	0.7291432530253021	0.7895974427710375	([408, 7], [408, 218, 39])
1	0.7602190111780419	0.7897470086477075	([51, 2], [95, 51, 48])
1	0.6979273065383567	0.7899856102453149	([200, 0], [200, 197, 4])
1	0.7602777483735023	0.7901876984109253	([80, 20], [80, 36, 24])
1	0.7712305664413107	0.7901888322165286	([325, 156], [325, 156, 144])
1	0.5906460321159243	0.7902620322468012	([317, 92], [324, 317, 230])
1	0.7893758620133218	0.7903753475577808	([223, 33], [223, 33, 10])
1	0.7891688029671606	0.7905098609277459	([233, 8], [233, 46, 32])
1	0.7865287662505295	0.7905098609277459	([233, 46], [233, 189, 32])
1	0.7860059706808643	0.7905365952987614	([319, 46], [319, 193, 46])
1	0.788322621515839	0.7905582536386003	([393, 148], [393, 379, 148])
1	0.7608267833517469	0.7905650254385613	([334, 176], [349, 334, 329])
1	0.7820448649517515	0.7905754026462649	([158, 54], [158, 54, 44])
1	0.7736503782590344	0.7907180335521113	([43, 4], [43, 41, 4])
1	0.7659630664855492	0.7907180335521113	([197, 41], [197, 41, 4])
1	0.7739001402107022	0.7907799505863671	([360, 290], [360, 333, 324])
1	0.7651914058930558	0.7908077802830665	([402, 27], [402, 320, 27])
1	0.7089084428381721	0.7908246492460528	([334, 95], [334, 310, 299])
1	0.7595948233250023	0.7911168272551571	([375, 98], [375, 143, 141])
1	0.7845800900242539	0.7912933551628601	([155, 25], [155, 144, 143])
1	0.7723530311671922	0.7915669512870075	([158, 44], [158, 146, 44])
1	0.7819578778541806	0.7915669512870075	([224, 44], [224, 146, 44])
1	0.7848117645763332	0.7916566738096685	([138, 14], [138, 137, 14])
1	0.750676169557797	0.791797143628007	([373, 285], [373, 339, 302])
1	0.7610356892082581	0.7918508622333541	([248, 37], [377, 248, 93])
1	0.7776884909711671	0.7918760112067034	([301, 205], [301, 255, 205])
1	0.7805776838036192	0.7918929294554855	([180, 72], [180, 165, 32])
1	0.7496870229874899	0.7920007554981824	([324, 101], [324, 99, 86])
1	0.7705838866916831	0.7920018342250383	([321, 98], [324, 321, 101])
1	0.7714597252042229	0.7922571191079155	([313, 4], [313, 312, 4])
1	0.7709690643200959	0.7922880509312173	([369, 153], [369, 306, 231])
1	0.7525687111875471	0.7923099694112704	([283, 140], [283, 254, 245])
1	0.7564692576712869	0.7923843056026803	([137, 18], [143, 137, 14])
1	0.7850918851182077	0.7923914817442431	([403, 369], [403, 369, 368])
1	0.7722498242442762	0.7923914817442431	([403, 339], [403, 375, 368])
1	0.7639056801603306	0.7927292654641659	([202, 12], [237, 202, 12])
1	0.7477602456150543	0.7928614519894757	([366, 162], [366, 313, 184])
1	0.7360394509424133	0.7929259482766539	([197, 78], [197, 182, 78])
1	0.746315645791971	0.7930277247770374	([338, 103], [362, 343, 103])
1	0.7740256210660389	0.7930357903178082	([216, 0], [216, 93, 1])
1	0.7449301298192292	0.7930606659581522	([367, 160], [367, 160, 25])
1	0.7928646706913649	0.7930791205055285	([209, 76], [209, 93, 83])
1	0.7881781610228511	0.7934332427825704	([359, 173], [359, 217, 180])
1	0.7585613043542416	0.7934590750301237	([385, 97], [398, 392, 96])
1	0.7587697627693577	0.7934654129469519	([98, 63], [98, 65, 34])
1	0.7872726991795297	0.7935328646682958	([224, 9], [230, 224, 9])
1	0.7789378734478026	0.7935806512564709	([292, 7], [294, 292, 7])
1	0.7821216805012046	0.7935806512564709	([306, 3], [306, 294, 7])
1	0.7934905266215685	0.7935964144009623	([229, 150], [229, 218, 150])
1	0.7476953928709356	0.7936166074760957	([321, 21], [324, 237, 99])
1	0.7620683223852314	0.7936166074760957	([371, 99], [371, 237, 99])
1	0.7750629036196938	0.7936782929767671	([341, 298], [341, 324, 298])
1	0.7886543767316366	0.7937458682741668	([329, 187], [329, 303, 294])
1	0.7788226533716789	0.7937959687145494	([387, 13], [387, 208, 160])
1	0.7645692445342681	0.7938486867861212	([391, 79], [391, 87, 79])
1	0.7556227918820296	0.7939097571882683	([263, 231], [263, 255, 231])
1	0.7847337101457863	0.7939699753146487	([317, 140], [317, 252, 145])
1	0.7427317113397239	0.7942315009367023	([294, 189], [318, 304, 189])
1	0.7743055919978948	0.7942568667821649	([375, 82], [375, 82, 37])
1	0.7195495042125966	0.7945317777130055	([389, 83], [405, 183, 83])
1	0.7870396662649514	0.7945802197282295	([138, 36], [143, 138, 36])
1	0.7906532501677244	0.7947200069442991	([247, 64], [247, 96, 80])
1	0.7809756816523696	0.7947238941601608	([414, 247], [414, 247, 96])
1	0.7850012320984479	0.7947600881932735	([286, 142], [286, 251, 142])
1	0.7794777249836359	0.7947966344998584	([196, 40], [196, 148, 40])
1	0.7850497518004231	0.794870619190614	([394, 287], [406, 394, 287])
1	0.7745293673065464	0.7948946778789211	([370, 291], [370, 357, 340])
1	0.7745505617555962	0.7949530000995321	([206, 97], [206, 174, 97])
1	0.7728235892552718	0.7950240357025322	([378, 79], [391, 378, 321])
1	0.7692932733158251	0.7951748015318717	([146, 13], [146, 93, 10])
1	0.7911771773147899	0.7951766893988833	([140, 11], [140, 105, 97])
1	0.758534424496914	0.7952743615220044	([256, 172], [256, 193, 178])
1	0.7778284337231035	0.7953502965579866	([282, 141], [282, 254, 141])
1	0.5847987442952852	0.7956620837115119	([365, 92], [365, 337, 326])
1	0.7404544121216606	0.7958709145183539	([230, 2], [318, 224, 9])
1	0.7765692258960113	0.7959584307576376	([61, 5], [61, 44, 5])
1	0.7955292980197228	0.7959721609954703	([230, 70], [324, 230, 57])
1	0.7307650734298642	0.7961435855399748	([369, 77], [369, 178, 153])
1	0.7852050649735773	0.796145067507041	([324, 185], [324, 237, 185])
1	0.7819801560771769	0.7962096027470236	([311, 82], [311, 290, 285])
1	0.7682002841133341	0.7962096027470236	([360, 311], [360, 311, 290])
1	0.79328356123345	0.7963029077155847	([370, 147], [393, 370, 148])
1	0.7927236070031519	0.7963790769386737	([185, 14], [185, 184, 95])
1	0.7268499433316274	0.7964106742798871	([336, 233], [336, 242, 233])
1	0.7960057803300737	0.7965553941954725	([245, 163], [245, 243, 163])
1	0.794359006547524	0.7967212474668346	([221, 41], [221, 218, 41])
1	0.745223211399464	0.7969278897670894	([323, 33], [323, 289, 24])
1	0.7871414794116234	0.7969278897670894	([310, 24], [323, 310, 24])
1	0.7586705663480658	0.7970809105251078	([249, 35], [391, 242, 85])
1	0.7899688187374445	0.7971123876035253	([162, 86], [398, 162, 86])
1	0.7953464961583462	0.7971613408437714	([402, 85], [402, 401, 85])
1	0.7790645672252927	0.7971807618002351	([372, 2], [372, 224, 91])
1	0.7961454664240623	0.7971970081067488	([363, 308], [372, 363, 308])
1	0.7558151062452801	0.797319724578949	([289, 64], [314, 295, 86])
1	0.7905412326433979	0.7973878467408785	([372, 284], [372, 366, 284])
1	0.784752792798811	0.7974528781815042	([372, 174], [372, 174, 158])
1	0.7748676654335586	0.7975182757035049	([376, 81], [394, 376, 81])
1	0.7914192052618082	0.7975581505974423	([163, 31], [168, 163, 31])
1	0.7914564550399974	0.7977620216881508	([351, 236], [351, 342, 236])
1	0.7971337141019823	0.7978529160346777	([203, 43], [203, 173, 164])
1	0.779713714888942	0.7980413613334815	([230, 158], [230, 158, 4])
1	0.7836137309865436	0.7981868703946304	([371, 11], [404, 371, 3])
1	0.7819977345457046	0.7982369814881113	([191, 104], [201, 104, 24])
1	0.7707500121062193	0.7982854848725607	([245, 20], [412, 385, 245])
1	0.7580369269284662	0.7983143596311594	([359, 217], [366, 359, 180])
1	0.7017341226030009	0.798367723339735	([395, 78], [395, 218, 216])
1	0.7889460561793378	0.7984308993985463	([254, 87], [254, 245, 87])
1	0.7978777718019627	0.7988546478528898	([330, 278], [345, 330, 278])
1	0.7577126332590723	0.7988546478528898	([351, 259], [345, 341, 278])
1	0.7688230405776654	0.7989053688995649	([244, 167], [244, 228, 227])
1	0.7973469754596181	0.7989086066440106	([375, 15], [375, 37, 34])
1	0.7930488863902915	0.798964240093655	([291, 27], [299, 291, 27])
1	0.7400874098438887	0.799217018114551	([325, 188], [325, 318, 188])
1	0.7987630663259784	0.7992456852221482	([387, 46], [387, 373, 46])
1	0.7725435275376417	0.7993184841506767	([228, 28], [228, 161, 152])
1	0.7734871487906034	0.7994859923267773	([368, 312], [368, 364, 306])
1	0.7923190280334899	0.7995722853954914	([277, 180], [286, 277, 189])
1	0.7587287372597359	0.7995969562089406	([239, 29], [239, 228, 161])
1	0.7598099382845692	0.7995972623800617	([390, 36], [402, 390, 383])
1	0.7902662672155045	0.7996211979126099	([255, 185], [255, 207, 193])
1	0.7969410415866094	0.7997023957600868	([195, 29], [239, 201, 195])
1	0.7396881694157568	0.7997638910868025	([367, 103], [338, 143, 93])
1	0.7830307600532853	0.799922967306192	([138, 60], [138, 106, 60])
1	0.7848699343803979	0.8000041309262513	([388, 203], [388, 211, 203])
1	0.7928256801833571	0.800033825905416	([241, 174], [241, 211, 189])
1	0.7794942011599912	0.8001017253451007	([324, 57], [230, 148, 70])
1	0.7813417404661996	0.800182483699733	([301, 48], [301, 93, 83])
1	0.7895673082632461	0.8003873997934261	([191, 81], [191, 186, 89])
1	0.7922987151883795	0.8004659993825952	([398, 48], [407, 398, 30])
1	0.7917495048366401	0.8004843187861719	([247, 177], [247, 180, 177])
1	0.7971171516578452	0.8006066361593571	([392, 308], [392, 372, 308])
1	0.7976470326980843	0.8009100498362044	([308, 81], [312, 308, 81])
1	0.800811879572187	0.8009790005352457	([401, 366], [401, 374, 40])
1	0.7508489375877461	0.8011681736222146	([295, 101], [295, 101, 97])
1	0.7733273577067227	0.8012102608129239	([322, 140], [322, 318, 144])
1	0.7872193664586046	0.8012621469847048	([362, 31], [395, 371, 31])
1	0.7524406383085065	0.8013569530466325	([149, 86], [149, 86, 6])
1	0.7846904442418087	0.8013646137545637	([366, 40], [413, 411, 366])
1	0.7586623938507965	0.8013839910516214	([162, 3], [415, 393, 211])
1	0.7484325898901272	0.8013869735874216	([411, 366], [401, 366, 234])
1	0.7560315204862492	0.8014477599928171	([411, 84], [408, 218, 84])
1	0.7930942396381955	0.8015511051000612	([345, 228], [372, 345, 339])
1	0.7716918184953764	0.8016169402486762	([341, 32], [374, 340, 32])
1	0.7803657997055234	0.8018344533111145	([384, 333], [384, 333, 317])
1	0.7871228646471805	0.8018820341741294	([184, 27], [229, 184, 27])
1	0.7913361954301905	0.8018867228097	([283, 221], [283, 245, 221])
1	0.7802960551261636	0.8021306011371433	([325, 94], [325, 94, 33])
1	0.7692548358111883	0.80214176999101	([300, 178], [300, 284, 254])
1	0.7761982659902346	0.8022069315259582	([311, 201], [312, 311, 201])
1	0.7373675347101841	0.8022167181423666	([313, 34], [375, 309, 34])
1	0.7800054200871799	0.8022307907102298	([291, 162], [291, 281, 255])
1	0.781577990684616	0.8022799133710097	([365, 205], [369, 365, 289])
1	0.7725858051094301	0.8023586207701524	([205, 86], [383, 205, 86])
1	0.7461676805630401	0.8023970816369056	([237, 70], [237, 233, 70])
1	0.7995160658676781	0.8025604489619265	([393, 41], [405, 393, 41])
1	0.7831941828339933	0.8026047426651512	([259, 138], [273, 259, 140])
1	0.7857684062257805	0.8026115995881964	([314, 148], [322, 314, 148])
1	0.7860562515592758	0.8026965194552439	([71, 15], [71, 66, 15])
1	0.778863699169899	0.8028437502398483	([262, 111], [267, 262, 111])
1	0.7540519749672416	0.8028566160315621	([306, 160], [339, 306, 231])
1	0.8009911563686392	0.8030094752386555	([382, 27], [390, 382, 36])
1	0.7567016345954235	0.8035555286825091	([334, 202], [381, 322, 202])
1	0.79624821695116	0.8038128720665666	([340, 81], [340, 246, 81])
1	0.7891121281371034	0.8039783254706219	([213, 67], [312, 213, 50])
1	0.7752431475892444	0.8044000562426205	([230, 89], [230, 220, 89])
1	0.7981575752718898	0.8044344976145578	([183, 1], [216, 183, 178])
1	0.8012314218318746	0.8044383950678325	([149, 28], [162, 149, 86])
1	0.7631431370059023	0.8047028843802271	([257, 206], [257, 249, 206])
1	0.7938076427651803	0.8047444033388853	([409, 290], [409, 290, 246])
1	0.7661362392686466	0.804849269110309	([323, 106], [372, 323, 106])
1	0.7940794520067308	0.8048632029878333	([205, 45], [205, 86, 82])
1	0.793375999642853	0.8051281205257705	([185, 38], [185, 145, 95])
1	0.7691093649002568	0.8054396189747455	([397, 207], [397, 236, 207])
1	0.7581120672238716	0.8055810383708503	([410, 370], [410, 383, 370])
1	0.7934480200067525	0.8055836040682204	([255, 137], [289, 255, 137])
1	0.7844485535687427	0.8056850517012474	([285, 169], [285, 254, 169])
1	0.7921262340706207	0.805848479872596	([272, 164], [280, 272, 164])
1	0.766729183975931	0.8061951166291864	([372, 45], [389, 372, 45])
1	0.7872232807898811	0.8062117615721974	([373, 101], [373, 101, 27])
1	0.7641340809678591	0.8065243033719669	([290, 108], [290, 108, 101])
1	0.7531741855678586	0.8066475229521272	([403, 284], [403, 372, 284])
1	0.7815928013779777	0.8066754968615787	([311, 40], [311, 201, 5])
1	0.7539255250887265	0.8067102253626218	([171, 96], [171, 160, 96])
1	0.7756467085940327	0.8068093547669468	([207, 48], [207, 187, 23])
1	0.7334470150410227	0.806930131340581	([370, 12], [383, 370, 240])
1	0.7395020083026603	0.8070007136787688	([282, 107], [282, 141, 106])
1	0.8067481024121302	0.8071211241827646	([217, 106], [217, 214, 106])
1	0.7949675865424335	0.8071227217530962	([321, 58], [321, 83, 58])
1	0.8070470004515264	0.8071674182754741	([403, 32], [403, 374, 211])
1	0.7685534174908017	0.8071917190676474	([349, 266], [351, 349, 259])
1	0.5198883014983842	0.8072089061652395	([135, 132], [139, 135, 132])
1	0.7648478695148094	0.8072220125517842	([341, 206], [341, 206, 176])
1	0.7847680221044431	0.8073526102356425	([321, 152], [372, 321, 311])
1	0.796304581870449	0.8074579222534176	([406, 353], [406, 353, 341])
1	0.7855761495463999	0.8076517303071605	([278, 105], [281, 274, 93])
1	0.8008697713407114	0.8077059978811831	([357, 268], [357, 312, 268])
1	0.8040437536326484	0.8078710867638279	([206, 17], [250, 206, 11])
1	0.786046203018303	0.8079685162852366	([411, 55], [411, 55, 20])
1	0.8020866982244872	0.8081255641576666	([59, 4], [61, 59, 4])
1	0.7643514817803534	0.8082692022307216	([404, 43], [404, 43, 35])
1	0.7877754978846973	0.8086100662101886	([360, 104], [362, 360, 104])
1	0.7971863366927567	0.8086684845157535	([204, 44], [209, 204, 44])
1	0.8036350323927358	0.8087671900937199	([196, 31], [196, 40, 31])
1	0.7783829684049242	0.8088942035029276	([328, 30], [328, 312, 30])
1	0.8084203972507754	0.809060090110701	([322, 104], [360, 333, 104])
1	0.7962476424217754	0.809066263797952	([255, 79], [255, 104, 101])
1	0.793007896716587	0.8092842840735486	([141, 41], [141, 138, 41])
1	0.7777677048241142	0.8093464728340045	([233, 140], [254, 233, 140])
1	0.7728529055732801	0.8093464728340045	([258, 233], [258, 254, 233])
1	0.7978732523793943	0.8094010546158289	([408, 52], [412, 408, 52])
1	0.7593948490730756	0.8095476571731128	([283, 157], [283, 157, 147])
1	0.7995834460373777	0.8098071264730957	([149, 68], [152, 149, 68])
1	0.7999355440462711	0.8098221187322266	([202, 74], [202, 100, 82])
1	0.785869352091867	0.8099372669563976	([410, 173], [410, 173, 13])
1	0.808871117519743	0.8101392509925223	([163, 76], [180, 163, 76])
1	0.8101743302821146	0.8101826613232327	([206, 61], [206, 189, 42])
1	0.7928063369088623	0.8103735476698987	([414, 65], [414, 65, 10])
1	0.7976317339039842	0.8103972991564321	([396, 299], [396, 299, 179])
1	0.7814352519682937	0.8104031149311415	([195, 72], [195, 60, 12])
1	0.7971157834449915	0.8105588359654078	([300, 108], [411, 300, 108])
1	0.785113040800277	0.8105778592082133	([137, 61], [255, 137, 61])
1	0.7911912653850738	0.8107191695759155	([211, 62], [224, 214, 106])
1	0.7891750715215059	0.8109007170416265	([171, 27], [176, 112, 29])
1	0.8087881400877144	0.8111280098657381	([405, 29], [405, 403, 29])
1	0.8112998717892885	0.811372489705499	([250, 100], [250, 210, 195])
1	0.7818563895336607	0.8114941158419522	([229, 56], [229, 84, 79])
1	0.7698860488901239	0.8116872561261359	([156, 108], [171, 158, 108])
1	0.8022167703704335	0.8117549526242893	([242, 166], [242, 193, 166])
1	0.8053164356203457	0.8117698339729225	([167, 55], [167, 164, 46])
1	0.7812319999181339	0.8118371901195846	([363, 256], [363, 338, 256])
1	0.7998304666800544	0.8118516026925284	([362, 170], [375, 362, 337])
1	0.7827012418335982	0.81199883504689	([349, 48], [349, 321, 316])
1	0.8072525279602348	0.8122409839108441	([347, 140], [347, 310, 140])
1	0.7660149430232785	0.812421149618252	([331, 2], [331, 208, 2])
1	0.7659127078976704	0.812646639016718	([291, 15], [291, 94, 56])
1	0.803292065075907	0.8129083454331718	([165, 69], [197, 165, 69])
1	0.8119198149390855	0.812959756441105	([388, 70], [388, 255, 79])
1	0.749129615816682	0.8129841411613917	([268, 108], [259, 138, 112])
1	0.7880917962460016	0.8131648265125115	([316, 45], [320, 316, 45])
1	0.7990379134223045	0.8133194355130979	([320, 198], [320, 213, 198])
1	0.7998165217324549	0.8135963346508284	([392, 329], [392, 329, 242])
1	0.5834529925999669	0.8137616990682499	([232, 108], [232, 225, 108])
1	0.7783767825598525	0.8138582364975026	([199, 110], [199, 110, 17])
1	0.7903458393534437	0.8142234118371362	([134, 34], [173, 134, 34])
1	0.7973902696976637	0.8143433676813815	([171, 51], [216, 171, 151])
1	0.8140595619257514	0.8144931930425533	([336, 23], [373, 336, 154])
1	0.794561054593934	0.8148302037044738	([259, 245], [259, 252, 245])
1	0.807922946044879	0.8149465842410141	([345, 157], [369, 345, 157])
1	0.8083963918707398	0.8150273118826208	([407, 356], [407, 356, 313])
1	0.807613650628645	0.815401757722807	([306, 206], [306, 206, 202])
1	0.7945239867016425	0.8154077943434983	([341, 1], [339, 328, 1])
1	0.8124861994445121	0.8154346725010143	([385, 53], [385, 227, 79])
1	0.8080692176831711	0.815895361282202	([150, 112], [180, 155, 150])
1	0.7933869146088167	0.8161220170527951	([328, 15], [328, 94, 30])
1	0.7757851441757334	0.8163223878375947	([292, 2], [411, 292, 2])
1	0.7830708966561141	0.8163838864927069	([246, 17], [250, 246, 11])
1	0.8128659452466789	0.8164446326172169	([56, 8], [56, 52, 8])
1	0.8123783015681331	0.8166772866086365	([348, 177], [348, 344, 172])
1	0.8059536166995969	0.8166772866086365	([361, 172], [361, 348, 172])
1	0.7901675745017939	0.8167805721889496	([325, 14], [326, 306, 104])
1	0.8111439066737727	0.8167815129533251	([350, 155], [350, 338, 310])
1	0.7593756179274186	0.8169466150420899	([277, 148], [277, 252, 145])
1	0.8098091717086564	0.8170289319199435	([345, 66], [345, 157, 53])
1	0.802229271221765	0.8170434021253792	([310, 55], [310, 55, 44])
1	0.8152203835669741	0.8170625635313461	([261, 134], [263, 261, 134])
1	0.7578214674755885	0.8170727883747518	([295, 164], [295, 164, 158])
1	0.7941794074429506	0.8171867289749575	([167, 2], [167, 46, 2])
1	0.8154922472696541	0.8173745254556792	([342, 219], [378, 342, 219])
1	0.812950040581545	0.8181101874489518	([277, 51], [277, 189, 52])
1	0.7972694386349767	0.8182370995110921	([390, 76], [390, 375, 64])
1	0.758306044524485	0.8185738798390955	([111, 69], [111, 107, 75])
1	0.743605115977392	0.8186450002221097	([263, 110], [257, 111, 100])
1	0.7996507462246034	0.8190424398891007	([344, 172], [361, 172, 140])
1	0.806757023505158	0.8190424398891007	([403, 140], [403, 361, 140])
1	0.8121409132990743	0.8192764536386137	([315, 174], [315, 195, 174])
1	0.7982354316973926	0.8196446914101968	([269, 174], [276, 269, 174])
1	0.8196243489682088	0.8196678757085354	([352, 267], [352, 351, 267])
1	0.7954000213769653	0.8197434880954804	([355, 39], [355, 338, 39])
1	0.815838312845344	0.8197959125972646	([365, 136], [365, 334, 176])
1	0.7869398452580393	0.8199050103644699	([258, 72], [277, 258, 72])
1	0.7988373675444851	0.8199248959716805	([254, 66], [254, 81, 66])
1	0.7753023285762809	0.8200522244257162	([356, 108], [407, 356, 108])
1	0.8116232990771363	0.820075545148578	([382, 63], [382, 63, 36])
1	0.7929274380165893	0.8203169430377203	([300, 53], [320, 300, 45])
1	0.8197724392801932	0.8203281450895782	([401, 101], [401, 206, 101])
1	0.8142854025345324	0.8204279614046225	([351, 107], [364, 351, 137])
1	0.8161450739557045	0.8215759861045522	([351, 57], [355, 351, 57])
1	0.8215734093375878	0.8216111258126342	([165, 139], [165, 139, 105])
1	0.8157728804695884	0.821675639234288	([262, 167], [262, 259, 167])
1	0.7772851692902356	0.8217030397345165	([297, 60], [297, 148, 144])
1	0.7778074411006342	0.821842207420898	([316, 17], [316, 45, 31])
1	0.8090948077193112	0.8219008934855135	([226, 59], [226, 78, 59])
1	0.8156523903964737	0.8221723476076389	([400, 65], [400, 65, 23])
1	0.8072026979842438	0.8225084102179754	([243, 15], [243, 172, 155])
1	0.7906091033157143	0.8225254464699012	([311, 110], [321, 311, 110])
1	0.5598912520584939	0.8231619977279555	([234, 230], [354, 344, 134])
1	0.7706812209623399	0.8232401506243249	([170, 17], [174, 170, 17])
1	0.8005685868986911	0.8232866946427253	([170, 61], [170, 61, 59])
1	0.8223947299283784	0.823464942887729	([311, 13], [311, 141, 13])
1	0.7730965947086058	0.8240328357181891	([261, 165], [261, 259, 165])
1	0.8084156801009285	0.8243587682927459	([315, 215], [318, 315, 215])
1	0.8217571729135269	0.8244889100925626	([404, 110], [404, 110, 39])
1	0.7598346492537382	0.8248298817504542	([109, 57], [109, 78, 57])
1	0.8136596901672517	0.825098350941437	([362, 41], [362, 53, 41])
1	0.8109931974478661	0.8251594156757335	([282, 2], [282, 141, 2])
1	0.776011964013685	0.8253661614877041	([112, 1], [180, 112, 1])
1	0.8222840068947203	0.8253712978999108	([374, 75], [376, 374, 75])
1	0.7887528803033661	0.8255913196863001	([410, 71], [410, 182, 107])
1	0.8247808385163148	0.8259617233148367	([309, 168], [309, 205, 196])
1	0.8043176820181218	0.8260866925994675	([317, 111], [317, 140, 111])
1	0.8154946582426255	0.8269175412545462	([273, 109], [273, 176, 112])
1	0.826268468043893	0.8269822136311497	([299, 68], [340, 304, 68])
1	0.8162355264500475	0.8278800940567325	([257, 29], [257, 248, 223])
1	0.5100216526668955	0.8281370623133603	([339, 132], [257, 137, 132])
1	0.8285460161014151	0.8286585392445831	([284, 17], [284, 82, 59])
1	0.7909437888197726	0.8299177404328816	([348, 264], [348, 329, 262])
1	0.8153090934311781	0.8300059552593615	([343, 73], [343, 297, 231])
1	0.6137974602057137	0.8311411230809153	([232, 213], [234, 232, 213])
1	0.8171678515311686	0.8314246258299873	([150, 75], [150, 82, 75])
1	0.5634162120320082	0.8314398284496101	([214, 92], [137, 115, 87])
1	0.6652853275619744	0.8319971508576052	([416, 205], [416, 384, 205])
1	0.817819065841736	0.832218679944251	([364, 269], [364, 345, 269])
1	0.8236803023980225	0.8324616959093868	([268, 18], [268, 263, 18])
1	0.8273446747155481	0.8325357620465383	([350, 67], [350, 293, 67])
1	0.8065561711697627	0.832840616189328	([361, 263], [361, 273, 263])
1	0.8139522078901283	0.8330595949668538	([212, 110], [212, 191, 110])
1	0.8334754897940653	0.8339128941936528	([134, 49], [134, 100, 49])
1	0.8160679346050674	0.8343516332971869	([258, 21], [258, 72, 53])
1	0.8295329629320439	0.8349327619441587	([269, 207], [269, 207, 138])
1	0.8341924523109645	0.8351068549089494	([382, 111], [382, 218, 111])
1	0.8324470821339367	0.836346041662481	([360, 17], [360, 306, 170])
1	0.6326223316499534	0.8363480613943161	([198, 92], [218, 198, 193])
1	0.6270122441930965	0.8392283406154499	([416, 212], [416, 414, 212])
1	0.8332913867169137	0.8412571499259431	([264, 214], [264, 231, 214])
1	0.8219505445556244	0.842239126859736	([354, 47], [354, 333, 313])
1	0.7855108874746367	0.8463993151890118	([262, 73], [262, 259, 73])
1	0.49263374281961214	0.8476370815227264	([191, 188], [215, 137, 115])
1	0.8340274054801078	0.8494293474167078	([261, 241], [288, 261, 254])
1	0.6507439550538269	0.8520438107071177	([416, 307], [416, 384, 307])
1	0.8458099516885418	0.8530494255948958	([332, 139], [332, 139, 81])
1	0.8356877762092229	0.8536845364505545	([198, 62], [221, 198, 62])
1	0.5157907807996844	0.8604523784621859	([258, 115], [258, 137, 115])
1	0.6460200691343972	0.864037421929164	([269, 232], [269, 232, 108])
1	0.49431271028378	0.8723548605638264	([48, 46], [198, 130, 47])
1	0.49793062233951707	0.8744159129740615	([257, 132], [358, 138, 121])
1	0.5341032636198598	0.8811901786017398	([132, 68], [259, 132, 68])
1	0.5008150453777783	0.8868650807282132	([115, 16], [133, 115, 15])
1	0.49342755436788954	0.8885858676232069	([358, 121], [253, 142, 135])
1	0.4830281214398449	0.8904002405744638	([279, 128], [279, 171, 133])
1	0.5092290488041936	0.9081500537176642	([198, 132], [339, 198, 132])
0	0.0	0.9096861577781596	([26], [114, 113])
0	0.0	0.9302789594485202	([132], [132, 129])
0	0.0	0.9421308322476597	([125], [27, 26])
0	0.0	0.9685602092752454	([181], [181, 180])
0	0.0	0.9746664600650423	([113], [195, 194])
0	0.0	0.9782277948982839	([119], [399, 398])
0	0.0	0.981016525008379	([122], [175, 174])
1	0.9999107923164601	0.9999833322492783	([113, 112], [113, 111, 110])
1	0.9998825348599313	0.9999973417130197	([115, 113], [115, 113, 17])
0	0.0	1.0	([116], [116, 0])
0	0.0	1.0	([117], [117, 0])
0	0.0	1.0	([118], [118, 0])
0	0.0	1.0	([123], [123, 0])
0	0.0	1.0	([127], [127, 0])
0	0.0	inf	([124], [])
