0	0.0	0.24396035081250575	([39], [39, 38])
0	0.0	0.2550191712542501	([90], [90, 89])
0	0.0	0.2632658451771021	([419], [419, 418])
0	0.0	0.2650901514815111	([265], [265, 264])
0	0.0	0.26771406956401406	([45], [45, 44])
0	0.0	0.27026017953833376	([214], [214, 213])
0	0.0	0.2723426990927848	([37], [37, 36])
0	0.0	0.2737179121056411	([427], [427, 426])
0	0.0	0.274214565738108	([263], [263, 262])
0	0.0	0.2742889277727219	([389], [389, 388])
0	0.0	0.27857889023600363	([271], [271, 270])
0	0.0	0.2786442969028929	([423], [423, 422])
0	0.0	0.2792719521930541	([299], [299, 298])
0	0.0	0.27954926083822734	([441], [441, 440])
0	0.0	0.2804466203273745	([114], [114, 113])
0	0.0	0.28126124223225546	([305], [305, 304])
0	0.0	0.2816114335417932	([385], [385, 384])
0	0.0	0.28172903995521253	([270], [270, 269])
0	0.0	0.2825935344265673	([258], [258, 257])
0	0.0	0.28275624659251186	([287], [287, 286])
0	0.0	0.2831695392962244	([228], [228, 227])
0	0.0	0.2833640829198693	([327], [327, 326])
0	0.0	0.283657373672603	([112], [112, 111])
0	0.0	0.2839434104751036	([193], [193, 192])
0	0.0	0.2842608390630126	([379], [379, 378])
0	0.0	0.2845430214981421	([205], [205, 204])
0	0.0	0.2855964314084148	([292], [292, 291])
0	0.0	0.2857952825388041	([109], [109, 108])
0	0.0	0.28612082830517793	([69], [69, 68])
0	0.0	0.28628801704456736	([289], [289, 288])
0	0.0	0.2867172637390923	([431], [431, 430])
0	0.0	0.2871205134792516	([74], [74, 73])
0	0.0	0.287171607850722	([222], [222, 221])
0	0.0	0.287189602675471	([434], [434, 433])
0	0.0	0.28725324370288696	([387], [387, 386])
0	0.0	0.28749604999872314	([284], [284, 283])
0	0.0	0.2885282301971361	([414], [414, 413])
0	0.0	0.2889341819682458	([436], [436, 435])
0	0.0	0.28908048789211355	([295], [295, 294])
0	0.0	0.2893872775668571	([412], [412, 411])
0	0.0	0.28961611950867827	([364], [364, 363])
0	0.0	0.28961782404803227	([178], [178, 177])
0	0.0	0.28968721827875304	([230], [230, 229])
0	0.0	0.2898150718433339	([399], [399, 398])
0	0.0	0.2903075133172794	([88], [88, 87])
0	0.0	0.29058713116072415	([241], [241, 240])
0	0.0	0.290773863347967	([172], [172, 171])
0	0.0	0.29097873081387465	([373], [373, 372])
0	0.0	0.29108836183526826	([420], [420, 419])
0	0.0	0.2912330099778425	([119], [119, 118])
0	0.0	0.29128411777690494	([36], [36, 35])
0	0.0	0.2915849039329373	([224], [224, 223])
0	0.0	0.29187533202101235	([170], [170, 169])
0	0.0	0.2919391181418344	([281], [281, 280])
0	0.0	0.29240153542848396	([219], [219, 218])
0	0.0	0.2925721648927532	([32], [32, 31])
0	0.0	0.29450698004556564	([301], [301, 300])
0	0.0	0.2950331224664083	([102], [102, 101])
0	0.0	0.2954139057055768	([331], [331, 330])
0	0.0	0.2956913665612821	([262], [262, 261])
0	0.0	0.29579883968100623	([255], [255, 254])
0	0.0	0.29595788970974707	([395], [395, 394])
0	0.0	0.2960391038603729	([401], [401, 400])
0	0.0	0.29654349785860723	([201], [201, 200])
0	0.0	0.29684888952748467	([238], [238, 237])
0	0.0	0.29708202252720234	([382], [382, 381])
0	0.0	0.29725063788073514	([396], [396, 395])
0	0.0	0.2975823277200957	([101], [101, 100])
0	0.0	0.29808039533126984	([375], [375, 374])
0	0.0	0.29825489489747636	([41], [41, 40])
0	0.0	0.29922007130135575	([446], [446, 445])
0	0.0	0.29943820755924816	([418], [418, 417])
0	0.0	0.2995414758129671	([368], [368, 367])
0	0.0	0.29983047580064776	([283], [283, 282])
0	0.0	0.2998640828092313	([438], [438, 437])
0	0.0	0.30040389822294833	([445], [445, 444])
0	0.0	0.30050923302697946	([233], [233, 232])
0	0.0	0.3010163814314754	([297], [297, 296])
0	0.0	0.30109669178281384	([177], [177, 176])
0	0.0	0.30114144766646705	([189], [189, 188])
0	0.0	0.3022201110708908	([278], [278, 277])
0	0.0	0.30280537465645374	([447], [447, 446])
0	0.0	0.30296022470427303	([175], [175, 174])
0	0.0	0.3029851785065472	([198], [198, 197])
0	0.0	0.3030220514014411	([98], [98, 97])
0	0.0	0.3030478573445272	([254], [254, 253])
0	0.0	0.3042546294805184	([200], [200, 199])
0	0.0	0.3048808253480693	([66], [66, 65])
0	0.0	0.30520512826662954	([208], [208, 207])
0	0.0	0.30554331878583235	([204], [204, 203])
0	0.0	0.30611560849646363	([60], [60, 59])
0	0.0	0.307149972874315	([243], [243, 242])
0	0.0	0.3072598830104577	([276], [276, 275])
0	0.0	0.3074068496279376	([394], [394, 393])
0	0.0	0.30806768131237855	([267], [267, 266])
0	0.0	0.30856134783734046	([296], [296, 295])
0	0.0	0.30889742204265935	([453], [453, 452])
0	0.0	0.30968699311734277	([186], [186, 185])
0	0.0	0.3098965454846129	([426], [426, 425])
0	0.0	0.3099576036948908	([53], [53, 52])
0	0.0	0.3102921984187075	([291], [291, 290])
0	0.0	0.3107935349849332	([359], [359, 358])
0	0.0	0.31090014404564864	([67], [67, 66])
0	0.0	0.3109926193817175	([322], [322, 321])
0	0.0	0.3112259456437459	([31], [31, 30])
0	0.0	0.31154925957338747	([321], [321, 320])
0	0.0	0.31167938662131217	([236], [236, 235])
0	0.0	0.31186740359076626	([190], [190, 189])
0	0.0	0.3120345386696602	([30], [30, 29])
0	0.0	0.3129887791285107	([225], [225, 224])
0	0.0	0.31347323404940075	([234], [234, 233])
0	0.0	0.3135289918518391	([316], [316, 315])
0	0.0	0.31376146003107075	([405], [405, 404])
0	0.0	0.3138990433692262	([439], [439, 438])
0	0.0	0.31437583577708483	([432], [432, 431])
0	0.0	0.3145114994981301	([356], [356, 355])
0	0.0	0.31457460694977607	([251], [251, 250])
0	0.0	0.3145770419365949	([261], [261, 260])
0	0.0	0.31480169241786665	([329], [329, 328])
0	0.0	0.31510465605994875	([72], [72, 71])
0	0.0	0.3152678199545311	([125], [125, 124])
0	0.0	0.31534466595992616	([173], [173, 172])
0	0.0	0.3157869932873939	([105], [105, 104])
0	0.0	0.3157908130517959	([383], [383, 382])
0	0.0	0.31583518653902126	([52], [52, 51])
0	0.0	0.31586871513875425	([307], [307, 306])
0	0.0	0.31597037017364576	([50], [50, 49])
0	0.0	0.31618739519743105	([76], [76, 75])
0	0.0	0.3162515752814399	([433], [433, 432])
0	0.0	0.31635059776630514	([286], [286, 285])
0	0.0	0.3165149117033011	([124], [124, 123])
0	0.0	0.31651731916462683	([240], [240, 239])
0	0.0	0.31665997104149884	([256], [256, 255])
0	0.0	0.31667625035435437	([87], [87, 86])
0	0.0	0.31686940633836636	([116], [116, 115])
0	0.0	0.31766969667748385	([313], [313, 312])
0	0.0	0.317722968879393	([79], [79, 78])
0	0.0	0.31774279349407125	([253], [253, 252])
0	0.0	0.31777324273958557	([378], [378, 377])
0	0.0	0.3181172745354831	([80], [80, 79])
0	0.0	0.3184097811357886	([85], [85, 84])
0	0.0	0.31850473809530105	([361], [361, 360])
0	0.0	0.31876067441577594	([142], [142, 141])
0	0.0	0.3187795642135821	([188], [188, 187])
0	0.0	0.3191891151327004	([347], [347, 346])
0	0.0	0.31928079455231934	([357], [357, 356])
0	0.0	0.31928409208992287	([216], [216, 215])
0	0.0	0.31961032612975077	([127], [127, 126])
0	0.0	0.31974563253077326	([244], [244, 243])
0	0.0	0.32006490331239473	([454], [454, 453])
0	0.0	0.3202798876534901	([42], [42, 41])
0	0.0	0.3204406924936094	([121], [121, 120])
0	0.0	0.32044926591629325	([84], [84, 83])
0	0.0	0.32049701545440656	([227], [227, 226])
0	0.0	0.32070600146464895	([429], [429, 428])
0	0.0	0.3208490702026258	([182], [182, 181])
0	0.0	0.32092029014421436	([196], [196, 195])
0	0.0	0.3211486934179324	([334], [334, 333])
0	0.0	0.32126011072764854	([75], [75, 74])
0	0.0	0.3218500292025225	([217], [217, 215])
0	0.0	0.32222984158856394	([319], [319, 318])
0	0.0	0.32240736092004163	([338], [338, 337])
0	0.0	0.32285888323549955	([391], [391, 390])
0	0.0	0.3235652586004231	([430], [430, 429])
0	0.0	0.3236156825049075	([341], [341, 340])
0	0.0	0.3238557714097718	([43], [43, 42])
0	0.0	0.32389299610125005	([183], [183, 182])
0	0.0	0.32421071405377844	([44], [45, 43])
0	0.0	0.32424645570114907	([95], [95, 94])
0	0.0	0.32432011079581274	([29], [29, 28])
0	0.0	0.3243616818054402	([366], [366, 365])
0	0.0	0.3246389641846539	([174], [174, 173])
0	0.0	0.3247203302047621	([377], [377, 376])
0	0.0	0.3247359500135144	([353], [353, 352])
0	0.0	0.3247801854755517	([317], [317, 316])
0	0.0	0.3250076720206291	([381], [381, 380])
0	0.0	0.325082926087719	([132], [132, 131])
0	0.0	0.3251117103642887	([303], [303, 302])
0	0.0	0.32514631978049796	([290], [290, 289])
0	0.0	0.32524582290230664	([260], [260, 259])
0	0.0	0.3256761232808254	([444], [444, 443])
0	0.0	0.3257603355551692	([185], [185, 184])
0	0.0	0.32592153284815584	([123], [123, 122])
0	0.0	0.32650256474997685	([54], [54, 53])
0	0.0	0.3268754185378226	([336], [336, 335])
0	0.0	0.3270526393901039	([280], [280, 279])
0	0.0	0.3279112622477796	([133], [133, 132])
0	0.0	0.32794525150110787	([57], [57, 56])
0	0.0	0.3284603829906	([376], [376, 375])
0	0.0	0.32849820988953204	([96], [96, 95])
0	0.0	0.32899034798324983	([392], [392, 391])
0	0.0	0.3290605059559307	([354], [354, 353])
0	0.0	0.3291235310782567	([274], [274, 273])
0	0.0	0.3291306568146465	([409], [409, 408])
0	0.0	0.3292051583183351	([272], [272, 271])
0	0.0	0.32939505218010906	([371], [371, 370])
0	0.0	0.329446278985479	([143], [143, 142])
0	0.0	0.3294734009457972	([59], [59, 58])
0	0.0	0.3294988545254719	([302], [302, 301])
0	0.0	0.32957172998109957	([78], [78, 77])
0	0.0	0.3296130340212048	([369], [369, 368])
0	0.0	0.32993050879556296	([312], [312, 311])
0	0.0	0.33036129568855577	([191], [191, 190])
0	0.0	0.33049208002889663	([318], [318, 317])
0	0.0	0.3309655567095859	([156], [156, 155])
0	0.0	0.33104297530516913	([306], [306, 305])
0	0.0	0.33114935632380316	([277], [277, 276])
0	0.0	0.33127941563218083	([279], [279, 278])
0	0.0	0.33179300164443515	([51], [51, 50])
0	0.0	0.3320061062075717	([266], [266, 265])
0	0.0	0.33225492758538583	([437], [437, 436])
0	0.0	0.3324397044685	([339], [339, 338])
0	0.0	0.33254003469371995	([167], [167, 166])
0	0.0	0.33255507073594476	([220], [220, 219])
0	0.0	0.3325575105895179	([268], [268, 267])
0	0.0	0.3330404986001936	([325], [325, 324])
0	0.0	0.3333167827756962	([138], [138, 137])
0	0.0	0.33332491146459864	([165], [165, 164])
0	0.0	0.33337124399410495	([298], [298, 297])
0	0.0	0.3337074239562307	([250], [250, 249])
0	0.0	0.33429468635783693	([416], [416, 415])
0	0.0	0.33431566905922366	([337], [337, 336])
0	0.0	0.3346118300612543	([145], [145, 144])
0	0.0	0.33502271668633277	([65], [65, 64])
0	0.0	0.3354398080128342	([310], [310, 309])
0	0.0	0.33550397504112583	([129], [129, 128])
0	0.0	0.33586575328391244	([195], [195, 194])
0	0.0	0.33607203286214604	([390], [390, 389])
0	0.0	0.336215682214	([422], [422, 421])
0	0.0	0.3362294117249708	([111], [111, 110])
0	0.0	0.3363035522499609	([415], [415, 414])
0	0.0	0.33630554538712615	([367], [368, 366])
0	0.0	0.3366156772821516	([136], [136, 135])
0	0.0	0.33664455232138546	([249], [249, 247])
0	0.0	0.3367363108604625	([344], [344, 343])
0	0.0	0.33757729854722135	([309], [309, 308])
0	0.0	0.3376521954993014	([311], [312, 310])
0	0.0	0.337700173487089	([46], [46, 45])
0	0.0	0.3378474873650205	([166], [166, 165])
0	0.0	0.3379902543030092	([157], [157, 156])
0	0.0	0.33815155721166457	([372], [372, 371])
0	0.0	0.3381878968481614	([235], [235, 234])
0	0.0	0.3383765969598468	([406], [406, 405])
0	0.0	0.3386896574156508	([199], [199, 198])
0	0.0	0.33896647650319883	([226], [226, 225])
0	0.0	0.33948790991242384	([288], [288, 287])
0	0.0	0.339552256101929	([345], [345, 344])
0	0.0	0.3400243082624756	([269], [269, 268])
0	0.0	0.3401339936306363	([134], [134, 133])
0	0.0	0.3401797533979104	([410], [410, 409])
0	0.0	0.34045587102128677	([252], [252, 251])
0	0.0	0.34108944629302085	([137], [137, 136])
0	0.0	0.34139482284111494	([332], [332, 331])
0	0.0	0.3415881810835291	([221], [221, 220])
0	0.0	0.3419649862583256	([180], [180, 179])
0	0.0	0.34220798810464054	([335], [335, 334])
0	0.0	0.34228122054520027	([435], [435, 434])
0	0.0	0.342331469539313	([324], [324, 323])
1	0.3417967890069901	0.34252768898326774	([278, 275], [278, 277, 276])
0	0.0	0.342545845703442	([86], [86, 85])
0	0.0	0.3430000401147025	([400], [400, 399])
0	0.0	0.34336080110515965	([92], [92, 91])
0	0.0	0.3435881382756057	([449], [449, 448])
0	0.0	0.3435982811806206	([169], [169, 168])
0	0.0	0.34389826956327113	([26], [26, 25])
0	0.0	0.344049741937772	([94], [94, 93])
0	0.0	0.3443175474512329	([91], [91, 90])
0	0.0	0.3447829828597911	([320], [320, 319])
0	0.0	0.34552330256189967	([440], [440, 439])
0	0.0	0.3455607510358258	([213], [213, 212])
0	0.0	0.3457741783869945	([408], [408, 406])
0	0.0	0.34578850325428495	([413], [413, 412])
0	0.0	0.34584504420132967	([323], [323, 322])
0	0.0	0.3461174146285445	([171], [171, 170])
0	0.0	0.3462796365076819	([206], [206, 205])
0	0.0	0.3462808093979057	([71], [71, 70])
0	0.0	0.3466218094520773	([285], [285, 284])
0	0.0	0.3468152027677271	([421], [421, 420])
0	0.0	0.3469979215338078	([355], [355, 354])
0	0.0	0.34745249925041893	([181], [181, 180])
0	0.0	0.34764354694839694	([343], [343, 342])
0	0.0	0.3481138372030842	([135], [135, 134])
0	0.0	0.34884776333742834	([247], [247, 246])
0	0.0	0.3493495872340255	([211], [211, 210])
0	0.0	0.3495052576264576	([130], [130, 129])
0	0.0	0.3495229776521236	([117], [117, 116])
0	0.0	0.3502441297167142	([70], [70, 69])
0	0.0	0.350497462140726	([218], [218, 217])
0	0.0	0.3505227627361518	([215], [215, 213])
0	0.0	0.3508371373480732	([443], [443, 440])
0	0.0	0.35084679081512826	([398], [399, 397])
0	0.0	0.35102515495199593	([245], [245, 244])
0	0.0	0.3513159413559424	([203], [203, 202])
0	0.0	0.3513162422731705	([58], [58, 57])
0	0.0	0.35237461327307884	([360], [360, 359])
0	0.0	0.3526541654394992	([350], [350, 349])
0	0.0	0.35298966777613927	([110], [110, 109])
0	0.0	0.35375521887793643	([442], [442, 441])
0	0.0	0.35393410876950293	([194], [194, 193])
0	0.0	0.3546828415802971	([115], [115, 114])
0	0.0	0.35517051949489614	([118], [118, 117])
0	0.0	0.35542817716024727	([342], [342, 341])
0	0.0	0.3557610964271037	([404], [404, 403])
1	0.35288119729616624	0.35627135792141257	([369, 365], [369, 368, 365])
0	0.0	0.3571974390111792	([176], [176, 175])
0	0.0	0.35740198197070955	([187], [187, 186])
0	0.0	0.35796060796586027	([141], [141, 140])
0	0.0	0.3584882862684724	([97], [97, 96])
0	0.0	0.35915349915506295	([140], [140, 139])
0	0.0	0.3598759411384828	([33], [33, 32])
0	0.0	0.3608460015792585	([246], [246, 245])
0	0.0	0.36093338216275855	([411], [411, 410])
0	0.0	0.3611916106639064	([47], [47, 46])
0	0.0	0.36129845748980155	([388], [388, 387])
0	0.0	0.3614166280316856	([333], [333, 332])
0	0.0	0.3618308466337162	([122], [122, 121])
0	0.0	0.3620870698211069	([209], [209, 208])
0	0.0	0.3621167200321531	([358], [358, 357])
0	0.0	0.36262890074625453	([397], [397, 396])
0	0.0	0.3633959653349904	([108], [108, 107])
0	0.0	0.3640800424475415	([184], [184, 183])
0	0.0	0.36487667548850133	([104], [104, 103])
0	0.0	0.36508618644940394	([450], [450, 449])
0	0.0	0.36553783808046386	([242], [242, 241])
0	0.0	0.3655477691179655	([162], [162, 161])
0	0.0	0.3659829512090365	([120], [120, 119])
0	0.0	0.36725690133246314	([23], [23, 21])
0	0.0	0.36748121453537896	([68], [68, 67])
0	0.0	0.3689376707102612	([308], [308, 307])
0	0.0	0.3700066991184192	([202], [202, 201])
0	0.0	0.37026499865956847	([314], [314, 313])
0	0.0	0.37051762488881484	([340], [340, 339])
0	0.0	0.370879437045096	([384], [384, 383])
0	0.0	0.3714417359703494	([197], [197, 196])
0	0.0	0.3727742916903958	([273], [273, 272])
0	0.0	0.3727897490207941	([21], [23, 22])
0	0.0	0.37318983438568964	([428], [428, 427])
0	0.0	0.37322739794761983	([229], [229, 228])
0	0.0	0.3737435946286197	([14], [14, 13])
0	0.0	0.3737672302723347	([370], [370, 369])
0	0.0	0.3739249788580564	([248], [248, 247])
0	0.0	0.37434142045775715	([275], [275, 274])
0	0.0	0.37509869718621097	([393], [393, 392])
0	0.0	0.37533007399910084	([77], [77, 76])
0	0.0	0.37565285540121535	([62], [62, 61])
0	0.0	0.3760190866267144	([232], [232, 231])
0	0.0	0.37622488948110666	([210], [210, 209])
0	0.0	0.37701197255060664	([139], [139, 138])
0	0.0	0.3771539514122733	([93], [93, 92])
0	0.0	0.37734012210235807	([35], [35, 34])
0	0.0	0.378049493526155	([126], [126, 125])
0	0.0	0.3781876255048279	([100], [100, 99])
0	0.0	0.3784338107483893	([164], [164, 163])
0	0.0	0.37896608302058016	([20], [20, 19])
0	0.0	0.3791882556074158	([346], [346, 345])
0	0.0	0.37931101227330194	([452], [452, 450])
0	0.0	0.3795432710464586	([304], [304, 303])
0	0.0	0.3796746551526469	([82], [82, 81])
0	0.0	0.37986267015078495	([113], [113, 112])
0	0.0	0.3801764211139967	([425], [425, 424])
0	0.0	0.3806363592513102	([34], [34, 33])
0	0.0	0.38090977654151215	([300], [300, 299])
0	0.0	0.3809487021726699	([374], [374, 373])
0	0.0	0.38119401618913956	([264], [264, 259])
0	0.0	0.38145909959299606	([24], [24, 23])
0	0.0	0.3815134079151704	([424], [424, 423])
0	0.0	0.3823219881367462	([151], [151, 150])
0	0.0	0.38242648383550304	([131], [131, 130])
0	0.0	0.38372212176220905	([161], [161, 160])
0	0.0	0.3844430869559191	([179], [179, 176])
0	0.0	0.38465268165133004	([326], [326, 325])
0	0.0	0.38549022451104675	([207], [207, 206])
0	0.0	0.38574902283701296	([417], [417, 416])
0	0.0	0.3860085677232028	([403], [408, 407])
0	0.0	0.38645812231261556	([352], [352, 351])
0	0.0	0.38749821797683576	([237], [237, 236])
0	0.0	0.38754248136666974	([257], [257, 256])
1	0.35744260471664335	0.3880647490732145	([191, 187], [190, 189, 188])
0	0.0	0.3881773785688577	([160], [161, 159])
0	0.0	0.3886530208844793	([64], [64, 63])
0	0.0	0.38889760023122816	([18], [18, 17])
0	0.0	0.38943914880887137	([56], [56, 55])
0	0.0	0.390719628028544	([330], [330, 329])
0	0.0	0.39075360585979196	([27], [27, 26])
0	0.0	0.3912370528178975	([259], [259, 258])
0	0.0	0.39139357894632854	([81], [81, 80])
0	0.0	0.3915172482988773	([192], [192, 191])
0	0.0	0.39184104377546924	([212], [212, 211])
0	0.0	0.3919628381111082	([231], [235, 230])
0	0.0	0.39213688408138886	([73], [73, 72])
0	0.0	0.3929596863295672	([152], [152, 151])
0	0.0	0.3933993638405493	([328], [328, 327])
0	0.0	0.3936427553260193	([89], [89, 88])
0	0.0	0.3942816838296999	([154], [154, 153])
0	0.0	0.39478496286827675	([163], [163, 162])
0	0.0	0.39572583719224663	([38], [38, 37])
0	0.0	0.39758887727189646	([351], [351, 350])
0	0.0	0.3976531841970462	([365], [365, 364])
0	0.0	0.3977865022912563	([315], [315, 314])
0	0.0	0.398427933522972	([103], [103, 102])
0	0.0	0.398432812131744	([239], [239, 238])
1	0.39810111367731016	0.4003925693141771	([235, 231], [235, 234, 232])
0	0.0	0.4007428328575811	([61], [61, 60])
0	0.0	0.40394161844968385	([294], [294, 292])
0	0.0	0.4047839791728054	([144], [144, 143])
0	0.0	0.4073420738545727	([48], [48, 47])
0	0.0	0.40827140453214045	([83], [83, 82])
0	0.0	0.4091112493494363	([107], [107, 106])
0	0.0	0.4100219684959862	([282], [282, 281])
0	0.0	0.41012711153117576	([25], [25, 23])
0	0.0	0.4105399238830569	([402], [402, 401])
1	0.40290523227798125	0.41090020160014545	([113, 109], [113, 111, 110])
0	0.0	0.4113520009046158	([63], [63, 62])
0	0.0	0.41176675129971	([153], [154, 152])
0	0.0	0.41206664571611756	([158], [158, 157])
0	0.0	0.4120991255419752	([407], [403, 402])
0	0.0	0.4121659606322504	([363], [363, 362])
0	0.0	0.4125365883271654	([147], [147, 146])
0	0.0	0.41268041559614044	([159], [159, 158])
0	0.0	0.4127683858770519	([146], [146, 145])
0	0.0	0.41356900396135204	([49], [49, 48])
0	0.0	0.4148212051487202	([149], [149, 147])
0	0.0	0.41624525277675717	([150], [150, 149])
0	0.0	0.417661450424889	([223], [223, 222])
1	0.4063472624079879	0.4176828087164764	([389, 386], [389, 388, 386])
0	0.0	0.4179889555289459	([380], [380, 379])
0	0.0	0.41917176460276556	([362], [362, 361])
0	0.0	0.4194696427133204	([40], [40, 38])
0	0.0	0.4199581942605633	([55], [55, 54])
1	0.4169047683906233	0.4202026704983952	([358, 354], [358, 357, 355])
0	0.0	0.4202289205776223	([448], [448, 447])
0	0.0	0.4206360955789561	([386], [386, 385])
0	0.0	0.4228126781071129	([28], [28, 27])
0	0.0	0.4235845852339923	([99], [99, 98])
0	0.0	0.4236558635327944	([168], [168, 167])
0	0.0	0.4241455440383024	([148], [148, 147])
1	0.4231759012006583	0.42430308657919985	([105, 102], [105, 104, 103])
1	0.4214477894147446	0.4266124202688214	([324, 320], [324, 323, 320])
0	0.0	0.4289789747320269	([293], [293, 292])
0	0.0	0.429187554023827	([349], [349, 348])
0	0.0	0.43162988879982306	([451], [451, 450])
0	0.0	0.4326470217903404	([155], [155, 152])
0	0.0	0.4370105814153296	([128], [128, 127])
1	0.43448811794402253	0.443701553855401	([410, 406], [410, 409, 408])
0	0.0	0.44494535845369104	([19], [20, 15])
1	0.4481704424612587	0.4520795901245014	([186, 181], [186, 184, 183])
0	0.0	0.453746615033937	([22], [21, 20])
0	0.0	0.4551465979997972	([15], [19, 16])
0	0.0	0.4585572142630914	([348], [349, 347])
0	0.0	0.4638020648219712	([106], [106, 105])
0	0.0	0.47258383285472527	([16], [451, 17])
0	0.0	0.4749366807071974	([17], [348, 11])
1	0.4739275060044861	0.482695793756154	([167, 161], [167, 165, 161])
1	0.4799187117930423	0.48519129698769764	([137, 130], [137, 134, 130])
1	0.47935742316083224	0.49439944772075756	([324, 314], [323, 322, 314])
1	0.5061495113082453	0.5061885400132807	([133, 129], [133, 131, 129])
1	0.5086745948889391	0.5261058293225603	([42, 38], [42, 41, 38])
1	0.5014578674670542	0.5361151292473887	([376, 370], [376, 374, 373])
0	0.0	0.5414695687170789	([11], [20, 13])
1	0.523680836627013	0.5502625786087357	([149, 16], [154, 150, 149])
1	0.5464714633367749	0.5565477563637813	([32, 27], [32, 30, 29])
1	0.5498456372010936	0.566481507479092	([55, 15], [55, 48, 47])
0	0.0	0.5682452577559698	([13], [24, 12])
1	0.5686999052707884	0.5704213167666119	([349, 336], [349, 342, 336])
0	0.0	0.571437336303309	([12], [158, 0])
1	0.5763689635227237	0.579226527291504	([418, 415], [418, 417, 416])
1	0.5680953362083994	0.5799419217434759	([211, 195], [211, 206, 195])
1	0.5701611253429987	0.5802795686166861	([210, 200], [210, 206, 200])
1	0.5638473464061686	0.5823423080688812	([215, 210], [215, 214, 210])
1	0.570742446414255	0.5847213616895621	([194, 183], [194, 193, 183])
1	0.5434235805090722	0.5895061771054503	([160, 16], [160, 153, 152])
1	0.4970548991823867	0.5937926388867996	([24, 15], [22, 21, 20])
1	0.5635068029255528	0.5939350556475272	([393, 384], [393, 390, 384])
1	0.5843686221359318	0.6035799083940194	([417, 401], [417, 416, 401])
1	0.5844007076524542	0.6042073733031929	([20, 12], [24, 21, 12])
1	0.5985845659365239	0.6130641256035803	([40, 24], [40, 37, 24])
1	0.6034279513723513	0.6147404287584428	([270, 263], [270, 266, 264])
1	0.5431563986872301	0.6165342133461515	([34, 16], [34, 31, 27])
1	0.5590858789421653	0.619828781459415	([37, 26], [37, 32, 26])
1	0.578077168398912	0.6234873458237069	([391, 379], [391, 386, 384])
1	0.6128841397273195	0.623966070500807	([297, 286], [297, 296, 286])
1	0.5993716960427184	0.6294042248888567	([168, 145], [167, 150, 147])
1	0.6074305553752373	0.6300883925507392	([439, 425], [439, 433, 430])
1	0.6279266369415804	0.6302535262077075	([243, 228], [243, 242, 228])
1	0.631184146748208	0.633148631742014	([408, 394], [408, 400, 398])
1	0.5808455918623774	0.6336312763730687	([38, 30], [38, 37, 28])
1	0.6291368075963392	0.6350362510120201	([289, 274], [289, 280, 274])
1	0.6234448680756957	0.6387483555913672	([42, 29], [42, 41, 33])
1	0.6406753223834072	0.6415496077668205	([352, 330], [352, 344, 329])
1	0.6244588267938728	0.6423447341978016	([269, 257], [269, 263, 258])
1	0.613733925539853	0.6462719486115776	([439, 418], [439, 425, 418])
1	0.6279131856401596	0.647593505846875	([279, 265], [279, 273, 265])
1	0.639424200646713	0.648498001215489	([422, 400], [422, 420, 400])
1	0.6329687407427785	0.6488272803472659	([300, 287], [300, 297, 287])
1	0.5969740416706141	0.6495377975722902	([46, 30], [46, 42, 30])
1	0.6480854561474375	0.653063301442597	([326, 307], [326, 314, 311])
1	0.647252542343474	0.6580046808376767	([355, 327], [355, 350, 327])
1	0.647797666374665	0.6591483902692092	([227, 214], [227, 221, 214])
1	0.6576525305034681	0.6594309732055649	([427, 398], [427, 419, 398])
1	0.6616257073206171	0.6656247275429249	([283, 257], [283, 268, 265])
1	0.6393323245144723	0.6679895126836896	([430, 403], [430, 419, 418])
1	0.6635851168888443	0.6683098137097492	([393, 371], [393, 384, 380])
1	0.6631243408377374	0.6689146102408491	([84, 68], [84, 77, 73])
1	0.6411041451954378	0.6718783966502139	([403, 373], [403, 391, 379])
1	0.6377557350002101	0.6720918403117156	([145, 115], [145, 143, 116])
1	0.6713124300606874	0.672110144430738	([421, 392], [421, 419, 398])
1	0.6455519348240253	0.6738577249173601	([269, 242], [269, 257, 242])
1	0.6483563603856736	0.6745707695563402	([453, 20], [453, 452, 13])
1	0.6627848005538699	0.6747452281513427	([450, 319], [450, 448, 315])
1	0.6711558725561807	0.6749841844046098	([429, 401], [429, 418, 417])
1	0.6722022528541246	0.6755614577762392	([268, 243], [268, 265, 243])
1	0.6457861161578673	0.6757915622859496	([286, 266], [286, 275, 273])
1	0.6613619867088667	0.675884016230042	([225, 208], [225, 219, 208])
1	0.6679680590673858	0.676028197930814	([417, 385], [420, 417, 385])
1	0.6775275700772434	0.677756037813851	([434, 404], [435, 434, 404])
1	0.6736453603332896	0.6779067542343459	([410, 383], [419, 398, 383])
1	0.6575722707647443	0.6789669230626325	([448, 317], [450, 449, 316])
1	0.6683840485373482	0.6790285174617632	([407, 388], [407, 397, 394])
1	0.6666473430673846	0.681526475749406	([420, 390], [417, 403, 391])
1	0.6736533932396367	0.6815915081967018	([406, 387], [406, 400, 391])
1	0.6643740347701641	0.6831529791546269	([263, 246], [263, 261, 246])
1	0.6714130412715057	0.6851215158100139	([147, 13], [159, 148, 147])
1	0.6841488616535601	0.6851386527058827	([49, 20], [49, 42, 29])
1	0.6546723658467781	0.6861075379594087	([379, 360], [379, 370, 369])
1	0.6701198926068577	0.686242985521691	([308, 273], [304, 291, 273])
1	0.6660597461118111	0.6863490691735817	([194, 172], [194, 181, 179])
1	0.6828283504061248	0.6866358571079865	([444, 387], [444, 387, 380])
1	0.669050361445883	0.6880102575127737	([396, 376], [399, 396, 376])
1	0.6671470112123727	0.6880116511344554	([444, 380], [444, 438, 436])
1	0.6356270817541612	0.6896984516761913	([453, 320], [453, 452, 320])
1	0.6886643853188125	0.6904452111288327	([449, 391], [449, 445, 391])
1	0.6494335802777508	0.6910959972094882	([254, 231], [254, 252, 232])
1	0.6927283637283925	0.6941897834913665	([434, 296], [434, 431, 296])
1	0.6888004161312299	0.6956189372369246	([196, 169], [196, 178, 174])
1	0.6694815535038021	0.6956189372369246	([196, 178], [196, 192, 174])
1	0.6883052185644107	0.6956189372369246	([203, 174], [203, 196, 174])
1	0.6663831024261289	0.6959832127669844	([292, 258], [292, 280, 273])
1	0.6833406381122563	0.6971018391950555	([294, 243], [294, 288, 243])
1	0.6855947917946786	0.6972561165416118	([418, 384], [436, 418, 416])
1	0.6874358757387237	0.6979022641600358	([43, 22], [46, 43, 22])
1	0.6645038230778783	0.6982252920069529	([423, 388], [423, 398, 390])
1	0.6448408602374587	0.6982342893436579	([436, 387], [418, 405, 401])
1	0.682090046344371	0.6985250159632158	([195, 168], [195, 194, 168])
1	0.6775591222102668	0.6995275394455162	([71, 12], [75, 71, 63])
1	0.6764224581772283	0.7011373072940242	([417, 374], [417, 394, 374])
1	0.6920770460045089	0.7032555410637139	([301, 281], [301, 293, 287])
1	0.6945811313605603	0.7037898110339224	([198, 175], [198, 194, 186])
1	0.7004389430046979	0.7045275547225133	([420, 372], [420, 390, 372])
1	0.6865567025897151	0.7048317145152824	([210, 173], [210, 196, 178])
1	0.6951067419433429	0.7051414243065585	([447, 390], [447, 446, 390])
1	0.6774526918793417	0.7057296627258294	([448, 368], [448, 445, 444])
1	0.7026819084858164	0.7062793217499471	([401, 365], [401, 381, 371])
1	0.6978565447643396	0.7063413217188597	([267, 254], [267, 258, 254])
1	0.7071672565319482	0.707896917929752	([439, 397], [439, 418, 409])
1	0.5985190442158029	0.7083774644015194	([159, 13], [155, 151, 19])
1	0.7066932065233141	0.7088727509679745	([388, 365], [388, 380, 374])
1	0.7046148223209613	0.7104294852646167	([433, 373], [433, 430, 403])
1	0.6918392904958497	0.7106377214665837	([442, 395], [442, 428, 427])
1	0.6874477801179982	0.7108651837953347	([454, 374], [454, 448, 380])
1	0.6964205215510387	0.7117431742416648	([438, 386], [438, 403, 400])
1	0.6898500893700198	0.712278935699933	([426, 375], [426, 394, 384])
1	0.6920370050196449	0.712705975483514	([442, 412], [442, 427, 423])
1	0.7039331401310462	0.7130296092074473	([430, 13], [446, 441, 13])
1	0.7006587749649732	0.7130296092074473	([390, 13], [452, 446, 13])
1	0.6911317352987384	0.713069545212846	([58, 19], [58, 28, 19])
1	0.7061242833739524	0.7131176054780702	([296, 261], [302, 296, 261])
1	0.6811768008908474	0.7135324139569917	([449, 438], [449, 447, 438])
1	0.6831227539952804	0.7136361634745769	([302, 268], [302, 291, 268])
1	0.6996992432046872	0.7137037480121702	([446, 375], [446, 375, 13])
1	0.6830571789122429	0.7141268027835644	([153, 12], [153, 20, 16])
1	0.537131932726218	0.7141268027835644	([158, 15], [159, 153, 20])
1	0.6889819994928575	0.7143133615033687	([367, 327], [367, 361, 330])
1	0.6666122713976539	0.7146490222121014	([243, 214], [243, 238, 214])
1	0.6900640740239022	0.7148209823069834	([421, 304], [421, 420, 304])
1	0.7022459598885351	0.7159666393594429	([272, 246], [272, 266, 246])
1	0.7145913680020449	0.7172253419622859	([454, 414], [454, 448, 409])
1	0.7063308781172766	0.7174011123991486	([295, 276], [295, 288, 271])
1	0.6557536625100326	0.7192482815247008	([448, 21], [453, 448, 21])
1	0.7102048589500156	0.7195761253055774	([450, 359], [450, 359, 315])
1	0.6931335650091424	0.7200483077442592	([271, 247], [271, 264, 250])
1	0.7157739992043338	0.7210768370419023	([284, 172], [284, 172, 13])
1	0.6367001382240374	0.7212294772315828	([448, 412], [448, 444, 442])
1	0.6878724003307208	0.7212409318967186	([431, 289], [434, 404, 397])
1	0.7114380245618803	0.7216178876838728	([292, 246], [292, 258, 246])
1	0.6842101089443837	0.7219066782521681	([452, 403], [454, 452, 411])
1	0.6927518121075253	0.7225079228382473	([271, 228], [271, 268, 228])
1	0.6590435129721329	0.723266746085291	([454, 19], [454, 452, 19])
1	0.7078828296643002	0.7232891019192974	([364, 314], [364, 350, 327])
1	0.6903159947458993	0.7235977677060915	([450, 296], [450, 386, 371])
1	0.7187324640961779	0.7241831139827839	([102, 41], [102, 98, 41])
1	0.6925097180756377	0.7247751226622239	([306, 267], [305, 296, 267])
1	0.695226278967091	0.7251760132854328	([453, 379], [453, 434, 379])
1	0.6922662514221511	0.7261360799890068	([75, 26], [76, 75, 27])
1	0.6867131862971471	0.7265881427571977	([411, 378], [411, 405, 378])
1	0.7237909163186198	0.7266173326852421	([377, 289], [377, 302, 289])
1	0.7117074232835946	0.7266261535733463	([200, 13], [204, 185, 172])
1	0.7130172723596498	0.7266568733865532	([446, 302], [446, 390, 302])
1	0.6545106960246111	0.7269669232012602	([445, 399], [443, 429, 417])
1	0.6944842778103687	0.7270052130198008	([300, 265], [304, 300, 265])
1	0.7250791549471353	0.7272005439796092	([374, 285], [374, 301, 299])
1	0.6892255664175785	0.7272005439796092	([374, 301], [380, 374, 299])
1	0.7075065513554945	0.7274864195722108	([214, 171], [214, 185, 177])
1	0.7063962829168184	0.7278983121767302	([394, 300], [394, 370, 300])
1	0.7118033510809532	0.7279497971974944	([257, 193], [272, 258, 193])
1	0.7175572105997516	0.7283197448969874	([307, 276], [307, 299, 276])
1	0.7279106667850349	0.7283707910492355	([396, 269], [396, 389, 269])
1	0.7155157670756249	0.7284245048361899	([387, 304], [387, 304, 287])
1	0.7098078611162759	0.7284245048361899	([411, 287], [420, 304, 287])
1	0.6966905201020612	0.7287567518568815	([444, 287], [444, 437, 287])
1	0.6147881517654886	0.728933546613309	([452, 316], [450, 447, 386])
1	0.6948530408560722	0.728973071154504	([288, 211], [288, 243, 214])
1	0.7165338061318118	0.7292006155825848	([251, 218], [251, 237, 234])
1	0.6765263842445545	0.7300813189173124	([391, 363], [391, 382, 363])
1	0.7118095890759782	0.7307304735558389	([422, 306], [422, 420, 306])
1	0.6999170283506098	0.730935310891501	([360, 307], [360, 328, 326])
1	0.6924471107945701	0.7310704364266338	([211, 169], [211, 189, 169])
1	0.7298962519608082	0.73119337650274	([453, 301], [454, 453, 298])
1	0.6934474704054395	0.7318557304612046	([449, 413], [449, 413, 391])
1	0.6974949219806961	0.7321550493163936	([313, 275], [313, 305, 275])
1	0.7286557430531038	0.7322109998696489	([443, 381], [443, 397, 396])
1	0.6915759664480654	0.7323397493011669	([444, 294], [444, 294, 287])
1	0.7314056132789825	0.7323909837316547	([429, 300], [444, 429, 300])
1	0.7177002885724001	0.7327106125016027	([73, 20], [73, 70, 20])
1	0.7312106491798668	0.732823228518033	([369, 323], [369, 362, 323])
1	0.7118714028025134	0.7329481278112071	([443, 299], [444, 443, 294])
1	0.7072393399071097	0.7333919977247542	([428, 371], [441, 428, 378])
1	0.7199853308267335	0.7338095669769321	([423, 293], [423, 420, 287])
1	0.6601434050231336	0.7338277280812712	([76, 40], [76, 71, 41])
1	0.7170441203931236	0.7342169782850227	([439, 36], [441, 439, 35])
1	0.7160796605690212	0.7342869996229101	([379, 306], [420, 381, 306])
1	0.6937820563675858	0.7343760260503219	([367, 300], [369, 367, 304])
1	0.7088118468178075	0.7346592295302997	([284, 256], [284, 267, 264])
1	0.7338694078978947	0.7347257837791501	([310, 266], [310, 301, 266])
1	0.7048578431316105	0.7351867572150592	([276, 249], [276, 266, 259])
1	0.7288413568572348	0.735558823433759	([446, 326], [452, 446, 326])
1	0.7074014526859282	0.735653367869313	([454, 272], [454, 310, 298])
1	0.548298088293736	0.7357592615104075	([351, 16], [362, 351, 332])
1	0.7229877240393089	0.7359141466038834	([453, 363], [453, 363, 360])
1	0.6742297713416135	0.7359141466038834	([360, 13], [453, 379, 360])
1	0.7163844321707076	0.736228919782144	([267, 174], [267, 258, 212])
1	0.7104174584020819	0.736476379375902	([270, 241], [270, 264, 241])
1	0.7336548128080967	0.7365219536434319	([423, 265], [423, 287, 265])
1	0.708885378608602	0.736627609456923	([445, 25], [449, 445, 40])
1	0.5177831752532601	0.7366678496711554	([48, 15], [61, 43, 19])
1	0.7160814612763996	0.736856556424888	([215, 190], [215, 213, 190])
1	0.6956915259003355	0.7371481921635707	([378, 307], [378, 374, 301])
1	0.6954920912542678	0.7373260147860856	([424, 367], [424, 392, 367])
1	0.7266565300088792	0.7373933181089299	([73, 35], [73, 35, 13])
1	0.7312064581774556	0.7373933181089299	([76, 13], [76, 73, 13])
1	0.7352944625861896	0.7375126209049077	([169, 27], [169, 145, 27])
1	0.7004118473912494	0.7377509690916471	([272, 200], [258, 243, 196])
1	0.704025891237678	0.7392289074565742	([172, 96], [172, 145, 93])
1	0.7384499172096778	0.7393520823240733	([192, 27], [192, 170, 27])
1	0.6813817653209745	0.7394043567734145	([372, 304], [369, 323, 309])
1	0.6889762088788455	0.7396726772411368	([380, 299], [379, 378, 307])
1	0.6858372836923983	0.7401764595473621	([401, 267], [385, 377, 305])
1	0.7300896518639813	0.7403837034634582	([267, 239], [267, 254, 239])
1	0.7225326280237835	0.7405526376966599	([299, 199], [299, 199, 192])
1	0.5662631024478594	0.7411559564776087	([442, 15], [442, 424, 418])
1	0.7073154365581906	0.7414020286630407	([326, 291], [326, 313, 307])
1	0.7208327823351679	0.7415477050436113	([257, 203], [257, 203, 193])
1	0.7109031179772805	0.7420314848940689	([237, 178], [237, 223, 216])
1	0.7240506986915201	0.7423286857027046	([305, 40], [445, 433, 40])
1	0.734769666054392	0.7423734591331165	([308, 238], [308, 290, 238])
1	0.6782950750474634	0.7424487764596169	([94, 39], [94, 39, 26])
1	0.6390249864551256	0.7425165272629812	([178, 13], [172, 145, 13])
1	0.7271737979861148	0.742535039898131	([375, 271], [432, 375, 277])
1	0.7044502056639808	0.7426947085824491	([450, 426], [450, 444, 426])
1	0.7245162592190589	0.7427687222683956	([279, 254], [279, 254, 253])
1	0.7313380528337416	0.7429422385568966	([281, 255], [281, 273, 255])
1	0.6646877745298023	0.7431829767026704	([75, 12], [93, 75, 73])
1	0.723687107903304	0.7433079904847055	([438, 305], [446, 438, 305])
1	0.7302619966354068	0.7435559933115173	([116, 73], [116, 97, 73])
1	0.7346744913711879	0.743644942251958	([452, 164], [452, 448, 166])
1	0.7338142185816218	0.7437249109050087	([168, 35], [211, 169, 168])
1	0.7422312926403566	0.7440827911848125	([351, 316], [361, 326, 321])
1	0.7085842568600774	0.7440827911848125	([454, 361], [454, 361, 321])
1	0.6831391770318939	0.7441606484875775	([390, 291], [438, 421, 304])
1	0.7258497881320612	0.7441644574684884	([408, 364], [416, 408, 366])
1	0.7436919273457872	0.7445156619786555	([367, 318], [453, 367, 318])
1	0.7068141071002549	0.7453201379964188	([306, 244], [306, 266, 244])
1	0.7381875173989091	0.745667544372751	([438, 274], [438, 304, 274])
1	0.7289938648800097	0.7457551608456844	([249, 204], [249, 243, 199])
1	0.737666032424482	0.7458339734853345	([327, 192], [368, 358, 327])
1	0.7079082947909879	0.7459440848127492	([77, 28], [77, 66, 28])
1	0.7344137799064574	0.7465439253498112	([417, 298], [439, 404, 298])
1	0.7027123658498665	0.7467358993490575	([145, 22], [145, 93, 27])
1	0.6838844578965844	0.7467371000237706	([397, 296], [430, 396, 296])
1	0.7204541307905439	0.746801532611969	([444, 27], [444, 438, 27])
1	0.7102034566791451	0.7471292919730153	([402, 303], [420, 402, 303])
1	0.7298407860237089	0.7471767998542856	([435, 372], [435, 420, 404])
1	0.7271479062467865	0.7472604330420778	([454, 169], [454, 193, 169])
1	0.7455458645233959	0.7475395757221626	([307, 264], [307, 306, 264])
1	0.7294980472153068	0.7477318133584764	([431, 214], [431, 400, 390])
1	0.6972693250773958	0.7480361543777536	([285, 13], [381, 306, 285])
1	0.7393829622050216	0.7481140683578409	([438, 288], [438, 288, 268])
1	0.7436051396176852	0.7482509490974375	([370, 199], [370, 199, 183])
1	0.6729497225388971	0.7484301935308337	([243, 196], [249, 242, 204])
1	0.6196479277672357	0.7484970523714449	([452, 13], [438, 430, 27])
1	0.7318187811301384	0.7486907805732993	([307, 252], [307, 264, 242])
1	0.7427914914579699	0.7486907805732993	([302, 242], [307, 302, 242])
1	0.7446450764577444	0.7488569180185028	([425, 291], [436, 425, 288])
1	0.7419776053657146	0.7489279973576469	([372, 341], [372, 361, 326])
1	0.7218065079016857	0.7490014801029351	([283, 179], [269, 268, 179])
1	0.7042511257123791	0.7492642741904594	([99, 43], [99, 97, 53])
1	0.7373569965841518	0.7494540533678506	([89, 37], [89, 76, 40])
1	0.7478988684199683	0.7494540533678506	([110, 38], [110, 89, 40])
1	0.7463861062927087	0.7495643763784967	([429, 285], [429, 300, 289])
1	0.7426230258290116	0.7497462952707208	([186, 144], [186, 172, 144])
1	0.7454779461412959	0.7498077065138504	([427, 368], [436, 427, 387])
1	0.7437275552983348	0.7498088826319071	([303, 247], [303, 290, 239])
1	0.6789015816691217	0.7504185431625694	([448, 166], [452, 159, 152])
1	0.7449369954567912	0.7506762847976811	([364, 242], [364, 306, 242])
1	0.7273467470484907	0.7507183764627935	([246, 175], [246, 185, 177])
1	0.7479171746413195	0.7507183764627935	([261, 177], [261, 246, 177])
1	0.6740136434954523	0.7507596336432089	([377, 302], [430, 401, 267])
1	0.7211289592719949	0.7510519152956304	([439, 192], [439, 210, 192])
1	0.7437660084910698	0.7510577642621132	([292, 183], [434, 296, 292])
1	0.7495750850321001	0.751201189128858	([408, 296], [408, 396, 393])
1	0.746528618369316	0.7519995697070708	([403, 275], [403, 389, 269])
1	0.7249776718806321	0.7521587875411753	([450, 281], [450, 314, 312])
1	0.7488406457161051	0.7521626045540546	([392, 346], [392, 370, 359])
1	0.6938149285319631	0.7521794107178648	([392, 279], [436, 401, 279])
1	0.7260943433891992	0.7522017924354011	([306, 177], [306, 212, 170])
1	0.49880962949418434	0.7522101517624508	([153, 16], [145, 29, 22])
1	0.731162022997624	0.7526993581867764	([311, 286], [311, 303, 286])
1	0.7234972844987471	0.7530150563278724	([426, 305], [426, 417, 298])
1	0.5623505257761513	0.7530518443264378	([81, 15], [81, 63, 19])
1	0.746960635345247	0.753704476627805	([435, 271], [435, 424, 297])
1	0.7478407159638355	0.7539059542107603	([115, 62], [115, 99, 62])
1	0.7502740933347565	0.7544307142656029	([163, 18], [163, 155, 18])
1	0.7367162368479493	0.7544587360498499	([302, 220], [302, 292, 220])
1	0.697494623382225	0.7546001259294965	([258, 212], [268, 261, 179])
1	0.7408833730683922	0.7549416601685847	([303, 33], [307, 303, 33])
1	0.7530265876930731	0.7549529863431579	([380, 23], [381, 380, 23])
1	0.7464930898824563	0.7553662449319366	([220, 29], [220, 212, 25])
1	0.7510919596198959	0.7555072008210061	([382, 35], [427, 382, 368])
1	0.7150275262008724	0.7555072008210061	([436, 368], [427, 387, 382])
1	0.7049866929900372	0.7555382007489742	([369, 266], [369, 309, 263])
1	0.7120333646897007	0.7559204464816238	([115, 41], [115, 111, 21])
1	0.7550625594635694	0.7559523848601997	([178, 40], [178, 42, 40])
1	0.7557766367673519	0.7559661908148542	([436, 266], [436, 293, 288])
1	0.7325454257745568	0.755975866962654	([265, 209], [265, 257, 215])
1	0.7501491030392176	0.7562767366308806	([427, 35], [439, 418, 35])
1	0.7151707631464475	0.7562910407629189	([74, 33], [74, 44, 28])
1	0.7535202963625197	0.7563291675393238	([360, 240], [360, 307, 242])
1	0.7317723286892579	0.7563376610706596	([447, 311], [447, 383, 364])
1	0.7481610704165397	0.7564845676911649	([291, 196], [276, 271, 201])
1	0.7346415392542306	0.756497657847206	([382, 258], [396, 382, 289])
1	0.7537975761532658	0.756502578338369	([436, 196], [436, 435, 196])
1	0.6811734733047026	0.7568736990712583	([261, 223], [263, 261, 223])
1	0.7342258572299957	0.7569133936041635	([271, 24], [435, 433, 37])
1	0.719343166933315	0.7569855358189979	([432, 277], [453, 432, 379])
1	0.727413444758865	0.7571073437706178	([452, 276], [452, 446, 302])
1	0.7187576625065493	0.7573848417850926	([395, 274], [395, 381, 289])
1	0.7385451939791512	0.7575852824179208	([274, 40], [274, 267, 25])
1	0.7324205916466529	0.7575852824179208	([212, 25], [421, 267, 25])
1	0.7374892635789342	0.757653075921351	([265, 195], [265, 209, 195])
1	0.7175263942248931	0.7577442312684735	([421, 25], [305, 274, 263])
1	0.7386378358359885	0.7580321864949356	([276, 201], [272, 271, 200])
1	0.7456393874152112	0.7580944064348624	([433, 290], [433, 290, 276])
1	0.7527031394565326	0.7583626931981683	([430, 211], [433, 276, 201])
1	0.7172516797263286	0.7583626931981683	([432, 201], [433, 432, 201])
1	0.7560826679500224	0.7585742099150452	([189, 116], [189, 169, 146])
1	0.7298158863779105	0.7586629354898289	([424, 297], [435, 423, 293])
1	0.7394679306592614	0.7589894791086912	([211, 92], [168, 92, 33])
1	0.7056105096522918	0.7590135214391137	([377, 266], [377, 289, 266])
1	0.7315879051803962	0.7592513433905097	([375, 292], [390, 386, 292])
1	0.751893068610273	0.759253737202209	([138, 94], [138, 110, 108])
1	0.7466809661350223	0.7596139619421407	([210, 89], [210, 178, 40])
1	0.7575047201649632	0.7598534031231453	([279, 203], [279, 206, 203])
1	0.7432126514548064	0.7598534031231453	([270, 206], [279, 270, 206])
1	0.7270908839305528	0.759978671179948	([304, 205], [304, 214, 194])
1	0.7079881440502219	0.759978671179948	([304, 214], [304, 272, 194])
1	0.7384132741279389	0.7600384425057799	([294, 184], [294, 243, 199])
1	0.6872880032345888	0.7600384425057799	([299, 192], [299, 294, 199])
1	0.7567240179357768	0.7600734441915505	([429, 362], [429, 388, 371])
1	0.7393283576069689	0.7602416641833293	([422, 41], [433, 422, 37])
1	0.7543222787540351	0.7602591921814611	([430, 194], [430, 211, 193])
1	0.707043579167679	0.7606475133110304	([433, 276], [433, 394, 276])
1	0.6035843608706901	0.7608459277394845	([449, 12], [441, 421, 34])
1	0.7286266330032717	0.7610371092150251	([387, 208], [436, 387, 208])
1	0.7343823499253364	0.7610371092150251	([447, 208], [445, 436, 208])
1	0.7509865264091339	0.7611959495925081	([377, 238], [377, 267, 266])
1	0.7228574500174453	0.7615326436800259	([211, 35], [168, 145, 93])
1	0.753637885081403	0.7618373564153302	([453, 163], [453, 158, 153])
1	0.7381489781285426	0.7620828965163423	([177, 125], [177, 145, 125])
1	0.7372569969922472	0.762129879422768	([173, 25], [178, 173, 42])
1	0.7344068170629051	0.7621604673311507	([168, 21], [168, 151, 21])
1	0.7010552531278771	0.7624635495804718	([448, 293], [448, 444, 287])
1	0.7475472042061891	0.7625168596616638	([390, 271], [390, 291, 277])
1	0.7562242617204424	0.7627727913630524	([326, 248], [326, 292, 288])
1	0.754493037587173	0.7634082005631765	([379, 26], [453, 379, 26])
1	0.7584001875870416	0.763442824729494	([313, 21], [453, 314, 313])
1	0.7584026931838471	0.7635726884327313	([405, 313], [405, 392, 313])
1	0.7600300877079991	0.7637073759527685	([382, 197], [388, 382, 197])
1	0.7175340400912906	0.7637347122313659	([276, 169], [283, 279, 203])
1	0.7321376979328137	0.7638345455499996	([275, 251], [275, 265, 263])
1	0.7323691616980949	0.763872817109264	([397, 262], [401, 380, 262])
1	0.7265435836686674	0.7643247278784807	([305, 171], [305, 171, 40])
1	0.7116526591096233	0.7644911637353347	([405, 216], [405, 306, 301])
1	0.7139839776761595	0.7645077568538892	([396, 347], [396, 376, 371])
1	0.7490184470051547	0.7648402339294548	([427, 271], [427, 420, 281])
1	0.7605387471500581	0.7648747280410856	([396, 312], [396, 379, 312])
1	0.7539577447040836	0.7649549980311727	([266, 39], [266, 244, 39])
1	0.7648223979100727	0.7650628688489423	([289, 169], [292, 289, 169])
1	0.7574050026301492	0.7653281122108364	([370, 280], [370, 280, 272])
1	0.7170747964909384	0.7653281122108364	([370, 183], [394, 370, 272])
1	0.7353998148517861	0.7653318939935654	([368, 192], [327, 299, 292])
1	0.7407335592957806	0.7653666256382652	([213, 36], [436, 213, 208])
1	0.6897196071264625	0.7653859104224192	([397, 214], [431, 303, 214])
1	0.6987082332260284	0.7654346999413523	([452, 171], [452, 171, 166])
1	0.7294404221638112	0.7657236595097288	([368, 225], [427, 387, 208])
1	0.7654940071738046	0.7657236595097288	([414, 208], [427, 414, 208])
1	0.7019502836136028	0.7658570243942233	([446, 170], [446, 170, 27])
1	0.6132373458549698	0.7660646220022594	([93, 12], [93, 33, 27])
1	0.7648748991216562	0.7661061464247462	([365, 322], [365, 360, 322])
1	0.7434571115128171	0.7662265790187701	([225, 89], [225, 213, 36])
1	0.7150796029079742	0.7662917995994204	([195, 74], [195, 145, 74])
1	0.7483111658198709	0.7664582110457937	([228, 39], [228, 171, 39])
1	0.7376459857895973	0.7665188245332819	([362, 268], [371, 362, 283])
1	0.7660878621344489	0.7668056818497052	([414, 307], [425, 414, 307])
1	0.7594215419733681	0.7669178055039425	([424, 310], [424, 310, 302])
1	0.7028926452377824	0.7669369999597444	([262, 198], [262, 258, 196])
1	0.7392193945085471	0.7670379632537616	([219, 13], [219, 206, 200])
1	0.7624813058569376	0.7672515898387924	([444, 212], [444, 294, 212])
1	0.739399119184713	0.7672582459199969	([307, 22], [421, 298, 22])
1	0.7529292880003177	0.7673253184479693	([266, 187], [266, 203, 194])
1	0.689010485443553	0.7674110210170867	([290, 181], [288, 282, 181])
1	0.7657083949323668	0.7674293985185566	([319, 260], [319, 302, 260])
1	0.7200918137807102	0.7674705968558647	([292, 224], [292, 243, 242])
1	0.5148054210339684	0.767658739573119	([402, 16], [212, 210, 25])
1	0.7559920791443104	0.7676821656650976	([356, 273], [356, 324, 311])
1	0.7373552736452017	0.7677737931908408	([296, 41], [434, 422, 41])
1	0.7656970117471449	0.7678170427415452	([380, 177], [444, 380, 168])
1	0.7391877654742673	0.7678210948674583	([302, 191], [296, 285, 180])
1	0.746596707060729	0.7678545778888294	([291, 226], [296, 243, 217])
1	0.7471329296300471	0.7678545778888294	([305, 217], [305, 296, 217])
1	0.7636694364651683	0.7679149294025264	([326, 25], [326, 306, 25])
1	0.7607837050702101	0.7679798628781156	([129, 82], [129, 108, 82])
1	0.7427528645205	0.7681447219509615	([434, 183], [289, 271, 173])
1	0.5623753964090493	0.7681771415026221	([424, 15], [424, 407, 380])
1	0.7328462799475262	0.7682109994314007	([285, 173], [286, 285, 210])
1	0.7629334377821975	0.7685056186804422	([300, 241], [300, 273, 265])
1	0.7675202158753323	0.7686755031436462	([123, 66], [123, 112, 66])
1	0.7408848686983418	0.7690188657007504	([374, 191], [393, 374, 194])
1	0.7275829797591609	0.7690188657007504	([393, 194], [427, 374, 194])
1	0.743899565707867	0.7690232673194508	([363, 291], [363, 313, 307])
1	0.7226174427063572	0.7690931820870954	([240, 180], [240, 239, 185])
1	0.7654812483689722	0.7691873807871902	([237, 24], [239, 237, 24])
1	0.7357094351094382	0.7692034962554802	([373, 288], [436, 373, 368])
1	0.719914770163103	0.769713920974614	([260, 168], [260, 256, 168])
1	0.7429413045925829	0.7698154062488519	([280, 34], [304, 280, 259])
1	0.7269554415873122	0.7698177685833776	([320, 233], [454, 320, 233])
1	0.718961656453726	0.7699432963471392	([425, 245], [431, 425, 245])
1	0.7659301006274385	0.7700965105302765	([325, 219], [325, 308, 219])
1	0.7668439328399934	0.7702463823877131	([310, 232], [332, 323, 234])
1	0.7420668676088494	0.7703011235140496	([388, 185], [382, 258, 197])
1	0.7524462945793835	0.7705974127205345	([365, 196], [442, 435, 196])
1	0.7583549161168531	0.7705976250501482	([417, 256], [417, 256, 169])
1	0.7491442185551649	0.7706090418351856	([245, 22], [290, 245, 238])
1	0.7694030055735376	0.7708472058270067	([416, 270], [416, 395, 270])
1	0.7557121886467264	0.7709138601383774	([379, 241], [379, 278, 264])
1	0.7592894508573848	0.7710523285139789	([450, 59], [452, 450, 18])
1	0.7502483371127254	0.7713453929928299	([307, 215], [307, 295, 215])
1	0.7053806538418268	0.7715095225086978	([432, 171], [437, 432, 171])
1	0.7197212953852379	0.771574513225215	([439, 210], [439, 294, 192])
1	0.735326501435024	0.7716413784746377	([454, 157], [454, 169, 160])
1	0.746429559723075	0.7716424246248846	([287, 174], [287, 284, 174])
1	0.7711858855811853	0.7718777690164844	([376, 248], [376, 284, 266])
1	0.7641653817473708	0.7720248886777749	([452, 246], [452, 246, 197])
1	0.769003107942238	0.772174454673159	([311, 32], [311, 269, 32])
1	0.7191032875995991	0.7722562005690932	([276, 33], [439, 276, 33])
1	0.7490696883551718	0.7723129594916442	([182, 153], [182, 176, 160])
1	0.7596117645981185	0.7723816497754808	([268, 36], [268, 213, 179])
1	0.7719746263996756	0.7724142945049975	([264, 205], [266, 264, 194])
1	0.7232093772508811	0.7726443805783137	([273, 167], [273, 177, 176])
1	0.7336527757482795	0.7727586307927988	([195, 36], [195, 170, 36])
1	0.7605149313054039	0.7727638043514213	([430, 246], [430, 246, 211])
1	0.7629551416796837	0.7727787045093308	([147, 53], [147, 65, 53])
1	0.7569197591563989	0.7727907927385248	([346, 277], [371, 346, 277])
1	0.740436653608781	0.7729971589207063	([441, 173], [441, 173, 168])
1	0.7544599888378023	0.7730089341903678	([278, 209], [278, 223, 209])
1	0.7133276042876142	0.7730981444162618	([367, 247], [367, 289, 248])
1	0.7473979487259365	0.7733109180987163	([211, 127], [211, 176, 139])
1	0.7645911760154032	0.7733134759490814	([175, 132], [175, 139, 132])
1	0.7534597672287978	0.7733134759490814	([175, 110], [176, 175, 139])
1	0.7289148913130931	0.7733374717564684	([103, 23], [82, 79, 23])
1	0.7710034550245006	0.7734915064986714	([447, 215], [447, 267, 215])
1	0.5898976595943788	0.7735379827514152	([33, 12], [93, 27, 21])
1	0.7719686811815664	0.7737585796899861	([325, 245], [325, 303, 247])
1	0.7458176422778695	0.7738159483226518	([265, 175], [265, 246, 239])
1	0.7301284227138436	0.7738203347299036	([213, 144], [213, 189, 144])
1	0.756803423452174	0.7742542317359365	([107, 35], [107, 35, 20])
1	0.7654689350966062	0.7742798701554062	([424, 197], [424, 210, 197])
1	0.7061713331109791	0.7742798701554062	([380, 210], [424, 380, 210])
1	0.7523981724811316	0.7743466454795785	([278, 223], [300, 241, 223])
1	0.7542594340790375	0.7744298363148467	([429, 199], [429, 287, 190])
1	0.7645099999011683	0.7745502132875933	([422, 195], [422, 376, 195])
1	0.743749527248438	0.7745882316128766	([174, 22], [174, 173, 22])
1	0.760442875242815	0.7746293046417919	([269, 27], [269, 200, 41])
1	0.7471378806299329	0.7746293046417919	([200, 41], [296, 269, 41])
1	0.7529579045749226	0.7747471179166197	([454, 115], [454, 157, 146])
1	0.7677115748519131	0.7749248760927264	([342, 264], [342, 326, 264])
1	0.7439377058465102	0.7749248760927264	([446, 264], [446, 326, 264])
1	0.7674261879558832	0.7750027745275296	([101, 42], [105, 101, 42])
1	0.7709719164916755	0.7751212785705555	([209, 156], [209, 188, 156])
1	0.7738097454717144	0.7752082302921197	([120, 48], [120, 80, 62])
1	0.7688850080481979	0.7752950705946313	([399, 32], [415, 399, 32])
1	0.7438196788469887	0.7756494792084121	([153, 105], [153, 135, 126])
1	0.7213297896017131	0.775791274473441	([287, 190], [303, 287, 190])
1	0.74957448429526	0.7758758320990226	([258, 29], [302, 299, 29])
1	0.7742284102373634	0.7758758320990226	([395, 29], [395, 302, 29])
1	0.761347779724852	0.776000849839982	([369, 215], [369, 266, 215])
1	0.7531861078663863	0.776041442653364	([259, 26], [259, 199, 172])
1	0.7672870903538563	0.7761282723191781	([318, 280], [318, 312, 280])
1	0.7563734702300318	0.7761640560990379	([332, 234], [310, 287, 253])
1	0.7465328096541627	0.7761640560990379	([318, 253], [318, 310, 253])
1	0.7481012687054233	0.7762238464576102	([365, 25], [421, 373, 365])
1	0.77366615041837	0.776250409341059	([450, 184], [450, 443, 184])
1	0.7759849733403326	0.7763140932152691	([380, 237], [380, 365, 362])
1	0.7679057022880861	0.7763560131467756	([113, 31], [113, 72, 31])
1	0.7552238499655292	0.7763703312431062	([422, 275], [422, 303, 287])
1	0.7194969403542719	0.7764825518979115	([107, 20], [107, 57, 29])
1	0.7545191755760722	0.7765024897450474	([196, 39], [196, 171, 168])
1	0.5506418299016113	0.7765644565056066	([103, 16], [103, 23, 19])
1	0.746205790926999	0.7765838533740664	([235, 163], [450, 235, 163])
1	0.7556372732454503	0.7770520001577659	([452, 197], [452, 197, 171])
1	0.7716787574981782	0.7773890995760816	([363, 257], [363, 362, 257])
1	0.772860877389443	0.7774027760919409	([421, 75], [447, 421, 75])
1	0.7662650595449806	0.7775327397312358	([316, 236], [316, 266, 258])
1	0.7249270269376199	0.7775636153962344	([445, 177], [445, 440, 186])
1	0.7741942667305739	0.7778079513256717	([233, 183], [233, 220, 183])
1	0.7745882905685301	0.7781654296153728	([403, 94], [433, 403, 94])
1	0.7517739519662356	0.778286203793908	([225, 167], [225, 208, 167])
1	0.7511129075627792	0.7783169379045155	([313, 184], [313, 212, 184])
1	0.7477988283211033	0.7790676114809906	([397, 190], [422, 396, 190])
1	0.7629184484681939	0.7791748206904148	([150, 106], [150, 136, 110])
1	0.7610092207522086	0.7794010088551574	([182, 120], [182, 172, 80])
1	0.739632978674284	0.7794512550431294	([182, 102], [182, 102, 80])
1	0.7728634959067419	0.7797506294877949	([260, 102], [260, 184, 182])
1	0.7797408401574664	0.7802342455371802	([303, 76], [310, 303, 76])
1	0.7485765944197134	0.7802830685902025	([291, 37], [291, 171, 40])
1	0.7548329498310706	0.7803383374285231	([375, 179], [402, 375, 179])
1	0.7798095056348419	0.780542653289181	([366, 194], [374, 366, 308])
1	0.7223484371342276	0.7806204750518122	([378, 176], [378, 372, 176])
1	0.7394081001794307	0.7806906378938776	([311, 250], [311, 250, 238])
1	0.7300600790748691	0.7806906378938776	([311, 218], [311, 308, 238])
1	0.7700102646751124	0.7808038154493726	([371, 80], [371, 172, 80])
1	0.7627606877270605	0.7808038154493726	([428, 205], [371, 205, 172])
1	0.772876045626876	0.7808038154493726	([447, 172], [391, 371, 172])
1	0.7790915169546119	0.7808485947446046	([316, 214], [316, 306, 214])
1	0.7656662080289085	0.7808941339563924	([187, 138], [187, 167, 146])
1	0.7623315964810451	0.7811467019755411	([318, 202], [318, 265, 253])
1	0.7693828987437853	0.7811707063215145	([344, 237], [344, 319, 274])
1	0.7659250185341407	0.78137642431966	([254, 152], [254, 239, 152])
1	0.7584097788847252	0.7814007087669256	([249, 170], [249, 204, 170])
1	0.7487233823835362	0.7816154067186984	([412, 179], [412, 266, 179])
1	0.7785274808355015	0.781976059746912	([401, 314], [450, 406, 314])
1	0.7787384420559443	0.7819840448812277	([431, 24], [444, 431, 24])
1	0.7755997199732084	0.7820435930514564	([222, 40], [222, 218, 40])
1	0.7666100133287164	0.7821222763721315	([436, 175], [436, 208, 175])
1	0.7757783376524752	0.7821270925503672	([439, 248], [439, 294, 292])
1	0.7262983902227472	0.7822298545812858	([308, 175], [308, 195, 174])
1	0.7478595185340197	0.7826593028513837	([396, 223], [417, 396, 223])
1	0.7707886718394114	0.7829522562017592	([193, 34], [193, 174, 116])
1	0.7737428216926492	0.7831707919500579	([365, 237], [366, 365, 251])
1	0.7811618591847963	0.7835191624208262	([416, 224], [411, 224, 211])
1	0.7815266367285326	0.7836393926304867	([440, 318], [440, 376, 368])
1	0.7709582310662111	0.7838109347850536	([364, 213], [364, 242, 213])
1	0.7723335467325735	0.7838362042309767	([432, 90], [432, 427, 90])
1	0.7748975286795693	0.7838531724291722	([217, 80], [217, 168, 116])
1	0.7760277929608155	0.7839172512013584	([118, 59], [125, 118, 59])
1	0.7351063596197476	0.784458346173326	([177, 81], [200, 177, 41])
1	0.7793169614478693	0.7847524597334877	([453, 345], [453, 363, 345])
1	0.7761737191994066	0.7859176188278599	([406, 97], [406, 403, 94])
1	0.7732049639831307	0.7861511834924771	([242, 31], [379, 241, 31])
1	0.7789606732548435	0.7861758136267669	([160, 108], [160, 144, 129])
1	0.766106986352041	0.7863486300761465	([198, 26], [198, 153, 26])
1	0.7657054934272152	0.7864281720739559	([355, 259], [355, 342, 254])
1	0.7307771059088216	0.7864318892572634	([448, 245], [448, 425, 287])
1	0.7836815294344729	0.786476031601418	([405, 33], [437, 400, 33])
1	0.7761574419103611	0.7865006440738609	([418, 215], [418, 280, 215])
1	0.7830856995534919	0.7865646663867025	([374, 245], [374, 308, 238])
1	0.7664624756071039	0.7866475918931259	([196, 136], [196, 168, 164])
1	0.7660261580238343	0.7866475918931259	([201, 164], [201, 196, 164])
1	0.7502110877124815	0.7866737039221311	([180, 112], [203, 180, 112])
1	0.7433061684524808	0.7866737039221311	([223, 112], [223, 203, 112])
1	0.7715103767158497	0.7867296142692151	([431, 93], [431, 288, 214])
1	0.7349917893250628	0.7871623089518032	([450, 235], [454, 450, 241])
1	0.7629491929379995	0.7874429032498356	([253, 176], [253, 244, 176])
1	0.7813863086814052	0.7874559969217791	([332, 281], [332, 312, 311])
1	0.7460973071350306	0.7875718531521171	([381, 39], [381, 285, 39])
1	0.7805912075193223	0.7877637162580413	([152, 79], [152, 141, 99])
1	0.7832317293071713	0.7880736533913996	([312, 224], [320, 312, 233])
1	0.7620524095127923	0.7881573527435348	([288, 45], [288, 211, 35])
1	0.7513169950904984	0.7881573527435348	([295, 35], [295, 288, 35])
1	0.7682450656028286	0.7883233262062903	([411, 261], [411, 261, 224])
1	0.7883055595910751	0.7885492133079903	([401, 73], [401, 73, 27])
1	0.771242853530246	0.7889631266915376	([288, 93], [431, 93, 21])
1	0.7757309189072449	0.7891463418286206	([227, 93], [227, 93, 22])
1	0.762316818799503	0.7892427145828463	([177, 103], [177, 103, 81])
1	0.7844262604717376	0.7895396418368569	([387, 251], [408, 387, 359])
1	0.7840416867111142	0.7896070158426984	([290, 89], [290, 89, 21])
1	0.7750145940659864	0.7897658245937239	([187, 105], [187, 177, 105])
1	0.7871917436743082	0.7898586378536484	([185, 140], [185, 172, 140])
1	0.7808356925544939	0.7898637891445079	([325, 188], [362, 325, 188])
1	0.7702921143848297	0.7900427484975289	([220, 154], [220, 218, 154])
1	0.7410834208130356	0.7900436611127709	([163, 112], [163, 152, 112])
1	0.747499099082169	0.7906032664110503	([434, 88], [434, 88, 43])
1	0.7812245017752271	0.7906462528510271	([385, 88], [427, 385, 90])
1	0.7751454252439965	0.7908389396490219	([289, 95], [289, 185, 95])
1	0.7842715565094631	0.7910202273455345	([216, 102], [216, 182, 171])
1	0.7819418615557647	0.7910300784078803	([274, 156], [274, 171, 167])
1	0.7862829902816676	0.791030547813357	([263, 144], [263, 177, 144])
1	0.7911268797436523	0.7912496393137685	([281, 146], [450, 281, 96])
1	0.7838153962974589	0.7914110634533845	([232, 94], [446, 219, 94])
1	0.762475234721237	0.7915005267018514	([213, 100], [213, 185, 95])
1	0.7674344841383276	0.7916705999863239	([419, 38], [419, 397, 40])
1	0.7869295536013595	0.7923416771905886	([441, 227], [441, 262, 227])
1	0.7872675687926717	0.7925536996671892	([426, 252], [433, 426, 252])
1	0.7789107945945689	0.7928050197137405	([310, 209], [310, 272, 200])
1	0.7650133234272852	0.7928533861287675	([386, 218], [386, 311, 286])
1	0.7078800973894153	0.7928938945723959	([224, 158], [224, 185, 173])
1	0.7560702186304891	0.7929496033635334	([420, 145], [420, 274, 167])
1	0.7848673195406107	0.7933653206480176	([429, 344], [429, 404, 344])
1	0.7301250416199304	0.7937547655045015	([384, 265], [384, 295, 292])
1	0.7808713062101086	0.7937606138478582	([279, 49], [281, 279, 49])
1	0.7330306765820711	0.7938819371560722	([410, 260], [439, 410, 264])
1	0.7628759947613121	0.7939411955700088	([405, 243], [405, 296, 290])
1	0.7812311449070197	0.7939540897617726	([345, 253], [345, 326, 253])
1	0.7722931683273252	0.7939540897617726	([345, 216], [345, 326, 325])
1	0.6961109813648513	0.7940113715058474	([174, 34], [174, 115, 34])
1	0.7796124271809941	0.79405481925605	([229, 115], [229, 219, 115])
1	0.7839814969039268	0.7941105364188217	([268, 94], [262, 246, 94])
1	0.7895789420219378	0.7943041747268255	([299, 80], [393, 299, 80])
1	0.610920779869105	0.7943129585611923	([212, 12], [212, 25, 24])
1	0.7865446654390991	0.7943824114568812	([383, 57], [383, 379, 26])
1	0.7718612168347161	0.794390594690628	([323, 208], [323, 234, 208])
1	0.7705459668799125	0.7945140870992529	([232, 128], [232, 219, 146])
1	0.7933461108296888	0.7945575932691589	([374, 65], [374, 65, 33])
1	0.7633167071691022	0.7945575932691589	([374, 27], [374, 299, 33])
1	0.7404851105028035	0.7949970061787153	([373, 102], [368, 216, 194])
1	0.7915788239598959	0.7951382619268135	([165, 61], [165, 61, 19])
1	0.7802768303894931	0.7951394052154721	([135, 46], [135, 103, 46])
1	0.7770726545613237	0.795159963332838	([256, 40], [305, 256, 244])
1	0.7936892302834166	0.7952221477659945	([225, 50], [225, 219, 50])
1	0.7626609711390187	0.7952951566571913	([357, 230], [364, 351, 313])
1	0.7728784635399257	0.7953801793491289	([438, 96], [440, 290, 89])
1	0.7934205989337761	0.795511345956821	([205, 33], [205, 195, 33])
1	0.5457377243774539	0.7955476205739832	([99, 15], [99, 81, 29])
1	0.7856245673120731	0.7959377297047686	([297, 188], [308, 297, 188])
1	0.7383624177264352	0.7961742176698954	([304, 24], [301, 256, 40])
1	0.7869925321925956	0.7964092481992798	([237, 161], [237, 219, 161])
1	0.7921692162193548	0.7964823108399527	([197, 128], [197, 152, 145])
1	0.7848791519034535	0.7964987736607797	([408, 89], [408, 382, 36])
1	0.7721546126796642	0.7965678094157269	([410, 217], [439, 410, 217])
1	0.7967848858854872	0.7968877157712276	([361, 197], [388, 362, 361])
1	0.7692835205365872	0.7969685518630523	([250, 171], [250, 237, 171])
1	0.7109898677908019	0.7970017914113073	([408, 182], [408, 199, 182])
1	0.7758969123145705	0.7972043287172101	([259, 103], [259, 103, 26])
1	0.7914824195703435	0.7973044021648272	([296, 130], [310, 296, 130])
1	0.7822467816384217	0.797524390203299	([401, 96], [383, 303, 247])
1	0.7676926635684789	0.7976861092275235	([351, 187], [378, 351, 186])
1	0.7940318991951478	0.7977992723182676	([453, 209], [453, 310, 283])
1	0.7557033566641159	0.7979926081620876	([214, 77], [216, 77, 69])
1	0.7713918747737304	0.7980337159348562	([246, 28], [246, 138, 111])
1	0.7851100814977764	0.7980608924466338	([346, 210], [346, 285, 275])
1	0.7967462077992303	0.7982126980385245	([442, 256], [442, 306, 256])
1	0.745967482542873	0.7983050807854447	([407, 174], [407, 310, 272])
1	0.773708277603994	0.798332576364462	([356, 161], [362, 356, 161])
1	0.7938931308698234	0.7984020257503212	([233, 107], [233, 232, 107])
1	0.7735951439040419	0.7984020257503212	([300, 107], [310, 232, 107])
1	0.7918571156424128	0.7984027058553531	([191, 94], [191, 172, 94])
1	0.7742286119588252	0.7984084928973906	([438, 51], [438, 53, 51])
1	0.7905904110712185	0.798509588440923	([211, 48], [211, 80, 48])
1	0.7806182086503093	0.7987471493720011	([330, 217], [363, 330, 217])
1	0.7756919398730056	0.7991600893106754	([378, 246], [430, 378, 306])
1	0.7795934359874421	0.7991758557538569	([233, 147], [233, 222, 147])
1	0.77926620595617	0.7992720021743324	([441, 95], [441, 289, 173])
1	0.7395651902169724	0.7994119830631091	([364, 178], [364, 213, 210])
1	0.7920754553500212	0.7994253549524857	([189, 98], [189, 144, 98])
1	0.7935147510926917	0.7995444718992971	([261, 74], [261, 244, 74])
1	0.7995089097889061	0.799561179468042	([362, 134], [362, 193, 134])
1	0.7491298013851986	0.7996855969197866	([222, 142], [227, 222, 147])
1	0.7794177772131053	0.7998407170485324	([303, 96], [303, 196, 96])
1	0.7899233124622385	0.800007523178166	([231, 153], [231, 225, 153])
1	0.7806054745898486	0.8000546401000419	([386, 30], [386, 382, 21])
1	0.7617092570358065	0.8002893080130817	([216, 141], [216, 180, 141])
1	0.796890935822588	0.8005751251748702	([234, 122], [234, 125, 108])
1	0.7771448153043091	0.800668196737247	([258, 109], [258, 193, 116])
1	0.796043896845318	0.800668196737247	([265, 116], [265, 258, 116])
1	0.7979907417620216	0.8008286204777189	([265, 80], [277, 265, 80])
1	0.7888254321240974	0.8009914635176559	([292, 91], [292, 289, 37])
1	0.7981632924606535	0.8010959876794816	([356, 141], [356, 161, 141])
1	0.770887567154379	0.8014361832037206	([422, 173], [422, 294, 287])
1	0.7961960264617216	0.8018228966014322	([401, 338], [401, 363, 338])
1	0.7752163438020855	0.8019141081518667	([245, 99], [234, 222, 122])
1	0.79501383828943	0.8020566609698665	([310, 38], [310, 272, 38])
1	0.8010256950269763	0.8021516169258491	([253, 154], [253, 224, 220])
1	0.7989030166624018	0.8021516169258491	([336, 220], [336, 253, 220])
1	0.7852335613133807	0.8021850182851381	([249, 38], [249, 115, 114])
1	0.7677568492840966	0.8022791476563168	([389, 202], [403, 389, 202])
1	0.7900225876102505	0.8023547478931436	([376, 86], [430, 376, 86])
1	0.8015012141070575	0.8025310730047841	([179, 56], [179, 150, 101])
1	0.8027216609704344	0.8029251486164943	([268, 44], [268, 44, 36])
1	0.7872550683084949	0.8031970402676541	([240, 73], [244, 240, 73])
1	0.5109821776149097	0.8032802713112127	([27, 16], [103, 27, 21])
1	0.7942958579466131	0.8034052660997779	([421, 236], [388, 266, 236])
1	0.7876548586069771	0.8034458047492664	([191, 119], [191, 119, 94])
1	0.7960462229308416	0.8034785176664528	([287, 137], [287, 170, 137])
1	0.7996015386326984	0.8041313786553496	([428, 77], [428, 284, 269])
1	0.800804019209526	0.8042964277195966	([304, 104], [304, 294, 104])
1	0.7898781251622554	0.804343662756244	([438, 229], [438, 229, 213])
1	0.8043069103957988	0.8043708635044223	([294, 72], [294, 103, 72])
1	0.7906108194165163	0.8046078321493909	([361, 90], [361, 233, 90])
1	0.7890054132956356	0.8047318285837576	([256, 51], [256, 51, 40])
1	0.7974918837569284	0.8051354021773115	([415, 91], [415, 91, 25])
1	0.8007400070356391	0.8053456156444402	([237, 95], [269, 237, 96])
1	0.7891095588836173	0.8057509674879548	([199, 65], [207, 199, 65])
1	0.7790965615918547	0.8057509674879548	([207, 28], [374, 207, 65])
1	0.7952075609604862	0.8057641995442895	([244, 143], [244, 143, 40])
1	0.7619366634596239	0.8057657046361927	([309, 101], [309, 136, 101])
1	0.7973873911937764	0.8057980359449425	([319, 52], [319, 52, 42])
1	0.7792360059921292	0.8059331801158844	([242, 81], [242, 81, 43])
1	0.7889725734035568	0.8060227038763654	([234, 54], [252, 234, 54])
1	0.8044852360169771	0.806229558290008	([335, 175], [335, 309, 260])
1	0.7640731432493594	0.8062573742170078	([319, 211], [319, 273, 201])
1	0.8025991464763317	0.806737093196056	([387, 118], [387, 208, 146])
1	0.7615145016878623	0.8069602252922492	([349, 265], [349, 335, 239])
1	0.7830564761517192	0.8071516577759889	([252, 58], [252, 233, 59])
1	0.800445510860988	0.8072456549332877	([315, 95], [315, 95, 74])
1	0.7838544290865644	0.8072502692907559	([323, 47], [323, 110, 79])
1	0.7925692718705643	0.807287275317678	([278, 113], [278, 259, 103])
1	0.799316130501097	0.807329267011679	([360, 142], [387, 380, 142])
1	0.76354877290556	0.8075680517149821	([252, 126], [252, 234, 130])
1	0.8026440054150003	0.8075869313128663	([424, 102], [424, 102, 28])
1	0.7799252826611615	0.8076985743382198	([411, 95], [432, 411, 95])
1	0.7982775034736064	0.8079575515050813	([215, 111], [246, 209, 111])
1	0.8058958919426356	0.8081200304242778	([332, 92], [360, 332, 92])
1	0.7695378205653935	0.8084014882794539	([205, 67], [205, 67, 19])
1	0.8034627733586005	0.8085368959053612	([376, 43], [376, 215, 167])
1	0.8033586522698792	0.808596092079329	([274, 69], [274, 216, 115])
1	0.8005117237756595	0.8088203295527635	([410, 337], [410, 359, 337])
1	0.7739696309713863	0.8092912213928701	([378, 38], [378, 246, 28])
1	0.7605035956211752	0.8093278134655433	([346, 32], [360, 346, 32])
1	0.7722568791248222	0.8093713640484029	([398, 170], [429, 398, 170])
1	0.7736660683133466	0.8097519612068005	([454, 71], [454, 71, 25])
1	0.7739806536012521	0.8098769285369845	([339, 13], [360, 339, 307])
1	0.7839018172711933	0.8099929424951489	([263, 88], [267, 263, 87])
1	0.8090005912466248	0.8100132360650634	([222, 56], [222, 150, 142])
1	0.7842783955003413	0.8102287770025616	([255, 158], [255, 158, 135])
1	0.7884203578662708	0.8104234249042965	([339, 207], [360, 339, 236])
1	0.781136061340833	0.8109143482983162	([417, 87], [417, 87, 37])
1	0.7997237921963536	0.81106595650048	([239, 104], [239, 233, 90])
1	0.680640673195667	0.8114839208113757	([328, 12], [328, 313, 21])
1	0.7764625437563186	0.8116198671873193	([230, 127], [235, 230, 127])
1	0.7618240363506559	0.8117089703628539	([234, 23], [300, 291, 23])
1	0.8055141374537151	0.8119362400111544	([272, 150], [272, 174, 156])
1	0.8032274464184946	0.8122624083942094	([311, 100], [323, 311, 110])
1	0.7912322064083787	0.8123954859602037	([333, 182], [361, 333, 176])
1	0.7990599001096187	0.812603336472101	([243, 155], [243, 230, 155])
1	0.7729338451476695	0.8126244327004015	([341, 190], [341, 330, 190])
1	0.7775756566534177	0.8126296821346769	([353, 222], [341, 320, 222])
1	0.8010656353745327	0.8129466410230967	([350, 166], [450, 350, 319])
1	0.8069349542668519	0.8130232739952125	([356, 87], [356, 141, 111])
1	0.8085396313668074	0.8132985100669757	([253, 64], [253, 234, 101])
1	0.809014280786449	0.8132988176857808	([359, 51], [364, 359, 51])
1	0.7819099472585561	0.8136838551332527	([323, 110], [283, 100, 32])
1	0.6657625330799056	0.8137084478904647	([361, 12], [361, 93, 90])
1	0.773469171766825	0.8140117235118787	([400, 235], [400, 235, 212])
1	0.8061347664138302	0.8140352874129405	([316, 78], [318, 316, 78])
1	0.5653253502075444	0.8141047914954102	([209, 15], [209, 156, 151])
1	0.7989662683148075	0.8143074396165328	([384, 166], [384, 327, 166])
1	0.7985683144920138	0.8143074396165328	([405, 166], [405, 327, 166])
1	0.8123570667811449	0.8143183680090141	([302, 60], [302, 272, 86])
1	0.7913410336760413	0.8144532297190433	([367, 99], [416, 367, 97])
1	0.8007888554544172	0.814892304441628	([277, 129], [277, 182, 178])
1	0.80565537371276	0.8151590950201273	([252, 156], [452, 252, 156])
1	0.7983568904426861	0.8153011974303733	([369, 95], [429, 369, 95])
1	0.8067682203235798	0.8153705571407999	([158, 44], [158, 147, 44])
1	0.8141405382440821	0.8160603542416924	([287, 78], [316, 287, 248])
1	0.786973179392002	0.8160657788165174	([410, 111], [410, 111, 89])
1	0.8012343769314757	0.8163513244849777	([331, 105], [331, 316, 105])
1	0.8115979974314496	0.8165325348647121	([447, 232], [447, 320, 232])
1	0.8144172829788238	0.8166134312743005	([414, 50], [414, 386, 30])
1	0.811793557368298	0.8177481354005219	([359, 138], [359, 277, 129])
1	0.7984616885914889	0.8177481354005219	([363, 129], [363, 359, 129])
1	0.7866031612716525	0.8177680737035286	([298, 143], [311, 298, 110])
1	0.796281631294439	0.817799563746469	([251, 66], [251, 107, 66])
1	0.7707829198578635	0.8182618329280915	([140, 50], [140, 79, 72])
1	0.7958911592971705	0.818773992037797	([204, 70], [204, 99, 70])
1	0.7929000299110792	0.8188332660093804	([405, 140], [405, 166, 140])
1	0.8153292659470661	0.8188861706949904	([342, 22], [342, 254, 225])
1	0.812643459772674	0.8192533232109259	([325, 157], [325, 219, 157])
1	0.7996272451226698	0.8194104828808624	([253, 119], [253, 119, 101])
1	0.8178641038486925	0.8197743187518596	([352, 256], [362, 352, 256])
1	0.8021483077615883	0.820144450781453	([352, 145], [352, 188, 145])
1	0.7418348622205762	0.8204272175395888	([255, 30], [259, 255, 30])
1	0.8143071531275639	0.8210155384037963	([268, 126], [268, 263, 126])
1	0.8067038723716359	0.8211273232417923	([372, 82], [372, 170, 82])
1	0.8153475709624288	0.8211501568380265	([349, 107], [361, 349, 107])
1	0.8162936681907295	0.8212467064010986	([331, 72], [331, 105, 72])
1	0.7962696547087705	0.8231155992864099	([427, 58], [427, 76, 58])
1	0.8115983924419049	0.8233212671692861	([192, 77], [192, 77, 69])
1	0.7911286273537901	0.8237526468180882	([236, 133], [236, 231, 133])
1	0.8217565557454342	0.8241159026325433	([378, 125], [378, 204, 131])
1	0.8103628370914864	0.8241159026325433	([430, 131], [430, 378, 131])
1	0.8234500840069083	0.8251067665745403	([280, 99], [280, 216, 99])
1	0.8244828703152006	0.8252398519446382	([410, 130], [410, 130, 111])
1	0.8248758412581993	0.8262400864668773	([351, 121], [351, 186, 121])
1	0.8242679554058658	0.8264223100939517	([264, 108], [264, 205, 67])
1	0.7970292662169856	0.8270924722680791	([390, 101], [390, 101, 73])
1	0.5443393376456199	0.8275202076477395	([407, 15], [424, 209, 197])
1	0.804941670667908	0.8275235144248071	([340, 180], [366, 340, 180])
1	0.7982524528381987	0.8276369812287357	([241, 97], [250, 241, 97])
1	0.8000675773820274	0.8279976925670622	([329, 135], [361, 329, 135])
1	0.7903265490440575	0.8282967895372148	([158, 90], [410, 158, 90])
1	0.8276997111690707	0.8286594743921689	([324, 45], [324, 311, 45])
1	0.8153987605935763	0.8290631429225856	([325, 58], [325, 136, 112])
1	0.8266065643191626	0.8292478036270945	([343, 67], [343, 332, 92])
1	0.7988982848807056	0.8299525341293624	([426, 119], [426, 167, 119])
1	0.5718097452194023	0.829961386216208	([231, 15], [231, 154, 153])
1	0.8089869225251821	0.8299883945233907	([336, 59], [336, 260, 58])
1	0.8296216424855948	0.8300356774383174	([312, 140], [312, 255, 220])
1	0.823867677622688	0.8306488587547722	([262, 62], [262, 253, 62])
1	0.7956376787966076	0.8316451069253846	([346, 133], [346, 193, 133])
1	0.8205600268819935	0.8320494938810232	([341, 60], [341, 325, 58])
1	0.7804725501049835	0.8322122910949487	([275, 110], [275, 224, 110])
1	0.8043476753043379	0.8326357151426849	([409, 103], [409, 199, 116])
1	0.820726522471884	0.8357097969198258	([340, 68], [340, 323, 68])
1	0.8233581908379545	0.836259945846915	([338, 84], [338, 324, 84])
1	0.8065899474931831	0.8384668361222187	([405, 71], [405, 140, 72])
1	0.7909819161556644	0.8418014656696062	([437, 123], [425, 159, 123])
1	0.8435120299112726	0.8440158660706782	([320, 121], [363, 320, 121])
1	0.5378800115263763	0.844792831797428	([362, 16], [402, 362, 26])
1	0.8322180656100066	0.8475711925762935	([344, 165], [344, 325, 165])
1	0.4830319040232166	0.8520230370150822	([106, 11], [148, 106, 22])
1	0.5203953244066476	0.8614814330859535	([19, 18], [451, 18, 17])
1	0.5456077848982787	0.8709179987762907	([248, 16], [248, 103, 21])
1	0.47901984939529213	0.9037606298683332	([293, 11], [349, 293, 11])
1	0.47639765899228204	0.9037606298683332	([148, 11], [349, 348, 11])
1	0.6151705237438746	0.9218356462728922	([139, 14], [139, 19, 14])
0	0.0	1.0	([1], [1, 0])
0	0.0	1.0	([2], [2, 0])
0	0.0	1.0	([3], [3, 0])
0	0.0	1.0	([4], [4, 0])
0	0.0	1.0	([5], [5, 0])
0	0.0	1.0	([6], [6, 0])
0	0.0	1.0	([7], [7, 0])
0	0.0	1.0	([8], [8, 0])
0	0.0	1.0	([9], [9, 0])
0	0.0	1.0	([10], [10, 0])
0	0.0	inf	([0], [])
