0	0.0	0.010249865761112769	([187], [187, 128])
0	0.0	0.010404084525301541	([120], [120, 54])
0	0.0	0.010673919027968248	([258], [258, 127])
0	0.0	0.0115083178775115	([180], [180, 118])
0	0.0	0.07082317739890226	([131], [131, 122])
0	0.0	0.272511213693834	([11], [11, 10])
0	0.0	0.2753924230729192	([1], [1, 0])
0	0.0	0.2773391743526187	([77], [77, 76])
0	0.0	0.2778921989051817	([229], [229, 228])
0	0.0	0.28022801320381224	([306], [306, 305])
0	0.0	0.2817929250969325	([37], [37, 36])
0	0.0	0.2859051828108093	([407], [407, 406])
0	0.0	0.2881678646426884	([323], [323, 322])
0	0.0	0.2926459010855506	([218], [218, 217])
0	0.0	0.2927788082494671	([132], [132, 130])
0	0.0	0.2941402494311555	([98], [98, 97])
0	0.0	0.2959149950573776	([177], [177, 176])
0	0.0	0.2970129875368534	([2], [2, 0])
0	0.0	0.29786960688830716	([174], [174, 173])
0	0.0	0.29820294172085354	([325], [325, 324])
0	0.0	0.2983505851560027	([16], [16, 15])
0	0.0	0.29905709386568435	([393], [393, 392])
0	0.0	0.2991783010156357	([327], [327, 326])
0	0.0	0.30075936391701463	([334], [334, 333])
0	0.0	0.3018492673140546	([189], [189, 188])
0	0.0	0.3029730841111352	([294], [294, 293])
0	0.0	0.303069514906231	([410], [410, 409])
0	0.0	0.303310764396143	([20], [20, 19])
0	0.0	0.3035030219495914	([225], [225, 224])
0	0.0	0.3044145248293822	([253], [253, 252])
0	0.0	0.3054959817212954	([260], [260, 259])
0	0.0	0.30670709801428375	([95], [95, 94])
0	0.0	0.3076886018222904	([401], [401, 400])
0	0.0	0.30869211649862716	([46], [46, 45])
0	0.0	0.3088455116210883	([24], [24, 23])
0	0.0	0.30946033945210244	([297], [297, 296])
0	0.0	0.31019143101335533	([185], [185, 184])
0	0.0	0.3104079363468366	([287], [287, 286])
0	0.0	0.3116008432974776	([299], [299, 298])
0	0.0	0.3118828004600204	([40], [40, 39])
0	0.0	0.3126882659643112	([316], [316, 315])
0	0.0	0.3127383574261647	([145], [145, 144])
0	0.0	0.31334040489493736	([388], [388, 387])
0	0.0	0.3133849338966707	([281], [281, 280])
0	0.0	0.3134910966837322	([3], [3, 2])
0	0.0	0.3138238657158545	([345], [345, 344])
0	0.0	0.31393875822814676	([19], [19, 18])
0	0.0	0.3140117698994648	([396], [396, 395])
0	0.0	0.31414104958006867	([195], [195, 194])
0	0.0	0.3142670200412697	([109], [109, 108])
0	0.0	0.31434145582005485	([30], [30, 29])
0	0.0	0.31449660162482695	([365], [365, 364])
0	0.0	0.3162303770544552	([163], [163, 162])
0	0.0	0.3162560529587649	([398], [398, 397])
0	0.0	0.3162907185184701	([147], [147, 146])
0	0.0	0.3164133452304741	([368], [368, 367])
0	0.0	0.31660308835888135	([352], [352, 351])
0	0.0	0.31674630640043094	([25], [25, 24])
0	0.0	0.3169736839066739	([413], [413, 412])
0	0.0	0.31728927362199844	([97], [97, 96])
0	0.0	0.3180605727802904	([41], [41, 40])
0	0.0	0.318144960485392	([321], [321, 320])
0	0.0	0.3181670314942514	([349], [349, 348])
0	0.0	0.3186469937648609	([387], [387, 386])
0	0.0	0.31934185690175176	([280], [280, 279])
0	0.0	0.31942046085321346	([389], [389, 388])
0	0.0	0.31956600077904707	([149], [149, 148])
0	0.0	0.3195778981839504	([292], [292, 291])
0	0.0	0.32014601668776416	([21], [21, 20])
0	0.0	0.3203649800616839	([288], [288, 287])
0	0.0	0.32044244955160217	([7], [7, 6])
0	0.0	0.3214591527952445	([372], [372, 371])
0	0.0	0.3215375127346808	([338], [338, 337])
0	0.0	0.3216547147056359	([158], [158, 157])
0	0.0	0.32188318177901487	([383], [383, 382])
0	0.0	0.3219317866435368	([202], [202, 201])
0	0.0	0.32206965725672154	([87], [87, 86])
0	0.0	0.32214893573792325	([409], [409, 408])
0	0.0	0.3234395185253648	([89], [89, 88])
0	0.0	0.32350203599255994	([246], [246, 245])
0	0.0	0.32372040982915734	([361], [361, 360])
0	0.0	0.3237460592062348	([404], [404, 403])
0	0.0	0.3238439735453559	([23], [23, 22])
0	0.0	0.3243590770025635	([377], [377, 376])
0	0.0	0.3252092760628437	([10], [10, 9])
0	0.0	0.3252649332906073	([4], [4, 3])
0	0.0	0.32586286153791616	([223], [223, 222])
0	0.0	0.3259490030280044	([184], [184, 183])
0	0.0	0.3261341234440331	([209], [209, 208])
0	0.0	0.3268062009875073	([140], [140, 139])
0	0.0	0.3269289406078901	([151], [151, 150])
0	0.0	0.32715555084795	([34], [34, 33])
0	0.0	0.3271905263464475	([206], [206, 205])
0	0.0	0.3274315510559183	([310], [310, 309])
0	0.0	0.3276459465827854	([254], [254, 253])
0	0.0	0.32783496220857405	([241], [241, 240])
0	0.0	0.328016778556232	([304], [304, 303])
0	0.0	0.328640224882976	([29], [29, 28])
0	0.0	0.32881464679889083	([251], [251, 250])
0	0.0	0.3292707171222005	([248], [248, 247])
0	0.0	0.32931130779146617	([318], [318, 317])
0	0.0	0.33048844054080334	([63], [63, 62])
0	0.0	0.330858423384783	([376], [376, 375])
0	0.0	0.33127468512343455	([144], [144, 143])
0	0.0	0.3318718425352423	([343], [343, 342])
0	0.0	0.33215357774110554	([146], [146, 145])
0	0.0	0.3324361481305018	([257], [257, 256])
0	0.0	0.33270426290601235	([392], [392, 391])
0	0.0	0.3328399083691838	([152], [152, 151])
0	0.0	0.3328702590783927	([170], [170, 169])
0	0.0	0.33316281337093495	([369], [369, 368])
0	0.0	0.3331958420474284	([224], [224, 223])
0	0.0	0.3332109673209967	([137], [137, 136])
0	0.0	0.3341408571668377	([314], [314, 313])
0	0.0	0.3341683555108808	([273], [273, 272])
0	0.0	0.33421797155708916	([13], [13, 12])
0	0.0	0.33429051085396805	([391], [391, 390])
0	0.0	0.3345822504059468	([375], [375, 374])
0	0.0	0.3346977898792552	([350], [350, 349])
0	0.0	0.33550669221995943	([39], [39, 38])
0	0.0	0.33557738264109305	([150], [150, 149])
0	0.0	0.3359438068504107	([62], [62, 61])
0	0.0	0.33608873487282237	([31], [31, 30])
0	0.0	0.3372118514450466	([406], [406, 405])
0	0.0	0.3374785874082125	([52], [52, 51])
0	0.0	0.33771929594185857	([381], [381, 380])
0	0.0	0.33772245989917127	([33], [33, 32])
0	0.0	0.33851810532580545	([403], [404, 402])
0	0.0	0.3386595605411498	([278], [278, 277])
0	0.0	0.33879470242807563	([139], [139, 138])
0	0.0	0.3390511630436426	([75], [75, 74])
0	0.0	0.34101086380861223	([255], [255, 254])
0	0.0	0.34136366786743855	([201], [201, 200])
0	0.0	0.3415831223317123	([50], [50, 49])
0	0.0	0.3416133778697853	([362], [362, 361])
0	0.0	0.3419760900346139	([245], [245, 244])
0	0.0	0.3422728285233737	([227], [227, 226])
0	0.0	0.34255685947775066	([69], [69, 68])
0	0.0	0.3425798531896617	([193], [193, 192])
0	0.0	0.3426189185884295	([210], [210, 209])
0	0.0	0.34298061447651157	([167], [167, 166])
0	0.0	0.34312437294730413	([320], [320, 319])
0	0.0	0.34367995991149064	([106], [106, 105])
0	0.0	0.34416883610695403	([213], [213, 212])
0	0.0	0.3444664461237263	([249], [249, 248])
0	0.0	0.3447204268474765	([90], [90, 89])
0	0.0	0.34674306165711627	([244], [244, 243])
0	0.0	0.34737734635911305	([357], [357, 356])
0	0.0	0.3474003179952629	([356], [356, 355])
0	0.0	0.3476714347805194	([342], [342, 341])
0	0.0	0.3479249542377221	([199], [199, 198])
0	0.0	0.34793498610230533	([168], [168, 167])
0	0.0	0.3479565761211638	([81], [81, 80])
0	0.0	0.34798665572784987	([107], [107, 106])
0	0.0	0.3481985940009915	([263], [263, 262])
0	0.0	0.34848183121865883	([267], [267, 266])
0	0.0	0.3488356830883336	([329], [329, 328])
0	0.0	0.3491223782456957	([415], [415, 414])
0	0.0	0.34928652790587067	([302], [302, 300])
0	0.0	0.34934871275805407	([242], [242, 241])
0	0.0	0.34946449745118086	([15], [15, 14])
0	0.0	0.3495996707232312	([59], [59, 58])
0	0.0	0.34960546566773987	([250], [250, 249])
0	0.0	0.3499245897130277	([346], [346, 345])
0	0.0	0.3508239316121813	([17], [17, 16])
0	0.0	0.35098330324756183	([49], [49, 48])
0	0.0	0.3510118546139758	([380], [380, 379])
0	0.0	0.35136786552677085	([45], [45, 44])
0	0.0	0.3522083338257764	([166], [166, 165])
0	0.0	0.3523618780274957	([142], [142, 141])
0	0.0	0.3525196357841972	([86], [86, 85])
0	0.0	0.3526830135887547	([22], [22, 21])
0	0.0	0.3530383072744015	([322], [322, 321])
0	0.0	0.35304128411260305	([344], [344, 343])
0	0.0	0.3530555967103144	([138], [138, 137])
0	0.0	0.3532121871759348	([43], [43, 42])
0	0.0	0.35335427414583426	([264], [264, 263])
0	0.0	0.35342079888276157	([355], [355, 354])
0	0.0	0.3535200573607235	([217], [217, 216])
0	0.0	0.3539351766080601	([35], [35, 34])
0	0.0	0.35395252222702034	([159], [159, 157])
0	0.0	0.3544654377769682	([91], [91, 90])
0	0.0	0.3546924954202818	([66], [66, 65])
0	0.0	0.35507718654518716	([173], [173, 172])
0	0.0	0.3552977540286012	([238], [238, 237])
0	0.0	0.35589477405306874	([408], [408, 407])
0	0.0	0.35625479696399254	([48], [48, 47])
0	0.0	0.35667397514705085	([399], [399, 398])
0	0.0	0.35678169695128875	([36], [36, 35])
0	0.0	0.35687069885417133	([261], [261, 260])
0	0.0	0.3569908165007111	([319], [319, 318])
0	0.0	0.3573663376842743	([271], [271, 270])
0	0.0	0.3577465598127565	([186], [186, 185])
0	0.0	0.3581553231555541	([243], [243, 241])
0	0.0	0.3582414288832601	([308], [308, 307])
0	0.0	0.35825468305001773	([347], [347, 346])
0	0.0	0.3583564962132895	([328], [328, 327])
0	0.0	0.35852461423844856	([67], [67, 66])
0	0.0	0.35859547220434757	([18], [18, 17])
0	0.0	0.35893937427517664	([370], [370, 369])
0	0.0	0.3590393197779655	([309], [309, 308])
0	0.0	0.3602823006400741	([208], [208, 207])
0	0.0	0.36045146900677905	([382], [382, 381])
0	0.0	0.36059199254317426	([335], [335, 334])
0	0.0	0.3607154994471518	([300], [302, 301])
0	0.0	0.36124966981579687	([358], [358, 357])
0	0.0	0.3616603060043439	([337], [337, 336])
0	0.0	0.36175171918093046	([197], [197, 196])
0	0.0	0.36243865631545313	([88], [88, 87])
0	0.0	0.36261662965034563	([336], [336, 335])
0	0.0	0.3627055392929764	([262], [262, 261])
0	0.0	0.3628080962006283	([270], [270, 269])
0	0.0	0.362838469077679	([207], [207, 206])
0	0.0	0.3628795413499608	([169], [169, 168])
0	0.0	0.3631449210566409	([14], [14, 13])
0	0.0	0.3634196460850698	([364], [365, 363])
0	0.0	0.3634408689664682	([290], [290, 289])
0	0.0	0.3634671579559981	([27], [27, 26])
0	0.0	0.3637651249918555	([162], [162, 161])
0	0.0	0.36390328418245305	([313], [313, 312])
0	0.0	0.3642788663086278	([216], [216, 215])
0	0.0	0.3648936786995033	([198], [198, 197])
0	0.0	0.36551574109891616	([134], [134, 116])
0	0.0	0.365571825920027	([12], [12, 11])
0	0.0	0.36592138052393774	([390], [390, 389])
0	0.0	0.36598893259870674	([143], [143, 142])
0	0.0	0.366345000026804	([64], [64, 63])
0	0.0	0.36661661895572545	([175], [175, 174])
0	0.0	0.36670253201799674	([214], [214, 213])
0	0.0	0.367388455601551	([74], [74, 73])
0	0.0	0.3674840446833621	([8], [8, 7])
0	0.0	0.3676652327497183	([237], [237, 236])
0	0.0	0.3678379460439428	([194], [194, 193])
0	0.0	0.36801756872128255	([351], [351, 350])
0	0.0	0.36818479653203257	([73], [73, 72])
0	0.0	0.36820512923271886	([108], [108, 107])
0	0.0	0.36836991298608485	([274], [274, 273])
0	0.0	0.3685244021281721	([153], [153, 152])
0	0.0	0.36861297572280605	([397], [397, 396])
0	0.0	0.3691055387319028	([360], [360, 359])
0	0.0	0.3693772155970007	([339], [339, 338])
0	0.0	0.3696104534777176	([176], [176, 175])
0	0.0	0.36980873550064236	([5], [5, 4])
0	0.0	0.3705455170310322	([416], [416, 415])
0	0.0	0.3709425685613783	([205], [206, 204])
0	0.0	0.3711143236652212	([286], [288, 285])
0	0.0	0.37134663582131855	([9], [9, 8])
0	0.0	0.3713692652506614	([154], [154, 153])
0	0.0	0.37152693151005467	([133], [133, 124])
0	0.0	0.371712905362893	([85], [85, 84])
0	0.0	0.3720694702232114	([192], [192, 191])
0	0.0	0.37222045029580025	([38], [38, 37])
0	0.0	0.3731206892122043	([330], [330, 329])
0	0.0	0.3736263297257578	([222], [222, 221])
0	0.0	0.3740999450372431	([51], [51, 50])
0	0.0	0.3745070581159939	([252], [252, 251])
0	0.0	0.3745272016438569	([6], [6, 5])
0	0.0	0.37462521459943116	([359], [359, 358])
0	0.0	0.37640226891407114	([293], [293, 292])
0	0.0	0.3764428340467219	([72], [72, 71])
0	0.0	0.37737386821897	([100], [100, 99])
0	0.0	0.377769810745448	([272], [272, 271])
0	0.0	0.37808382609299807	([303], [303, 302])
0	0.0	0.37930079009427986	([332], [332, 331])
0	0.0	0.3798913873984281	([340], [340, 339])
0	0.0	0.38036479354883357	([385], [385, 384])
0	0.0	0.3804941084545686	([220], [220, 219])
0	0.0	0.3811182626012325	([196], [196, 195])
0	0.0	0.3821945731449721	([47], [47, 46])
0	0.0	0.38251659743202887	([341], [341, 340])
0	0.0	0.3825762636909297	([215], [215, 214])
0	0.0	0.3831422539199585	([277], [277, 276])
0	0.0	0.3834651631260227	([226], [226, 225])
0	0.0	0.3840057307261135	([171], [171, 170])
0	0.0	0.3846431033830565	([61], [61, 60])
0	0.0	0.38503282729137284	([204], [204, 203])
0	0.0	0.38503348444131535	([312], [312, 311])
0	0.0	0.38511714885456005	([284], [284, 283])
0	0.0	0.3856029163218786	([148], [148, 147])
0	0.0	0.3856365179651075	([71], [71, 70])
0	0.0	0.3861417224585213	([164], [164, 163])
0	0.0	0.3861688841151504	([101], [101, 100])
0	0.0	0.3889262211660375	([80], [80, 79])
0	0.0	0.3896637815518755	([141], [141, 140])
0	0.0	0.3898670439861357	([386], [386, 385])
0	0.0	0.39030004879109625	([32], [32, 31])
0	0.0	0.3907699547245954	([203], [203, 202])
0	0.0	0.3908408480660876	([219], [219, 218])
0	0.0	0.3918605108947027	([200], [200, 199])
0	0.0	0.3918632784508086	([26], [26, 25])
0	0.0	0.39272250303335704	([305], [305, 304])
0	0.0	0.392946499108808	([402], [402, 401])
0	0.0	0.3931657947674212	([156], [156, 155])
0	0.0	0.39322054390093963	([283], [283, 282])
0	0.0	0.39337387777011723	([115], [115, 113])
0	0.0	0.3935753537110157	([82], [82, 81])
0	0.0	0.39394541462376614	([333], [333, 331])
0	0.0	0.3940308057850951	([298], [298, 297])
0	0.0	0.3945423350426614	([354], [354, 353])
0	0.0	0.39474019209148037	([160], [160, 126])
0	0.0	0.39476673131915674	([295], [295, 293])
0	0.0	0.3948805176231835	([42], [42, 41])
0	0.0	0.3949933639063838	([363], [363, 362])
0	0.0	0.39564471584072236	([78], [78, 77])
0	0.0	0.3961999440782595	([83], [83, 82])
0	0.0	0.39635565974360143	([247], [247, 246])
0	0.0	0.3964030450584406	([231], [231, 230])
0	0.0	0.396813674169126	([282], [282, 281])
0	0.0	0.3969430132089266	([384], [384, 383])
0	0.0	0.3970941452412825	([307], [307, 306])
0	0.0	0.39721200846316884	([414], [414, 413])
0	0.0	0.397294222295756	([28], [28, 27])
0	0.0	0.3981930300485965	([70], [70, 68])
1	0.38566685883884744	0.3987568962193571	([286, 285], [288, 287, 286])
0	0.0	0.39883387603497067	([221], [221, 220])
0	0.0	0.3995786366719503	([53], [53, 51])
0	0.0	0.40012931290622417	([371], [371, 370])
0	0.0	0.40075216354564125	([155], [155, 154])
0	0.0	0.401267726134557	([311], [311, 310])
0	0.0	0.40242371282367	([104], [104, 103])
0	0.0	0.40345792743816417	([291], [291, 290])
0	0.0	0.4035183246002086	([58], [59, 53])
0	0.0	0.4035815103969355	([378], [378, 377])
0	0.0	0.4055534872491783	([93], [93, 92])
0	0.0	0.40693808824777106	([121], [121, 57])
0	0.0	0.40749183834710234	([99], [99, 98])
0	0.0	0.40877093632814193	([285], [285, 284])
0	0.0	0.40885360768271994	([228], [228, 227])
0	0.0	0.4094469277957081	([234], [234, 233])
0	0.0	0.4098701205924195	([269], [269, 268])
0	0.0	0.4101367533632417	([157], [157, 156])
0	0.0	0.4104518609430122	([296], [296, 295])
0	0.0	0.41068798488881364	([348], [348, 347])
0	0.0	0.4109005157423856	([405], [405, 404])
0	0.0	0.41124818675364977	([279], [279, 278])
0	0.0	0.4115797933454954	([129], [129, 116])
0	0.0	0.41187458887140443	([400], [400, 399])
0	0.0	0.4124772993482577	([92], [93, 91])
0	0.0	0.4130701634974308	([268], [268, 267])
0	0.0	0.41320796843955293	([301], [300, 299])
0	0.0	0.414513056700055	([178], [178, 177])
0	0.0	0.41511721116534356	([235], [235, 234])
0	0.0	0.4154716318708492	([367], [367, 366])
0	0.0	0.41587891763888124	([412], [412, 411])
0	0.0	0.4165585388965212	([315], [315, 314])
0	0.0	0.4185069555427518	([256], [256, 255])
0	0.0	0.4199715434828423	([183], [183, 182])
0	0.0	0.42017090167115273	([394], [394, 393])
0	0.0	0.4203075982294883	([230], [231, 229])
0	0.0	0.42157752040640545	([366], [366, 363])
0	0.0	0.4223575524775407	([395], [395, 394])
0	0.0	0.4224516262455216	([317], [317, 316])
0	0.0	0.42261769365286966	([136], [136, 135])
0	0.0	0.4248768132633383	([240], [240, 239])
0	0.0	0.425260935273665	([236], [236, 235])
0	0.0	0.4260462586321672	([265], [265, 121])
0	0.0	0.4287535825773471	([44], [44, 43])
0	0.0	0.4307054440801967	([239], [239, 238])
0	0.0	0.4320690225593333	([165], [165, 164])
0	0.0	0.4328483796672278	([212], [212, 210])
0	0.0	0.43399745119735855	([289], [289, 288])
0	0.0	0.43442976747039524	([379], [379, 378])
0	0.0	0.4349274334544397	([411], [411, 410])
0	0.0	0.43531815526125955	([373], [373, 372])
0	0.0	0.43532169257773895	([275], [275, 124])
0	0.0	0.43541647530201966	([103], [104, 102])
0	0.0	0.4368851475276606	([68], [69, 67])
0	0.0	0.43773797368004225	([0], [58, 55])
0	0.0	0.43822487122793624	([84], [84, 82])
0	0.0	0.43989737061923273	([191], [212, 211])
0	0.0	0.4403981759548226	([172], [172, 171])
0	0.0	0.4413342572299677	([113], [115, 111])
0	0.0	0.4425792563811256	([326], [326, 325])
0	0.0	0.4449552473116065	([116], [129, 115])
0	0.0	0.4458702523306092	([182], [182, 179])
0	0.0	0.44819089457868583	([126], [126, 56])
0	0.0	0.44966342063390835	([259], [259, 257])
0	0.0	0.4526508370904748	([374], [374, 373])
0	0.0	0.4529475107485031	([232], [232, 103])
0	0.0	0.4542985854927795	([114], [114, 111])
0	0.0	0.45451750735821295	([276], [276, 275])
0	0.0	0.4547020458342118	([110], [110, 108])
0	0.0	0.4557816182014346	([324], [325, 323])
0	0.0	0.4576747643882725	([179], [182, 181])
0	0.0	0.4582542144465745	([181], [179, 178])
0	0.0	0.458333955760162	([94], [95, 92])
0	0.0	0.4586371981254613	([353], [353, 352])
0	0.0	0.4597748943148926	([65], [65, 64])
0	0.0	0.46015445429241886	([56], [56, 55])
0	0.0	0.46049061622164683	([331], [331, 330])
1	0.45943966385908513	0.46058020407858774	([323, 320], [323, 322, 321])
0	0.0	0.46148520490370515	([60], [60, 59])
0	0.0	0.46269067167811506	([112], [112, 110])
0	0.0	0.46890171600169467	([76], [76, 75])
0	0.0	0.4710577018288469	([211], [211, 114])
0	0.0	0.47152092896906395	([111], [113, 112])
1	0.47617630664716626	0.47778615974294697	([393, 390], [393, 392, 390])
0	0.0	0.47792223092011177	([233], [234, 232])
0	0.0	0.4831926806310901	([124], [373, 114])
0	0.0	0.4834876598336001	([161], [161, 159])
0	0.0	0.48791832495897125	([105], [105, 104])
0	0.0	0.4892652604044042	([102], [276, 274])
0	0.0	0.4950223370755962	([266], [266, 265])
0	0.0	0.4995970826814506	([79], [80, 78])
1	0.47402023650856395	0.5005638368999884	([71, 66], [71, 69, 66])
1	0.48550254634130424	0.5007929248215395	([75, 66], [75, 73, 66])
0	0.0	0.5018259882338196	([130], [130, 129])
1	0.4965895944307633	0.5054869754127822	([362, 355], [362, 360, 355])
0	0.0	0.5084914598622938	([188], [188, 186])
1	0.49105569884448386	0.510411542189644	([74, 67], [73, 72, 67])
0	0.0	0.5147512459009956	([96], [96, 95])
1	0.47639610124447296	0.517295365412833	([229, 226], [229, 228, 226])
0	0.0	0.5176248171295945	([57], [104, 101])
1	0.48274802150431256	0.517761101071263	([231, 227], [231, 230, 227])
0	0.0	0.5184063999994312	([135], [161, 160])
1	0.5129187704297107	0.5233016426038597	([274, 267], [274, 271, 267])
1	0.5233271356920215	0.5312183097217975	([75, 70], [75, 70, 66])
1	0.48936363535831795	0.5324820220074296	([94, 93], [95, 94, 92])
1	0.5286675329741138	0.5361103242031364	([328, 324], [328, 326, 324])
1	0.49242213371745197	0.5379320197478822	([315, 311], [315, 313, 311])
1	0.5311187251709163	0.5419277742340914	([16, 12], [16, 15, 13])
1	0.5425151142141932	0.544373036029406	([272, 264], [272, 269, 264])
1	0.49941337330853514	0.5526269703629881	([208, 202], [208, 204, 203])
1	0.49612271758565407	0.5595913210704792	([416, 411], [416, 414, 411])
1	0.5177865907532612	0.5601727727860467	([182, 177], [181, 179, 177])
1	0.5639957012848578	0.5662191385164492	([92, 83], [92, 88, 84])
1	0.5600910467862847	0.5750084338059158	([172, 165], [172, 169, 165])
1	0.5652063970613842	0.577841128542985	([347, 341], [347, 345, 343])
1	0.5033763397559691	0.5789851178794515	([111, 110], [115, 113, 111])
1	0.5849417340547486	0.5958289213226907	([55, 52], [58, 55, 53])
1	0.5722784370842963	0.5978905978599199	([97, 94], [98, 96, 95])
1	0.5924913586891396	0.6034731672981609	([93, 78], [93, 85, 78])
1	0.5973255011673224	0.6068270154741434	([35, 25], [35, 32, 25])
1	0.5946297075581954	0.6079305369771026	([41, 35], [41, 38, 35])
1	0.6025261221794082	0.6108718270875584	([191, 178], [191, 189, 178])
1	0.609189076789523	0.6190717090167213	([310, 301], [310, 304, 303])
1	0.6044119574468597	0.6205286390726252	([78, 68], [78, 75, 71])
1	0.6125350922895533	0.6251244137323775	([196, 189], [196, 193, 191])
1	0.5494805901408523	0.6312157297906194	([234, 229], [235, 233, 230])
1	0.6248130520686879	0.6339274563304101	([236, 227], [236, 234, 229])
1	0.6356613525194416	0.638713658172582	([213, 201], [213, 210, 201])
1	0.6026595412060871	0.6390037222647448	([237, 228], [237, 234, 228])
1	0.6123780271882364	0.640188427378087	([64, 52], [64, 58, 52])
1	0.6305686078933793	0.6412245262080052	([153, 144], [153, 149, 144])
1	0.6221452814988851	0.6422620955922197	([42, 34], [42, 39, 37])
1	0.6411133303193292	0.6488227993241309	([108, 59], [109, 108, 59])
1	0.6297636238970092	0.6488744870565523	([19, 8], [19, 18, 8])
1	0.6339655697200641	0.6518400417127115	([102, 64], [102, 61, 52])
1	0.6207355975173211	0.6529101849323629	([181, 169], [181, 176, 169])
1	0.6448644642275025	0.6533298356508844	([200, 192], [200, 196, 192])
1	0.6291007254743162	0.6542806749453838	([212, 195], [212, 208, 201])
1	0.653952620869738	0.65949551877552	([137, 102], [142, 139, 102])
1	0.6472997858547499	0.6610656896330821	([251, 242], [251, 247, 246])
1	0.5668746434187334	0.6629349308402634	([92, 70], [92, 83, 71])
1	0.5952879680892422	0.6666048821723946	([103, 93], [103, 99, 97])
1	0.5101183918121736	0.666815721507999	([239, 232], [239, 237, 235])
1	0.6012508964555981	0.6702887912736171	([14, 4], [14, 11, 4])
1	0.5747750474489753	0.6711638584669953	([104, 92], [100, 96, 95])
1	0.6703237454472312	0.6720300990768368	([158, 146], [158, 154, 149])
1	0.6635102594428558	0.6743080787885045	([395, 381], [395, 384, 381])
1	0.6672162252253238	0.6762976860332113	([178, 161], [178, 171, 168])
1	0.6704675759169677	0.6789017529062497	([71, 53], [71, 65, 61])
1	0.6746989167282978	0.6799735223461245	([324, 315], [324, 320, 315])
1	0.6442075605924691	0.6851691673818059	([102, 68], [102, 74, 64])
1	0.6239562148121793	0.6872280164419304	([112, 58], [112, 109, 56])
1	0.646086945100152	0.6877580386164669	([394, 383], [394, 391, 383])
1	0.6867616537401218	0.690304590328811	([96, 83], [96, 93, 90])
1	0.661318224235834	0.690304590328811	([99, 90], [99, 96, 90])
1	0.6759355674263348	0.6919245143215471	([316, 300], [316, 309, 304])
1	0.6412598202550329	0.6931895481399606	([102, 38], [102, 43, 38])
1	0.6351598028815093	0.6933666473762894	([411, 396], [411, 406, 405])
1	0.6666298625498377	0.6938298626152065	([281, 263], [281, 276, 262])
1	0.693874071098109	0.6967657404342752	([216, 207], [216, 212, 204])
1	0.6936952096050106	0.6968740063618742	([339, 320], [339, 335, 320])
1	0.6828431316684561	0.697434923862973	([377, 368], [377, 373, 368])
1	0.6809498406997148	0.6982268655734087	([170, 151], [181, 170, 166])
1	0.668981956979812	0.7012436473048919	([238, 225], [238, 233, 228])
1	0.6920124271783799	0.7013074202784517	([39, 23], [39, 32, 27])
1	0.6492087379886083	0.7018708924433777	([181, 151], [170, 162, 157])
1	0.6926733788201	0.7026620479101547	([188, 164], [188, 181, 164])
1	0.6847330004010274	0.703996904476451	([210, 191], [210, 207, 194])
1	0.6936804233916204	0.7046346530435965	([397, 380], [397, 390, 384])
1	0.6892414272919805	0.7059412153706349	([409, 379], [409, 399, 383])
1	0.6816239043822659	0.7068768940725629	([246, 233], [246, 245, 237])
1	0.6851916706259077	0.7072357480913508	([336, 319], [336, 333, 322])
1	0.6895306664714644	0.7085030921546911	([251, 213], [251, 213, 208])
1	0.5663346028506938	0.7098962103047839	([416, 385], [416, 394, 385])
1	0.6967153584872997	0.7107596999044805	([203, 182], [206, 203, 182])
1	0.6497466570674957	0.7110526050997862	([380, 102], [394, 383, 380])
1	0.6954542065817287	0.71186809392925	([16, 1], [15, 13, 1])
1	0.6833472401538564	0.7125575853470025	([202, 184], [202, 197, 179])
1	0.6848569903269117	0.7126160699341715	([205, 181], [206, 199, 196])
1	0.677681602282997	0.7126890460180553	([231, 219], [231, 229, 219])
1	0.6295782170168281	0.7133549370895524	([245, 237], [246, 240, 238])
1	0.6964369163406496	0.7134089971696921	([194, 184], [194, 188, 184])
1	0.6845618517215748	0.7134089971696921	([194, 176], [194, 191, 188])
1	0.7092323666039331	0.7134160954095063	([391, 374], [391, 383, 374])
1	0.6814579572134611	0.7141337397153774	([76, 45], [76, 60, 45])
1	0.681974868960991	0.7142584326160647	([139, 108], [139, 136, 108])
1	0.6536277828346446	0.7144337210991702	([34, 16], [34, 24, 20])
1	0.698760634762765	0.7150440711450563	([90, 64], [90, 70, 64])
1	0.6898659102820948	0.7150500521987275	([341, 328], [341, 335, 328])
1	0.694490507575431	0.7152019442444566	([96, 77], [96, 83, 62])
1	0.6424308314345595	0.7160055414947749	([345, 333], [345, 339, 337])
1	0.6904395746379743	0.7160963333120138	([44, 29], [44, 41, 33])
1	0.7065277160592089	0.7161639545853536	([112, 61], [112, 110, 61])
1	0.7118180936404962	0.7168828994376999	([166, 144], [166, 164, 152])
1	0.6634085624609488	0.7173068704604816	([134, 109], [139, 108, 106])
1	0.6901980522843401	0.7193154666808472	([105, 53], [105, 93, 59])
1	0.6543492449877428	0.7193154666808472	([93, 59], [108, 105, 59])
1	0.713895177967232	0.7197359983779922	([103, 87], [104, 103, 87])
1	0.6846328790706788	0.7203516065568404	([248, 227], [245, 237, 227])
1	0.6761986083746099	0.7205125186368571	([255, 227], [255, 249, 248])
1	0.7053785393708781	0.720519590162682	([107, 79], [110, 107, 79])
1	0.7040932582147436	0.7207463086151166	([149, 138], [149, 144, 138])
1	0.6720334863275512	0.7207965581337926	([174, 153], [174, 163, 153])
1	0.7135080525974363	0.7209548911259405	([99, 80], [99, 98, 80])
1	0.6979858648611446	0.7213959224377038	([105, 81], [105, 93, 81])
1	0.7026987574088287	0.7229980234517328	([237, 213], [251, 247, 213])
1	0.7102517189232155	0.7240565180308826	([227, 215], [227, 222, 220])
1	0.7024763411666969	0.7249094683391144	([26, 6], [27, 26, 6])
1	0.7050140214791439	0.7252024516089491	([337, 315], [337, 332, 315])
1	0.6862950483214402	0.726066299455881	([252, 222], [252, 248, 222])
1	0.711213808446609	0.7261501253579179	([226, 203], [226, 220, 214])
1	0.6989137326391675	0.7262284936900868	([161, 145], [170, 161, 145])
1	0.7182241891528888	0.7263013057929986	([107, 69], [107, 69, 67])
1	0.6732133019325094	0.7264180266062976	([251, 208], [237, 224, 213])
1	0.7012011185018593	0.7267160934706698	([101, 72], [105, 101, 60])
1	0.659424906941103	0.7267160934706698	([110, 60], [107, 105, 60])
1	0.6140585159307356	0.7272549272819048	([197, 92], [211, 197, 195])
1	0.7223505081534267	0.7274789515650126	([100, 85], [100, 98, 85])
1	0.7122109679222786	0.7276556501440272	([396, 376], [411, 410, 376])
1	0.6948367166221279	0.7281471129091793	([239, 223], [235, 229, 228])
1	0.6650929711508454	0.7281790128295734	([410, 372], [410, 398, 374])
1	0.7234627678856937	0.7285356672453797	([284, 255], [284, 276, 274])
1	0.6622521554451029	0.7291652621824174	([135, 113], [135, 113, 109])
1	0.6608318321239215	0.7291652621824174	([135, 59], [135, 134, 109])
1	0.6107345082256588	0.7291722968439944	([204, 92], [211, 204, 200])
1	0.709456153156305	0.729411365753038	([365, 336], [365, 352, 341])
1	0.7151174567201803	0.730546845742464	([205, 160], [205, 177, 162])
1	0.7144926175461954	0.730546845742464	([206, 162], [205, 202, 162])
1	0.7305141853435813	0.7307968084900327	([39, 16], [39, 23, 18])
1	0.6881550728035796	0.7314337545125322	([245, 216], [251, 244, 216])
1	0.7230673435106962	0.7315769937993656	([112, 78], [112, 78, 57])
1	0.6236473278699621	0.7319171856576765	([109, 55], [107, 98, 81])
1	0.7186722370657105	0.7325232754110941	([237, 153], [233, 198, 153])
1	0.7001507487650817	0.7331479475674316	([412, 16], [412, 401, 399])
1	0.710274325179787	0.7340226482702661	([255, 235], [255, 250, 238])
1	0.728296380744409	0.7341968083763747	([153, 110], [153, 144, 140])
1	0.7011086980760063	0.735635980622082	([35, 0], [33, 18, 12])
1	0.7013971296020217	0.7357613132664	([227, 189], [227, 199, 191])
1	0.6832297212297829	0.7357613132664	([219, 191], [227, 219, 191])
1	0.7106016181164165	0.7361604711347909	([104, 50], [105, 104, 53])
1	0.656072997635025	0.7366583956768732	([164, 140], [181, 150, 140])
1	0.7371493390426249	0.7385773000914068	([200, 95], [216, 214, 95])
1	0.7377217531466397	0.738913071321098	([244, 230], [244, 238, 230])
1	0.7191862563414056	0.7392882325635538	([250, 210], [251, 250, 208])
1	0.7211361427090511	0.7401807292733755	([138, 46], [138, 60, 46])
1	0.7031813899573451	0.7402014230323152	([212, 186], [212, 195, 186])
1	0.7345560963748774	0.7402901006850391	([403, 372], [403, 400, 372])
1	0.7136528048145381	0.7403953822440681	([88, 65], [88, 82, 71])
1	0.7324228412888214	0.7406146901090227	([105, 44], [105, 53, 51])
1	0.7261553538306615	0.7406605987024281	([49, 35], [49, 43, 35])
1	0.7296163155396964	0.7407818875093154	([40, 9], [40, 25, 9])
1	0.7146328439293186	0.741012763321786	([210, 159], [210, 184, 183])
1	0.7319995848046102	0.7418399206959485	([162, 143], [162, 158, 143])
1	0.7157030300598453	0.7418720444170123	([43, 14], [43, 38, 14])
1	0.713310893076782	0.7419449745130495	([179, 146], [179, 175, 158])
1	0.7367530701560931	0.7422865288206164	([379, 340], [380, 379, 340])
1	0.7364011829529434	0.7423870307836025	([103, 45], [103, 76, 66])
1	0.695143464669461	0.7423870307836025	([103, 73], [103, 100, 76])
1	0.7380311531890248	0.7426131041664057	([97, 41], [97, 96, 44])
1	0.703838796549402	0.7426131041664057	([96, 44], [105, 97, 44])
1	0.7331428537052339	0.7432000037512304	([346, 324], [346, 340, 324])
1	0.6876665502210877	0.7439249475470208	([47, 26], [47, 45, 30])
1	0.7439219201323334	0.7444997068704213	([406, 378], [406, 399, 383])
1	0.6389220169701723	0.7450049588356265	([242, 231], [248, 242, 238])
1	0.7305839809171628	0.7457462781607601	([412, 387], [412, 405, 399])
1	0.741753028962193	0.7460959688346083	([408, 377], [408, 401, 377])
1	0.69967382268868	0.7461898322647583	([98, 48], [107, 98, 48])
1	0.5772772325827833	0.7463193569568272	([102, 47], [102, 100, 64])
1	0.7345367345835677	0.7468131325487469	([90, 40], [90, 40, 33])
1	0.7149782639686715	0.7468338219234015	([231, 211], [231, 219, 211])
1	0.6868184770547865	0.7474910818233992	([237, 206], [237, 213, 201])
1	0.7355359444453473	0.7475818087108406	([291, 256], [291, 282, 277])
1	0.7100449470327208	0.7476904408221939	([171, 148], [171, 161, 156])
1	0.693948313831595	0.747925334418828	([51, 25], [50, 47, 30])
1	0.7346953080373797	0.7486266083235351	([223, 202], [223, 214, 202])
1	0.7256184418286654	0.749252535850205	([90, 33], [97, 93, 42])
1	0.7452758842020836	0.7498198321097557	([329, 312], [332, 329, 312])
1	0.5963013209726102	0.7498815674450944	([214, 181], [214, 211, 181])
1	0.7227996741282741	0.7501241482410831	([218, 155], [218, 215, 155])
1	0.7336008720741554	0.7508521478837346	([332, 293], [332, 324, 293])
1	0.7237225938433752	0.750882436200707	([93, 17], [93, 28, 14])
1	0.7246861898334364	0.7513915197197759	([140, 105], [140, 110, 100])
1	0.7386350508639018	0.751944375129863	([205, 155], [205, 177, 155])
1	0.7095452964748231	0.7519745094202305	([225, 181], [229, 219, 214])
1	0.7374824585086038	0.7523216008726515	([314, 290], [314, 298, 296])
1	0.7267031105948193	0.7524527702137414	([34, 3], [29, 27, 1])
1	0.7498453189983599	0.7524527702137414	([36, 1], [36, 27, 1])
1	0.7415322793916145	0.7524539081077164	([315, 294], [315, 305, 304])
1	0.7411198889959084	0.7526557005102122	([188, 154], [188, 154, 146])
1	0.7045343466820796	0.7530300163830062	([233, 217], [233, 226, 217])
1	0.6440030996631606	0.7533537557662335	([142, 102], [159, 150, 139])
1	0.7432360703136064	0.7535289959760366	([133, 112], [134, 133, 113])
1	0.733784707297162	0.7535414216161782	([334, 314], [334, 321, 314])
1	0.7316441839968417	0.7539247605022658	([299, 95], [313, 300, 299])
1	0.725775507699896	0.7539720423652735	([137, 101], [137, 103, 102])
1	0.7154444926907325	0.7540069490149894	([82, 29], [90, 82, 40])
1	0.7355548165383681	0.7540238538348699	([170, 101], [191, 178, 170])
1	0.7493784935718664	0.7542325133060731	([166, 103], [178, 166, 95])
1	0.7328128545911513	0.7547522094413844	([94, 61], [98, 94, 61])
1	0.7235083511545544	0.7551358964004228	([301, 256], [301, 300, 256])
1	0.7460907609792082	0.7552069827427228	([83, 17], [142, 102, 17])
1	0.7410632899968895	0.7553352925980961	([154, 95], [157, 154, 95])
1	0.702472465456593	0.7553352925980961	([216, 157], [216, 157, 95])
1	0.6377342927586184	0.7553687796470705	([227, 199], [219, 211, 191])
1	0.7275711676777218	0.7556488921147926	([253, 181], [253, 249, 186])
1	0.742224074149811	0.7558450979332842	([411, 389], [411, 409, 389])
1	0.6747936989771419	0.7559085057773844	([324, 296], [323, 317, 314])
1	0.7118787279626227	0.7562557094422543	([106, 77], [107, 106, 77])
1	0.7177456720225317	0.7563413654734431	([110, 86], [110, 86, 79])
1	0.7303589395577031	0.7574127667346715	([346, 301], [346, 336, 301])
1	0.7413487405954067	0.7578091632947	([84, 42], [84, 50, 42])
1	0.7195723740428529	0.7578679184756751	([138, 53], [138, 135, 53])
1	0.7458294029771135	0.7580778644942268	([49, 16], [49, 31, 27])
1	0.7382137466425698	0.7582048681168984	([301, 248], [301, 256, 248])
1	0.7428472408687397	0.758214635130474	([143, 25], [143, 95, 37])
1	0.7546164291019071	0.7583732039296636	([360, 337], [360, 347, 345])
1	0.7581328093163829	0.7583825111740994	([231, 184], [233, 231, 178])
1	0.665226579054992	0.7588229793207734	([140, 110], [140, 137, 107])
1	0.6724665742498379	0.7589763610534231	([83, 47], [83, 76, 66])
1	0.7162105777286027	0.7590215980377185	([215, 161], [218, 208, 205])
1	0.7585681493780335	0.7590215980377185	([228, 205], [228, 218, 205])
1	0.6912931888292949	0.7592842974331718	([413, 385], [413, 405, 400])
1	0.7132155420546475	0.7596024538066558	([193, 143], [197, 179, 146])
1	0.6997224822313411	0.7599007776838846	([334, 301], [334, 301, 231])
1	0.7418286576226047	0.7601467458844781	([330, 311], [330, 321, 320])
1	0.7034386391631715	0.760210293722816	([249, 186], [252, 216, 212])
1	0.7224986405496792	0.7608621406581751	([153, 48], [95, 88, 84])
1	0.7483054395446523	0.7609329506277709	([338, 302], [338, 332, 303])
1	0.7466595231026274	0.7610059614363693	([222, 182], [222, 213, 182])
1	0.7457590649217736	0.7610373443306716	([199, 154], [199, 195, 167])
1	0.709814353939978	0.7621608931220101	([233, 178], [231, 212, 202])
1	0.7581318695196053	0.7623628021431865	([89, 35], [89, 79, 71])
1	0.7386262120126139	0.7624605221898014	([95, 39], [94, 89, 43])
1	0.7138713882529887	0.7625925656295338	([233, 207], [233, 170, 162])
1	0.7330525927440383	0.7625925656295338	([229, 162], [233, 229, 162])
1	0.7609679042517566	0.7641799967411143	([238, 209], [238, 226, 209])
1	0.7358900718612276	0.7641968288177168	([396, 153], [399, 396, 237])
1	0.6577783902250394	0.7643933171607626	([157, 102], [169, 157, 151])
1	0.7527289820860957	0.7644225365801356	([303, 216], [303, 294, 293])
1	0.7264974943453607	0.7645713462657124	([412, 209], [412, 231, 209])
1	0.6919138586778255	0.7647302424829232	([78, 9], [78, 24, 12])
1	0.7514844687403535	0.7651243767607647	([256, 229], [256, 238, 236])
1	0.7510931282355707	0.7659318122785459	([321, 291], [321, 306, 301])
1	0.6948606701880485	0.7659318122785459	([334, 231], [334, 321, 301])
1	0.7572879270647964	0.7660361352685117	([81, 34], [98, 94, 34])
1	0.708962346325751	0.7662197530592144	([94, 34], [94, 43, 34])
1	0.741036590955095	0.7662197530592144	([231, 96], [231, 43, 34])
1	0.7623867397784303	0.7671219832415912	([244, 90], [238, 231, 90])
1	0.764813594901406	0.7673046613221781	([217, 179], [217, 194, 179])
1	0.6336801861482544	0.7679752278326029	([159, 93], [142, 102, 47])
1	0.7646882096624044	0.768145024639029	([415, 3], [415, 413, 1])
1	0.7648538309680092	0.7684334656061291	([387, 238], [387, 301, 231])
1	0.7612553762508673	0.7684334656061291	([387, 301], [394, 387, 231])
1	0.762160457425469	0.7684334656061291	([402, 231], [402, 387, 231])
1	0.6911612030428558	0.7684334656061291	([394, 231], [412, 387, 231])
1	0.7210142699678509	0.7685746909369155	([241, 181], [241, 229, 220])
1	0.7472778450942529	0.7686017939811078	([298, 254], [295, 287, 255])
1	0.7614854079164035	0.7686703094936647	([60, 21], [78, 60, 21])
1	0.751875636044737	0.7687998309625824	([109, 1], [109, 52, 51])
1	0.7275597358480222	0.7688672854627654	([253, 226], [253, 226, 225])
1	0.7125654262758417	0.7689494638707122	([44, 17], [44, 33, 17])
1	0.7614195962513601	0.768974131698241	([231, 169], [231, 169, 151])
1	0.7679492092603751	0.7691458288164337	([78, 41], [78, 41, 38])
1	0.6896591061235277	0.7691458288164337	([78, 24], [79, 78, 38])
1	0.7546779728864647	0.7694436768869494	([231, 147], [231, 178, 173])
1	0.7520653578306029	0.7695156541015361	([175, 147], [191, 175, 163])
1	0.768909926587582	0.7695331682194779	([242, 183], [242, 231, 183])
1	0.7548069527300714	0.7696257297488606	([311, 283], [311, 295, 254])
1	0.7441952953862101	0.7697215869668066	([254, 189], [254, 250, 210])
1	0.7229555506545073	0.7698971486737386	([372, 325], [372, 336, 325])
1	0.7512667908795075	0.7699444556284382	([339, 252], [339, 334, 231])
1	0.7433971549435239	0.7701556407930275	([178, 95], [214, 181, 177])
1	0.7491806086901324	0.7705531905830821	([198, 25], [231, 202, 198])
1	0.7657565781585433	0.7705531905830821	([374, 231], [374, 231, 198])
1	0.7525876395219315	0.7707371496413672	([411, 221], [411, 409, 221])
1	0.7634306134925902	0.7708645083781567	([166, 136], [166, 152, 136])
1	0.7486753908800683	0.7716024373628894	([384, 364], [393, 384, 364])
1	0.7064298370196078	0.7718714801969158	([324, 227], [301, 296, 231])
1	0.6882384098535111	0.771899256635704	([216, 95], [166, 157, 150])
1	0.7220479019742811	0.772030858799787	([289, 246], [289, 283, 252])
1	0.635695786169319	0.7723215662042704	([102, 17], [102, 43, 17])
1	0.7670104217458984	0.7724213565246125	([236, 78], [236, 224, 78])
1	0.7576623574772113	0.7725148187587462	([146, 48], [158, 146, 48])
1	0.7369205721595069	0.7725439464262001	([239, 191], [239, 234, 191])
1	0.6971597291921905	0.772559866352341	([158, 79], [146, 139, 137])
1	0.7585134608119399	0.7729622167722979	([326, 298], [326, 319, 318])
1	0.7386022417827993	0.7730984213569703	([312, 255], [317, 312, 255])
1	0.7203459949295635	0.773350497050201	([186, 93], [176, 163, 158])
1	0.643930261516076	0.7734175750243547	([394, 102], [392, 377, 372])
1	0.7702726737757337	0.7739058562837209	([374, 289], [374, 334, 289])
1	0.7427507181158779	0.7739058562837209	([374, 198], [374, 335, 334])
1	0.7415320065756407	0.7739058562837209	([366, 334], [374, 366, 334])
1	0.7481714179945251	0.7739083737777381	([37, 7], [37, 33, 7])
1	0.6789270863398317	0.7739153086167774	([191, 147], [191, 156, 151])
1	0.770195076503259	0.7739389357840565	([378, 95], [412, 378, 375])
1	0.7666811775256196	0.7739579199010678	([188, 78], [196, 178, 78])
1	0.7704499176453091	0.7745779363227796	([414, 5], [415, 414, 3])
1	0.7466918843118907	0.7747363346046182	([41, 8], [41, 32, 21])
1	0.7565810026130926	0.7751745554236584	([353, 181], [353, 343, 340])
1	0.7429464129146323	0.7755950769775386	([205, 137], [205, 155, 137])
1	0.7757657625123839	0.7758102334651779	([218, 41], [218, 95, 39])
1	0.7245055678553942	0.7759398625747612	([76, 1], [76, 62, 5])
1	0.756855116587558	0.7760957093128422	([83, 32], [83, 32, 17])
1	0.7455365175001493	0.7761357783521133	([217, 144], [217, 179, 154])
1	0.7641779925329658	0.776427214523631	([325, 297], [325, 311, 295])
1	0.7727893538582079	0.7764818212539744	([344, 314], [344, 339, 314])
1	0.7490101860196339	0.7768555461425146	([200, 83], [200, 95, 84])
1	0.75104761521156	0.7774755466598481	([412, 36], [412, 36, 1])
1	0.7246808421104628	0.7774755466598481	([413, 2], [413, 412, 1])
1	0.753523374500205	0.777813388819089	([91, 2], [91, 39, 16])
1	0.774033978733223	0.7778217837996307	([96, 20], [96, 79, 67])
1	0.7771103414436092	0.778920558425997	([97, 24], [97, 41, 24])
1	0.7657671618709719	0.7790539450046714	([236, 186], [249, 246, 186])
1	0.7424695126676376	0.7790541160380976	([189, 157], [216, 202, 197])
1	0.7601414583992882	0.7790984379632497	([368, 321], [368, 345, 340])
1	0.7641152027474253	0.7795954366280413	([104, 35], [104, 97, 40])
1	0.7690064655306935	0.7796221853285996	([228, 176], [231, 228, 184])
1	0.778506382839922	0.7798916147819134	([197, 99], [197, 143, 99])
1	0.7550572414621398	0.7802278336608236	([79, 20], [79, 38, 26])
1	0.7620748451585141	0.7802307204631421	([238, 182], [238, 209, 192])
1	0.7620482499869349	0.7804939297434876	([240, 161], [240, 223, 215])
1	0.7584104540039597	0.780536374432664	([221, 175], [221, 216, 175])
1	0.7164959801341819	0.7806165424908332	([177, 136], [177, 150, 143])
1	0.7197537938681422	0.7807022765951546	([82, 7], [82, 25, 21])
1	0.7419536561302129	0.7808883970613661	([293, 216], [293, 252, 231])
1	0.7471137305333108	0.7809778057660125	([200, 36], [200, 83, 47])
1	0.7594015740355939	0.78107093796951	([144, 90], [144, 90, 78])
1	0.7281662368781578	0.7812443679454356	([297, 251], [295, 292, 242])
1	0.7778334730702143	0.7820803891195931	([112, 39], [112, 61, 44])
1	0.7489419241792938	0.7820929883567314	([361, 227], [361, 336, 335])
1	0.7595173255571559	0.7823516487193418	([142, 39], [142, 47, 39])
1	0.780359573894721	0.7825568711500855	([342, 307], [342, 323, 322])
1	0.7755115910219059	0.7828754450549174	([169, 78], [169, 151, 78])
1	0.7702584612714662	0.7829884286858412	([376, 354], [376, 369, 359])
1	0.7098688737549066	0.7833298824032724	([52, 1], [52, 47, 1])
1	0.7202483516108752	0.7833298824032724	([62, 5], [76, 47, 1])
1	0.7694542084189846	0.7834606850078234	([386, 344], [388, 386, 367])
1	0.7434609197227785	0.783540454574735	([147, 79], [186, 176, 79])
1	0.7508193105474019	0.7835829416898112	([77, 37], [77, 45, 37])
1	0.7790915225075485	0.7841896635174873	([194, 31], [178, 165, 31])
1	0.7604482994935324	0.7842156863501214	([237, 157], [237, 206, 157])
1	0.7625323468144363	0.7843370678349786	([222, 78], [224, 207, 196])
1	0.7073098977482644	0.7844062806814793	([143, 46], [143, 46, 41])
1	0.762876268347148	0.7845451345463417	([298, 220], [319, 298, 220])
1	0.770160335915867	0.7846910764712967	([328, 288], [341, 328, 288])
1	0.6996819728852619	0.784835289250471	([215, 108], [216, 166, 136])
1	0.7375349426604731	0.7848733978566401	([341, 189], [312, 311, 189])
1	0.7710973962650347	0.7849692404433952	([340, 191], [327, 191, 186])
1	0.7166751585598103	0.7849834392922556	([145, 103], [145, 142, 81])
1	0.7297310051503714	0.7855660881466981	([152, 38], [145, 143, 38])
1	0.7678702041667694	0.7856013471652749	([288, 249], [290, 288, 249])
1	0.7733763981685704	0.7858256323602034	([248, 94], [248, 222, 78])
1	0.7819844964992071	0.7859039661848536	([165, 14], [165, 31, 16])
1	0.7078281469897927	0.7859498554433486	([144, 26], [141, 140, 78])
1	0.7014104760873336	0.7859956797572653	([290, 189], [290, 252, 249])
1	0.7643020014692669	0.7860623251793777	([373, 331], [373, 367, 331])
1	0.7859903912181594	0.7862278666522582	([406, 365], [406, 392, 365])
1	0.7696382304763115	0.7862696841249414	([378, 330], [378, 330, 317])
1	0.7833480631343194	0.7865783941565513	([212, 143], [212, 194, 143])
1	0.7408432212830361	0.7866889532971026	([367, 332], [367, 366, 331])
1	0.7865138268484465	0.786783475063584	([312, 204], [312, 210, 204])
1	0.7452667808199067	0.7870124217556288	([101, 16], [101, 91, 81])
1	0.7825625238236754	0.7873285589861678	([286, 231], [286, 254, 248])
1	0.7717604663032718	0.7874357794481743	([306, 286], [306, 295, 294])
1	0.786216016719862	0.787670135132033	([329, 286], [329, 327, 286])
1	0.7706405110223868	0.7877128735974093	([291, 223], [293, 291, 215])
1	0.7599844019953582	0.787776813316328	([400, 225], [402, 400, 225])
1	0.6761605178985697	0.7880439615018365	([412, 231], [412, 375, 374])
1	0.7444335420189744	0.7881610781703521	([409, 203], [409, 221, 203])
1	0.7859865751563408	0.7882165206324293	([404, 368], [404, 397, 368])
1	0.720817737283694	0.7882368203022949	([153, 80], [158, 153, 144])
1	0.7669463756397303	0.7883202835973162	([252, 144], [252, 144, 78])
1	0.7612291767422652	0.7883202835973162	([196, 94], [252, 222, 78])
1	0.7698036237848841	0.7885249487611664	([337, 204], [337, 303, 300])
1	0.7369369345249556	0.7886136266627434	([343, 181], [343, 335, 329])
1	0.7601540376432513	0.7886904642239942	([393, 223], [412, 393, 223])
1	0.777641788280483	0.7888624709812732	([143, 4], [178, 143, 95])
1	0.6653829839684979	0.7888624709812732	([143, 95], [178, 148, 143])
1	0.7886713748502718	0.7889344646784898	([241, 200], [241, 226, 212])
1	0.7861459929930239	0.7891634012595827	([325, 78], [325, 305, 78])
1	0.7837025645290349	0.7892025485365924	([259, 189], [259, 256, 254])
1	0.7812839478548852	0.7892107869316751	([388, 164], [393, 388, 169])
1	0.7781360102358417	0.7892876086580003	([201, 14], [209, 201, 22])
1	0.7779311177174756	0.789339797994498	([411, 8], [411, 399, 191])
1	0.7699263023944891	0.789476879508562	([58, 28], [58, 46, 28])
1	0.7386383488714746	0.789633416321846	([253, 153], [253, 186, 153])
1	0.7681381176175309	0.7898028956275996	([291, 83], [291, 215, 188])
1	0.7897019370661447	0.7899484053599841	([382, 207], [391, 382, 213])
1	0.7232571065622398	0.7899506390275267	([312, 177], [312, 189, 185])
1	0.7870652339625418	0.7900038746540176	([175, 45], [175, 153, 80])
1	0.7388337202825855	0.790084512128644	([171, 77], [171, 164, 77])
1	0.7588220497402635	0.7903165824133689	([399, 366], [409, 399, 366])
1	0.7816132528501862	0.7904657291068025	([374, 17], [374, 78, 24])
1	0.7801724340300952	0.7904657291068025	([374, 215], [374, 215, 24])
1	0.7888469767783368	0.7905089116615223	([88, 5], [153, 88, 5])
1	0.7643723939665175	0.7905726564897265	([153, 101], [153, 101, 81])
1	0.7761000404424886	0.7905726564897265	([174, 81], [174, 153, 81])
1	0.7717301819695589	0.7906411333385793	([178, 4], [143, 18, 8])
1	0.7695322842329956	0.7907404623675478	([341, 291], [328, 302, 288])
1	0.7893218189521183	0.7909376097652456	([379, 297], [379, 340, 297])
1	0.6830200209484872	0.7910138813451868	([313, 95], [291, 215, 214])
1	0.7733393810787602	0.7911089129092989	([215, 24], [223, 215, 24])
1	0.7658263138749253	0.7911614399180215	([394, 199], [394, 199, 192])
1	0.7710071805246337	0.7912623916553695	([249, 141], [249, 141, 103])
1	0.7795267879239275	0.7913018469827782	([158, 105], [158, 136, 135])
1	0.7874523959620416	0.7914690037449204	([286, 140], [286, 248, 247])
1	0.7176843463624536	0.7914821650059886	([181, 59], [181, 59, 16])
1	0.720184969323066	0.7917301452135368	([158, 112], [158, 112, 105])
1	0.7823166236666121	0.7919580849619471	([154, 82], [154, 95, 79])
1	0.7719074844894943	0.7921226189493014	([393, 159], [393, 229, 223])
1	0.7595440428896767	0.7923780464433016	([378, 312], [378, 374, 334])
1	0.7400237358935821	0.7924260033534938	([393, 335], [393, 375, 374])
1	0.7490956064116103	0.7924816460633313	([297, 237], [297, 281, 278])
1	0.7743257980042542	0.7925642717872193	([391, 78], [374, 231, 220])
1	0.7513547660182928	0.7926207108627854	([412, 244], [406, 379, 244])
1	0.7182329464827926	0.7926587741045052	([191, 47], [191, 50, 0])
1	0.6097964133619541	0.7927255715193726	([211, 92], [197, 143, 141])
1	0.7700923812159826	0.7929489930629958	([292, 228], [292, 248, 228])
1	0.7252054728346685	0.7930687833384985	([165, 53], [198, 194, 31])
1	0.7919896590141913	0.793212033344781	([250, 138], [250, 145, 138])
1	0.7794866004955178	0.7934487672482329	([395, 340], [395, 382, 340])
1	0.7870437837509484	0.7936268535634733	([69, 33], [69, 46, 45])
1	0.7914469679215801	0.793885458658103	([413, 226], [413, 226, 169])
1	0.7851338642820981	0.7939615786997682	([399, 215], [399, 215, 201])
1	0.763433333070375	0.7939615786997682	([209, 22], [399, 237, 201])
1	0.7281561561514239	0.7939615786997682	([408, 194], [408, 399, 201])
1	0.7243165647272345	0.7940362606621612	([191, 101], [191, 101, 50])
1	0.7364946459469727	0.7941414408786194	([87, 15], [104, 96, 15])
1	0.7866371544237559	0.7941664767356069	([175, 138], [179, 175, 141])
1	0.774353133829679	0.7943986487772351	([321, 185], [321, 312, 302])
1	0.7901687477988534	0.7945085668308123	([360, 288], [360, 341, 337])
1	0.7415153455630322	0.7945466962886273	([409, 224], [409, 401, 224])
1	0.7920736979061227	0.7947592129959976	([162, 42], [162, 143, 42])
1	0.7107131759460946	0.7948102360639044	([376, 327], [392, 376, 372])
1	0.7774048738981475	0.79484495996808	([216, 40], [226, 213, 198])
1	0.7844425545990973	0.795198893620881	([136, 31], [136, 103, 101])
1	0.765302371877743	0.7952935894446265	([239, 95], [239, 216, 191])
1	0.7429515978753041	0.7954699513358441	([400, 166], [400, 393, 166])
1	0.7809696504934518	0.7955210877941238	([383, 29], [414, 404, 389])
1	0.7108868167623899	0.7957823441780384	([178, 108], [254, 189, 178])
1	0.6821837200245805	0.7958343097045153	([247, 108], [215, 203, 108])
1	0.7472045637586286	0.7959008335085412	([205, 26], [205, 198, 25])
1	0.773777989026954	0.795924958090534	([150, 40], [216, 166, 40])
1	0.7585880384838892	0.7959452707639896	([281, 52], [281, 261, 52])
1	0.7895514940751268	0.7959586014589995	([276, 224], [276, 248, 224])
1	0.7812224386057584	0.7960957633289754	([247, 140], [286, 248, 78])
1	0.727395128084528	0.7961797197988152	([399, 191], [399, 191, 16])
1	0.7279223989448859	0.7962018465628312	([336, 227], [384, 372, 364])
1	0.7455748187332497	0.7964026478410821	([221, 35], [227, 221, 35])
1	0.7481527651986906	0.7964269672903682	([250, 145], [210, 159, 156])
1	0.7474227303468642	0.7964768979630931	([379, 253], [412, 252, 244])
1	0.7617755468832196	0.7964932524108336	([255, 143], [255, 242, 143])
1	0.7423106942272608	0.7965242961426025	([319, 95], [319, 293, 289])
1	0.7161157384443961	0.7965716154167545	([191, 8], [197, 191, 101])
1	0.7536588347168747	0.796708430443753	([334, 289], [334, 322, 289])
1	0.7612724897068772	0.7967312038908984	([338, 224], [335, 332, 224])
1	0.7876770275045775	0.7968319946723181	([313, 78], [315, 313, 78])
1	0.782021443753773	0.7968319946723181	([374, 315], [374, 315, 78])
1	0.7557359740314457	0.7970589925385932	([137, 88], [137, 88, 84])
1	0.7399159091477273	0.7970612855999053	([381, 339], [382, 377, 339])
1	0.7682750761903177	0.797340505655968	([256, 138], [279, 259, 135])
1	0.7901133062701075	0.7973570372660109	([317, 222], [306, 304, 222])
1	0.7852297166722599	0.7974296744020274	([256, 58], [261, 256, 58])
1	0.7944501544419907	0.7974598861721266	([375, 238], [375, 238, 226])
1	0.7322427043356712	0.7977058685313053	([231, 135], [286, 279, 231])
1	0.7869990488132329	0.7979473262353262	([55, 14], [55, 47, 22])
1	0.7216953811170489	0.7981321629957148	([329, 181], [340, 191, 0])
1	0.7782931086286293	0.7981582080989376	([371, 329], [371, 359, 329])
1	0.7453570833265163	0.7982048545077894	([317, 205], [317, 222, 205])
1	0.6843999733462182	0.7984136301137039	([399, 16], [414, 223, 0])
1	0.7680382936125772	0.7984201813992072	([350, 316], [368, 365, 316])
1	0.7565097757421554	0.7984263872658649	([163, 109], [163, 140, 137])
1	0.7938444864125919	0.7986001475068122	([196, 105], [196, 105, 89])
1	0.7608506863093177	0.7986169030375254	([277, 205], [317, 277, 255])
1	0.7774964884515009	0.7986169030375254	([325, 280], [325, 317, 277])
1	0.7570354503215544	0.7986398917311358	([390, 318], [390, 378, 312])
1	0.7948479854487877	0.7989321588715244	([380, 144], [380, 219, 212])
1	0.7936211927194363	0.7989321588715244	([383, 219], [383, 380, 219])
1	0.7508827087025997	0.7989896686675471	([286, 195], [286, 195, 140])
1	0.7517599106204716	0.7990841574380175	([375, 214], [387, 376, 375])
1	0.7977145873073755	0.7991197533781307	([153, 30], [153, 45, 30])
1	0.7153677994136806	0.7991197533781307	([153, 14], [153, 48, 45])
1	0.791892226879801	0.7992601821184998	([80, 0], [86, 80, 0])
1	0.7488950974373821	0.799299032821685	([388, 367], [388, 374, 373])
1	0.7671755301514628	0.7994668336374443	([296, 244], [296, 244, 202])
1	0.7775922434219823	0.7996233128610292	([113, 75], [113, 75, 61])
1	0.7784323589084374	0.7996356323975035	([413, 164], [413, 400, 226])
1	0.7884652795923093	0.7997593220511929	([380, 212], [380, 336, 312])
1	0.7620321689680196	0.7998881559021488	([331, 98], [331, 328, 103])
1	0.7515492550482535	0.80010647224432	([105, 12], [105, 30, 0])
1	0.7822873023718279	0.80010647224432	([136, 6], [136, 105, 0])
1	0.7972840205901803	0.8006595623664543	([375, 0], [375, 87, 0])
1	0.7205147838056897	0.800931053207669	([233, 0], [233, 230, 0])
1	0.7593219162176555	0.8009325344297605	([237, 172], [237, 226, 172])
1	0.736009608833007	0.8009535118988262	([386, 322], [386, 344, 341])
1	0.7761333257027324	0.8010433697105787	([316, 245], [316, 311, 245])
1	0.7974593390156859	0.8010665019762401	([61, 20], [79, 61, 44])
1	0.7821136402359004	0.8013317029230508	([358, 313], [367, 330, 312])
1	0.7817157259180193	0.8013689428570384	([335, 285], [335, 301, 285])
1	0.7274435903338196	0.8014514305149604	([384, 227], [336, 319, 227])
1	0.7891639749837881	0.8015150634726509	([312, 234], [385, 312, 234])
1	0.7662084479987704	0.801522452937904	([317, 237], [317, 311, 237])
1	0.7927152411280359	0.8016118837369617	([304, 268], [304, 302, 268])
1	0.7669859840176247	0.8018164864256943	([242, 62], [242, 151, 62])
1	0.7954548332818268	0.8018419708120064	([334, 257], [334, 306, 257])
1	0.7978312187315356	0.8019958450646627	([195, 77], [213, 77, 61])
1	0.7986135417400113	0.80229171816861	([372, 167], [386, 372, 167])
1	0.7939541507171601	0.8024546212809718	([321, 228], [384, 336, 321])
1	0.798404271117722	0.8024546212809718	([403, 329], [403, 384, 321])
1	0.77739162673956	0.8025233435672781	([163, 3], [394, 169, 163])
1	0.6473149274535521	0.8025233435672781	([169, 102], [394, 231, 169])
1	0.7737527732254813	0.8025449552923083	([233, 142], [233, 209, 142])
1	0.7940448956334738	0.8025619353196174	([213, 61], [242, 213, 77])
1	0.7863268640384653	0.8026379276230122	([336, 266], [336, 301, 294])
1	0.7818794013759992	0.8027520992246957	([368, 298], [368, 319, 316])
1	0.7683524772740291	0.8029079691231424	([223, 15], [223, 38, 15])
1	0.7887579590644515	0.8029275272614335	([374, 245], [374, 248, 245])
1	0.7848302083064624	0.8029275272614335	([368, 248], [374, 368, 248])
1	0.7855665926350957	0.803019968493829	([242, 91], [242, 145, 143])
1	0.7931209190884849	0.8032517207110059	([339, 277], [339, 299, 277])
1	0.6646271329979282	0.8032816823624426	([231, 34], [198, 153, 37])
1	0.7717907839198097	0.8032999922309614	([343, 309], [343, 336, 293])
1	0.7503945887188517	0.8034217141953373	([322, 184], [322, 245, 227])
1	0.7958215752865562	0.8034375983062465	([374, 143], [406, 384, 143])
1	0.8000206250274255	0.803440229174548	([185, 107], [185, 107, 79])
1	0.7448930900142565	0.8034783444515897	([226, 104], [150, 40, 24])
1	0.7964891634612493	0.803554795711318	([149, 85], [149, 142, 85])
1	0.7863755851932804	0.8037326067782264	([373, 249], [379, 373, 249])
1	0.7870668840702233	0.8038199619132704	([392, 4], [392, 324, 4])
1	0.7669643913728368	0.8038237346639191	([375, 87], [414, 389, 0])
1	0.7549107826735659	0.8038370516157738	([205, 3], [205, 25, 14])
1	0.7008021546902728	0.8038370516157738	([237, 16], [205, 201, 14])
1	0.7803754243212822	0.8038608897858845	([382, 188], [396, 382, 153])
1	0.7950336120102527	0.8039304052914772	([391, 230], [391, 380, 230])
1	0.7411398929941809	0.8039332009277642	([412, 95], [378, 312, 216])
1	0.7793681048499378	0.8040122094044718	([283, 194], [283, 252, 222])
1	0.8039203334722753	0.8041589597457118	([207, 72], [213, 207, 72])
1	0.7912463634333808	0.8043418023724109	([163, 61], [163, 137, 61])
1	0.7880316955858426	0.8044549461574401	([145, 29], [145, 96, 29])
1	0.795638922655983	0.8045346169782868	([182, 29], [182, 32, 29])
1	0.7573548925368703	0.8046915569701104	([403, 213], [409, 403, 208])
1	0.7239845208224602	0.804896200811036	([227, 37], [227, 218, 48])
1	0.7800354720304761	0.8049988578396255	([375, 292], [390, 375, 284])
1	0.7597992664672594	0.805082935959032	([177, 34], [177, 171, 34])
1	0.7820522162114094	0.8051084570528418	([323, 223], [323, 314, 223])
1	0.7829453616747719	0.8051303703674066	([192, 63], [209, 142, 63])
1	0.7781650401659008	0.8052556173781573	([290, 110], [290, 249, 103])
1	0.7095298705928935	0.805261194877097	([259, 135], [196, 189, 135])
1	0.7835442240974935	0.8052660667375308	([336, 212], [380, 374, 198])
1	0.7797498858428286	0.8056190510167736	([205, 75], [205, 75, 23])
1	0.777843101046109	0.8056190510167736	([228, 23], [228, 205, 23])
1	0.8040695124179111	0.8056523659351545	([305, 238], [375, 305, 292])
1	0.7592220974808822	0.8056523659351545	([390, 284], [375, 325, 305])
1	0.8024648804204795	0.8057930554787515	([401, 167], [401, 386, 374])
1	0.6108696046841641	0.8059134457751596	([92, 8], [94, 34, 24])
1	0.6327006892460394	0.8059186529844731	([340, 102], [394, 393, 210])
1	0.7817730558967746	0.8060875541025811	([220, 21], [368, 248, 220])
1	0.7909716380366617	0.8061977095005605	([414, 357], [414, 393, 367])
1	0.777812370265424	0.8062915915598906	([383, 5], [384, 382, 153])
1	0.7943387354834152	0.8065212509509313	([384, 143], [384, 153, 143])
1	0.8000680475388897	0.806558070397841	([310, 178], [310, 307, 178])
1	0.7408433885438962	0.8065937614889362	([289, 208], [289, 250, 246])
1	0.8007499327616717	0.8065937614889362	([341, 250], [338, 289, 250])
1	0.7956372809972866	0.8065995585450921	([182, 12], [189, 12, 6])
1	0.7872999695643141	0.8065995585450921	([167, 6], [189, 167, 6])
1	0.7725813933412443	0.8066823495988016	([302, 233], [302, 291, 241])
1	0.778312890424088	0.8067486654712526	([230, 152], [230, 223, 142])
1	0.804853690536114	0.8068450028737626	([296, 101], [296, 250, 244])
1	0.7657557442900483	0.8068486240877936	([271, 133], [275, 271, 133])
1	0.7998360771238109	0.806868337316807	([408, 4], [408, 26, 14])
1	0.7971699706128251	0.806868337316807	([408, 26], [408, 201, 14])
1	0.7858680232126712	0.806868337316807	([341, 14], [408, 341, 14])
1	0.7812320040301916	0.8069145212801683	([377, 25], [408, 377, 6])
1	0.8032193006824401	0.8069899804520922	([250, 101], [249, 243, 101])
1	0.8002244402425782	0.8070645067251114	([311, 148], [311, 238, 237])
1	0.7900616088854076	0.807191410543038	([411, 294], [376, 313, 308])
1	0.779488199057705	0.8073481931142334	([228, 84], [230, 137, 84])
1	0.7748362231787438	0.8073482792682443	([406, 233], [406, 385, 373])
1	0.7716127043642151	0.807353401933365	([380, 298], [380, 298, 294])
1	0.7618627160146061	0.807353401933365	([370, 290], [380, 336, 294])
1	0.789715644623955	0.8074212861691733	([316, 264], [316, 304, 260])
1	0.7906143514034263	0.8074345494353804	([397, 99], [397, 99, 90])
1	0.7561665759442296	0.8075193054517115	([277, 178], [277, 205, 178])
1	0.8009122232823171	0.8075432132441575	([409, 24], [409, 384, 22])
1	0.7281370500408936	0.80761471701578	([189, 1], [158, 155, 29])
1	0.8035965381507945	0.8076411508684602	([168, 86], [168, 86, 52])
1	0.7799528738476105	0.8079605586763713	([206, 85], [221, 196, 94])
1	0.7855218653690867	0.8080206900389115	([100, 4], [143, 99, 4])
1	0.7935187100635099	0.8080532863051348	([388, 22], [409, 375, 0])
1	0.8036719123883121	0.8080571976386848	([390, 220], [390, 374, 369])
1	0.7318949499404841	0.8081931189957621	([366, 240], [366, 365, 244])
1	0.7828150050023767	0.8083186786794491	([236, 28], [236, 94, 34])
1	0.7644479335052939	0.8083687983749176	([412, 332], [412, 379, 333])
1	0.800773129241143	0.8084517665230585	([212, 15], [223, 221, 15])
1	0.770617402901535	0.8086016265650516	([260, 108], [260, 136, 135])
1	0.8048170441556568	0.8086290263205348	([224, 2], [224, 213, 2])
1	0.8027291377095404	0.8086370393360035	([407, 23], [408, 407, 23])
1	0.7786413288737716	0.8086403955361232	([312, 31], [312, 189, 31])
1	0.7676736520118314	0.8087060930360711	([320, 144], [318, 246, 145])
1	0.7454251140529115	0.8087156513694186	([349, 311], [349, 341, 311])
1	0.7986472882799152	0.8087926224699316	([375, 101], [375, 370, 101])
1	0.7778448452904028	0.8089066859892786	([245, 6], [245, 189, 153])
1	0.8084978470590503	0.8089114576994421	([384, 309], [384, 336, 309])
1	0.8027359836244333	0.8089848509221197	([331, 175], [331, 321, 291])
1	0.80120111031379	0.8094676414324012	([349, 257], [349, 342, 257])
1	0.7881996319199865	0.8095624045136087	([294, 171], [294, 286, 140])
1	0.8062819366488606	0.8095684254917834	([408, 214], [408, 319, 316])
1	0.7951474895321519	0.8095684254917834	([415, 319], [415, 408, 319])
1	0.759432495285451	0.8097152380593472	([382, 311], [372, 371, 311])
1	0.7962663640272234	0.8097211263402386	([295, 144], [399, 254, 137])
1	0.802888918421209	0.8099183963704213	([254, 51], [256, 254, 51])
1	0.7719958323118459	0.8101197205121916	([306, 199], [306, 297, 251])
1	0.8064191136123595	0.8102763459359983	([411, 31], [411, 38, 37])
1	0.6017018034908629	0.8104981507724833	([192, 102], [157, 141, 139])
1	0.5923902027405279	0.8105418235300812	([141, 92], [197, 155, 146])
1	0.8039871519497511	0.8105420850480543	([369, 225], [369, 337, 226])
1	0.8026753212246668	0.8105420850480543	([337, 229], [375, 369, 226])
1	0.807190404377884	0.8105712040968633	([408, 147], [408, 147, 26])
1	0.5844115924241107	0.810753387115059	([155, 92], [378, 232, 103])
1	0.7123986260371891	0.8107843337444902	([324, 205], [324, 205, 14])
1	0.7742270374123242	0.8108453313588978	([263, 233], [263, 262, 233])
1	0.7823269353897994	0.8109711859389108	([408, 317], [408, 391, 316])
1	0.7684202447394889	0.8110270031628986	([403, 137], [320, 295, 293])
1	0.7721450138665964	0.8110918735160508	([320, 83], [320, 291, 283])
1	0.8108846110959806	0.8112130336295091	([159, 21], [159, 158, 21])
1	0.7715119945720169	0.8112296571172458	([319, 78], [305, 291, 290])
1	0.7659451117036558	0.8116508469229222	([410, 240], [410, 407, 240])
1	0.804496520604142	0.8118010920099253	([404, 107], [407, 404, 107])
1	0.7919774617304348	0.8119177719562924	([348, 305], [348, 337, 305])
1	0.7953043124222564	0.812285582477192	([215, 2], [242, 213, 2])
1	0.8088187098050114	0.812347350726402	([309, 175], [312, 309, 185])
1	0.8086954288996221	0.8123733314803142	([278, 216], [293, 280, 216])
1	0.7570907738675396	0.8126548630072445	([328, 103], [331, 320, 291])
1	0.7514948729016574	0.8128912209984589	([145, 5], [153, 145, 81])
1	0.811528982466493	0.8129389796958933	([224, 96], [224, 196, 96])
1	0.8087731661051675	0.8129455534975262	([393, 307], [393, 307, 229])
1	0.8077563615004459	0.8130299279065569	([272, 109], [272, 261, 109])
1	0.7343674560899536	0.8130305230356035	([310, 263], [303, 280, 263])
1	0.7745105215822385	0.8131784379118543	([177, 44], [177, 44, 34])
1	0.7781126823436793	0.8131784379118543	([217, 44], [217, 44, 34])
1	0.7795289442329795	0.8132875608915849	([375, 206], [375, 214, 206])
1	0.7956629356470604	0.8133054275816498	([362, 310], [362, 310, 294])
1	0.7931680051700469	0.8135115424648653	([341, 36], [341, 189, 36])
1	0.8011847734010806	0.8135315633237481	([346, 182], [346, 339, 182])
1	0.7513160706928105	0.8137581657193707	([240, 107], [407, 192, 185])
1	0.7739586377186504	0.8142578262276363	([138, 3], [138, 11, 4])
1	0.7505270359455578	0.8142578262276363	([138, 11], [138, 100, 4])
1	0.7856391139513359	0.8143196082246882	([369, 314], [369, 335, 329])
1	0.7586706440320626	0.8144584661733373	([282, 234], [286, 282, 234])
1	0.8143518744091992	0.8145004951752938	([373, 159], [373, 179, 159])
1	0.79225627510992	0.8145262608734983	([184, 105], [184, 158, 144])
1	0.8025206872276461	0.8146411897830226	([289, 156], [289, 252, 139])
1	0.5772290574799287	0.8147420878830265	([191, 188], [271, 262, 133])
1	0.7589976036737227	0.8147909611250229	([168, 30], [168, 150, 86])
1	0.7965266426703349	0.814919302047268	([340, 280], [361, 340, 335])
1	0.7556003996360238	0.8149625194153002	([315, 149], [314, 220, 153])
1	0.7490841782645974	0.8151907492707281	([287, 50], [295, 287, 108])
1	0.8111032135461331	0.815234569366601	([324, 147], [299, 170, 147])
1	0.7541800805793927	0.8153354560986347	([400, 39], [411, 37, 0])
1	0.8134420187745901	0.8154265160724391	([371, 252], [409, 371, 364])
1	0.7579472744302367	0.8158546415087438	([196, 149], [196, 179, 149])
1	0.7865806521002184	0.8159503945199943	([379, 194], [408, 379, 376])
1	0.8102589238073469	0.815991832248621	([367, 276], [367, 312, 289])
1	0.7416063910980288	0.8163729035378484	([333, 153], [396, 332, 153])
1	0.7453895048929151	0.8164589263839503	([362, 294], [362, 341, 331])
1	0.5655027614818718	0.8172472829128611	([134, 133], [164, 92, 91])
1	0.7875853333667108	0.817248036080428	([301, 162], [324, 301, 162])
1	0.7837762333745659	0.8172533246102825	([345, 304], [345, 338, 304])
1	0.8034081090995974	0.8174519351920786	([263, 134], [263, 259, 135])
1	0.7907852359986086	0.8175546169555341	([161, 11], [161, 94, 34])
1	0.7878363144359979	0.8175691702015434	([307, 191], [307, 215, 178])
1	0.8053342519078137	0.8177356813642077	([235, 10], [235, 231, 19])
1	0.8085164557299185	0.8177365222406133	([324, 97], [324, 147, 97])
1	0.7478591515475403	0.8179341909736876	([324, 243], [324, 244, 243])
1	0.8172637393367941	0.8181414582932971	([186, 46], [186, 176, 46])
1	0.7737351699250445	0.8181542639547099	([174, 18], [207, 201, 18])
1	0.7380367414521619	0.8182057915520181	([156, 20], [156, 145, 96])
1	0.7935398958706262	0.8182226835494804	([317, 35], [317, 227, 222])
1	0.8168976956593639	0.818887022915899	([414, 170], [414, 413, 170])
1	0.7922693581978784	0.8188997574598795	([278, 182], [278, 221, 216])
1	0.8128588762289232	0.8189824300128903	([192, 97], [192, 154, 97])
1	0.8093722131773968	0.8190406798956822	([189, 106], [189, 106, 105])
1	0.727255198077595	0.8190624046452197	([343, 237], [343, 241, 237])
1	0.81030489452948	0.8191294824114401	([247, 173], [333, 322, 247])
1	0.7578043955204853	0.8193085829853453	([368, 16], [220, 186, 36])
1	0.7921694291798249	0.8194757462942567	([406, 200], [412, 406, 200])
1	0.8188126604489503	0.8195013281141671	([174, 104], [174, 161, 104])
1	0.7526918469922885	0.8195073413455605	([219, 79], [219, 158, 144])
1	0.7856681284739991	0.8195461335011001	([376, 209], [376, 375, 214])
1	0.8098378170211349	0.8195585900623281	([285, 230], [285, 239, 230])
1	0.7430159572559234	0.8196489708126111	([383, 186], [383, 186, 179])
1	0.7720652924610889	0.8197341271702211	([408, 341], [408, 385, 375])
1	0.7811556414810974	0.819958166719967	([413, 138], [413, 164, 138])
1	0.7876556043970783	0.8200486315000693	([193, 23], [193, 91, 23])
1	0.8191407590525398	0.8201542923294536	([244, 25], [244, 238, 25])
1	0.80282625202399	0.8202096734575685	([396, 141], [396, 155, 153])
1	0.7813217872152	0.8202140757744906	([402, 33], [414, 402, 33])
1	0.8144446870702021	0.820571395171001	([410, 304], [410, 304, 300])
1	0.768715561309561	0.8207821409409397	([191, 28], [191, 186, 28])
1	0.8184158452670942	0.8209024855738265	([251, 26], [251, 246, 26])
1	0.7923607982092651	0.821079141768434	([386, 154], [401, 224, 189])
1	0.807649595914215	0.8211145021551021	([395, 174], [395, 199, 153])
1	0.8027667162658231	0.8211145021551021	([395, 245], [395, 245, 153])
1	0.7696666024831101	0.8211358551088106	([385, 233], [312, 300, 234])
1	0.6044845286420802	0.8214987733946388	([235, 102], [380, 235, 212])
1	0.769368914521626	0.8216021927539005	([285, 8], [285, 95, 94])
1	0.7948343635565397	0.8216773228600024	([321, 194], [321, 228, 194])
1	0.8018215293699325	0.8216829504970512	([359, 235], [359, 339, 235])
1	0.81366078817905	0.8218748596008189	([257, 169], [257, 243, 238])
1	0.7813853684678581	0.821899027508089	([170, 22], [191, 170, 47])
1	0.7815113769245638	0.8219462473521834	([241, 18], [242, 241, 18])
1	0.7571043928106949	0.8220172598848255	([278, 153], [278, 182, 175])
1	0.8024884360521505	0.8220580975855599	([326, 7], [326, 245, 7])
1	0.7972871988509369	0.8220947481940607	([385, 161], [385, 300, 234])
1	0.816092840601327	0.8222377973778586	([173, 15], [247, 173, 15])
1	0.7532954895176166	0.8223739478047511	([391, 8], [410, 391, 18])
1	0.8207499656657926	0.8224761874584093	([391, 177], [391, 177, 10])
1	0.7967713545025307	0.8224799448103269	([149, 22], [149, 136, 4])
1	0.7584472515818054	0.8226974420978456	([155, 43], [195, 194, 43])
1	0.8179306384403245	0.8229264775142872	([383, 152], [383, 380, 152])
1	0.8170659962207237	0.8231213191273443	([335, 135], [335, 224, 189])
1	0.7983276220539753	0.8232159208470602	([201, 88], [218, 201, 192])
1	0.8091700513939698	0.8233017273837584	([402, 354], [402, 398, 354])
1	0.7940975454403526	0.8233218932750879	([381, 355], [403, 381, 355])
1	0.797192286481786	0.8235096655215244	([372, 149], [372, 324, 4])
1	0.7980683470858031	0.8235989415213413	([304, 99], [304, 153, 148])
1	0.787642951904623	0.8237180364850779	([346, 279], [346, 301, 283])
1	0.7586270136924577	0.8238594717191174	([299, 18], [299, 242, 221])
1	0.7934770390943444	0.8239833392343133	([392, 217], [392, 391, 217])
1	0.7892720171514918	0.8240915445786123	([313, 171], [313, 200, 189])
1	0.8217000099747533	0.8241920715669249	([162, 17], [162, 143, 17])
1	0.7950769743583844	0.8242713654245962	([202, 64], [202, 184, 97])
1	0.8079494878726321	0.8243393455516637	([358, 281], [358, 345, 281])
1	0.8136623012203438	0.8244199516723766	([334, 249], [334, 316, 301])
1	0.783891198175215	0.8244418752486484	([321, 159], [321, 235, 228])
1	0.8086596696500525	0.8244875679055332	([326, 165], [323, 195, 91])
1	0.8235291772837139	0.8247001559533744	([323, 141], [323, 314, 149])
1	0.8245875387798205	0.8248736484825021	([323, 210], [323, 229, 210])
1	0.8241814831843047	0.8249199488824728	([202, 10], [202, 197, 10])
1	0.8098047122301276	0.8251433430127515	([359, 177], [375, 359, 177])
1	0.8213087244517263	0.8252796125725355	([297, 10], [297, 237, 23])
1	0.8116407158252047	0.8253103744858485	([389, 351], [389, 374, 342])
1	0.8003196918976446	0.8255160527819111	([362, 78], [397, 368, 362])
1	0.8247309460731316	0.8257809964601381	([393, 41], [393, 215, 38])
1	0.8236258897700126	0.8261076119336312	([169, 97], [169, 147, 136])
1	0.7794198024404191	0.8263740244286577	([199, 98], [199, 98, 80])
1	0.7926755190596673	0.826493218903187	([337, 147], [337, 324, 295])
1	0.7765675101697793	0.8267717824060682	([206, 76], [206, 147, 76])
1	0.7996610417031033	0.8267717824060682	([337, 76], [337, 147, 76])
1	0.8080975090972292	0.8268247680702846	([235, 1], [235, 207, 1])
1	0.7739661235579527	0.8268347699895519	([312, 97], [312, 210, 97])
1	0.7660003644415793	0.8268404362976235	([368, 33], [384, 368, 33])
1	0.8143349893003548	0.8268980791060248	([206, 30], [206, 202, 30])
1	0.7980083308819138	0.826901661156342	([377, 251], [377, 374, 215])
1	0.8208239709566145	0.8270866040495625	([208, 5], [208, 189, 6])
1	0.8255662983712208	0.8270866040495625	([203, 6], [208, 203, 6])
1	0.8089914968223632	0.827147095128509	([292, 174], [292, 228, 174])
1	0.8168033699405256	0.8274466503889949	([385, 205], [386, 205, 176])
1	0.7978386396501486	0.8274883567635786	([405, 323], [405, 387, 323])
1	0.7829350371350026	0.8274992304079042	([309, 243], [309, 299, 243])
1	0.7605562323633439	0.8276646202003412	([233, 13], [233, 178, 13])
1	0.7938381028118973	0.8278363919241414	([337, 138], [337, 138, 76])
1	0.8260406667368096	0.827978256916924	([414, 322], [414, 413, 322])
1	0.8163654268929896	0.8281604117949478	([391, 158], [391, 373, 217])
1	0.820720403568057	0.8281877679978513	([376, 228], [376, 251, 228])
1	0.731289305760114	0.8282950905928202	([379, 37], [386, 222, 167])
1	0.8058866349834038	0.8282950905928202	([386, 243], [386, 243, 222])
1	0.826801299910136	0.8285747264843067	([403, 30], [403, 245, 30])
1	0.7763152619016643	0.8285774696464988	([376, 30], [383, 376, 30])
1	0.7897242587482787	0.8285861419727031	([237, 107], [237, 136, 107])
1	0.7532386260978968	0.8285861419727031	([297, 136], [297, 237, 136])
1	0.7990713504653603	0.8286191416145644	([377, 42], [377, 42, 6])
1	0.8223665951044691	0.8290802335766895	([210, 4], [210, 142, 4])
1	0.8046193316513096	0.8292324042418752	([381, 139], [381, 154, 139])
1	0.8215811848321412	0.8293807292064557	([376, 98], [376, 141, 98])
1	0.8215680137882522	0.8294618543047814	([324, 68], [324, 91, 88])
1	0.8159905924126962	0.8294800316194084	([343, 275], [343, 341, 287])
1	0.8240855645671773	0.8295901032193705	([297, 38], [297, 40, 38])
1	0.782482484197942	0.8296051751815868	([392, 67], [392, 324, 67])
1	0.7949834534293755	0.8299538404611623	([381, 85], [381, 85, 38])
1	0.8033424745178234	0.8299727420966165	([239, 53], [244, 239, 53])
1	0.7946404012120698	0.8300214147232446	([393, 69], [393, 82, 69])
1	0.8270821425459536	0.8300277762224266	([179, 65], [179, 139, 137])
1	0.8099804630700551	0.8306746911793518	([260, 161], [260, 255, 236])
1	0.7718689372688294	0.8306903234016055	([289, 63], [289, 177, 156])
1	0.8175630695219809	0.830713558779863	([319, 170], [327, 319, 170])
1	0.8117454699899519	0.8310613753097869	([408, 46], [408, 402, 46])
1	0.7926048988880748	0.8311943181179583	([332, 259], [332, 259, 224])
1	0.8303176798921256	0.8312327010950376	([365, 96], [395, 381, 96])
1	0.8040708646074702	0.8312703927033084	([284, 211], [284, 254, 211])
1	0.7904202499878397	0.8312744286468083	([302, 33], [302, 182, 29])
1	0.8246793693824123	0.8314173337378682	([360, 27], [360, 237, 27])
1	0.8014047137830332	0.831544400356873	([243, 19], [245, 243, 19])
1	0.8277701368847677	0.831556697373407	([354, 155], [354, 288, 155])
1	0.8014076132298815	0.8316284421254043	([375, 77], [375, 319, 214])
1	0.8118672686537722	0.8318569728479365	([355, 286], [355, 345, 296])
1	0.5209322096548825	0.8318818879205333	([58, 57], [265, 259, 57])
1	0.8276738419447062	0.832062222308734	([400, 211], [400, 218, 211])
1	0.7966481698706092	0.8320799550653106	([365, 3], [365, 302, 3])
1	0.7827125517017829	0.8324298427875203	([336, 10], [336, 297, 266])
1	0.772688324652007	0.8324419566763859	([381, 285], [381, 144, 70])
1	0.7891145783793118	0.8324999002556739	([317, 5], [317, 310, 5])
1	0.8098552625217927	0.8327708355581639	([311, 110], [319, 311, 110])
1	0.7243235927675494	0.832945881579168	([250, 79], [250, 101, 79])
1	0.8197508035312617	0.8330308028320071	([257, 105], [257, 138, 105])
1	0.7879404773623524	0.8333213289548091	([339, 97], [339, 318, 97])
1	0.8133697370031541	0.8333664227122233	([357, 299], [357, 339, 331])
1	0.7902039281893479	0.8334544324415264	([380, 21], [380, 79, 38])
1	0.7858789800929289	0.8334656368585129	([352, 262], [352, 345, 262])
1	0.7614890427741147	0.8335086752129823	([295, 201], [295, 217, 201])
1	0.8245678807799323	0.8335299858816683	([302, 152], [302, 182, 164])
1	0.8308182112730951	0.833542049177427	([237, 70], [237, 86, 80])
1	0.8202005160236703	0.8340202708897633	([334, 2], [342, 112, 2])
1	0.8149095005229213	0.8341606141309925	([378, 20], [414, 322, 20])
1	0.8120458719193684	0.8345091257265844	([390, 250], [390, 250, 222])
1	0.8136508350527798	0.8345220446423061	([294, 72], [293, 171, 72])
1	0.8113987791879558	0.834897337060806	([386, 72], [386, 98, 72])
1	0.8059872832549841	0.8349274930365284	([413, 94], [413, 94, 62])
1	0.8262455919250751	0.8349274930365284	([413, 106], [413, 106, 62])
1	0.77608769306175	0.8349317322547578	([313, 155], [313, 188, 155])
1	0.7806908813644268	0.8349474322764299	([406, 60], [406, 200, 60])
1	0.7614271005079377	0.8350180925769815	([414, 296], [414, 357, 296])
1	0.8311533112617067	0.8350593112184663	([371, 81], [386, 371, 35])
1	0.7655131767577458	0.8352337249005788	([331, 225], [331, 291, 214])
1	0.8092335014439505	0.8354289477402193	([397, 108], [397, 169, 3])
1	0.8081835790834256	0.8356833678282377	([308, 194], [308, 291, 194])
1	0.7870747418859544	0.8357671474387025	([360, 237], [360, 339, 237])
1	0.7965132943328372	0.8360787046897261	([284, 148], [284, 254, 148])
1	0.802355404680068	0.8361096728726979	([329, 246], [329, 286, 245])
1	0.8003839387660202	0.8361302629973903	([135, 7], [135, 58, 7])
1	0.8097167632403963	0.8361492260873785	([325, 142], [325, 228, 142])
1	0.8115768474950722	0.8367495130540232	([312, 84], [312, 205, 84])
1	0.7510737317028562	0.8368321518611328	([402, 79], [402, 110, 79])
1	0.7616397328314042	0.8370711481244221	([303, 16], [303, 299, 18])
1	0.7468917988983008	0.8375090362941869	([285, 70], [287, 285, 81])
1	0.8229875876601036	0.8375818780500004	([347, 251], [347, 340, 251])
1	0.7985568104290608	0.8375848657380313	([333, 39], [333, 317, 39])
1	0.675294523222328	0.8376102905043624	([132, 56], [132, 129, 113])
1	0.5614357620105169	0.8376102905043624	([164, 92], [134, 129, 113])
1	0.8358145843943852	0.8376737756385347	([295, 43], [295, 137, 43])
1	0.8044522376391233	0.8383824266540056	([364, 136], [364, 318, 212])
1	0.8321335046030547	0.8384021859408965	([373, 27], [374, 373, 27])
1	0.8383685870395057	0.8384691495863157	([267, 106], [270, 267, 112])
1	0.7338108737315705	0.8384691495863157	([270, 112], [284, 267, 112])
1	0.8212242585244298	0.8385164378068868	([356, 98], [371, 356, 98])
1	0.7925704408510961	0.8385233223164132	([345, 110], [384, 353, 110])
1	0.818673487998736	0.8387448650907005	([235, 110], [255, 235, 110])
1	0.8124642610854945	0.8387448650907005	([266, 110], [266, 255, 110])
1	0.8127551270646791	0.8391420218129071	([364, 243], [393, 364, 243])
1	0.5427489035712364	0.8395094391349169	([416, 332], [416, 414, 332])
1	0.8283469041975364	0.8396116823741837	([397, 283], [397, 368, 346])
1	0.8121840127700426	0.8397012817236857	([330, 79], [413, 330, 89])
1	0.8157188120301426	0.8397125063082028	([393, 277], [393, 291, 277])
1	0.8371661878980199	0.8399586627742394	([335, 43], [370, 335, 43])
1	0.8336308917407637	0.8399586627742394	([385, 43], [385, 370, 43])
1	0.8324902754643594	0.8401764841512914	([289, 35], [289, 63, 48])
1	0.8061975573626227	0.8402792750683916	([314, 62], [314, 149, 62])
1	0.816470886705866	0.8403551877791547	([350, 191], [350, 340, 329])
1	0.7802211381284954	0.8404500471737663	([333, 105], [333, 105, 41])
1	0.8401328673805527	0.8405612130362773	([245, 67], [245, 237, 67])
1	0.7878679883358461	0.8406718363767225	([295, 12], [295, 43, 36])
1	0.7992903414172117	0.8406955727384918	([256, 21], [380, 290, 21])
1	0.8201840152644244	0.8407207779858445	([349, 171], [404, 349, 278])
1	0.8387208071912293	0.8415571113854943	([329, 32], [329, 238, 208])
1	0.8022626376068142	0.8416431735965525	([311, 53], [311, 285, 53])
1	0.8198484812702059	0.841650581052297	([283, 61], [283, 260, 61])
1	0.7364415498868746	0.8417466368306546	([254, 71], [254, 147, 71])
1	0.8150802305072237	0.8417961607740472	([243, 135], [243, 135, 101])
1	0.5336988076260495	0.8420927168864359	([135, 134], [160, 126, 56])
1	0.8404412607467906	0.842190838182282	([388, 295], [388, 295, 141])
1	0.811796131083762	0.8423231709532497	([355, 170], [355, 205, 195])
1	0.8224907205814841	0.8423231709532497	([355, 203], [355, 205, 203])
1	0.8285419522124876	0.8423231709532497	([363, 205], [355, 345, 205])
1	0.7911230275429504	0.8425095599050678	([283, 105], [283, 205, 158])
1	0.8239140213965377	0.8425745296547628	([359, 85], [359, 339, 85])
1	0.8410155204276005	0.8429983783781193	([313, 46], [402, 313, 307])
1	0.8238955141047353	0.8432100929478022	([330, 155], [330, 178, 155])
1	0.810897371205794	0.8433516016201165	([351, 145], [351, 315, 91])
1	0.6808192194212253	0.844011116711184	([181, 16], [241, 238, 59])
1	0.8113428769347572	0.8446497947856095	([287, 204], [287, 204, 138])
1	0.8369782631308922	0.8448057108808735	([357, 249], [383, 357, 249])
1	0.8389371763694884	0.8449107550341712	([310, 30], [310, 210, 202])
1	0.8443754930572437	0.845043231671785	([342, 81], [342, 112, 81])
1	0.8451358186573684	0.8453715061197534	([386, 113], [386, 243, 113])
1	0.8445557434736478	0.8457176203050596	([363, 138], [363, 304, 138])
1	0.8008815447189757	0.8460680603708721	([330, 112], [415, 334, 2])
1	0.8432001632073821	0.8461279217552343	([348, 137], [348, 137, 55])
1	0.8341621692268979	0.8466606706588091	([170, 75], [170, 109, 75])
1	0.7995547200231231	0.8473676710274048	([378, 171], [414, 378, 171])
1	0.8475352109672134	0.8480609797508896	([364, 259], [364, 259, 255])
1	0.7786992943930089	0.8482219596701731	([330, 271], [330, 310, 262])
1	0.6536360407130841	0.8489813303027056	([314, 102], [380, 314, 144])
1	0.8388174442185521	0.8493954937014941	([267, 84], [267, 106, 77])
1	0.783975959022921	0.8493954937014941	([276, 107], [274, 267, 77])
1	0.8454044720064446	0.8494257376922052	([266, 168], [294, 266, 168])
1	0.8244067925002317	0.8496113347661546	([360, 175], [360, 299, 237])
1	0.8441183115537526	0.849646010912944	([327, 272], [327, 296, 272])
1	0.8408528603908088	0.8499095379709395	([387, 272], [387, 285, 272])
1	0.8355923547979628	0.8503860118598892	([301, 86], [364, 301, 86])
1	0.561019305497888	0.8509010749640457	([416, 220], [416, 411, 220])
1	0.8497167247431394	0.8509936179025672	([310, 69], [364, 310, 69])
1	0.7607770273333624	0.8512438568502253	([257, 61], [257, 61, 44])
1	0.8428168065696048	0.8513581463020227	([316, 17], [329, 316, 32])
1	0.8490271151336877	0.8514582686581303	([369, 70], [369, 354, 70])
1	0.8530056623122373	0.8537622822970715	([275, 215], [281, 275, 215])
1	0.8337861924342426	0.8538740856469821	([280, 60], [305, 280, 60])
1	0.8295063219514945	0.8541156331768887	([268, 72], [294, 268, 256])
1	0.8279699468461293	0.8542048874467497	([353, 40], [353, 108, 104])
1	0.8456694805893061	0.8542104586173753	([361, 7], [375, 361, 305])
1	0.8506647295618192	0.8552172377757693	([277, 7], [277, 104, 50])
1	0.8373989012213556	0.8566287983663528	([348, 55], [348, 293, 152])
1	0.8464517865892506	0.8571331338661609	([359, 158], [373, 359, 335])
1	0.8242162701233461	0.8580674324745637	([345, 62], [362, 345, 62])
1	0.8414957375183829	0.8584634272963984	([384, 270], [384, 343, 270])
1	0.84761561457231	0.8593662442147423	([355, 268], [365, 355, 268])
1	0.8614044065060129	0.8622872205808183	([413, 275], [413, 358, 275])
1	0.8432495007710253	0.8622872205808183	([358, 94], [413, 358, 338])
1	0.5700173303460375	0.8627961385955046	([133, 130], [133, 132, 130])
1	0.694575073081938	0.8627961385955046	([139, 132], [139, 133, 132])
1	0.6576033300053659	0.8631620900175923	([132, 103], [132, 103, 55])
1	0.5151984265652678	0.8638603606328513	([378, 232], [234, 232, 103])
1	0.8642090436329956	0.8646864452992807	([360, 61], [360, 78, 55])
1	0.8410576997395968	0.865005463368503	([344, 96], [344, 109, 52])
1	0.8292391600243725	0.8684596653167656	([266, 97], [266, 155, 97])
1	0.6227339796133428	0.8691144171458483	([102, 5], [235, 102, 5])
1	0.7701482712795229	0.8692239462084567	([361, 95], [378, 361, 305])
1	0.8711822481854918	0.8716363118968575	([352, 19], [352, 340, 280])
1	0.8391851428577504	0.8752653859847596	([267, 16], [267, 237, 235])
1	0.8101170634824291	0.8767944302033959	([328, 108], [328, 108, 79])
1	0.5621339922885195	0.8778142308419404	([416, 282], [416, 394, 282])
1	0.5355010777161052	0.8852168404556395	([416, 394], [416, 413, 385])
1	0.5316719838850614	0.8933300118863194	([268, 232], [268, 239, 232])
1	0.5608131907750719	0.8954684254654408	([416, 156], [416, 220, 156])
1	0.9035784831352149	0.904362312706512	([210, 129], [372, 210, 129])
1	0.5044457125993969	0.9180887233654096	([232, 230], [373, 372, 114])
1	0.4934515665982967	0.923755273410064	([266, 264], [211, 114, 111])
1	0.7183479354222733	0.9242725683793208	([351, 132], [351, 132, 113])
0	0.0	0.9525751744847759	([122], [122, 53])
0	0.0	0.9873603581285118	([118], [180, 179])
0	0.0	0.9885343225610909	([127], [258, 257])
0	0.0	0.9895458347903334	([54], [54, 53])
0	0.0	0.9897132488502655	([128], [187, 186])
1	0.9974785272977099	0.9983047867170841	([102, 54], [102, 54, 52])
0	0.0	1.0	([117], [117, 0])
0	0.0	1.0	([119], [119, 0])
0	0.0	1.0	([123], [123, 0])
0	0.0	1.0	([125], [125, 0])
0	0.0	1.0	([190], [190, 0])
0	0.0	inf	([55], [])
