0	0.0	0.012967592513360292	([227], [227, 136])
0	0.0	0.25565600870043087	([22], [22, 21])
0	0.0	0.2676199911992791	([32], [32, 31])
0	0.0	0.26801270176479397	([172], [172, 171])
0	0.0	0.27065280826724264	([284], [284, 283])
0	0.0	0.276524510038311	([244], [244, 243])
0	0.0	0.2793001051528029	([97], [97, 96])
0	0.0	0.28002455064440773	([24], [24, 23])
0	0.0	0.28238597105416274	([20], [20, 19])
0	0.0	0.2898810532032063	([107], [107, 106])
0	0.0	0.2915446333750519	([163], [163, 162])
0	0.0	0.29205188238011964	([231], [231, 230])
0	0.0	0.29239248978980453	([249], [249, 248])
0	0.0	0.2925764549651546	([3], [3, 2])
0	0.0	0.29284691212638353	([247], [247, 246])
0	0.0	0.2934421270248527	([286], [286, 285])
0	0.0	0.29351796983909156	([187], [187, 186])
0	0.0	0.29437598015000377	([296], [296, 295])
0	0.0	0.2953555861900711	([8], [8, 7])
0	0.0	0.2956381385479134	([237], [237, 236])
0	0.0	0.2964775620416752	([289], [289, 288])
0	0.0	0.29667855924267567	([316], [316, 315])
0	0.0	0.29795925906241616	([272], [272, 271])
0	0.0	0.29800496893152173	([49], [49, 48])
0	0.0	0.29805528763613004	([45], [45, 44])
0	0.0	0.29806865382626957	([14], [14, 13])
0	0.0	0.2984141120151759	([313], [313, 312])
0	0.0	0.30165234953962927	([191], [191, 190])
0	0.0	0.30266664066668075	([28], [28, 27])
0	0.0	0.30291172860542287	([38], [38, 37])
0	0.0	0.303074026451867	([16], [16, 15])
0	0.0	0.3035451402169025	([319], [319, 318])
0	0.0	0.30380500748953215	([223], [223, 222])
0	0.0	0.3041452252506839	([219], [219, 218])
0	0.0	0.30443934974577924	([35], [35, 34])
0	0.0	0.30450399494326796	([101], [101, 100])
0	0.0	0.30453023084695974	([5], [5, 4])
0	0.0	0.30474187012766585	([67], [67, 66])
0	0.0	0.3054637573796692	([55], [55, 54])
0	0.0	0.30581693648729535	([162], [162, 161])
0	0.0	0.3063715698393833	([318], [318, 317])
0	0.0	0.3063894727299678	([311], [311, 310])
0	0.0	0.3067106853615236	([307], [307, 306])
0	0.0	0.3081464028232073	([200], [200, 199])
0	0.0	0.30830554483533107	([10], [10, 9])
0	0.0	0.3083767449747736	([173], [173, 172])
0	0.0	0.3084073651345588	([110], [110, 109])
0	0.0	0.30871197325240574	([118], [118, 117])
0	0.0	0.3091492957711414	([250], [250, 249])
0	0.0	0.3097443972026567	([7], [7, 6])
0	0.0	0.30999802272806076	([105], [105, 104])
0	0.0	0.3100530446998153	([252], [252, 251])
0	0.0	0.31010210710935643	([233], [233, 232])
0	0.0	0.31040194283826367	([2], [2, 1])
0	0.0	0.3107205823881996	([57], [57, 56])
0	0.0	0.3110851056506596	([165], [165, 164])
0	0.0	0.31141225106417947	([277], [277, 276])
0	0.0	0.3124527452026074	([321], [321, 320])
0	0.0	0.31461570529582555	([176], [176, 175])
0	0.0	0.3156421448685929	([46], [46, 45])
0	0.0	0.31581087631566096	([293], [293, 292])
0	0.0	0.3164379250090851	([95], [95, 94])
0	0.0	0.316578310834287	([59], [59, 58])
0	0.0	0.317219839550938	([17], [17, 16])
0	0.0	0.31727099648667084	([202], [202, 201])
0	0.0	0.31730175095239976	([246], [246, 245])
0	0.0	0.31747117456538876	([189], [189, 188])
0	0.0	0.31805229486317677	([83], [83, 82])
0	0.0	0.3182088524978504	([194], [194, 193])
0	0.0	0.31835005181457077	([86], [86, 85])
0	0.0	0.31856992079569346	([241], [241, 240])
0	0.0	0.3193839522757526	([169], [169, 168])
0	0.0	0.3194169537246115	([309], [309, 308])
0	0.0	0.31966763919766866	([269], [269, 268])
0	0.0	0.320601556685582	([75], [75, 74])
0	0.0	0.32076026884097364	([70], [70, 69])
0	0.0	0.32114459982402677	([290], [290, 288])
0	0.0	0.3240947560606205	([308], [308, 307])
0	0.0	0.32431935980461307	([303], [303, 302])
0	0.0	0.32439182196587324	([265], [265, 264])
0	0.0	0.3245635436088006	([184], [184, 183])
0	0.0	0.3251792721727191	([123], [123, 122])
0	0.0	0.32528651724603563	([73], [73, 72])
0	0.0	0.3255722529274497	([203], [203, 202])
0	0.0	0.32610912576572143	([1], [1, 0])
0	0.0	0.3269770782220856	([94], [94, 93])
0	0.0	0.32748490214380804	([81], [81, 80])
0	0.0	0.3275425235754451	([214], [214, 213])
0	0.0	0.3280649545195572	([175], [175, 174])
0	0.0	0.32835415651004884	([42], [42, 41])
0	0.0	0.32869056126658774	([66], [66, 65])
0	0.0	0.32954580103867337	([292], [292, 291])
0	0.0	0.32989391176544847	([178], [178, 177])
0	0.0	0.3298982446556729	([36], [36, 35])
0	0.0	0.3301265066963615	([182], [182, 181])
0	0.0	0.3305281473645558	([147], [147, 146])
0	0.0	0.33134813487502546	([295], [295, 294])
0	0.0	0.3317038108023481	([259], [259, 258])
0	0.0	0.3317966570865302	([301], [301, 300])
0	0.0	0.3326778254199468	([114], [114, 113])
0	0.0	0.33345671383307146	([232], [232, 231])
0	0.0	0.3337137986852994	([54], [54, 53])
0	0.0	0.33373428172072717	([177], [177, 176])
0	0.0	0.3338539833978992	([201], [201, 200])
0	0.0	0.3340185392668865	([27], [27, 26])
0	0.0	0.33409385482153836	([154], [154, 152])
0	0.0	0.3345307032395561	([79], [79, 78])
0	0.0	0.33485215329408763	([224], [224, 223])
0	0.0	0.33564962730682424	([317], [317, 316])
0	0.0	0.33723350971141935	([170], [170, 169])
0	0.0	0.3372347408782413	([11], [11, 10])
0	0.0	0.3375003029617985	([275], [275, 274])
0	0.0	0.33772133373646385	([260], [260, 259])
0	0.0	0.3379503088196592	([168], [168, 167])
0	0.0	0.33826200328731504	([180], [180, 179])
0	0.0	0.33908719450227015	([208], [208, 207])
0	0.0	0.3392785339567051	([166], [166, 165])
0	0.0	0.3394988617838307	([15], [15, 14])
0	0.0	0.3396593701952084	([298], [298, 297])
0	0.0	0.3398412019745655	([305], [305, 304])
0	0.0	0.3399114193090138	([315], [315, 314])
0	0.0	0.34020370648421205	([181], [181, 180])
0	0.0	0.3402065530530907	([113], [113, 112])
0	0.0	0.34025860885883347	([64], [64, 63])
0	0.0	0.34151436072628305	([267], [267, 266])
0	0.0	0.3415483663011726	([148], [148, 147])
0	0.0	0.34161584610155415	([156], [156, 155])
0	0.0	0.34165361462781824	([4], [4, 3])
0	0.0	0.34250130756370806	([80], [80, 79])
0	0.0	0.3425902502533699	([160], [160, 159])
0	0.0	0.3428339547867841	([320], [320, 319])
0	0.0	0.344037140499715	([226], [226, 225])
0	0.0	0.3444787103430665	([112], [112, 111])
0	0.0	0.34501567908068087	([240], [241, 239])
0	0.0	0.3450271023924878	([29], [29, 27])
0	0.0	0.3451416843415636	([314], [314, 313])
0	0.0	0.3451781142341102	([222], [222, 221])
0	0.0	0.34524632712064657	([149], [149, 146])
0	0.0	0.34544826542051443	([60], [60, 59])
0	0.0	0.3457630055695052	([306], [306, 305])
0	0.0	0.34631216375792445	([239], [239, 238])
0	0.0	0.3465405806401874	([167], [167, 166])
0	0.0	0.3468157589906294	([12], [12, 11])
0	0.0	0.3472908707130117	([109], [109, 108])
0	0.0	0.34778489368159426	([18], [18, 17])
0	0.0	0.347912744979245	([251], [252, 250])
0	0.0	0.3489894722222746	([270], [270, 269])
0	0.0	0.34916058594848587	([299], [299, 298])
0	0.0	0.34942407800438585	([74], [74, 73])
0	0.0	0.34979203598645575	([121], [121, 120])
0	0.0	0.34995199887007855	([99], [99, 98])
0	0.0	0.35020017631553607	([161], [161, 160])
0	0.0	0.3502086142414345	([130], [130, 129])
0	0.0	0.35093774595415106	([196], [196, 195])
0	0.0	0.35115298119975236	([65], [65, 64])
0	0.0	0.35134296653201597	([225], [225, 224])
0	0.0	0.3517286291854965	([82], [82, 81])
0	0.0	0.3517481744265045	([276], [276, 275])
0	0.0	0.351792800579816	([122], [122, 121])
0	0.0	0.3527461002130239	([53], [53, 52])
0	0.0	0.35302884495498116	([215], [215, 214])
0	0.0	0.3546165908487329	([262], [262, 261])
0	0.0	0.35467127519221736	([312], [312, 311])
0	0.0	0.3546741335187854	([146], [149, 145])
0	0.0	0.35490113824291225	([257], [257, 256])
0	0.0	0.3556662411845296	([63], [63, 62])
0	0.0	0.3557345582898897	([199], [199, 198])
0	0.0	0.3557755108287287	([179], [179, 178])
0	0.0	0.3558060979505357	([72], [72, 71])
0	0.0	0.3558795927217946	([115], [115, 114])
0	0.0	0.35629552420820243	([78], [78, 77])
0	0.0	0.35630774697404055	([119], [119, 118])
0	0.0	0.3565154166079636	([304], [304, 303])
0	0.0	0.3574921518735813	([120], [120, 119])
0	0.0	0.35780659468833936	([310], [310, 309])
0	0.0	0.3582000395020771	([198], [198, 197])
0	0.0	0.3584095133950355	([234], [234, 233])
0	0.0	0.35922365315149174	([39], [39, 38])
0	0.0	0.35925720578671094	([183], [183, 182])
0	0.0	0.36038752403390906	([164], [164, 163])
0	0.0	0.36047688614149936	([206], [206, 205])
0	0.0	0.36055923430111464	([192], [192, 191])
0	0.0	0.36164866874697565	([124], [124, 123])
0	0.0	0.36227339697498345	([278], [278, 277])
0	0.0	0.3624159362537131	([48], [48, 47])
0	0.0	0.3626360404183355	([209], [209, 208])
0	0.0	0.3628988468908049	([300], [300, 299])
0	0.0	0.3633497058763621	([106], [106, 105])
0	0.0	0.3635963956749621	([33], [33, 31])
0	0.0	0.3636260826861778	([258], [258, 257])
0	0.0	0.3638535251529564	([9], [9, 8])
0	0.0	0.36387333476211187	([76], [76, 75])
0	0.0	0.36438936731299554	([248], [248, 247])
0	0.0	0.364829692622996	([68], [68, 67])
0	0.0	0.36487389730863923	([294], [294, 293])
0	0.0	0.3650057074676993	([34], [34, 33])
0	0.0	0.36560819968281477	([220], [220, 219])
0	0.0	0.36565324739745825	([285], [285, 284])
0	0.0	0.36637236139792473	([210], [210, 209])
0	0.0	0.366382095258435	([6], [6, 5])
0	0.0	0.3665613352799643	([302], [302, 301])
0	0.0	0.36701956047844914	([30], [30, 29])
0	0.0	0.36715921880847846	([43], [43, 42])
0	0.0	0.36762353439456436	([253], [253, 252])
0	0.0	0.3677636131783772	([153], [153, 152])
0	0.0	0.36792860478043865	([144], [144, 143])
0	0.0	0.3681340889028197	([77], [77, 76])
0	0.0	0.36843230930440213	([207], [207, 206])
0	0.0	0.3684540442609131	([19], [19, 18])
0	0.0	0.3687253942849762	([230], [230, 229])
0	0.0	0.37070805816646085	([13], [13, 12])
0	0.0	0.3707329770378904	([242], [242, 241])
0	0.0	0.3707526547938189	([56], [56, 55])
0	0.0	0.3708064844949636	([212], [212, 211])
0	0.0	0.37088568888287116	([174], [174, 173])
0	0.0	0.37100034492992423	([188], [188, 187])
0	0.0	0.37112302839252165	([150], [150, 146])
0	0.0	0.37137943482598296	([287], [287, 286])
0	0.0	0.3716696048152751	([211], [211, 210])
0	0.0	0.37251754656977143	([256], [256, 255])
1	0.3698523440069694	0.37278381976092645	([107, 104], [107, 106, 104])
0	0.0	0.3729761325811964	([281], [281, 280])
0	0.0	0.37343628625317454	([133], [133, 132])
0	0.0	0.3739712714997229	([158], [158, 157])
0	0.0	0.37441482733214404	([37], [37, 36])
0	0.0	0.3744724966791018	([89], [89, 87])
0	0.0	0.3750301232971614	([159], [159, 158])
0	0.0	0.37529148152994535	([26], [26, 25])
0	0.0	0.3759257210277756	([157], [157, 156])
0	0.0	0.3772418088201155	([195], [195, 194])
0	0.0	0.3772974253255923	([111], [111, 110])
0	0.0	0.3778664710366166	([213], [213, 212])
0	0.0	0.3779190331294441	([297], [297, 294])
0	0.0	0.3793762599908395	([87], [87, 86])
0	0.0	0.38126222350803224	([197], [197, 196])
0	0.0	0.38319893192728033	([243], [243, 242])
0	0.0	0.3832810912221741	([25], [25, 23])
0	0.0	0.3847098137520314	([190], [190, 189])
0	0.0	0.38584179740310004	([69], [69, 68])
0	0.0	0.38662023749139834	([255], [256, 254])
0	0.0	0.3866826368202334	([218], [218, 217])
0	0.0	0.38884538193357704	([254], [254, 253])
0	0.0	0.38972586041113605	([104], [104, 103])
0	0.0	0.39079187344852623	([193], [193, 192])
0	0.0	0.39085320124103917	([216], [216, 215])
0	0.0	0.3910838270381626	([274], [274, 273])
1	0.37249488706214384	0.3915227051082022	([56, 53], [56, 55, 53])
0	0.0	0.39171036621102046	([71], [71, 70])
0	0.0	0.3922043411596026	([171], [171, 170])
0	0.0	0.39323502114945397	([229], [229, 228])
0	0.0	0.3938853027045129	([283], [284, 282])
0	0.0	0.3955888685390336	([266], [266, 265])
0	0.0	0.39605768242267475	([273], [273, 272])
0	0.0	0.3967958891584613	([52], [52, 51])
0	0.0	0.3970840333796312	([129], [129, 127])
0	0.0	0.39710176424565946	([185], [185, 184])
0	0.0	0.39714499155352423	([238], [238, 237])
0	0.0	0.3992241123453641	([221], [221, 220])
0	0.0	0.40219250969543036	([145], [145, 144])
0	0.0	0.40237403627045504	([186], [186, 185])
0	0.0	0.4024328727995496	([100], [100, 99])
0	0.0	0.4032329244472086	([21], [21, 20])
0	0.0	0.4034811310685649	([245], [245, 244])
0	0.0	0.4047927586845622	([268], [269, 267])
0	0.0	0.40653717370200493	([235], [235, 234])
0	0.0	0.4070496439892774	([140], [140, 90])
0	0.0	0.40709476282885854	([228], [228, 226])
0	0.0	0.40717876110945944	([96], [97, 95])
0	0.0	0.40723636035252053	([98], [98, 97])
0	0.0	0.4079044388397503	([271], [271, 270])
0	0.0	0.4081803057174263	([152], [152, 142])
0	0.0	0.4088266969479994	([85], [89, 88])
0	0.0	0.40956067196829243	([280], [280, 278])
0	0.0	0.40976794904347075	([23], [23, 22])
0	0.0	0.4108514460407386	([137], [137, 126])
0	0.0	0.4108840046028168	([108], [108, 107])
0	0.0	0.41324979343914914	([291], [291, 290])
0	0.0	0.41490179149804035	([261], [261, 260])
0	0.0	0.41651125517892634	([41], [41, 40])
0	0.0	0.4168403885604469	([139], [139, 92])
0	0.0	0.41808149142953166	([135], [135, 125])
0	0.0	0.4186749870921023	([31], [31, 30])
0	0.0	0.41915418616927386	([288], [290, 287])
0	0.0	0.4195777528974468	([126], [137, 84])
0	0.0	0.4203795838687238	([282], [282, 281])
0	0.0	0.4217454683277576	([51], [51, 49])
0	0.0	0.42402319575005215	([44], [44, 43])
0	0.0	0.42798156497799317	([151], [151, 134])
1	0.34821453368585586	0.42800544691668907	([149, 148], [149, 148, 146])
0	0.0	0.42922209187090443	([264], [266, 262])
0	0.0	0.4300971149165251	([58], [58, 57])
0	0.0	0.4311380725753278	([263], [263, 262])
0	0.0	0.43871354978720206	([116], [116, 115])
0	0.0	0.4390998697610453	([141], [141, 131])
0	0.0	0.4399751174503464	([40], [43, 39])
0	0.0	0.44014943780366844	([204], [204, 203])
0	0.0	0.4414929849246971	([47], [47, 46])
0	0.0	0.44235607389660436	([125], [135, 131])
0	0.0	0.44295520223036383	([62], [62, 60])
1	0.4437014929044581	0.44450331273216237	([36, 31], [36, 34, 31])
0	0.0	0.4456545139336815	([0], [51, 50])
1	0.43364069071395295	0.44588304867608114	([264, 262], [266, 265, 264])
0	0.0	0.44691357848874824	([279], [279, 278])
0	0.0	0.4489218374493248	([128], [128, 127])
0	0.0	0.44996942056989725	([131], [141, 128])
0	0.0	0.45058057782151023	([217], [217, 216])
1	0.4268900438100434	0.4515241866148712	([76, 71], [76, 74, 71])
0	0.0	0.4543391271641539	([90], [140, 88])
0	0.0	0.45447938968215235	([102], [102, 101])
0	0.0	0.45605179339926216	([205], [205, 204])
0	0.0	0.45762151808371254	([103], [103, 101])
1	0.4275469629039498	0.45849919391325045	([215, 210], [215, 212, 210])
0	0.0	0.45911709916334287	([91], [91, 89])
0	0.0	0.46152018096590314	([92], [139, 102])
1	0.42425209390976953	0.4661451731279846	([281, 273], [281, 280, 275])
0	0.0	0.467396674669543	([236], [236, 233])
0	0.0	0.46785660290444986	([155], [279, 135])
0	0.0	0.4708312345254036	([61], [61, 60])
0	0.0	0.4749115402135118	([134], [134, 126])
1	0.4723262397266863	0.4762145230253298	([189, 185], [189, 187, 185])
0	0.0	0.4766542404604143	([127], [204, 140])
0	0.0	0.4781051863276028	([117], [117, 116])
0	0.0	0.47811570518571817	([88], [235, 139])
1	0.46443873489990173	0.47834444448959584	([191, 187], [191, 190, 189])
0	0.0	0.47836476095094005	([93], [155, 144])
0	0.0	0.4811724846449743	([143], [140, 61])
0	0.0	0.48275766912734464	([84], [134, 50])
0	0.0	0.4935598176587249	([50], [143, 142])
1	0.48205501342113316	0.5006243509581116	([155, 147], [155, 149, 146])
0	0.0	0.50876560743287	([132], [133, 128])
1	0.5017792822092342	0.514422032837007	([83, 70], [83, 82, 70])
1	0.491358122616533	0.51888868881013	([175, 171], [175, 174, 171])
1	0.508599352619912	0.5194462260268604	([206, 203], [206, 205, 204])
1	0.5413986088914908	0.5417759626985225	([94, 92], [94, 93, 92])
1	0.5302633233359887	0.5490724839128004	([154, 147], [154, 150, 147])
1	0.5315128947997235	0.5490724839128004	([153, 150], [154, 153, 150])
1	0.5302890703102026	0.5493038035323914	([237, 232], [237, 235, 234])
1	0.5340952769444112	0.5495880092854968	([152, 151], [152, 151, 147])
1	0.5194225611693087	0.5519662533201136	([205, 195], [205, 204, 195])
1	0.5550146344307608	0.5551245395004586	([221, 216], [221, 219, 217])
1	0.456661653900132	0.5619406399250669	([90, 89], [140, 90, 88])
1	0.584480552669953	0.5867316456649	([132, 127], [132, 131, 127])
1	0.5634648857028929	0.5891619369480958	([268, 260], [268, 267, 260])
1	0.5798215473325443	0.592381346722859	([108, 99], [108, 103, 99])
1	0.5696087824804236	0.5944725869471271	([220, 208], [220, 217, 216])
1	0.5772588235119585	0.5994420132061001	([217, 207], [217, 216, 207])
1	0.6117962196018745	0.6158185046921221	([24, 14], [24, 17, 14])
1	0.59115142552048	0.6260994770375711	([172, 163], [172, 168, 166])
1	0.6166437075769343	0.6299365811084511	([178, 169], [178, 175, 174])
1	0.6264456201706333	0.6365575015266277	([247, 234], [247, 244, 234])
1	0.6277298349674876	0.6395487544951064	([195, 183], [195, 192, 183])
1	0.6292383758740843	0.6411557310458054	([42, 28], [42, 36, 33])
1	0.6190739128939196	0.6468872051876604	([274, 153], [274, 156, 153])
1	0.49656093315563266	0.6490375504551739	([131, 130], [141, 131, 128])
1	0.5531936861711464	0.6500920312858747	([132, 131], [133, 132, 128])
1	0.6051666943530237	0.6534375322368161	([238, 225], [238, 231, 225])
1	0.6499629421248982	0.6548442882219196	([316, 305], [316, 310, 305])
1	0.6157730977592745	0.658989484630742	([277, 155], [277, 274, 156])
1	0.6187028154268132	0.6610232833614671	([159, 142], [159, 157, 142])
1	0.5992718017621161	0.6617444610735764	([278, 143], [278, 155, 147])
1	0.6376316485471072	0.662221438762851	([239, 226], [239, 233, 226])
1	0.6066311117058664	0.6634687096486249	([170, 142], [168, 165, 142])
1	0.6288893790295437	0.6644629846595275	([123, 114], [123, 118, 117])
1	0.6448228606291443	0.6669270724936472	([220, 200], [220, 207, 200])
1	0.6169483550212164	0.669292998013413	([19, 4], [19, 15, 4])
1	0.6153781764079769	0.6694809035686893	([22, 8], [22, 17, 14])
1	0.6605715244200123	0.6705157559733809	([279, 148], [279, 277, 148])
1	0.666087840989949	0.6776093227005133	([186, 173], [186, 185, 173])
1	0.6724096607136202	0.6783260319606264	([248, 232], [248, 245, 231])
1	0.6680157334788349	0.6789750516188398	([269, 142], [269, 260, 258])
1	0.6569738588921196	0.681423740450432	([224, 206], [224, 217, 206])
1	0.677426165979113	0.6828183688786669	([268, 249], [268, 257, 254])
1	0.6588319205164868	0.6837487597087744	([302, 293], [302, 298, 293])
1	0.6775895697243771	0.6846397918597629	([259, 245], [259, 253, 252])
1	0.6612685050919753	0.6851410723252712	([208, 190], [208, 195, 192])
1	0.6788656430922674	0.6854870446928449	([313, 295], [313, 306, 299])
1	0.6803112486077919	0.6877075616183305	([113, 98], [113, 104, 98])
1	0.4989940067143002	0.6895938862313342	([93, 91], [139, 102, 92])
1	0.580545801042506	0.6926942661785651	([321, 303], [321, 319, 299])
1	0.6740346608860363	0.6934635059279501	([228, 212], [228, 222, 217])
1	0.5419808041179758	0.694327359025405	([130, 125], [135, 131, 125])
1	0.6875831088264165	0.6949206536213444	([63, 45], [63, 56, 48])
1	0.6561630293500176	0.6959322205557771	([225, 195], [225, 210, 203])
1	0.683676202456545	0.6979569031640301	([205, 186], [205, 194, 192])
1	0.6978743453158771	0.7001763472656983	([298, 281], [298, 285, 283])
1	0.7017330144409782	0.7034561684797388	([283, 255], [283, 272, 270])
1	0.7043771862531513	0.7053076783988417	([231, 211], [231, 228, 212])
1	0.6738453709445874	0.7073506772385703	([26, 4], [26, 21, 5])
1	0.6647792689220605	0.7118957401389487	([234, 216], [234, 223, 216])
1	0.7035470927458898	0.7124432123736847	([207, 160], [222, 207, 160])
1	0.6949356591777168	0.7129293427927101	([142, 83], [142, 83, 64])
1	0.7032758298942547	0.716412163928453	([314, 285], [314, 309, 285])
1	0.6547996517146702	0.7167921756555076	([230, 193], [230, 224, 193])
1	0.711097711003702	0.7169605481633535	([268, 158], [283, 270, 158])
1	0.7003380906296771	0.717331169541136	([320, 291], [318, 314, 285])
1	0.6823794725391622	0.7174178764706417	([185, 161], [185, 177, 164])
1	0.6799036089992775	0.7189865569364366	([293, 268], [293, 283, 268])
1	0.7133595021091446	0.7204656731867038	([229, 189], [229, 217, 192])
1	0.6822718994072046	0.7207277653541967	([222, 182], [222, 202, 192])
1	0.603086096884984	0.722249347837469	([212, 142], [212, 197, 196])
1	0.6617578436819558	0.7223857294251201	([304, 286], [304, 298, 297])
1	0.7208271042764541	0.7238737034014763	([250, 228], [250, 241, 236])
1	0.6557623157509052	0.7245195848608524	([182, 160], [182, 179, 160])
1	0.7208555306581561	0.7248339448422468	([231, 199], [231, 224, 193])
1	0.6953505235301108	0.7260018791790627	([223, 187], [223, 210, 187])
1	0.6561483628929201	0.7272891143130076	([260, 142], [278, 271, 269])
1	0.6932267197809115	0.7273608243353776	([283, 158], [258, 251, 158])
1	0.7119378992383456	0.7323837452939996	([32, 19], [32, 28, 19])
1	0.7079155585962928	0.7325558782431222	([161, 129], [161, 159, 129])
1	0.6823110835051039	0.7359555171341571	([124, 100], [124, 114, 100])
1	0.7227840922857967	0.737795902032267	([310, 206], [310, 206, 192])
1	0.7210266460719055	0.7379623765884746	([218, 175], [218, 194, 184])
1	0.7342173492948025	0.7383110760113349	([207, 171], [207, 193, 171])
1	0.690104721939163	0.7387072007157341	([251, 163], [283, 281, 157])
1	0.6394506141613058	0.738741220042202	([225, 185], [225, 195, 190])
1	0.721151114718555	0.7391682503854032	([286, 253], [286, 269, 255])
1	0.7332650217110279	0.7393671376091898	([250, 118], [250, 228, 118])
1	0.699099575934061	0.7397464440626549	([253, 220], [254, 248, 226])
1	0.7322239658968586	0.7397464440626549	([303, 226], [303, 254, 226])
1	0.6787007258488903	0.7407718977571627	([129, 74], [129, 79, 63])
1	0.6766787859387684	0.7408080280623353	([187, 158], [187, 166, 159])
1	0.7328736156944441	0.7408080280623353	([223, 168], [223, 187, 159])
1	0.727292622304506	0.741519696448098	([287, 221], [299, 287, 221])
1	0.7329053594689213	0.7416131110793114	([261, 154], [281, 262, 261])
1	0.70695144741561	0.7416900836552553	([237, 184], [237, 232, 184])
1	0.6540352140032952	0.7419022639742113	([130, 103], [130, 117, 107])
1	0.7395040876284925	0.7419332598139075	([208, 159], [216, 208, 165])
1	0.7084656117160427	0.743009982244799	([242, 194], [242, 223, 191])
1	0.7023120449209929	0.7433587694457663	([245, 162], [253, 245, 162])
1	0.6927901874138241	0.7437393762973669	([228, 198], [228, 205, 198])
1	0.7031238988480623	0.7441323785378301	([30, 1], [30, 23, 1])
1	0.7396323176903787	0.7442496888195996	([217, 167], [217, 208, 165])
1	0.6666678154727987	0.7442555242652248	([189, 142], [189, 171, 168])
1	0.7435575810487183	0.7444757604072524	([211, 161], [224, 211, 176])
1	0.7275593680499737	0.7444963863463027	([242, 178], [230, 193, 183])
1	0.737339856631199	0.7449041624298307	([216, 165], [208, 193, 165])
1	0.7274532418407277	0.7453694776259036	([310, 230], [310, 230, 223])
1	0.7098438543996806	0.7453694776259036	([310, 192], [310, 303, 223])
1	0.7406053182304165	0.745495428159607	([296, 259], [296, 287, 259])
1	0.7411493034328177	0.7454955314674796	([321, 233], [321, 246, 241])
1	0.7272350474850908	0.746853791460242	([321, 273], [321, 273, 264])
1	0.741059681333937	0.7480158184560202	([300, 194], [300, 298, 194])
1	0.7108701969860479	0.7480603298999905	([288, 260], [288, 282, 259])
1	0.7401556423669194	0.7481955525206192	([261, 234], [261, 252, 250])
1	0.7456827884141053	0.7482026464241679	([283, 244], [283, 250, 244])
1	0.7103580190138105	0.7483641724953858	([321, 97], [321, 118, 97])
1	0.7454170403412759	0.7488313435765968	([110, 68], [110, 91, 86])
1	0.7091438735118138	0.7490299400903179	([224, 172], [211, 192, 188])
1	0.7324569620743455	0.7491413713059082	([99, 79], [99, 90, 79])
1	0.7134253085053598	0.7496414256820196	([247, 173], [247, 221, 182])
1	0.7151349166776013	0.750409523819147	([56, 35], [56, 51, 35])
1	0.7502966141900665	0.7504588969969547	([270, 238], [270, 254, 243])
1	0.7467406979398236	0.7506329289501835	([205, 162], [205, 187, 158])
1	0.7353059512538113	0.7506329289501835	([268, 205], [268, 205, 158])
1	0.7031150021919833	0.7509359447468698	([267, 143], [274, 267, 265])
1	0.7453518135116881	0.7510949511722292	([158, 127], [159, 158, 127])
1	0.7427440448061969	0.7512757617993183	([112, 72], [112, 97, 86])
1	0.6744052580783376	0.7515641822889347	([321, 264], [321, 289, 268])
1	0.7278726551376239	0.7519748243650162	([306, 190], [306, 298, 194])
1	0.7474842931254173	0.7526763791291536	([291, 224], [304, 291, 286])
1	0.7436944384769675	0.753297472485215	([225, 145], [225, 221, 145])
1	0.7484840337404988	0.753340698965285	([99, 14], [109, 99, 4])
1	0.7232200497016672	0.7535958431622399	([298, 211], [306, 299, 221])
1	0.7015542669191333	0.7539852747058503	([313, 0], [319, 313, 3])
1	0.7491984562283505	0.7540022095463486	([122, 88], [122, 112, 88])
1	0.7506905136722865	0.7541653944613966	([48, 0], [48, 27, 26])
1	0.7219475955269047	0.7545246290710284	([122, 95], [121, 107, 95])
1	0.7539086880030095	0.755088115152819	([116, 10], [116, 112, 10])
1	0.7464074977168447	0.7555123086770097	([289, 240], [289, 284, 240])
1	0.7412582397314964	0.7555391854088397	([262, 239], [268, 262, 239])
1	0.7207561739643875	0.7555675479691222	([242, 147], [262, 242, 239])
1	0.6838870421331062	0.7555726072856833	([321, 0], [321, 313, 289])
1	0.7311774821427878	0.7557296900234264	([205, 172], [205, 172, 158])
1	0.7338225160395356	0.7558411358441791	([290, 246], [321, 290, 287])
1	0.7513753862644142	0.7567036253137676	([53, 2], [53, 43, 29])
1	0.717683314212367	0.7567684423675715	([239, 170], [239, 191, 166])
1	0.6952387297678194	0.7567684423675715	([248, 166], [243, 239, 166])
1	0.6949820060217481	0.7573082371658428	([110, 0], [321, 118, 0])
1	0.7296526497801691	0.7575219028441017	([118, 18], [118, 28, 18])
1	0.7532889503144325	0.7583755631064699	([243, 208], [243, 221, 214])
1	0.7542893806943437	0.7586705255924413	([218, 158], [218, 184, 158])
1	0.7570104358912769	0.7597044550352918	([88, 54], [88, 80, 54])
1	0.7489353910176304	0.7597778507641605	([286, 226], [303, 286, 285])
1	0.689094114241609	0.759846268233725	([307, 254], [303, 285, 254])
1	0.7500590432125553	0.7599805041150304	([312, 284], [312, 303, 284])
1	0.7262023492078817	0.7600748664723055	([260, 231], [260, 258, 239])
1	0.7435170668050026	0.7601684299646375	([303, 267], [303, 284, 267])
1	0.7581652142444407	0.760287924780139	([271, 229], [271, 229, 219])
1	0.6028860363078508	0.7604574729376214	([197, 142], [212, 193, 189])
1	0.7437201470023967	0.7607011270734266	([178, 145], [206, 203, 145])
1	0.7512399282899875	0.7612288827209857	([266, 236], [266, 259, 236])
1	0.7473619584229555	0.7615076587235341	([300, 257], [308, 288, 287])
1	0.7571918189302992	0.7615854456391468	([229, 173], [229, 192, 173])
1	0.7573917259402213	0.7618871618248688	([308, 231], [313, 308, 231])
1	0.7415519424697159	0.7620445186448384	([304, 224], [287, 284, 221])
1	0.5572869966264071	0.7625120687836063	([274, 147], [288, 206, 158])
1	0.7605162627651522	0.7632355573830462	([168, 0], [321, 183, 0])
1	0.7050675010136415	0.7633970710460873	([311, 249], [311, 249, 229])
1	0.7600941587791427	0.7635160764868639	([245, 185], [251, 245, 185])
1	0.6414597068931762	0.7638209269945915	([226, 142], [226, 217, 165])
1	0.7245625080159989	0.7641969152510294	([213, 153], [271, 210, 152])
1	0.6957585256144744	0.7642235322579571	([231, 158], [260, 258, 158])
1	0.7172969854809674	0.7647273520319435	([209, 143], [209, 203, 145])
1	0.751094500876793	0.7648170281680575	([85, 24], [85, 66, 58])
1	0.7321235945568803	0.7652118175599263	([265, 207], [271, 265, 212])
1	0.7614233964362331	0.7652287172234634	([282, 162], [282, 179, 158])
1	0.7212597444182929	0.7652287172234634	([282, 179], [282, 268, 158])
1	0.736311601357322	0.7653047687023781	([233, 167], [233, 226, 186])
1	0.7487676163187085	0.765751252064175	([301, 265], [301, 294, 265])
1	0.6966748701007859	0.765951215585352	([122, 28], [118, 14, 0])
1	0.7318158126881364	0.7664662312715068	([66, 24], [66, 53, 24])
1	0.7632238763184019	0.7668127500177109	([91, 53], [91, 73, 68])
1	0.7310877456328077	0.7669275884294643	([282, 230], [282, 230, 158])
1	0.7141207037705991	0.7673066917937934	([109, 80], [109, 89, 88])
1	0.7009942698121547	0.7675740698603997	([253, 170], [253, 187, 182])
1	0.697020778098089	0.7675740698603997	([268, 182], [268, 253, 182])
1	0.7004421551473206	0.7676632869322308	([299, 219], [284, 221, 145])
1	0.6736269612906992	0.7676632869322308	([254, 145], [284, 254, 145])
1	0.7060916235227163	0.7677940568039742	([265, 150], [265, 261, 154])
1	0.7351520969530312	0.7678521467507751	([228, 155], [228, 187, 158])
1	0.7118613938065682	0.7678695715831704	([271, 210], [265, 207, 160])
1	0.6693738374196574	0.7678767390651354	([206, 145], [284, 271, 224])
1	0.6909191405676559	0.7679226623326142	([142, 66], [142, 110, 66])
1	0.7448034852250695	0.7680340357351327	([247, 165], [247, 173, 165])
1	0.7670841529215526	0.7681149011022697	([106, 28], [118, 112, 28])
1	0.7661166070496972	0.7681958138600908	([271, 177], [271, 224, 177])
1	0.7342269699002326	0.7687419406606197	([321, 183], [320, 183, 174])
1	0.7410191400216392	0.7690503549565281	([259, 16], [259, 253, 16])
1	0.7507556240989882	0.7692584054830817	([98, 45], [100, 98, 31])
1	0.7601616079963954	0.769719788390934	([301, 0], [314, 301, 0])
1	0.7550132261910936	0.7697964354790602	([308, 166], [308, 231, 175])
1	0.7686638105372128	0.7704162860450147	([302, 177], [302, 291, 224])
1	0.7636213450489604	0.7705617704013333	([119, 74], [119, 109, 74])
1	0.7404059490627483	0.7706189591246801	([92, 7], [92, 24, 7])
1	0.722706748431511	0.7710669397579285	([254, 176], [254, 240, 176])
1	0.7553052932060472	0.7714877733182454	([213, 26], [300, 213, 202])
1	0.7622190098587329	0.77162205276486	([222, 5], [224, 222, 5])
1	0.7540943686277878	0.771720672009252	([256, 161], [256, 250, 158])
1	0.7626176036765008	0.7717558347253326	([252, 159], [252, 181, 169])
1	0.759188916476852	0.7718820455779045	([222, 119], [222, 207, 119])
1	0.7450781376788362	0.7718898646916862	([307, 159], [307, 254, 159])
1	0.7547898936922555	0.772177342942994	([203, 166], [203, 200, 166])
1	0.7555452281091826	0.7722076893022606	([312, 14], [319, 312, 14])
1	0.7386213418713642	0.7723447975095544	([252, 169], [254, 159, 145])
1	0.7465486981494994	0.7723447975095544	([305, 145], [305, 159, 145])
1	0.7665864542036603	0.7723522446826704	([130, 92], [130, 103, 92])
1	0.7518463180408924	0.7725869033076844	([317, 15], [314, 15, 2])
1	0.7284943306676156	0.7725929200593954	([130, 75], [130, 121, 66])
1	0.7297941065997101	0.7726750214982451	([184, 118], [184, 150, 145])
1	0.7704714945017279	0.7726750214982451	([180, 150], [184, 180, 150])
1	0.7304520759257885	0.7727114435112543	([231, 175], [231, 189, 185])
1	0.760604720884385	0.7727408727715597	([194, 155], [256, 194, 155])
1	0.7509297133492551	0.7732336871089402	([320, 228], [320, 237, 161])
1	0.7034862835206795	0.7734628549354605	([291, 186], [291, 226, 224])
1	0.7494790243295026	0.7740660398550683	([241, 163], [240, 236, 163])
1	0.7464677277579018	0.7743028531764828	([109, 4], [118, 114, 14])
1	0.742731538442674	0.7745541028882466	([300, 202], [300, 213, 194])
1	0.7731737013910321	0.7753172544021782	([94, 26], [97, 94, 26])
1	0.7645549319209931	0.7753310036914934	([293, 144], [293, 158, 144])
1	0.7411814845516624	0.7753895357344772	([292, 161], [320, 292, 228])
1	0.7161049470354506	0.7753895357344772	([320, 174], [320, 292, 287])
1	0.7666703589941506	0.7754540154381204	([173, 3], [182, 173, 3])
1	0.7299979827102537	0.775477178237227	([263, 192], [263, 254, 226])
1	0.7158080118472434	0.7756337373117426	([272, 220], [272, 257, 254])
1	0.7481310453782049	0.7756409662471054	([313, 236], [313, 311, 236])
1	0.7455749027500257	0.7756845956397027	([315, 171], [315, 304, 180])
1	0.7570368716478763	0.7757882746041734	([318, 253], [310, 288, 253])
1	0.7709004324965032	0.7758190863529859	([223, 15], [314, 310, 223])
1	0.7700715149611589	0.7759056897794501	([267, 0], [301, 282, 0])
1	0.7329605164030607	0.7759091907038778	([300, 225], [300, 257, 225])
1	0.7066588602827518	0.776115726514788	([213, 173], [221, 213, 193])
1	0.7682692198029315	0.7762353753148815	([303, 245], [303, 248, 245])
1	0.7734183434284095	0.7763544553012554	([89, 22], [89, 88, 8])
1	0.7128982099902197	0.7763591846385753	([305, 228], [315, 311, 171])
1	0.7054532916153444	0.776478137152245	([249, 154], [270, 261, 154])
1	0.7671192185223089	0.7766464509010932	([299, 201], [299, 221, 193])
1	0.7609320351089959	0.7766464509010932	([317, 193], [317, 299, 193])
1	0.756407473464083	0.7769816033856013	([114, 55], [97, 85, 55])
1	0.776832779125085	0.7770884047272776	([238, 148], [238, 223, 185])
1	0.7768053326520963	0.7772325834301745	([49, 14], [49, 30, 26])
1	0.7482202225756154	0.7773600739242581	([289, 180], [321, 289, 183])
1	0.7302337728121252	0.7775123766073327	([256, 194], [256, 244, 194])
1	0.751545914821372	0.777860669429009	([261, 164], [261, 234, 164])
1	0.6901655041119333	0.7780177518896987	([67, 0], [67, 59, 0])
1	0.7744102825811827	0.7783359948236971	([190, 15], [223, 210, 15])
1	0.7493031980984892	0.7784829686252603	([297, 166], [292, 286, 166])
1	0.7461495384082159	0.7787005910081386	([200, 154], [209, 200, 143])
1	0.716554183769854	0.7787048749062132	([106, 1], [110, 106, 0])
1	0.7472651342318186	0.7787257873325708	([255, 5], [255, 228, 224])
1	0.7657679676294957	0.7788588833184686	([297, 8], [317, 291, 15])
1	0.7484051718169701	0.778998148103363	([293, 191], [284, 221, 191])
1	0.7492366977285776	0.7792323618826262	([315, 251], [315, 251, 185])
1	0.6885193440380831	0.7792323618826262	([311, 229], [315, 308, 185])
1	0.759664155512402	0.7792323618826262	([319, 175], [319, 315, 185])
1	0.777644478334896	0.7792455354356257	([153, 51], [153, 147, 51])
1	0.750370262709032	0.7792543418590662	([204, 129], [228, 129, 118])
1	0.6835037268651363	0.7795142888337788	([295, 250], [295, 292, 250])
1	0.7434662430821034	0.7795719313722247	([258, 186], [258, 207, 202])
1	0.7750320219868582	0.7795765841602793	([262, 105], [284, 262, 254])
1	0.7423307538587469	0.7796253935308056	([316, 222], [316, 312, 222])
1	0.7662844699749977	0.7797448578204043	([302, 280], [302, 286, 282])
1	0.7630514307335973	0.7798015195635267	([108, 12], [108, 107, 11])
1	0.7161768527398342	0.7798019056825541	([257, 167], [257, 226, 172])
1	0.7227913641054925	0.7806675197799307	([112, 2], [112, 28, 13])
1	0.7547117452850938	0.7806675197799307	([100, 13], [112, 100, 13])
1	0.7421843519879306	0.7807808509158264	([301, 238], [301, 292, 241])
1	0.7769177909925744	0.7808004760618581	([164, 13], [164, 13, 6])
1	0.7729188390575161	0.7808151868175044	([287, 159], [287, 284, 159])
1	0.7254191863794609	0.7808830076616157	([285, 204], [285, 272, 204])
1	0.7635335785305072	0.7809969673909075	([301, 216], [306, 301, 216])
1	0.7329195704087554	0.7810934382641211	([198, 118], [228, 226, 129])
1	0.7102104046904517	0.7810934382641211	([303, 129], [303, 226, 129])
1	0.7354741091699263	0.7812545480790464	([263, 216], [263, 226, 218])
1	0.7782546328962388	0.7812581938469355	([122, 3], [122, 28, 18])
1	0.7574788343640153	0.7818133405212577	([309, 163], [313, 309, 167])
1	0.7404550612725567	0.7820370816858905	([295, 237], [295, 237, 233])
1	0.7355178819244902	0.7820370816858905	([295, 229], [295, 250, 233])
1	0.7508330492029535	0.7823605597639621	([313, 167], [313, 231, 185])
1	0.7653054519853215	0.7824294063429712	([95, 19], [101, 95, 8])
1	0.7446366096496374	0.7825316206805102	([91, 17], [91, 17, 5])
1	0.7799612580497861	0.7828686751925006	([166, 114], [293, 174, 166])
1	0.7492547323039117	0.7832629516817965	([117, 25], [116, 98, 29])
1	0.6859125232457035	0.7837061019622704	([321, 118], [99, 91, 5])
1	0.7468642587431579	0.7837923109689999	([288, 225], [288, 225, 224])
1	0.7620246660270802	0.7841325015933663	([103, 16], [103, 55, 16])
1	0.7764476634380714	0.7841548181926133	([256, 222], [256, 241, 234])
1	0.7746593421955299	0.7845434734834623	([225, 122], [225, 162, 158])
1	0.7596700308914736	0.7853157837838518	([171, 148], [194, 171, 143])
1	0.7601468654121881	0.7853157837838518	([185, 148], [194, 185, 143])
1	0.7739253471484864	0.7853516277460505	([245, 115], [247, 245, 97])
1	0.718140641645695	0.7853926655337268	([107, 11], [108, 92, 12])
1	0.7700249300711913	0.7854986863305924	([270, 198], [270, 257, 198])
1	0.7851080250304452	0.7855578456191402	([153, 36], [153, 51, 36])
1	0.7756187569975589	0.78579189454028	([159, 24], [253, 162, 159])
1	0.7838566224712417	0.7858270016677683	([296, 196], [300, 296, 214])
1	0.7857497136326539	0.7858492895568643	([230, 114], [304, 230, 224])
1	0.7488681632237816	0.7858492895568643	([304, 247], [304, 247, 230])
1	0.7205034776052429	0.7859946373818691	([115, 9], [115, 103, 16])
1	0.7126101121754356	0.7860291514238547	([314, 172], [314, 286, 173])
1	0.7826446896092095	0.7861938732576546	([91, 36], [91, 36, 30])
1	0.7558214185798845	0.786530040877564	([207, 121], [207, 161, 121])
1	0.7703154495260651	0.7865320243935437	([308, 266], [308, 268, 266])
1	0.6750041229870346	0.7868407013362362	([129, 62], [129, 119, 115])
1	0.7376239610599312	0.7870195381962378	([101, 8], [112, 101, 19])
1	0.7776300149653574	0.7870493937250167	([270, 189], [270, 238, 229])
1	0.7835819372902145	0.7872856742332083	([309, 234], [312, 309, 234])
1	0.747423166252224	0.7874629861626146	([100, 31], [122, 117, 25])
1	0.7690250440429099	0.7876515265739218	([74, 19], [80, 74, 13])
1	0.7737232989030393	0.7880781959487576	([181, 117], [225, 212, 122])
1	0.7615387909684121	0.7881768846205879	([105, 21], [115, 105, 21])
1	0.7310374748576232	0.7882655997599715	([152, 119], [152, 142, 125])
1	0.7670534170811412	0.7883556613883133	([145, 111], [150, 145, 111])
1	0.751202532825564	0.7894500383710483	([172, 24], [312, 171, 170])
1	0.7756936795499768	0.7894607418310751	([258, 6], [258, 207, 121])
1	0.7580125215053233	0.7895802612910965	([94, 20], [94, 26, 20])
1	0.7778169626429462	0.7896197855277152	([93, 34], [93, 80, 34])
1	0.789279285889165	0.7897106974012349	([290, 176], [290, 192, 186])
1	0.7837949718505742	0.7898588540165938	([302, 189], [302, 206, 189])
1	0.7404685421141762	0.7902700050992968	([130, 26], [130, 66, 37])
1	0.6941344449386407	0.7902782349740896	([320, 149], [320, 161, 158])
1	0.7674946076846053	0.7905242485050361	([195, 108], [195, 181, 108])
1	0.7805918882694538	0.7905682571112194	([214, 6], [214, 144, 143])
1	0.7177204338005047	0.7905682571112194	([214, 144], [214, 185, 143])
1	0.7657821651564221	0.7906409931707188	([283, 222], [283, 256, 222])
1	0.7577076519957168	0.7906783577180154	([260, 99], [295, 260, 99])
1	0.7825270683015104	0.7906783577180154	([302, 99], [302, 295, 99])
1	0.7739166661676516	0.7912632920671859	([295, 205], [308, 295, 266])
1	0.7618460049262819	0.7914972239161495	([80, 13], [89, 68, 19])
1	0.7802609949816997	0.7918298948589079	([308, 13], [308, 165, 164])
1	0.7906429412295859	0.7920666683186395	([266, 213], [276, 266, 261])
1	0.7857500922252078	0.7922371323961159	([70, 10], [89, 70, 10])
1	0.7786452925785712	0.7925702904028742	([131, 70], [131, 130, 70])
1	0.7853383389547762	0.7926397543826458	([287, 19], [312, 287, 19])
1	0.7392660939898984	0.7927071693438879	([155, 0], [267, 155, 143])
1	0.790824409565923	0.7928451035329102	([319, 129], [319, 129, 114])
1	0.7908616630508705	0.7928821980487346	([319, 94], [319, 114, 94])
1	0.7526659901173696	0.7934642091977856	([303, 154], [303, 281, 267])
1	0.7674640020916127	0.7935291999997974	([305, 218], [305, 228, 218])
1	0.7006173261820554	0.7937010516293096	([182, 16], [172, 159, 154])
1	0.6980580812711692	0.7938571853666434	([159, 130], [262, 258, 6])
1	0.7603578639988903	0.7942749352427904	([154, 60], [154, 66, 60])
1	0.7095150608414246	0.7942749352427904	([154, 37], [154, 110, 66])
1	0.792919445801642	0.7942749352427904	([145, 66], [154, 145, 66])
1	0.7661405351181858	0.7943767745624624	([123, 12], [123, 99, 6])
1	0.7749888697937892	0.7950074127817801	([122, 78], [122, 88, 78])
1	0.7606499720555318	0.7953075426840109	([194, 93], [194, 190, 93])
1	0.7576850758900202	0.7954257361730204	([318, 219], [318, 271, 253])
1	0.7798192577160928	0.7956772531404839	([304, 114], [293, 193, 129])
1	0.7262187490081803	0.7956772531404839	([265, 129], [293, 265, 129])
1	0.7842473909271073	0.796027843968912	([124, 30], [124, 30, 28])
1	0.7533890252724116	0.7961948118506956	([147, 104], [150, 147, 118])
1	0.787740825711427	0.7962600934705636	([145, 55], [145, 66, 55])
1	0.78918020755822	0.7965473423203272	([110, 33], [110, 68, 33])
1	0.7297226439629093	0.7966759181024528	([154, 128], [150, 146, 128])
1	0.7827660793481859	0.796765835342318	([236, 107], [236, 122, 107])
1	0.7032427942500177	0.7968020986849124	([142, 43], [142, 77, 40])
1	0.7680812179572087	0.7969386340535889	([158, 106], [158, 127, 106])
1	0.7959934317546531	0.7969715157910368	([236, 7], [253, 237, 7])
1	0.7785753707197023	0.7971558093239038	([250, 20], [250, 228, 20])
1	0.7089139344251935	0.7976052925427992	([150, 98], [228, 184, 158])
1	0.7765129504639678	0.7979030850423179	([233, 117], [233, 228, 117])
1	0.7605215820669853	0.7979432008333144	([269, 109], [269, 142, 110])
1	0.7826718414049176	0.7981987184671796	([194, 124], [284, 264, 124])
1	0.7909239899917132	0.7984709675336376	([307, 143], [307, 290, 143])
1	0.7723649936404444	0.7984775530115963	([175, 127], [225, 177, 175])
1	0.7756506837062043	0.7985819405676882	([283, 181], [283, 181, 159])
1	0.7952295547291531	0.7986975443953819	([317, 25], [317, 25, 23])
1	0.7008619877499669	0.7992756948252167	([143, 6], [280, 262, 6])
1	0.7921426582733702	0.7993462972401082	([191, 111], [210, 152, 113])
1	0.7813475745569392	0.8002449917493064	([243, 14], [312, 243, 214])
1	0.7910272530847243	0.8004928934073771	([196, 24], [196, 182, 159])
1	0.7987450160967433	0.8008597591764441	([120, 33], [120, 110, 97])
1	0.7916525887391284	0.8008692639298918	([175, 156], [175, 167, 156])
1	0.7742411583308795	0.8017298653821582	([200, 16], [212, 200, 11])
1	0.7779694593663589	0.8019214358325661	([171, 112], [164, 163, 123])
1	0.7889192260247002	0.8019996847745237	([305, 108], [305, 291, 96])
1	0.6973339610737159	0.8021825923366833	([142, 125], [152, 145, 125])
1	0.7895021048275548	0.802203339355822	([103, 43], [109, 103, 43])
1	0.7967386885511845	0.8023036915841627	([268, 123], [268, 257, 123])
1	0.7873192334808677	0.8023234366638307	([221, 106], [239, 221, 191])
1	0.7851028570749884	0.802753011456765	([257, 12], [297, 294, 123])
1	0.769449880487846	0.8027628363666033	([161, 15], [237, 161, 7])
1	0.7861734561896216	0.8032230516295538	([162, 9], [130, 26, 5])
1	0.6806183925379397	0.8032622267123413	([319, 1], [145, 86, 66])
1	0.7710766560536441	0.8037734087544356	([218, 20], [228, 129, 21])
1	0.7886157788992663	0.8038996173666175	([105, 44], [109, 105, 44])
1	0.7716323102577605	0.8039330741331178	([284, 105], [289, 284, 121])
1	0.7520885602202263	0.8042179550232741	([147, 29], [147, 118, 14])
1	0.7897726942864239	0.8042483544607903	([54, 7], [54, 22, 5])
1	0.7514586038527391	0.8044933376656802	([71, 15], [87, 71, 64])
1	0.7885833650923779	0.8045410768083254	([172, 107], [172, 107, 11])
1	0.7210202236102671	0.8045410768083254	([178, 11], [172, 167, 11])
1	0.7113494658905607	0.8046106673427824	([153, 8], [153, 143, 6])
1	0.7799500733167709	0.8047759953183397	([261, 106], [261, 221, 194])
1	0.7041287248838553	0.8047831555657099	([154, 5], [154, 153, 5])
1	0.7459170980946683	0.8048733230591496	([164, 3], [265, 129, 103])
1	0.7825384124897798	0.8050802016031063	([267, 25], [158, 106, 28])
1	0.739827347378475	0.8050802016031063	([160, 118], [160, 158, 28])
1	0.7942062413684109	0.8050802016031063	([193, 28], [193, 158, 28])
1	0.7825149510881753	0.8054555903604204	([288, 119], [288, 253, 119])
1	0.7967470153017446	0.8054840524232382	([213, 104], [213, 152, 147])
1	0.7749449071599216	0.8061076913682442	([295, 178], [295, 237, 178])
1	0.7973731334123243	0.8062184329226223	([312, 115], [312, 192, 129])
1	0.7870308756749211	0.8062586770535325	([167, 97], [192, 167, 97])
1	0.6902241311416474	0.8063801461422105	([315, 11], [320, 315, 11])
1	0.7993431406586124	0.8063964600772989	([206, 123], [196, 123, 24])
1	0.8012678477395284	0.8064564435648697	([228, 69], [228, 154, 146])
1	0.7638322333915567	0.8064647456084783	([173, 17], [176, 165, 11])
1	0.7355577232490829	0.8066007135578307	([212, 11], [200, 192, 183])
1	0.7074118379453762	0.8066227978263424	([150, 49], [150, 124, 30])
1	0.7736455067252059	0.8069337326636636	([232, 6], [232, 222, 6])
1	0.7648380372193204	0.8072733870559676	([247, 97], [245, 230, 13])
1	0.7453203651596818	0.8074086413392368	([230, 13], [237, 230, 13])
1	0.7708977324142382	0.8078201067166585	([225, 10], [225, 173, 162])
1	0.7771836633997281	0.8079255079887079	([177, 115], [245, 180, 177])
1	0.797961769618808	0.8082553544656296	([244, 151], [244, 234, 147])
1	0.7869849814445804	0.8083025464850413	([259, 113], [259, 153, 152])
1	0.7927161192020519	0.8083433724005761	([81, 18], [81, 44, 39])
1	0.7922097318084476	0.8084690795649914	([237, 128], [237, 128, 119])
1	0.7780156678865863	0.8086438507834217	([310, 176], [310, 253, 176])
1	0.7719696209716068	0.8086971016332031	([186, 14], [219, 203, 9])
1	0.7385918712781103	0.8092081260611088	([181, 5], [181, 168, 159])
1	0.786040384810498	0.8095583669663987	([291, 109], [305, 225, 145])
1	0.7679757349714863	0.8096983312696356	([297, 123], [269, 257, 123])
1	0.7937155024610655	0.8103722183251877	([79, 25], [79, 51, 45])
1	0.7663892153642426	0.8104497966470385	([299, 125], [299, 157, 152])
1	0.7345323265227574	0.8105590848523325	([298, 118], [298, 163, 118])
1	0.7648360443466853	0.810998999676077	([216, 148], [275, 226, 216])
1	0.7711178263687045	0.81147188605116	([217, 1], [216, 197, 1])
1	0.7870588043996423	0.8118078401867482	([162, 20], [245, 162, 20])
1	0.8042701553226805	0.812322646664624	([104, 37], [104, 97, 26])
1	0.7552395245797714	0.812322646664624	([300, 26], [213, 104, 26])
1	0.7397823552671018	0.8123970321643726	([181, 18], [181, 18, 13])
1	0.7709166950821192	0.8125892586754734	([292, 13], [300, 292, 13])
1	0.8105890332518707	0.8126851447568565	([152, 3], [320, 152, 149])
1	0.780100411698051	0.8128675596997585	([306, 240], [306, 299, 240])
1	0.7594966875170084	0.8129961022563752	([274, 130], [267, 130, 99])
1	0.739100163933087	0.8132455838205113	([236, 122], [236, 230, 114])
1	0.8081968555991681	0.8134462859636106	([183, 92], [183, 92, 20])
1	0.8120525647991884	0.8139176372598145	([177, 2], [177, 164, 6])
1	0.8142391627584282	0.8142416763801311	([233, 92], [233, 183, 157])
1	0.8107631778116715	0.8142452229333078	([218, 42], [218, 42, 20])
1	0.7920871698688375	0.8143698412264109	([286, 117], [286, 173, 117])
1	0.6903306059778649	0.8145237687218867	([318, 150], [318, 304, 271])
1	0.7667952052588026	0.8145250947837585	([226, 19], [226, 152, 19])
1	0.8056193809777308	0.8147243417904887	([187, 87], [187, 127, 87])
1	0.7716159032882532	0.8150877124192575	([144, 105], [146, 144, 105])
1	0.7906233688868822	0.8151442679366416	([212, 68], [212, 117, 68])
1	0.6710826257150604	0.8158200061237034	([142, 110], [152, 142, 12])
1	0.7889102714355386	0.8166802716613646	([304, 24], [304, 24, 8])
1	0.7630424534124343	0.8169192043985442	([203, 112], [203, 147, 112])
1	0.8009203473973008	0.8171461838399696	([176, 73], [176, 93, 73])
1	0.8130169948514173	0.8177947850458182	([200, 79], [200, 79, 67])
1	0.785118655999565	0.8177947850458182	([192, 97], [200, 192, 67])
1	0.8129103139529719	0.818143872589722	([318, 117], [318, 158, 115])
1	0.7639590098166077	0.8181811312158869	([239, 106], [261, 152, 113])
1	0.722340703678557	0.8182368540083016	([161, 91], [161, 121, 117])
1	0.8055853400380938	0.8182410106431539	([155, 88], [170, 169, 88])
1	0.7675430963006947	0.8182414995246357	([240, 87], [240, 205, 187])
1	0.8097425695803235	0.818388979052386	([216, 52], [193, 52, 13])
1	0.7878023000245419	0.8187198994370372	([169, 88], [226, 221, 99])
1	0.7818020324069272	0.8188873799673954	([208, 53], [208, 169, 153])
1	0.7799048329843014	0.8189034753089257	([124, 54], [124, 54, 28])
1	0.8141859904800192	0.8189034753089257	([160, 54], [160, 54, 28])
1	0.7858836689741857	0.819032105028474	([291, 30], [291, 30, 1])
1	0.7957225008064551	0.8194083005665768	([301, 130], [301, 286, 130])
1	0.7922423258993961	0.8194780213845385	([218, 95], [239, 218, 95])
1	0.8009555057579048	0.8195453892673458	([188, 29], [188, 168, 14])
1	0.8121066160172413	0.8201181283516807	([247, 32], [256, 247, 32])
1	0.8009978737412687	0.820396270365651	([287, 108], [287, 130, 108])
1	0.7897935608100465	0.8205180638260285	([289, 21], [289, 153, 152])
1	0.7792778718546495	0.8220838110592877	([266, 86], [266, 153, 97])
1	0.794479436409587	0.8224207810959298	([285, 23], [285, 152, 23])
1	0.8097081780743052	0.8228679332234652	([244, 116], [244, 198, 176])
1	0.7849418728157699	0.8229930007258438	([184, 99], [295, 201, 99])
1	0.8123870257849604	0.8231879930146988	([319, 33], [319, 196, 184])
1	0.7950483383933121	0.8232415333891188	([199, 125], [199, 161, 125])
1	0.818588890620925	0.8234985099812994	([316, 147], [316, 193, 185])
1	0.8024086165371145	0.8240731284085052	([239, 12], [246, 239, 12])
1	0.805271507565049	0.8242883682776629	([205, 33], [196, 33, 19])
1	0.8050925422944413	0.824588037162474	([186, 54], [186, 169, 124])
1	0.7957466371392119	0.8246729588048266	([231, 111], [231, 226, 111])
1	0.7899332747597974	0.8249088478785138	([202, 105], [276, 200, 105])
1	0.7921959202060431	0.8254676413974723	([243, 90], [245, 243, 103])
1	0.8188075702957227	0.8256922261749206	([235, 89], [245, 235, 89])
1	0.7836822640594955	0.8263272059321715	([283, 52], [298, 153, 51])
1	0.8156542854054953	0.8263618433774246	([194, 68], [212, 194, 143])
1	0.7573012532277286	0.8267153458142151	([241, 101], [252, 241, 101])
1	0.7325250040276382	0.8269468215266851	([176, 93], [253, 93, 27])
1	0.7962008452079243	0.8269468215266851	([174, 27], [253, 174, 27])
1	0.7974721813515337	0.8273301656036087	([214, 56], [214, 56, 12])
1	0.8048429881001452	0.8274051803918202	([282, 104], [282, 153, 104])
1	0.5521047941907837	0.8278629428892017	([255, 133], [255, 217, 170])
1	0.8263777647533149	0.8285115281741641	([282, 62], [282, 83, 62])
1	0.8215150337404034	0.8290283891867546	([143, 126], [156, 143, 131])
1	0.7997962547229164	0.8292064348137692	([254, 100], [254, 167, 100])
1	0.7745520837913531	0.8294954061049097	([150, 10], [154, 150, 10])
1	0.7771981092487458	0.8298438463661948	([156, 131], [167, 156, 120])
1	0.8169736218703799	0.8304488433726329	([143, 116], [270, 198, 116])
1	0.8284820480906696	0.8316399814663759	([315, 102], [315, 109, 102])
1	0.8003342667331854	0.8320978050945337	([256, 102], [265, 256, 102])
1	0.7857035518818146	0.8321187829965605	([178, 80], [178, 106, 95])
1	0.7788846545776295	0.8321692591154408	([268, 46], [268, 117, 46])
1	0.6954264344384035	0.8323256797179428	([132, 71], [132, 71, 4])
1	0.8152347556027723	0.8331492012843902	([268, 90], [286, 159, 90])
1	0.8290312953305299	0.8333048761848358	([182, 110], [289, 182, 110])
1	0.816698886351488	0.8342508561849783	([235, 121], [235, 193, 121])
1	0.8060669572509129	0.8358666783585244	([189, 82], [189, 161, 91])
1	0.8076757007970247	0.83595661850843	([268, 76], [268, 248, 76])
1	0.8199543406052396	0.8361178942841425	([174, 102], [174, 108, 102])
1	0.8227738951664605	0.8362811666137345	([274, 80], [274, 158, 80])
1	0.8177804671437802	0.8381877244511027	([222, 64], [222, 160, 31])
1	0.8158183057652397	0.8385176529322836	([212, 30], [212, 30, 11])
1	0.8285198033987456	0.8396664319808537	([197, 65], [197, 104, 65])
1	0.6723979590093393	0.8411439045814235	([132, 104], [132, 104, 4])
1	0.8380021967132709	0.8437799054949757	([308, 43], [308, 93, 43])
1	0.8432840426052604	0.8447917656515767	([262, 82], [262, 106, 82])
1	0.5275207489591813	0.8451881565330109	([127, 126], [126, 115, 94])
1	0.8363857100958598	0.845588315864569	([265, 67], [265, 91, 89])
1	0.7657718305224728	0.8464661582102913	([229, 30], [229, 220, 30])
1	0.8359108409589654	0.8474279311936859	([310, 61], [310, 93, 61])
1	0.821225324801334	0.8489406972852755	([146, 76], [146, 94, 76])
1	0.48736139363734543	0.8489889223078315	([125, 124], [141, 131, 116])
1	0.8340751505611246	0.8514692729624768	([316, 35], [316, 147, 35])
1	0.8183917817886617	0.8515314417309824	([299, 47], [299, 103, 42])
1	0.498636054040351	0.852277174372833	([86, 83], [141, 131, 61])
1	0.8524454532073094	0.8539287976252308	([180, 42], [186, 180, 42])
1	0.8117021075395551	0.8543033359963088	([242, 79], [242, 240, 79])
1	0.8507937673237841	0.8562622275207927	([293, 50], [293, 50, 33])
1	0.66426458397133	0.8562821530409326	([132, 4], [132, 128, 76])
1	0.8365038469457626	0.858458350347433	([311, 65], [311, 65, 53])
1	0.8596464446724468	0.8608527914866436	([236, 64], [242, 236, 64])
1	0.8633344402735801	0.8643814581336275	([191, 78], [191, 149, 78])
1	0.8239044226018355	0.869852058989473	([200, 36], [200, 118, 36])
1	0.49254587710864517	0.8793374531159432	([92, 91], [140, 91, 88])
1	0.6123902346140825	0.8826345858931368	([142, 12], [204, 140, 90])
1	0.4837184937669513	0.884654189686521	([141, 61], [279, 135, 125])
1	0.5013405833210018	0.8923842749489289	([139, 40], [139, 92, 40])
1	0.484455249610536	0.8936055055392692	([141, 116], [235, 139, 92])
1	0.4999468925356151	0.9017944469750249	([85, 84], [151, 134, 126])
1	0.5358128247040894	0.9083069852629602	([133, 102], [133, 132, 102])
1	0.4855472051860615	0.9094066738642099	([151, 150], [151, 134, 50])
1	0.4907094442117541	0.9137653939165893	([263, 141], [263, 141, 128])
1	0.5440134793108848	0.9168724800935135	([217, 133], [217, 133, 132])
0	0.0	0.9849004332952069	([136], [227, 226])
0	0.0	1.0	([138], [138, 0])
0	0.0	inf	([142], [])
