0	0.0	0.010588836859764373	([161], [161, 140])
0	0.0	0.010755602062550882	([187], [187, 180])
0	0.0	0.010953951409435862	([182], [182, 30])
0	0.0	0.01219884586031835	([176], [176, 166])
0	0.0	0.013060016947993643	([189], [189, 181])
0	0.0	0.013783753671563747	([183], [183, 179])
0	0.0	0.029789660586319083	([191], [191, 186])
0	0.0	0.2583663343043647	([5], [5, 4])
0	0.0	0.2699242835650503	([231], [231, 172])
0	0.0	0.2768009201875925	([450], [450, 449])
0	0.0	0.2782120213754316	([445], [445, 444])
0	0.0	0.2842248872229432	([431], [431, 430])
0	0.0	0.2857741354890509	([276], [276, 275])
0	0.0	0.2926271544605381	([435], [435, 434])
0	0.0	0.3034835162406252	([449], [449, 448])
0	0.0	0.3036330650463902	([8], [8, 7])
0	0.0	0.3040749384172188	([408], [408, 407])
0	0.0	0.3041293290474979	([426], [426, 425])
0	0.0	0.3044679292666721	([281], [281, 280])
0	0.0	0.30536896239912525	([335], [335, 334])
0	0.0	0.3061447031263806	([293], [293, 292])
0	0.0	0.30636750586101047	([427], [427, 426])
0	0.0	0.30734834688167745	([56], [56, 55])
0	0.0	0.3083843529734436	([424], [424, 423])
0	0.0	0.30934560230504493	([121], [121, 120])
0	0.0	0.3093643612718344	([7], [7, 6])
0	0.0	0.31015420471209604	([432], [432, 431])
0	0.0	0.31023856296717633	([327], [327, 326])
0	0.0	0.3104112835701469	([434], [434, 433])
0	0.0	0.3104261993006271	([292], [292, 291])
0	0.0	0.31196299830298174	([27], [27, 26])
0	0.0	0.3124193326604098	([438], [438, 437])
0	0.0	0.3147689468262156	([252], [252, 251])
0	0.0	0.31491716499631023	([266], [266, 265])
0	0.0	0.3153265476882311	([295], [295, 294])
0	0.0	0.31608789067199355	([272], [272, 271])
0	0.0	0.3174100917181258	([345], [345, 344])
0	0.0	0.3177118707926506	([258], [258, 257])
0	0.0	0.3185625874882114	([125], [125, 124])
0	0.0	0.31860061402994644	([348], [348, 347])
0	0.0	0.318677023192967	([442], [442, 441])
0	0.0	0.3187799941447757	([255], [255, 254])
0	0.0	0.31916254740113503	([319], [319, 318])
0	0.0	0.32042053374650836	([414], [414, 413])
0	0.0	0.3206527955333413	([23], [23, 22])
0	0.0	0.3218161638405574	([420], [420, 419])
0	0.0	0.32196095832700744	([298], [298, 297])
0	0.0	0.32219625369639865	([291], [291, 290])
0	0.0	0.32224520557299746	([242], [242, 241])
0	0.0	0.3229510302833393	([439], [439, 438])
0	0.0	0.32380511891358416	([139], [139, 138])
0	0.0	0.3240589362695987	([375], [375, 374])
0	0.0	0.32475082145798617	([422], [422, 421])
0	0.0	0.3248427895157608	([132], [132, 131])
0	0.0	0.3250973534685283	([363], [363, 362])
0	0.0	0.32524724570775504	([130], [130, 129])
0	0.0	0.3252657091773717	([237], [237, 236])
0	0.0	0.3258473075428106	([239], [239, 238])
0	0.0	0.32709846861609476	([330], [330, 329])
0	0.0	0.3271709075572326	([418], [418, 417])
0	0.0	0.32728701895025014	([326], [326, 325])
0	0.0	0.32735659916952614	([384], [384, 383])
0	0.0	0.3276053120379342	([283], [283, 282])
0	0.0	0.3284124969264807	([346], [346, 345])
0	0.0	0.32978793908131215	([397], [397, 396])
0	0.0	0.3297971375353219	([245], [245, 244])
0	0.0	0.32998047125039737	([381], [381, 380])
0	0.0	0.3309394178666793	([285], [285, 284])
0	0.0	0.3314658440132545	([273], [273, 272])
0	0.0	0.33237085048057213	([421], [421, 420])
0	0.0	0.33256583113790544	([300], [300, 299])
0	0.0	0.3326378248892337	([17], [17, 16])
0	0.0	0.33266120881621064	([257], [257, 256])
0	0.0	0.3328605808104803	([369], [369, 368])
0	0.0	0.3329599791402562	([385], [385, 384])
0	0.0	0.33348255221799117	([6], [6, 5])
0	0.0	0.3340269374747273	([289], [289, 288])
0	0.0	0.33432400012066427	([288], [288, 287])
0	0.0	0.33448428805226815	([303], [303, 302])
0	0.0	0.33498086383268	([315], [315, 314])
0	0.0	0.33542906976371706	([68], [68, 67])
0	0.0	0.33560211333429163	([152], [152, 151])
0	0.0	0.33573320238407633	([249], [249, 248])
0	0.0	0.3357680201552035	([308], [308, 307])
0	0.0	0.335994693833853	([392], [392, 391])
0	0.0	0.33608074812566097	([280], [280, 279])
0	0.0	0.33626918962544805	([357], [357, 356])
0	0.0	0.3367246177087985	([342], [342, 341])
0	0.0	0.33694313191996417	([53], [53, 52])
0	0.0	0.3370853300976389	([323], [323, 322])
0	0.0	0.33714383935519693	([428], [428, 427])
0	0.0	0.3376579335661107	([11], [11, 10])
0	0.0	0.3377840220979917	([329], [329, 328])
0	0.0	0.3381961581147768	([251], [251, 250])
0	0.0	0.33824944406903273	([240], [240, 239])
0	0.0	0.33844028493715217	([299], [299, 298])
0	0.0	0.33866110183753345	([20], [20, 19])
0	0.0	0.33885739539857	([19], [19, 18])
0	0.0	0.33918374855777605	([279], [279, 278])
0	0.0	0.33931277663026316	([404], [404, 403])
0	0.0	0.339731021926876	([150], [150, 149])
0	0.0	0.33998436242861996	([44], [44, 43])
0	0.0	0.3401453867600406	([423], [423, 422])
0	0.0	0.340580020431748	([334], [334, 333])
0	0.0	0.34079259364139125	([441], [441, 440])
0	0.0	0.3408051669294887	([378], [378, 377])
0	0.0	0.341121147370519	([365], [365, 364])
0	0.0	0.34115091886709015	([436], [436, 435])
0	0.0	0.34136872885190644	([12], [12, 11])
0	0.0	0.3416398103873262	([287], [287, 286])
0	0.0	0.34165499129733445	([248], [248, 247])
0	0.0	0.3422423205191711	([406], [406, 405])
0	0.0	0.3430586193842265	([309], [309, 308])
0	0.0	0.3430868002313322	([185], [185, 175])
0	0.0	0.34312686533345776	([313], [313, 312])
0	0.0	0.3433585637691059	([256], [256, 255])
0	0.0	0.3435562444774401	([382], [382, 381])
0	0.0	0.3440655344923796	([149], [149, 148])
0	0.0	0.344113966761118	([65], [65, 64])
0	0.0	0.3445586817867443	([1], [1, 0])
0	0.0	0.3447413759131519	([318], [318, 317])
0	0.0	0.34529741403756326	([58], [58, 57])
0	0.0	0.34537695071977104	([446], [446, 445])
0	0.0	0.345880019350131	([443], [443, 442])
0	0.0	0.34619143158700394	([108], [108, 107])
0	0.0	0.3486129045463184	([367], [367, 366])
0	0.0	0.34905713280140443	([264], [264, 260])
0	0.0	0.34916789765260453	([444], [444, 443])
0	0.0	0.34957183493810995	([321], [321, 320])
0	0.0	0.35006923030360065	([343], [343, 342])
0	0.0	0.3501576160487111	([260], [264, 263])
0	0.0	0.35032711345435913	([302], [302, 301])
0	0.0	0.3504009442528885	([78], [78, 77])
0	0.0	0.35086888077938105	([131], [131, 130])
0	0.0	0.35109364243051444	([128], [128, 127])
0	0.0	0.3511126244586035	([24], [24, 23])
0	0.0	0.3511605161383651	([393], [393, 392])
0	0.0	0.35172661822924634	([440], [440, 439])
0	0.0	0.35179412807151333	([351], [351, 350])
0	0.0	0.3524265304186968	([184], [184, 171])
0	0.0	0.3524776746656982	([3], [3, 2])
0	0.0	0.35267104785649117	([154], [154, 153])
0	0.0	0.35291832456645045	([401], [401, 400])
0	0.0	0.35293008784649543	([374], [374, 373])
0	0.0	0.3534907892196703	([156], [156, 155])
0	0.0	0.3538256783012672	([84], [84, 83])
0	0.0	0.35402007664097196	([15], [15, 14])
0	0.0	0.35414816113436726	([310], [310, 309])
0	0.0	0.3542399898448878	([162], [162, 29])
0	0.0	0.3544271572505711	([314], [314, 313])
0	0.0	0.35452147892729513	([336], [336, 335])
0	0.0	0.3546788485396168	([290], [290, 289])
0	0.0	0.35472055663777063	([259], [259, 258])
0	0.0	0.35473242628966933	([322], [322, 321])
0	0.0	0.3553841302373514	([403], [403, 402])
0	0.0	0.35541839664757274	([100], [100, 99])
0	0.0	0.35583076256276747	([127], [127, 126])
0	0.0	0.3563718632893944	([417], [417, 416])
0	0.0	0.35644361426350013	([263], [263, 262])
0	0.0	0.35660313597692167	([39], [39, 38])
0	0.0	0.3569019867954662	([399], [399, 398])
0	0.0	0.35718935433408516	([286], [286, 285])
0	0.0	0.3575895348639893	([352], [352, 351])
0	0.0	0.3578922240782506	([274], [274, 273])
0	0.0	0.3580709061287193	([18], [18, 17])
0	0.0	0.3584106537839633	([45], [45, 44])
0	0.0	0.3587263457639957	([96], [96, 95])
0	0.0	0.3591480784990362	([21], [21, 20])
0	0.0	0.3596079040649245	([333], [333, 332])
0	0.0	0.3600227772320681	([373], [373, 372])
0	0.0	0.36009670440159225	([284], [284, 283])
0	0.0	0.36019951732146416	([332], [332, 331])
0	0.0	0.3607115149786617	([146], [146, 145])
0	0.0	0.3607246425786339	([341], [341, 340])
0	0.0	0.3610071058629703	([411], [411, 410])
0	0.0	0.3610175043306025	([389], [389, 388])
0	0.0	0.36114308722106553	([324], [324, 323])
0	0.0	0.3611826692108201	([90], [90, 89])
0	0.0	0.3612766795675375	([48], [48, 46])
0	0.0	0.361356833776106	([137], [137, 136])
0	0.0	0.36174601215894303	([359], [359, 358])
0	0.0	0.36262972839203916	([25], [25, 24])
0	0.0	0.3626481344040642	([10], [10, 9])
0	0.0	0.36267838308359723	([9], [9, 8])
0	0.0	0.3627221981428263	([52], [52, 51])
0	0.0	0.3636583686793778	([253], [253, 252])
0	0.0	0.36391439595055014	([412], [412, 411])
0	0.0	0.36436447307290354	([415], [415, 414])
0	0.0	0.3646545005305781	([358], [358, 357])
0	0.0	0.3648524960687099	([55], [55, 54])
0	0.0	0.36592915269810783	([153], [153, 152])
0	0.0	0.3660815957793008	([350], [350, 349])
0	0.0	0.36634404722265007	([155], [155, 154])
0	0.0	0.3665838724921603	([122], [122, 121])
0	0.0	0.36686416812696415	([316], [316, 315])
0	0.0	0.3670175164004859	([425], [425, 424])
0	0.0	0.36709667229642506	([95], [95, 94])
0	0.0	0.3671171852590944	([360], [360, 359])
0	0.0	0.3674768245762133	([362], [362, 361])
0	0.0	0.36762567435416355	([353], [353, 352])
0	0.0	0.36763120044983416	([416], [416, 415])
0	0.0	0.3676728611524937	([133], [133, 132])
0	0.0	0.3677751805174703	([282], [282, 281])
0	0.0	0.368275117150031	([238], [238, 237])
0	0.0	0.36827597734955286	([22], [22, 21])
0	0.0	0.36836870024613794	([112], [112, 111])
0	0.0	0.36873871264390845	([410], [410, 409])
0	0.0	0.36920631171211965	([312], [312, 311])
0	0.0	0.37080920565452885	([383], [383, 382])
0	0.0	0.3708559101456921	([328], [328, 326])
0	0.0	0.37126378914482516	([135], [135, 134])
0	0.0	0.37193031928052045	([271], [271, 270])
0	0.0	0.3720179183249473	([244], [244, 243])
0	0.0	0.3722316607765719	([275], [275, 274])
0	0.0	0.3726795794980289	([430], [430, 429])
0	0.0	0.3729094923893109	([106], [106, 105])
0	0.0	0.37325940773816585	([120], [120, 119])
0	0.0	0.37326569112297747	([26], [26, 25])
0	0.0	0.3744977209797487	([105], [105, 104])
0	0.0	0.3746662415978482	([437], [437, 436])
0	0.0	0.374928345483166	([368], [368, 367])
0	0.0	0.3751087004692195	([407], [408, 406])
0	0.0	0.37677823263020976	([69], [69, 68])
0	0.0	0.37758780619138527	([236], [236, 235])
0	0.0	0.37899191297094165	([94], [94, 93])
0	0.0	0.37940601685917025	([64], [64, 63])
0	0.0	0.37953836704233124	([250], [250, 249])
0	0.0	0.37983557993413547	([331], [331, 330])
0	0.0	0.38009325108119646	([339], [339, 338])
0	0.0	0.3811252920083594	([81], [81, 75])
0	0.0	0.3816627614279925	([101], [101, 100])
0	0.0	0.3821670258569377	([262], [262, 261])
0	0.0	0.38285151880168344	([304], [304, 303])
0	0.0	0.3836438787505968	([16], [16, 15])
0	0.0	0.3836926567774074	([340], [340, 339])
0	0.0	0.38375091650482807	([77], [77, 76])
0	0.0	0.38487096290469436	([62], [62, 61])
0	0.0	0.3849510694642917	([63], [63, 62])
0	0.0	0.3850091069189179	([349], [349, 348])
0	0.0	0.38529123978082785	([4], [4, 3])
0	0.0	0.38592410382095954	([267], [267, 266])
0	0.0	0.3860228991425223	([50], [50, 46])
0	0.0	0.3864056499874102	([67], [67, 66])
0	0.0	0.3865122150142049	([70], [70, 69])
0	0.0	0.3865586729014634	([320], [320, 319])
0	0.0	0.3865735727027865	([66], [66, 65])
0	0.0	0.3873039665202076	([83], [83, 82])
0	0.0	0.38755721306570906	([268], [268, 267])
0	0.0	0.3875893984477156	([138], [138, 137])
0	0.0	0.38776707548249517	([36], [36, 35])
0	0.0	0.3883571776186256	([59], [59, 58])
0	0.0	0.38855152718179425	([57], [58, 56])
0	0.0	0.38954154144066483	([151], [151, 150])
0	0.0	0.38999620306341937	([85], [85, 84])
0	0.0	0.391546333500508	([344], [344, 343])
0	0.0	0.39191061840075975	([356], [356, 355])
0	0.0	0.3920989030582064	([246], [246, 245])
0	0.0	0.3922860125861192	([400], [400, 399])
0	0.0	0.39300524956185484	([361], [361, 360])
0	0.0	0.39314477284116817	([377], [377, 376])
0	0.0	0.3932784122338111	([429], [429, 428])
0	0.0	0.39455705685579734	([265], [265, 264])
0	0.0	0.394604217071849	([307], [307, 306])
0	0.0	0.3952732484930657	([35], [35, 34])
0	0.0	0.3953740425896676	([366], [366, 365])
0	0.0	0.396136568629873	([347], [347, 346])
0	0.0	0.3964682160380558	([54], [54, 53])
0	0.0	0.39671946106376654	([338], [338, 337])
0	0.0	0.3968431422285767	([243], [243, 242])
0	0.0	0.39696236633220616	([2], [2, 1])
0	0.0	0.3974437681007409	([117], [117, 115])
0	0.0	0.397462655558162	([306], [306, 305])
0	0.0	0.3974825713549518	([409], [409, 408])
0	0.0	0.3981870151484207	([89], [89, 88])
0	0.0	0.3986628772288707	([278], [278, 277])
0	0.0	0.3987484698235431	([380], [380, 379])
0	0.0	0.39973929648670226	([433], [433, 432])
0	0.0	0.4001953432141783	([394], [394, 393])
0	0.0	0.40107136542304955	([301], [301, 300])
0	0.0	0.4018579236250637	([387], [387, 386])
0	0.0	0.4024353168396616	([102], [102, 101])
0	0.0	0.40292095287290325	([111], [111, 106])
0	0.0	0.40320051590796674	([296], [296, 295])
0	0.0	0.4033848178584914	([297], [297, 296])
0	0.0	0.4036236482017579	([372], [372, 371])
0	0.0	0.40381357355615866	([354], [354, 353])
0	0.0	0.4038198372015025	([46], [48, 47])
0	0.0	0.40401859480487806	([395], [395, 394])
0	0.0	0.4048282566309522	([123], [123, 122])
0	0.0	0.40502215271895475	([364], [364, 363])
0	0.0	0.4053772049779332	([157], [157, 156])
0	0.0	0.4055885728529439	([86], [86, 85])
0	0.0	0.4059463105228556	([337], [337, 336])
0	0.0	0.4061136189350087	([75], [81, 80])
0	0.0	0.40638344544538535	([134], [134, 133])
0	0.0	0.40697135766805376	([80], [80, 79])
0	0.0	0.4098835029199209	([29], [162, 40])
0	0.0	0.4101430555790797	([305], [305, 304])
0	0.0	0.4104112656892394	([376], [376, 375])
0	0.0	0.4104416476781724	([388], [388, 387])
0	0.0	0.41137776078900407	([163], [163, 118])
0	0.0	0.4120296029226352	([419], [419, 418])
0	0.0	0.4120883451332613	([390], [390, 389])
0	0.0	0.41249389537961684	([14], [14, 12])
0	0.0	0.41300399025724316	([118], [163, 71])
0	0.0	0.4133684707783202	([32], [32, 31])
0	0.0	0.41422567123947884	([0], [14, 13])
0	0.0	0.41464834616385393	([79], [79, 78])
0	0.0	0.4147330914440061	([311], [311, 310])
0	0.0	0.41476631564524563	([234], [234, 233])
0	0.0	0.41477429600708393	([391], [391, 390])
0	0.0	0.41500476319981344	([126], [126, 125])
0	0.0	0.41592082521375373	([317], [317, 316])
0	0.0	0.4161049802542613	([76], [75, 74])
0	0.0	0.4161762803766059	([148], [148, 147])
0	0.0	0.41702964698166245	([402], [402, 401])
0	0.0	0.4172492930151794	([254], [254, 253])
1	0.4075022668439164	0.4182171285991924	([264, 261], [264, 263, 262])
0	0.0	0.418609909049501	([129], [129, 128])
0	0.0	0.41887558053146334	([141], [141, 139])
0	0.0	0.4201986336762941	([370], [370, 369])
0	0.0	0.4207631005655841	([47], [46, 45])
0	0.0	0.4209376258574828	([160], [160, 159])
0	0.0	0.4217034863561207	([413], [413, 412])
0	0.0	0.42250867192412317	([104], [111, 109])
0	0.0	0.4235334306495145	([43], [43, 42])
0	0.0	0.42407143764189714	([396], [396, 394])
1	0.3909059105335882	0.42443187682859695	([240, 235], [238, 237, 236])
0	0.0	0.42470131230771224	([136], [136, 135])
0	0.0	0.4251711055293786	([87], [87, 86])
0	0.0	0.42537879919206895	([405], [405, 404])
1	0.40221006301445905	0.42683756930025996	([416, 413], [416, 415, 413])
0	0.0	0.4269526999518753	([325], [325, 324])
0	0.0	0.4270712257400228	([371], [371, 370])
0	0.0	0.42856272720227495	([165], [165, 49])
0	0.0	0.4291674075141118	([269], [269, 268])
0	0.0	0.42956311064178243	([145], [145, 144])
0	0.0	0.4298145327816639	([34], [34, 32])
0	0.0	0.4300397397187773	([116], [116, 115])
0	0.0	0.43166195576175853	([270], [270, 269])
0	0.0	0.43312992227160846	([173], [173, 172])
1	0.41670497857052985	0.4347310025043144	([316, 311], [316, 314, 312])
0	0.0	0.43485452390805673	([110], [110, 109])
0	0.0	0.4348979969262055	([355], [356, 353])
0	0.0	0.4350032721223699	([447], [447, 165])
0	0.0	0.43532011874973325	([175], [185, 40])
0	0.0	0.43625642945782106	([114], [114, 113])
0	0.0	0.4390740041138263	([38], [38, 37])
0	0.0	0.4392287844776129	([177], [177, 169])
0	0.0	0.4397160657741349	([143], [143, 142])
0	0.0	0.4403889099960066	([97], [97, 96])
0	0.0	0.44227009221470087	([174], [174, 173])
0	0.0	0.4427073140672281	([169], [169, 158])
0	0.0	0.442795840543731	([124], [124, 123])
0	0.0	0.4433505802714946	([60], [60, 59])
1	0.4418379330583904	0.4435089642202656	([131, 128], [131, 130, 129])
0	0.0	0.44482319698510286	([115], [115, 113])
0	0.0	0.4453201637403497	([398], [398, 397])
0	0.0	0.4456124103336497	([28], [28, 27])
0	0.0	0.44624765099357167	([88], [88, 86])
0	0.0	0.4471681802243373	([73], [73, 72])
0	0.0	0.4476939759469473	([178], [178, 177])
0	0.0	0.44858894411237515	([51], [52, 46])
0	0.0	0.44913624424566595	([49], [447, 446])
0	0.0	0.4493846625357304	([61], [61, 59])
0	0.0	0.449607772562672	([170], [170, 168])
0	0.0	0.450971619355052	([159], [159, 157])
1	0.43263580667864343	0.45209788519017013	([133, 129], [133, 132, 129])
0	0.0	0.452324311110945	([103], [103, 102])
0	0.0	0.4531789278944238	([232], [232, 160])
0	0.0	0.4537272013796381	([147], [147, 146])
0	0.0	0.4555967300904038	([379], [379, 378])
0	0.0	0.4556707173905789	([235], [235, 234])
0	0.0	0.45721154813349324	([158], [158, 157])
0	0.0	0.4576038879919773	([37], [37, 36])
0	0.0	0.4579951231513288	([113], [114, 91])
0	0.0	0.45971365252780944	([277], [277, 276])
0	0.0	0.46026051027186005	([109], [109, 108])
0	0.0	0.46068163370523824	([42], [42, 41])
0	0.0	0.46179528916187673	([72], [73, 70])
0	0.0	0.46183830561520595	([98], [98, 91])
0	0.0	0.46512143555679863	([144], [169, 33])
1	0.4602644289509547	0.465725095722838	([90, 87], [90, 89, 88])
0	0.0	0.4658296293328871	([171], [184, 41])
0	0.0	0.4661002288060218	([99], [99, 97])
0	0.0	0.46643979411082787	([448], [448, 446])
0	0.0	0.46658928765300595	([93], [99, 98])
0	0.0	0.46712021755809013	([247], [247, 246])
0	0.0	0.4685112636100668	([33], [144, 142])
0	0.0	0.4708548717828604	([91], [91, 60])
1	0.45715085032908437	0.47106482746887157	([87, 84], [87, 86, 84])
0	0.0	0.47220998039409856	([142], [33, 32])
0	0.0	0.47238559641717925	([31], [178, 173])
0	0.0	0.47321317007430835	([241], [241, 240])
0	0.0	0.4737764309688007	([107], [105, 103])
0	0.0	0.4739204962917994	([74], [76, 73])
0	0.0	0.47800315580613095	([41], [110, 92])
1	0.4740452154606259	0.47887857494267305	([400, 396], [400, 398, 396])
0	0.0	0.48166645384185075	([92], [184, 37])
0	0.0	0.48451869636351863	([172], [32, 28])
0	0.0	0.4848867097356001	([261], [260, 259])
0	0.0	0.4879094958938477	([119], [119, 117])
0	0.0	0.4880007949820109	([233], [233, 232])
1	0.4575151412447751	0.49014591894084997	([51, 50], [52, 51, 50])
0	0.0	0.4955700096152627	([168], [170, 164])
1	0.48457719866688265	0.4969067105625116	([39, 35], [39, 37, 35])
0	0.0	0.49829129063079847	([386], [386, 184])
0	0.0	0.5017515035102371	([294], [294, 293])
0	0.0	0.5023592301210025	([13], [72, 71])
1	0.49188951898795996	0.502557123765128	([149, 144], [149, 147, 145])
1	0.46607102818882507	0.502557123765128	([151, 146], [151, 149, 145])
1	0.44995493904069683	0.5088858432933501	([86, 82], [86, 84, 83])
0	0.0	0.5129003104144895	([164], [168, 31])
1	0.49692214996847867	0.513226400810345	([72, 69], [73, 72, 70])
1	0.5062256002502028	0.5173468556327327	([160, 33], [160, 33, 28])
0	0.0	0.519045436450516	([82], [90, 76])
1	0.5113221642891435	0.5196827662771462	([79, 76], [79, 78, 77])
1	0.5163616636207691	0.5211519508489363	([304, 295], [304, 303, 294])
1	0.48074276898924034	0.5211953237530635	([78, 74], [81, 80, 74])
1	0.5164267847001497	0.5234444433642675	([135, 126], [135, 129, 126])
1	0.510303983554252	0.5234685318069299	([70, 64], [70, 69, 64])
1	0.5156574922635714	0.5272041076117255	([110, 107], [110, 109, 107])
1	0.5176267213866987	0.5297749987594739	([444, 440], [444, 443, 442])
1	0.5366988966044315	0.5389099679261259	([410, 405], [410, 409, 405])
0	0.0	0.5510469674628706	([40], [29, 28])
1	0.49099391919298097	0.5637166665651911	([41, 39], [184, 41, 37])
1	0.5363019979946254	0.5811265293581609	([371, 360], [371, 367, 366])
1	0.5562783994231603	0.5883895078106002	([117, 109], [117, 114, 113])
1	0.5239897952424595	0.592784960235992	([87, 81], [87, 81, 74])
1	0.5520551841383028	0.5962841227468879	([21, 15], [21, 18, 15])
1	0.5516936787233262	0.5965704475835398	([173, 168], [173, 172, 170])
1	0.5880113059952282	0.59766396766351	([350, 339], [350, 346, 339])
1	0.5813025386368322	0.6022627501636525	([137, 125], [137, 135, 133])
1	0.5884292279770225	0.603097463515883	([446, 438], [446, 443, 442])
1	0.5941347066363566	0.604673196019929	([365, 359], [365, 361, 360])
1	0.5245595912035499	0.6076548245374622	([160, 123], [160, 123, 116])
1	0.5779969851668887	0.6100171026614015	([105, 81], [105, 101, 100])
1	0.6069172591823067	0.6157373017422147	([96, 83], [96, 94, 83])
1	0.6081188393428343	0.6160823248253889	([231, 171], [231, 172, 170])
1	0.5910215863660179	0.6162792656623782	([156, 147], [155, 153, 147])
1	0.6128472437898524	0.6170865192000136	([387, 376], [387, 383, 378])
1	0.5892247847946062	0.6191334538719605	([115, 112], [115, 113, 112])
1	0.616504662136538	0.6207943878609359	([124, 115], [124, 119, 117])
1	0.5978386117034309	0.6216962174565137	([73, 65], [73, 70, 65])
1	0.6086981592239392	0.6300047399042235	([75, 72], [76, 74, 72])
1	0.6248038976035892	0.6369477566358842	([121, 108], [121, 116, 108])
1	0.616467171084523	0.6400176421328467	([84, 78], [89, 84, 78])
1	0.6386088117063207	0.6403216667951405	([266, 258], [266, 265, 258])
1	0.6337725016628395	0.6455492895755229	([99, 90], [99, 93, 89])
1	0.607538097872057	0.6515208259069654	([450, 442], [450, 447, 443])
1	0.6390301056227145	0.6521523018245271	([110, 93], [110, 106, 93])
1	0.6542749302356811	0.6544683104002323	([270, 263], [270, 263, 257])
1	0.5966183468814094	0.6570189898204649	([83, 80], [87, 86, 74])
1	0.6176815479483433	0.6570611118692596	([94, 74], [99, 94, 74])
1	0.6456337494727135	0.657758644591347	([44, 24], [44, 42, 27])
1	0.6098162656446596	0.6577787570086243	([113, 100], [113, 108, 106])
1	0.6090453403875367	0.6581120906216946	([112, 96], [112, 105, 98])
1	0.5633563614200499	0.658191448403837	([170, 34], [170, 164, 35])
1	0.5533352469709911	0.658191448403837	([164, 42], [170, 168, 35])
1	0.642763367558607	0.6604580174015274	([352, 343], [352, 349, 346])
1	0.5635173574093593	0.6613621639385874	([76, 51], [76, 58, 53])
1	0.5692559939898058	0.6622327234083445	([109, 74], [109, 104, 98])
1	0.6511948228004764	0.6673171411131844	([158, 151], [158, 155, 154])
1	0.630294383967601	0.6674919703464314	([142, 136], [142, 141, 139])
1	0.656469825855681	0.6674919703464314	([146, 139], [146, 142, 139])
1	0.6556164969183816	0.6680908682098733	([405, 388], [405, 401, 400])
1	0.5873875970369737	0.6697426576965101	([97, 82], [97, 90, 88])
1	0.6586839969163707	0.6740583137473081	([136, 120], [136, 126, 117])
1	0.6745174937548107	0.6748794143845065	([143, 138], [143, 139, 138])
1	0.621360238386027	0.6748794143845065	([143, 128], [143, 142, 139])
1	0.5449297042215141	0.6750376616788354	([76, 61], [76, 70, 61])
1	0.6212961628086923	0.6753206738843047	([155, 142], [155, 152, 144])
1	0.6320294752839707	0.6757722163339114	([134, 113], [127, 125, 113])
1	0.6330843670874101	0.676145123336653	([85, 75], [94, 85, 75])
1	0.6420177225233192	0.6781919097110171	([270, 257], [270, 267, 263])
1	0.6401389424797673	0.6788302804942971	([141, 107], [141, 107, 95])
1	0.6239956261316774	0.679343298485611	([421, 407], [421, 417, 416])
1	0.6552689027180819	0.6809989635296217	([172, 36], [172, 170, 36])
1	0.5944234414969417	0.687840891273563	([107, 99], [141, 119, 107])
1	0.6571333658279551	0.6880249455098114	([355, 331], [355, 338, 333])
1	0.647518038103549	0.6897744320346996	([365, 355], [365, 362, 355])
1	0.5117208116142303	0.6915886224361221	([160, 116], [160, 116, 103])
1	0.6539295610733318	0.6920058987242473	([266, 247], [266, 258, 251])
1	0.67818940594562	0.6928004514654005	([137, 116], [137, 125, 116])
1	0.6812290690839766	0.692947113490999	([345, 333], [346, 345, 333])
1	0.6890188903433727	0.6931219344041175	([159, 16], [159, 27, 16])
1	0.6701100404489527	0.6933478737952041	([372, 358], [372, 365, 358])
1	0.6891236588687587	0.6933478737952041	([375, 358], [375, 365, 358])
1	0.5772160591128628	0.6937581531528922	([141, 93], [139, 125, 93])
1	0.6585083087058933	0.6953433314268902	([174, 41], [174, 173, 41])
1	0.6778209648083228	0.6958105348536462	([93, 59], [93, 87, 69])
1	0.6904583243610545	0.6958105348536462	([139, 69], [139, 93, 69])
1	0.6792231474115028	0.6969623136868968	([43, 22], [43, 26, 22])
1	0.6230044361905149	0.6975144975749095	([231, 82], [231, 170, 32])
1	0.6974998308694772	0.6977649252466078	([359, 341], [359, 354, 353])
1	0.6971028241642799	0.6986455965402055	([235, 178], [235, 232, 178])
1	0.6872858230848976	0.6989452062382056	([135, 102], [135, 121, 119])
1	0.6992409000072479	0.6998743786312026	([21, 2], [21, 13, 9])
1	0.6852266011072449	0.7004222427714303	([450, 419], [442, 440, 425])
1	0.6769907667768443	0.701217691061735	([425, 409], [425, 424, 409])
1	0.6384873585385529	0.7017874348877343	([264, 147], [264, 253, 250])
1	0.6893781820713756	0.7030352609183397	([338, 329], [338, 333, 332])
1	0.6953402560481836	0.7034908487314024	([96, 79], [96, 89, 83])
1	0.6980036666352146	0.7038138325527482	([149, 107], [156, 153, 107])
1	0.6492207252219434	0.7040317205619347	([102, 56], [102, 93, 56])
1	0.6486566311875278	0.7043962561018657	([178, 34], [178, 168, 31])
1	0.6924809113695461	0.7048614997744774	([143, 43], [143, 54, 43])
1	0.6549670733853626	0.7056642045051627	([266, 242], [266, 247, 242])
1	0.6952560663379558	0.7064063214829183	([143, 27], [143, 43, 27])
1	0.6407926643357181	0.708454635317759	([351, 335], [351, 346, 335])
1	0.6908411059497235	0.7085690821734417	([352, 336], [354, 352, 336])
1	0.681993168800365	0.7099077315009151	([159, 27], [168, 159, 35])
1	0.7054526683877312	0.7101296253564781	([84, 65], [84, 82, 66])
1	0.6916336352120018	0.710776332923838	([360, 143], [360, 353, 345])
1	0.6610060458173134	0.710776332923838	([360, 345], [360, 353, 352])
1	0.687603757498771	0.711358448111114	([144, 94], [144, 141, 75])
1	0.659268435777764	0.711358448111114	([141, 75], [144, 143, 75])
1	0.6607085728097283	0.7120222463978657	([88, 63], [89, 88, 63])
1	0.6450746811286496	0.7128280227366883	([74, 16], [74, 23, 16])
1	0.7079665892598529	0.7129063027681675	([93, 50], [93, 56, 50])
1	0.6920176841296821	0.7134211473384588	([439, 407], [439, 428, 424])
1	0.6816101267978877	0.7140916474914857	([68, 51], [68, 67, 51])
1	0.6853208686626552	0.7154042475132739	([151, 44], [151, 51, 44])
1	0.7116456286093747	0.7189387446444304	([93, 31], [93, 44, 38])
1	0.7056717722332947	0.7190430088551719	([332, 284], [333, 332, 289])
1	0.6741440805637726	0.7194492921118126	([136, 90], [134, 119, 113])
1	0.7085946741102054	0.7199086413418817	([291, 278], [291, 286, 282])
1	0.6179787958048026	0.719978542863667	([373, 354], [373, 364, 354])
1	0.6896072332122519	0.7201081138671137	([155, 25], [155, 154, 23])
1	0.7155408372539456	0.7206002496232783	([401, 377], [401, 389, 388])
1	0.7196758925774078	0.7216078428789671	([135, 86], [135, 102, 95])
1	0.6681758680259637	0.7217417515397081	([236, 174], [233, 232, 174])
1	0.7185071238973125	0.7221823297303628	([112, 86], [112, 100, 94])
1	0.6974500588574827	0.7224642668238177	([143, 62], [143, 79, 62])
1	0.7013508736438392	0.7225314606909943	([335, 286], [335, 332, 286])
1	0.7008745924942729	0.7228116348175492	([333, 290], [354, 291, 289])
1	0.5913973567404036	0.7229510118693535	([168, 104], [104, 95, 86])
1	0.6731699949640978	0.7231033794371662	([83, 17], [83, 17, 13])
1	0.7124898688335461	0.7234364590580163	([267, 237], [267, 262, 241])
1	0.7141296287370587	0.723471246672334	([148, 21], [148, 145, 23])
1	0.6682540238005744	0.723471246672334	([156, 24], [154, 148, 23])
1	0.5412158697140771	0.7238386606933124	([93, 88], [103, 95, 90])
1	0.665176425734901	0.7243427859240346	([116, 83], [116, 113, 86])
1	0.7028184121175377	0.7253328590165282	([174, 159], [174, 171, 159])
1	0.6119878275932177	0.7254631286297972	([147, 122], [168, 156, 122])
1	0.6563971994511449	0.7260438176907541	([146, 11], [147, 146, 9])
1	0.6545980918431046	0.7270196351683728	([142, 106], [142, 136, 102])
1	0.7072279106775679	0.7272128147355396	([275, 255], [280, 267, 260])
1	0.6235179498768615	0.72743402750813	([355, 338], [355, 352, 349])
1	0.6855234933765196	0.72743402750813	([372, 349], [372, 355, 349])
1	0.7016434062546341	0.7275791225424183	([73, 23], [144, 78, 73])
1	0.7105280612082944	0.7278724883873116	([415, 391], [415, 406, 393])
1	0.6732083577883679	0.7279417305430299	([282, 250], [285, 279, 265])
1	0.7061536668019694	0.7279419887810429	([154, 93], [154, 141, 93])
1	0.687563458897746	0.7279419887810429	([154, 48], [154, 142, 141])
1	0.6946565652042926	0.7279419887810429	([157, 141], [157, 154, 141])
1	0.7211124508981043	0.7280869229722138	([146, 52], [146, 145, 48])
1	0.7258104038339632	0.7281386692735662	([137, 112], [137, 130, 112])
1	0.6687136502370049	0.7282039352041781	([146, 110], [146, 123, 122])
1	0.6093618193721339	0.7282039352041781	([168, 122], [146, 145, 122])
1	0.7199297220995899	0.7283500972569801	([444, 423], [444, 440, 423])
1	0.720515490946048	0.7286828679486976	([232, 27], [232, 173, 35])
1	0.7183140383742347	0.7289332062882868	([68, 39], [68, 50, 44])
1	0.6358398373413249	0.7292063036850261	([74, 23], [147, 145, 17])
1	0.7188704095897647	0.7295955139374246	([445, 420], [445, 440, 420])
1	0.5928226458230075	0.7311225059622851	([143, 75], [144, 139, 78])
1	0.7120576567518824	0.7316431105711846	([328, 287], [333, 328, 319])
1	0.7238347004158606	0.731742249325398	([146, 20], [146, 145, 17])
1	0.6877218951378314	0.7320288617256512	([137, 101], [137, 130, 101])
1	0.7029942210909241	0.7321493742484801	([45, 16], [45, 26, 25])
1	0.5200377651693412	0.7321610021661076	([119, 118], [118, 115, 110])
1	0.7198515469444399	0.7322640780829681	([444, 418], [444, 423, 418])
1	0.6838606164940582	0.7326891605885674	([158, 28], [168, 156, 28])
1	0.7220730476430313	0.73301959449987	([26, 11], [26, 22, 11])
1	0.635071306165281	0.73301959449987	([147, 17], [150, 22, 11])
1	0.7284575260227821	0.7331122986648051	([450, 2], [450, 449, 1])
1	0.6958398407112912	0.7332216101125484	([129, 96], [129, 112, 108])
1	0.6822103975209287	0.7334630797787534	([151, 58], [151, 145, 44])
1	0.69981082302758	0.7334925491757641	([104, 69], [104, 80, 74])
1	0.6540146081797538	0.7334925491757641	([145, 104], [145, 104, 74])
1	0.6083406811761325	0.7335122743813066	([76, 3], [76, 12, 3])
1	0.7267244239369871	0.7340199730017571	([109, 20], [109, 55, 19])
1	0.637891785159465	0.7350230523229869	([145, 48], [151, 44, 22])
1	0.7227373453283761	0.7353026834436751	([152, 112], [150, 142, 94])
1	0.7331506189804355	0.7353653366334955	([232, 151], [233, 232, 154])
1	0.7245954051105277	0.7355389641894927	([233, 39], [233, 174, 39])
1	0.711972390764378	0.7355424194368043	([146, 84], [146, 101, 95])
1	0.7247407412427856	0.7356363800750403	([75, 10], [152, 144, 10])
1	0.6957943738553588	0.7360079351379429	([350, 326], [355, 349, 331])
1	0.7279555830471455	0.7361568985154185	([154, 116], [154, 142, 116])
1	0.6808461634996728	0.7369154167524598	([51, 20], [73, 51, 20])
1	0.7087173660800492	0.7369640025200558	([263, 232], [263, 243, 241])
1	0.7078103237725832	0.7369640025200558	([263, 243], [263, 252, 241])
1	0.6735000495512146	0.7375199290497659	([119, 90], [119, 102, 95])
1	0.7066842433208855	0.738036940225144	([354, 270], [354, 279, 270])
1	0.5925929597124094	0.7385402080566698	([145, 74], [145, 144, 74])
1	0.620637966224639	0.7387461703850665	([147, 9], [156, 28, 27])
1	0.7285450587211066	0.7392661441967457	([57, 25], [57, 44, 25])
1	0.6965724138665187	0.7394247402788463	([156, 107], [155, 149, 109])
1	0.7197604345541281	0.7394981045684911	([448, 422], [448, 436, 422])
1	0.7266340090925105	0.74034065802068	([399, 372], [399, 387, 372])
1	0.7194461841354769	0.74034065802068	([405, 372], [405, 387, 372])
1	0.7357828101138066	0.740675070767022	([26, 0], [26, 24, 2])
1	0.7244671978072048	0.7409927771233276	([170, 45], [170, 45, 42])
1	0.6102361567098135	0.7410233857795129	([147, 62], [147, 145, 62])
1	0.7300474185079134	0.7412542995943251	([434, 145], [446, 438, 434])
1	0.7378335417511112	0.7412707744393126	([78, 45], [78, 70, 45])
1	0.7225870988938292	0.7416850170237735	([131, 89], [137, 131, 88])
1	0.6887977396854474	0.7417571062216999	([278, 242], [282, 278, 242])
1	0.6884237706901876	0.7418616291941451	([154, 8], [154, 23, 8])
1	0.7387214662464513	0.7420173530032039	([402, 373], [402, 383, 373])
1	0.7007698736001136	0.742486788131566	([138, 84], [138, 131, 84])
1	0.715294728004011	0.7424983912169101	([70, 1], [74, 70, 67])
1	0.7252960908259628	0.7425569722968213	([112, 65], [112, 86, 62])
1	0.737716868943543	0.7427467630980966	([342, 146], [342, 336, 286])
1	0.7352291102089872	0.7428636686556919	([117, 57], [117, 100, 57])
1	0.6809234325323635	0.7429388867811358	([143, 55], [143, 62, 56])
1	0.6116008805014652	0.7432288924953416	([76, 24], [73, 72, 24])
1	0.6181826740861348	0.7432638640635515	([143, 114], [143, 139, 114])
1	0.7214647729330496	0.7433359054010574	([421, 396], [421, 407, 396])
1	0.7034086419987734	0.743490842653762	([334, 292], [334, 333, 290])
1	0.6916767219326755	0.7436378435753611	([281, 253], [278, 273, 253])
1	0.6922014215235853	0.7441575289352994	([152, 15], [150, 112, 15])
1	0.5070167053687954	0.7451153527079404	([113, 108], [114, 98, 93])
1	0.5339078329877127	0.7451859281296346	([168, 159], [160, 159, 28])
1	0.7235092806134533	0.7452626185673943	([61, 20], [73, 61, 54])
1	0.7013276791596678	0.7453146311809158	([157, 43], [157, 43, 27])
1	0.6239275249079105	0.7453349231662457	([82, 44], [82, 44, 32])
1	0.73817709864979	0.7453771550644279	([58, 23], [73, 58, 51])
1	0.7433477144648954	0.7456859865130098	([384, 354], [384, 376, 375])
1	0.7428119843868645	0.7461600290040958	([355, 295], [355, 317, 314])
1	0.7244741598996013	0.7464298959140468	([156, 128], [156, 136, 128])
1	0.6749513804715909	0.7467952524357091	([377, 350], [377, 359, 350])
1	0.5128006577648442	0.747043585866768	([103, 76], [51, 45, 20])
1	0.7108842816469465	0.747074462498956	([106, 79], [106, 98, 79])
1	0.5352107453733208	0.7472498622515497	([172, 170], [177, 169, 33])
1	0.7088411339174198	0.7472931238105575	([73, 42], [73, 67, 42])
1	0.7054962070628314	0.7472931238105575	([174, 70], [174, 67, 42])
1	0.7466201646588695	0.7477830861859596	([144, 111], [144, 111, 94])
1	0.7390085409176756	0.7478378977354374	([283, 233], [285, 283, 251])
1	0.7152778447589014	0.7482613982691333	([365, 347], [365, 355, 347])
1	0.7471146700195103	0.7483774637712095	([132, 103], [139, 132, 119])
1	0.7404373094309267	0.7491774088136831	([276, 146], [276, 259, 247])
1	0.7314697606388056	0.7492852309233194	([292, 266], [292, 287, 266])
1	0.5969555436449793	0.7495698841652595	([82, 66], [85, 82, 66])
1	0.7409309306370244	0.7495783946145097	([381, 232], [382, 381, 174])
1	0.7426385269412217	0.7496761038703262	([286, 261], [286, 261, 245])
1	0.7178864246143702	0.7501470294265623	([146, 70], [146, 67, 52])
1	0.665888309804335	0.750294320018164	([83, 10], [100, 83, 57])
1	0.7020941015813897	0.7503059431249551	([419, 354], [421, 406, 376])
1	0.5792706096053617	0.7504969139305696	([82, 2], [83, 82, 2])
1	0.7424803849302193	0.7508740723426585	([377, 146], [399, 377, 372])
1	0.7489711096461408	0.7508979726974353	([126, 26], [131, 126, 26])
1	0.735790169633081	0.7509662047203044	([156, 88], [156, 137, 112])
1	0.7418722470372962	0.7521135284129812	([99, 55], [99, 74, 55])
1	0.7364635901449278	0.7527391783800713	([286, 146], [293, 286, 146])
1	0.7330112883048386	0.7529405263969836	([155, 120], [155, 142, 136])
1	0.7477390752860236	0.7529490302334537	([124, 2], [124, 83, 25])
1	0.7036890352064078	0.7529490302334537	([124, 25], [124, 123, 83])
1	0.6970157868401117	0.7529721380626475	([341, 143], [341, 334, 333])
1	0.7379650049836939	0.7534699014380031	([106, 68], [95, 79, 68])
1	0.7444547124736347	0.7536061926964588	([90, 27], [96, 74, 16])
1	0.7377998113005314	0.7536335618162742	([350, 89], [350, 108, 101])
1	0.7523818019947236	0.7539735449903118	([289, 256], [289, 282, 267])
1	0.7399884668598373	0.754692167380707	([445, 4], [448, 445, 0])
1	0.7305923585234941	0.7547449094913367	([379, 172], [381, 379, 231])
1	0.5747323217678462	0.755226418889251	([101, 81], [105, 84, 80])
1	0.6701380579934725	0.7552794004201376	([74, 1], [83, 80, 1])
1	0.7516261102970666	0.7553836926038815	([416, 350], [406, 405, 350])
1	0.695601992893651	0.7556415289842366	([70, 37], [174, 70, 37])
1	0.718485352218074	0.7558506763889443	([136, 18], [136, 74, 22])
1	0.7206642603517426	0.7559313400031247	([101, 54], [101, 84, 65])
1	0.7396364324817372	0.7559349356309404	([444, 6], [448, 444, 3])
1	0.7524451168925013	0.7561295532911966	([89, 43], [112, 100, 43])
1	0.7518238777852954	0.756487624649409	([372, 340], [372, 349, 344])
1	0.6763999763515088	0.7566876648803735	([350, 268], [350, 326, 284])
1	0.7076516268999863	0.7569654810591218	([377, 336], [377, 350, 336])
1	0.7472460544847291	0.7580290380278686	([138, 19], [145, 138, 16])
1	0.6306270529850124	0.7588279277106532	([118, 76], [118, 114, 90])
1	0.7279864336684256	0.7589830551644173	([117, 70], [117, 86, 78])
1	0.7479879768875706	0.7595064977479766	([330, 283], [332, 330, 289])
1	0.734989215261108	0.7595123968478513	([355, 25], [355, 138, 25])
1	0.7499746420386775	0.7595809153686464	([138, 97], [355, 138, 97])
1	0.7577326729167719	0.7597678686000714	([418, 149], [422, 418, 149])
1	0.6874920478700277	0.7599023529448506	([107, 26], [107, 99, 25])
1	0.7059917413250865	0.7600044306287647	([355, 94], [358, 348, 74])
1	0.7401850909007807	0.7604560536372162	([409, 75], [409, 350, 346])
1	0.734595724728286	0.7604560536372162	([409, 346], [409, 403, 350])
1	0.595712688924352	0.7606912539402825	([82, 32], [83, 82, 44])
1	0.7392943165598128	0.7607394748463778	([144, 66], [144, 66, 44])
1	0.7309724300558602	0.7607878873770983	([379, 362], [380, 379, 362])
1	0.6895478195009102	0.7609317231569279	([355, 141], [138, 113, 97])
1	0.756247623282311	0.7609740508965379	([350, 251], [350, 271, 258])
1	0.751283782042726	0.7611128301132754	([427, 350], [427, 426, 405])
1	0.7215149384684078	0.7612360727250058	([350, 294], [350, 326, 306])
1	0.6944866879870804	0.7612526451053362	([172, 157], [172, 157, 83])
1	0.6632359575737724	0.7615618179097421	([173, 93], [173, 93, 31])
1	0.6827175437188379	0.7618219443269288	([84, 42], [131, 84, 26])
1	0.7055313513976129	0.7625707070838799	([443, 354], [443, 426, 419])
1	0.7569165724555295	0.7627329025190571	([235, 43], [235, 74, 43])
1	0.7357526779022819	0.7627650727026448	([120, 51], [151, 138, 51])
1	0.5542499843794265	0.7628340935035006	([40, 39], [162, 40, 29])
1	0.5258991048477206	0.7630413832966173	([142, 76], [151, 142, 138])
1	0.7436195849586315	0.7631314031411657	([418, 375], [418, 402, 375])
1	0.739283616823775	0.7632762448111953	([411, 349], [411, 405, 372])
1	0.6866065348195687	0.7643834918488829	([355, 271], [355, 335, 331])
1	0.7460974163167695	0.7647288154836104	([350, 55], [350, 341, 55])
1	0.7556191880120611	0.7648276712174892	([290, 255], [292, 290, 255])
1	0.6860226413717421	0.7651964351596946	([327, 291], [334, 327, 292])
1	0.7037069595713976	0.7653064769237524	([55, 19], [55, 44, 25])
1	0.7583662519909466	0.7653448206630035	([431, 392], [431, 407, 392])
1	0.7377209204691568	0.766237189252517	([340, 284], [340, 332, 331])
1	0.7257806856051241	0.7662797595786129	([231, 155], [231, 155, 34])
1	0.764764484988097	0.7665417663279412	([248, 156], [248, 234, 233])
1	0.7108307608278884	0.7670046395104094	([233, 154], [232, 158, 151])
1	0.7207853379023917	0.767370187138069	([383, 177], [383, 379, 172])
1	0.7463150700406906	0.7674062519374185	([371, 342], [371, 355, 346])
1	0.7660654903214994	0.7674654500515554	([444, 74], [444, 435, 423])
1	0.5932017853648313	0.7675425301338253	([76, 12], [76, 74, 3])
1	0.755736169885876	0.7675425301338253	([435, 74], [444, 74, 3])
1	0.7244911149461811	0.7676535918597308	([338, 281], [355, 338, 285])
1	0.7659818747694972	0.767859701629872	([441, 374], [441, 374, 344])
1	0.7575809959099397	0.7680325300618772	([449, 356], [449, 356, 349])
1	0.7417809544925067	0.7683957049157973	([450, 339], [450, 443, 339])
1	0.7190742189192462	0.7684608703386384	([420, 372], [420, 406, 399])
1	0.7631611633994759	0.768561798597458	([250, 83], [286, 250, 245])
1	0.6605834314677785	0.768561798597458	([286, 245], [286, 279, 250])
1	0.7086442752199151	0.7687075540693941	([103, 26], [103, 89, 63])
1	0.766161174191334	0.7692795218352674	([141, 20], [141, 75, 10])
1	0.6989677402445609	0.7692795218352674	([93, 10], [141, 93, 10])
1	0.76405545280821	0.7693057580952228	([389, 334], [389, 372, 334])
1	0.6965371147922674	0.769731679896423	([333, 143], [350, 72, 61])
1	0.7072118598731116	0.7699827701559046	([350, 108], [350, 108, 75])
1	0.7513992910489484	0.7700454479699145	([450, 141], [141, 124, 119])
1	0.7618032258157773	0.7703460954193463	([268, 235], [268, 264, 235])
1	0.7561348630239147	0.7703678803247089	([338, 293], [350, 341, 293])
1	0.7024887891464988	0.7704672495656923	([293, 151], [293, 242, 235])
1	0.7675932301246419	0.7706358482777903	([417, 374], [417, 402, 373])
1	0.749446965871607	0.7708877457384582	([376, 286], [376, 355, 346])
1	0.6773533935423895	0.7713893604204982	([143, 20], [144, 143, 18])
1	0.7409956246670713	0.7715311849740051	([109, 7], [109, 102, 0])
1	0.7290186311328614	0.7718387390658531	([89, 4], [89, 83, 15])
1	0.7424697593855651	0.7718387390658531	([350, 15], [350, 89, 15])
1	0.7496162841460638	0.7720338822583662	([352, 283], [352, 339, 283])
1	0.7491845849821381	0.7720787503230686	([327, 280], [334, 327, 281])
1	0.767075887155714	0.7723728453865222	([435, 396], [435, 408, 389])
1	0.636609573536531	0.7724009231230694	([287, 147], [288, 264, 235])
1	0.7488209259060638	0.7724114642905842	([433, 346], [446, 433, 430])
1	0.7573311364183088	0.7724989580661276	([344, 287], [344, 333, 329])
1	0.6966401912223146	0.7725821670952937	([107, 6], [136, 107, 96])
1	0.7597709723587699	0.7727937720801902	([407, 355], [407, 397, 355])
1	0.7157051774174172	0.7728866824647503	([278, 172], [278, 240, 232])
1	0.5959444400581569	0.7729429687375694	([354, 278], [333, 329, 290])
1	0.7598558059414328	0.7730149770895188	([105, 50], [145, 104, 50])
1	0.7673274908878549	0.7733148003011414	([172, 69], [172, 83, 66])
1	0.7181843081279801	0.773703123905665	([116, 38], [126, 116, 38])
1	0.7717169757403308	0.773703123905665	([133, 38], [133, 126, 38])
1	0.6560064696341052	0.7745097661170726	([351, 143], [351, 341, 334])
1	0.7530862925067489	0.7752527305721637	([123, 22], [123, 117, 22])
1	0.7591134217741803	0.7752597176120252	([449, 415], [449, 444, 415])
1	0.7624448074661727	0.7752651523835773	([287, 249], [287, 265, 249])
1	0.7599051535563492	0.7760040802605201	([435, 408], [439, 435, 408])
1	0.767105335248507	0.7761986558377597	([295, 260], [295, 260, 238])
1	0.7114711392107981	0.7762736419077109	([446, 145], [440, 434, 420])
1	0.7676566609620209	0.7764054350509515	([246, 95], [248, 246, 83])
1	0.7447165752752201	0.7765505984810819	([348, 285], [348, 339, 290])
1	0.7541670641946467	0.7766039004487927	([395, 109], [395, 372, 109])
1	0.7420649643590415	0.7766809350949071	([241, 112], [282, 242, 241])
1	0.7722701410055524	0.7767699269698166	([233, 51], [233, 155, 51])
1	0.7582886909429316	0.7768313832288355	([137, 47], [137, 88, 47])
1	0.6973072339624456	0.7770269503189827	([448, 0], [446, 441, 0])
1	0.6001312107588386	0.7770460370256282	([175, 174], [185, 175, 40])
1	0.7703970046618356	0.7777752981440272	([306, 280], [309, 306, 280])
1	0.7345165691158105	0.7779279847990738	([358, 288], [358, 355, 288])
1	0.765633996949841	0.7781930794182523	([170, 95], [170, 95, 45])
1	0.7176235086904662	0.7783655650363314	([397, 354], [407, 392, 365])
1	0.7738548945932144	0.778464501596381	([119, 15], [136, 119, 18])
1	0.7675584648297635	0.7785685232203975	([446, 343], [446, 355, 344])
1	0.7403735776392387	0.7785685232203975	([446, 355], [446, 439, 344])
1	0.7411550282076287	0.7790853324938499	([399, 146], [444, 418, 375])
1	0.7700293208874286	0.7791035400052301	([281, 236], [281, 248, 241])
1	0.7485967546757331	0.7791617561068707	([173, 9], [173, 29, 25])
1	0.7484128683756935	0.7795973891723929	([448, 338], [448, 440, 338])
1	0.7787321561329053	0.7798779247941896	([439, 257], [439, 257, 250])
1	0.7259810481064004	0.780201826977842	([336, 249], [336, 290, 286])
1	0.6774722170409587	0.7802054408953464	([348, 74], [450, 339, 141])
1	0.7793494914474179	0.7803769721782758	([139, 46], [139, 100, 46])
1	0.7800037071472151	0.7807146985001873	([406, 334], [440, 407, 406])
1	0.7596319274221369	0.781330238143229	([445, 150], [445, 150, 141])
1	0.779880151137114	0.7816619671279205	([178, 132], [178, 132, 126])
1	0.7534141682343104	0.7819732730730823	([137, 58], [137, 125, 58])
1	0.7305182595697222	0.782252157995685	([441, 344], [433, 410, 346])
1	0.736359465613178	0.7828053645103894	([448, 350], [448, 423, 406])
1	0.7683331372525828	0.783037704728568	([440, 15], [440, 142, 9])
1	0.661291445440456	0.7831939221583195	([440, 145], [342, 146, 70])
1	0.7584258941247045	0.783215662039638	([335, 246], [335, 289, 286])
1	0.7552477777867007	0.7833681471174904	([445, 14], [445, 14, 0])
1	0.7827772518010383	0.7834904192004141	([334, 265], [334, 281, 248])
1	0.5262032859044797	0.7835771092807018	([379, 92], [379, 370, 362])
1	0.7815413536393601	0.7836286403904753	([440, 251], [448, 440, 251])
1	0.6301702724584675	0.7839911031454246	([82, 19], [82, 19, 2])
1	0.780887141555136	0.7841710804565469	([446, 336], [446, 377, 373])
1	0.7727366022991711	0.7842344513843085	([263, 83], [286, 261, 83])
1	0.710526806309447	0.7843125398873109	([440, 334], [448, 350, 336])
1	0.7516661289203658	0.7848886812209177	([234, 28], [234, 107, 28])
1	0.7818146266986472	0.7851142861674889	([362, 265], [375, 362, 352])
1	0.7608303712731643	0.7851601667344811	([448, 144], [448, 148, 144])
1	0.7495947854273367	0.785285124048442	([128, 48], [156, 128, 48])
1	0.767329206819692	0.7852876076614344	([59, 4], [59, 19, 5])
1	0.685485404828672	0.785594581775082	([446, 93], [446, 412, 408])
1	0.7707985115425497	0.7856537094015178	([55, 35], [55, 35, 25])
1	0.768288212647885	0.7857806484996824	([438, 393], [440, 438, 393])
1	0.7626415981639303	0.7865867123465389	([357, 327], [355, 352, 327])
1	0.7752546026391051	0.7872970203512629	([436, 391], [440, 436, 391])
1	0.7766110763258017	0.7874368881734282	([343, 20], [344, 343, 20])
1	0.7117599762605814	0.7874793176663945	([124, 43], [125, 124, 58])
1	0.7494977869722913	0.7875683522502088	([350, 149], [350, 149, 21])
1	0.7277571696771618	0.7875926059264543	([243, 172], [243, 239, 172])
1	0.6584205127456915	0.7881585529374637	([178, 83], [172, 157, 39])
1	0.7711793511283266	0.7883422214105675	([131, 59], [131, 88, 63])
1	0.7381327210028636	0.7886894082249328	([412, 362], [412, 397, 362])
1	0.7847160674192325	0.7887039407731559	([272, 14], [272, 141, 2])
1	0.7599371714505919	0.7887420477672835	([385, 178], [384, 379, 177])
1	0.7828881745410713	0.7895402181375439	([159, 54], [159, 54, 41])
1	0.7486960250064698	0.789578948288471	([371, 255], [371, 359, 290])
1	0.78391308697744	0.789595227819987	([292, 236], [292, 270, 236])
1	0.7857794595467095	0.7896111818191307	([437, 282], [437, 282, 107])
1	0.6904995132348121	0.7901777336247265	([235, 74], [235, 233, 51])
1	0.7145287817631734	0.7901899714126921	([174, 137], [157, 137, 114])
1	0.7880338164085129	0.7903775795132868	([119, 31], [119, 31, 15])
1	0.7901621908676156	0.7904756511329314	([435, 4], [442, 438, 4])
1	0.738887712416509	0.7905591633458713	([283, 112], [282, 112, 100])
1	0.7768462758613165	0.7910593172424613	([414, 141], [440, 414, 141])
1	0.7722741078711582	0.7913512565281827	([241, 50], [241, 119, 113])
1	0.7773497186893	0.7913573355583315	([253, 87], [253, 146, 63])
1	0.7862123492345328	0.7913573355583315	([256, 63], [256, 253, 63])
1	0.7828365292257919	0.7913666139462606	([367, 338], [367, 359, 338])
1	0.7383442764067243	0.7917359736838977	([153, 59], [153, 59, 25])
1	0.6894013064285011	0.7920718069271918	([102, 0], [134, 124, 0])
1	0.7691728487990652	0.7921023827585103	([104, 4], [104, 27, 16])
1	0.7914393486417733	0.7922705921242503	([232, 127], [232, 133, 127])
1	0.7151765601888338	0.7924265250576108	([439, 16], [439, 146, 145])
1	0.7133751198217522	0.7924265250576108	([439, 146], [440, 439, 145])
1	0.7789773861713692	0.7924563948232053	([441, 395], [446, 441, 395])
1	0.7839312881995651	0.7927468579954352	([431, 345], [431, 422, 340])
1	0.5591217952591355	0.7931701134888126	([160, 1], [160, 157, 1])
1	0.754125274703576	0.7932446309592667	([235, 25], [240, 235, 25])
1	0.78704518249746	0.7933903683033775	([381, 243], [381, 243, 232])
1	0.5965651587044147	0.794412980750356	([147, 85], [147, 85, 62])
1	0.743816183333917	0.7946126845346363	([295, 239], [295, 293, 238])
1	0.7797656847670466	0.7949967774189582	([439, 108], [439, 108, 24])
1	0.5122357816375341	0.7951126011350252	([277, 92], [277, 234, 233])
1	0.7665922478504722	0.7954270960812316	([419, 331], [419, 331, 286])
1	0.7536740046947301	0.7954270960812316	([419, 287], [419, 376, 286])
1	0.5316741134061469	0.7957322041712435	([232, 172], [232, 160, 33])
1	0.7459532487689629	0.7957767451587843	([240, 26], [240, 232, 38])
1	0.78808131376576	0.7958742259048034	([351, 90], [351, 96, 90])
1	0.7163842186262042	0.7959573543784911	([234, 107], [238, 232, 50])
1	0.7924585793786467	0.7960330961207833	([252, 69], [252, 146, 48])
1	0.7764143450861122	0.7961142789614721	([243, 159], [243, 232, 34])
1	0.7820329307305023	0.7961645251996609	([365, 280], [365, 359, 280])
1	0.7143999911441898	0.796309605237071	([148, 46], [148, 46, 24])
1	0.792982248750638	0.7964656253369671	([231, 64], [231, 64, 61])
1	0.6406978142532127	0.7965471992353229	([350, 75], [353, 336, 20])
1	0.7903867678791517	0.7966385086639717	([405, 94], [405, 373, 94])
1	0.7721616705746198	0.7966437799895827	([428, 373], [428, 419, 410])
1	0.787960765435956	0.7967073069302135	([171, 19], [171, 31, 19])
1	0.7871115257394546	0.7968919488500756	([379, 238], [379, 238, 232])
1	0.7892482873802548	0.796919026492172	([263, 141], [263, 257, 107])
1	0.7522330682415077	0.797414583183613	([234, 44], [234, 44, 28])
1	0.7967394429950521	0.7974525554391261	([420, 379], [422, 420, 379])
1	0.7691650272146693	0.7976827463559678	([233, 104], [233, 154, 148])
1	0.6928467226535457	0.7976827463559678	([253, 143], [258, 233, 148])
1	0.7604477299376264	0.7976935859744132	([343, 252], [359, 281, 278])
1	0.7081858963109247	0.7977041457728075	([449, 349], [449, 445, 340])
1	0.7640753911440402	0.7977696606559155	([400, 74], [435, 400, 389])
1	0.7580865286545145	0.7977825163314921	([410, 11], [428, 410, 11])
1	0.7935633766432032	0.7977825163314921	([427, 11], [428, 427, 11])
1	0.7249331990727587	0.7979801290670838	([365, 233], [372, 357, 233])
1	0.7931376776713099	0.7980485706809614	([450, 25], [450, 144, 25])
1	0.7684658877481004	0.7980565380890277	([427, 249], [427, 350, 336])
1	0.7655550893079422	0.798078846293749	([407, 342], [408, 407, 342])
1	0.7879404980454762	0.7982216445631766	([374, 292], [374, 371, 292])
1	0.7409414015825716	0.7983766210882802	([436, 358], [436, 358, 344])
1	0.7884769243672779	0.7984438110141433	([413, 369], [413, 404, 369])
1	0.7829100381962328	0.7985761728842639	([435, 20], [441, 435, 20])
1	0.7985061498984094	0.7988029779151613	([419, 148], [419, 372, 360])
1	0.7093037899723784	0.7989028434160409	([382, 174], [344, 232, 157])
1	0.7778726669078635	0.7989341077501736	([371, 315], [342, 334, 325])
1	0.7638774246143369	0.7989938101034516	([361, 273], [361, 358, 273])
1	0.7724913596276957	0.7993986162750211	([416, 278], [450, 439, 278])
1	0.7978630338653868	0.7995691581122	([429, 363], [433, 429, 363])
1	0.7874759281319517	0.7996796663842344	([289, 62], [289, 268, 107])
1	0.7866564121156034	0.7996796663842344	([257, 107], [289, 282, 107])
1	0.7906451295255399	0.799833003752255	([374, 261], [374, 350, 272])
1	0.7587946139012995	0.7999343220379872	([324, 275], [331, 285, 249])
1	0.7954722259688214	0.7999343220379872	([326, 249], [331, 326, 249])
1	0.7987998625032258	0.8000141180616622	([441, 69], [441, 69, 63])
1	0.7959797107665635	0.8003713837679064	([433, 283], [407, 283, 282])
1	0.7944026929393757	0.8003713837679064	([407, 232], [407, 355, 282])
1	0.7963853115991067	0.8004758931339536	([340, 250], [340, 284, 258])
1	0.7991307512590742	0.8006267970141298	([450, 117], [450, 117, 96])
1	0.7954520542185365	0.8006267970141298	([450, 88], [450, 351, 96])
1	0.8003063888607351	0.8006316234098316	([420, 332], [420, 405, 332])
1	0.7672662201777555	0.8007700877395193	([171, 104], [171, 100, 42])
1	0.7785363970319032	0.80078324773199	([428, 397], [428, 406, 397])
1	0.7600806455914512	0.8008716363674021	([405, 56], [405, 282, 67])
1	0.761342143379129	0.8009959535192146	([372, 259], [372, 270, 267])
1	0.7571315286384351	0.8009959535192146	([372, 270], [372, 355, 267])
1	0.7107728278337916	0.8012629930984405	([372, 148], [375, 360, 233])
1	0.6177225120506907	0.8013094981945873	([253, 147], [253, 233, 155])
1	0.7993994982934582	0.8013136760560815	([377, 77], [377, 357, 346])
1	0.7930142803873644	0.8014176539445735	([308, 263], [308, 292, 284])
1	0.783923694377647	0.8014176539445735	([308, 284], [308, 293, 292])
1	0.7895783047335194	0.801539377120172	([254, 170], [254, 236, 170])
1	0.7473638488855813	0.8025862359989867	([450, 391], [450, 419, 391])
1	0.7880369641485562	0.8027865412702379	([450, 351], [450, 99, 88])
1	0.8009995751964452	0.8028774793060907	([245, 133], [245, 233, 232])
1	0.7417110295479286	0.8029103724991938	([449, 125], [449, 145, 125])
1	0.762643671808522	0.8032936207130433	([250, 24], [437, 416, 278])
1	0.5524872398204068	0.8034529716565	([164, 134], [164, 135, 42])
1	0.7781958427318072	0.8036568963212164	([343, 236], [343, 337, 236])
1	0.7694183865773634	0.8037821010194208	([438, 244], [438, 422, 244])
1	0.799741119941578	0.8037943941460348	([443, 385], [443, 410, 377])
1	0.7990035630846897	0.8039165996966726	([374, 325], [374, 339, 332])
1	0.7942185156775445	0.803937201841576	([239, 103], [240, 239, 103])
1	0.7832491687566691	0.8039480803017727	([67, 14], [109, 67, 14])
1	0.7626181743254178	0.8041718203057658	([296, 233], [297, 290, 243])
1	0.7611525687978701	0.8042329736915733	([286, 83], [246, 116, 83])
1	0.5532081029532816	0.8042329736915733	([246, 160], [246, 160, 116])
1	0.7831544272874631	0.8044061469416063	([390, 280], [390, 374, 280])
1	0.7915844297419945	0.804480077819553	([430, 6], [437, 430, 12])
1	0.7747082902609076	0.8045057097169492	([288, 173], [288, 173, 9])
1	0.7994758586409682	0.8050095704643769	([254, 116], [254, 170, 142])
1	0.7774198219984545	0.8050234111120514	([149, 60], [149, 137, 60])
1	0.735652015555579	0.8050291793902644	([425, 266], [425, 407, 283])
1	0.7843724352785041	0.8051261726305653	([369, 279], [369, 353, 279])
1	0.7931056579294651	0.8051851616058222	([266, 23], [266, 252, 23])
1	0.7681778016518526	0.805322645133397	([315, 261], [315, 306, 261])
1	0.8003234826887743	0.8053370762279469	([300, 265], [308, 300, 265])
1	0.7919953013247956	0.805425434846214	([347, 241], [347, 257, 241])
1	0.7828930976475128	0.8056040538307039	([305, 236], [306, 305, 262])
1	0.80093380327059	0.8056207070360789	([312, 232], [314, 300, 236])
1	0.7239707665165255	0.8057526433817543	([400, 250], [405, 400, 282])
1	0.7672087961965748	0.8058683809330356	([423, 248], [423, 420, 254])
1	0.7962623349144078	0.805910898886859	([430, 267], [430, 376, 267])
1	0.7845379926747822	0.8060935185008039	([388, 253], [413, 388, 281])
1	0.5271697282795064	0.8061373200057953	([171, 170], [184, 171, 37])
1	0.7127886635578545	0.806217214732922	([354, 241], [356, 354, 241])
1	0.7944875444709835	0.8063467252182297	([437, 364], [437, 371, 364])
1	0.7585294941980683	0.8063467252182297	([426, 371], [437, 426, 371])
1	0.7631225511096128	0.8065262370905835	([351, 19], [351, 350, 21])
1	0.7753822697882076	0.8065499723525551	([380, 32], [383, 380, 32])
1	0.7878449893908975	0.8066216126472026	([284, 139], [284, 242, 241])
1	0.7085838393186696	0.8067255911243832	([286, 93], [245, 152, 111])
1	0.8015843006237846	0.8068950776048123	([395, 85], [395, 109, 85])
1	0.7721794295791387	0.8069708871383595	([390, 345], [402, 390, 345])
1	0.779049309757151	0.8073516007903309	([375, 274], [375, 274, 265])
1	0.8036176193022831	0.8073538070196704	([372, 294], [372, 294, 285])
1	0.7892703831105641	0.8073538070196704	([387, 285], [387, 372, 285])
1	0.8013031549668186	0.8075056683742791	([255, 53], [255, 254, 53])
1	0.781932531294424	0.8075263196767731	([389, 249], [389, 373, 249])
1	0.7987337382714735	0.8076255889560848	([260, 61], [285, 260, 242])
1	0.8002051133653992	0.8077485251044926	([393, 340], [393, 372, 358])
1	0.7850465101206107	0.8078124391967082	([298, 237], [309, 289, 246])
1	0.7868984956648197	0.80796991781172	([395, 241], [395, 372, 241])
1	0.7593969108834994	0.8080316123746963	([378, 25], [449, 378, 25])
1	0.7418145251069964	0.8080368593074541	([393, 112], [393, 358, 282])
1	0.8066644546671183	0.8081859173824958	([239, 0], [239, 172, 157])
1	0.7682556324759267	0.8082412850242873	([285, 61], [260, 241, 238])
1	0.6422498224603609	0.8082416849741285	([382, 168], [382, 174, 39])
1	0.7718491579986821	0.8083098174838631	([354, 311], [354, 333, 311])
1	0.7403309213151927	0.8085095963451477	([248, 151], [248, 156, 151])
1	0.7619163132855878	0.8093223550370295	([422, 256], [405, 282, 262])
1	0.7915793890409266	0.8093223550370295	([404, 262], [405, 404, 262])
1	0.7778554657951481	0.8093836360224254	([272, 141], [272, 263, 243])
1	0.7906043461526816	0.8095594748192844	([424, 19], [424, 351, 342])
1	0.7966068857582418	0.8097170000827655	([369, 239], [381, 369, 362])
1	0.7579386070728574	0.8097881768560861	([427, 83], [435, 432, 356])
1	0.8066943651956797	0.8099464503400924	([238, 22], [238, 234, 28])
1	0.7826123690948282	0.8099552487701435	([332, 234], [332, 286, 234])
1	0.5531961402985318	0.8100219569592823	([164, 110], [164, 134, 110])
1	0.7755302276564563	0.8101098267333776	([244, 23], [252, 244, 146])
1	0.7856569861026144	0.8101483674337656	([239, 88], [239, 88, 43])
1	0.7594504121891765	0.8103850787692957	([368, 329], [368, 346, 345])
1	0.6087874272994304	0.810447543648929	([412, 82], [412, 380, 32])
1	0.7800771636313228	0.8105961851851724	([351, 234], [351, 293, 242])
1	0.7930757206176142	0.8105961851851724	([424, 242], [424, 351, 242])
1	0.8072592602363916	0.8106121850339036	([415, 174], [415, 353, 350])
1	0.5598367554525924	0.810636614009853	([168, 80], [168, 122, 104])
1	0.7587380543086261	0.810708059693779	([329, 279], [329, 291, 279])
1	0.7953400727923149	0.8107154598169861	([372, 45], [372, 109, 45])
1	0.7934749949744746	0.8107371188636067	([329, 245], [329, 279, 266])
1	0.7960448711151157	0.8110030443881653	([424, 273], [424, 291, 242])
1	0.801540688961795	0.8113147900470004	([445, 44], [445, 44, 13])
1	0.751934695361676	0.8113147900470004	([422, 115], [445, 420, 13])
1	0.7997434589436112	0.8113147900470004	([431, 13], [445, 431, 13])
1	0.8038695411698981	0.8113830893540462	([346, 151], [357, 346, 151])
1	0.7480592184798276	0.8114311520567358	([357, 0], [348, 145, 74])
1	0.7548267850551438	0.8114311520567358	([348, 150], [348, 150, 145])
1	0.7830037737561505	0.8116957615563201	([362, 298], [362, 355, 298])
1	0.8089476356233912	0.8118976686597452	([389, 269], [389, 269, 265])
1	0.7753465667839806	0.8119250389241799	([410, 96], [450, 410, 346])
1	0.7938856528123932	0.8119312906848807	([440, 289], [440, 338, 289])
1	0.7005757887556012	0.8120238161962352	([291, 145], [348, 291, 274])
1	0.7721238464033336	0.8121755588516076	([388, 291], [414, 388, 383])
1	0.7683620223087155	0.8122497069176203	([335, 50], [335, 75, 50])
1	0.8105299633987609	0.8123527687247509	([242, 75], [242, 75, 44])
1	0.734460684027337	0.8124569709954556	([353, 174], [376, 353, 174])
1	0.7847562553763405	0.8127494273507447	([360, 89], [364, 284, 273])
1	0.8114196437077752	0.8127997046245737	([255, 13], [255, 252, 13])
1	0.6507218633937932	0.8128639889543218	([443, 112], [443, 354, 291])
1	0.5005455532846838	0.8128909170019573	([97, 92], [110, 97, 92])
1	0.7365597996040995	0.8130047358752983	([335, 75], [439, 335, 65])
1	0.8057130320900976	0.8131165594338701	([386, 234], [394, 386, 234])
1	0.7881886785911675	0.8131668465596985	([340, 142], [372, 340, 109])
1	0.7506107627634858	0.8131668465596985	([365, 109], [449, 340, 109])
1	0.8107269377065487	0.8131707553270894	([431, 102], [431, 345, 102])
1	0.7876811872811749	0.8131998472685191	([363, 295], [376, 355, 309])
1	0.7789797217769593	0.8132584842687361	([273, 144], [291, 273, 145])
1	0.7460387015185372	0.813291206944048	([450, 258], [450, 340, 339])
1	0.7804248978879819	0.8133298366492406	([382, 295], [382, 323, 232])
1	0.8130162446919568	0.8133445480781523	([323, 256], [323, 306, 261])
1	0.7992115505848034	0.8133659088913511	([378, 289], [378, 374, 289])
1	0.7740296584183327	0.8134920234240162	([294, 174], [294, 239, 174])
1	0.7433544527107294	0.8134937233753528	([250, 102], [345, 278, 272])
1	0.5560745728695161	0.8136338854769111	([81, 47], [81, 75, 47])
1	0.8096588659579992	0.8137327847702689	([243, 145], [342, 243, 145])
1	0.7930181576492105	0.8137327847702689	([371, 145], [371, 342, 145])
1	0.7898851247797686	0.8137381748872607	([279, 142], [340, 331, 329])
1	0.7717711650459693	0.8137381748872607	([393, 327], [393, 340, 329])
1	0.7910270547874434	0.8141911442817121	([357, 77], [346, 344, 151])
1	0.7971997674702707	0.814218608958961	([419, 108], [419, 108, 90])
1	0.7961759164228983	0.8143092977987801	([421, 53], [424, 421, 59])
1	0.7970231308749562	0.8143219128766328	([291, 70], [342, 291, 145])
1	0.7773131128894557	0.8150588794090632	([242, 117], [242, 117, 109])
1	0.8130502402442557	0.8151009847729646	([359, 88], [359, 330, 290])
1	0.7907281764633246	0.8151826215642021	([410, 242], [450, 410, 242])
1	0.7859475011098616	0.8151930920960911	([377, 235], [377, 332, 234])
1	0.8155314897832571	0.8156379616891504	([287, 7], [287, 151, 7])
1	0.7870294099554894	0.8157469346168326	([424, 128], [424, 128, 102])
1	0.8104664393043353	0.8157684869146161	([384, 319], [384, 354, 311])
1	0.8100445942233848	0.8157719760554626	([441, 153], [441, 411, 405])
1	0.7958047547403376	0.8158790433960554	([425, 94], [425, 406, 75])
1	0.7894531620683247	0.8159281410955495	([284, 20], [284, 89, 20])
1	0.8063833714396835	0.8159599212841792	([339, 174], [353, 334, 174])
1	0.7800219286445912	0.8160816535348541	([421, 337], [421, 368, 329])
1	0.7964657781119823	0.8161987257641405	([440, 277], [440, 277, 251])
1	0.7986565791613226	0.8162700281059947	([260, 106], [260, 242, 75])
1	0.7659383342231333	0.816288141313514	([248, 19], [450, 267, 256])
1	0.7933501221057501	0.8163560660691843	([363, 240], [377, 363, 234])
1	0.8003470410037635	0.8165258031226432	([400, 301], [400, 301, 293])
1	0.8028800653625269	0.8165598195122471	([448, 113], [448, 113, 9])
1	0.7905443643872768	0.8166372015035646	([420, 105], [420, 149, 102])
1	0.8134437993342939	0.8168991046458671	([439, 137], [439, 137, 121])
1	0.7941545622519554	0.8170490087569738	([280, 65], [280, 260, 75])
1	0.788564924229508	0.8171162494014362	([338, 2], [450, 339, 338])
1	0.7955519785691473	0.8171698442637577	([398, 287], [425, 398, 287])
1	0.7843796783051228	0.8172103149461359	([417, 103], [419, 417, 90])
1	0.8131314382960054	0.8172620466550181	([431, 328], [431, 340, 328])
1	0.7893793616122041	0.8172914672523229	([243, 46], [243, 159, 46])
1	0.8066428204786736	0.8175165169538984	([307, 241], [307, 296, 241])
1	0.7981872083943686	0.8176909284621084	([401, 236], [405, 401, 236])
1	0.7731369573135405	0.8179845216532354	([419, 51], [419, 416, 51])
1	0.7639999881802678	0.8181458012947954	([172, 138], [172, 138, 69])
1	0.7870838364334526	0.8181805398653953	([446, 247], [446, 340, 336])
1	0.8110027445744148	0.8182187946403039	([337, 11], [337, 285, 262])
1	0.777744363495597	0.8184317926272704	([436, 84], [436, 417, 90])
1	0.7956634529490397	0.8186905727076448	([361, 316], [371, 361, 315])
1	0.7647425376635376	0.8187326693786683	([249, 21], [249, 151, 135])
1	0.7197379600445438	0.8187326693786683	([249, 135], [249, 248, 151])
1	0.814834735019211	0.8190167183569166	([409, 263], [409, 389, 263])
1	0.7955402455476179	0.8190764373819245	([381, 322], [381, 370, 327])
1	0.771168867515297	0.8191907902964107	([443, 252], [443, 277, 252])
1	0.8074271179780206	0.8191944400708157	([390, 256], [390, 280, 254])
1	0.8125177835027241	0.8191944400708157	([403, 254], [403, 390, 254])
1	0.8016030067696376	0.8192742936218038	([400, 131], [400, 131, 59])
1	0.7529965861622515	0.8192742936218038	([400, 73], [424, 400, 59])
1	0.5081952611858744	0.8197645733231268	([160, 103], [160, 116, 33])
1	0.8184079374597582	0.8198343204996177	([418, 330], [418, 405, 330])
1	0.7990522317020189	0.8198450782557613	([332, 61], [336, 332, 59])
1	0.8169115868234182	0.8198581452093865	([433, 78], [433, 146, 70])
1	0.7824507516603447	0.8200549895864029	([407, 26], [450, 407, 144])
1	0.8155138594694823	0.8201182468945609	([421, 109], [449, 415, 109])
1	0.8010521955953049	0.8204185720154589	([85, 5], [85, 69, 26])
1	0.7888610422958436	0.8205715490991923	([277, 16], [280, 277, 16])
1	0.7884678345066047	0.8206641819565142	([366, 271], [389, 366, 365])
1	0.8191429000374255	0.820735277122707	([375, 75], [376, 375, 75])
1	0.8129315662041571	0.8209493158804226	([396, 13], [396, 23, 16])
1	0.8053195670513243	0.8209493158804226	([396, 23], [417, 396, 16])
1	0.8124006739657689	0.8210104177961749	([408, 151], [408, 391, 151])
1	0.7809956057923105	0.8211356897830511	([397, 276], [397, 388, 247])
1	0.810265876300329	0.821247999689797	([392, 290], [398, 392, 290])
1	0.7841030765810192	0.8213345889497555	([236, 19], [244, 236, 23])
1	0.7427205834773917	0.8214433323882387	([373, 16], [439, 417, 407])
1	0.8042602483310619	0.8216214503828592	([436, 280], [450, 436, 280])
1	0.802721688861147	0.8217855592052122	([283, 47], [283, 113, 112])
1	0.7972257245763473	0.8217855592052122	([283, 149], [283, 149, 113])
1	0.727066802735081	0.8220358591187074	([423, 123], [433, 423, 70])
1	0.8206300376949406	0.8222719645829807	([37, 6], [37, 26, 6])
1	0.8169607785809389	0.8225107650750189	([357, 302], [357, 321, 308])
1	0.8147197547445788	0.8225107650750189	([383, 307], [369, 357, 308])
1	0.7664838179719006	0.8226029003326002	([335, 126], [335, 126, 84])
1	0.7454831733389286	0.8227669342129463	([231, 123], [231, 123, 15])
1	0.8023057853691961	0.8228082000890419	([373, 50], [373, 356, 102])
1	0.5052977233868157	0.823031076544998	([118, 92], [163, 118, 71])
1	0.7387446399024208	0.8230430693294979	([366, 26], [384, 366, 177])
1	0.7813098242626809	0.8231344641814563	([330, 148], [330, 315, 231])
1	0.7998813807904004	0.8231344641814563	([338, 231], [338, 330, 231])
1	0.8117037225461583	0.8234046399585301	([371, 15], [429, 428, 15])
1	0.7985901415170936	0.8234881663145007	([245, 18], [281, 245, 90])
1	0.7570347830643713	0.8235208391460341	([369, 112], [369, 241, 239])
1	0.5384993485701975	0.8236649822448726	([305, 92], [379, 312, 305])
1	0.8004505603478262	0.8238435910930172	([266, 38], [266, 85, 73])
1	0.8189370394657124	0.8239564600517858	([348, 261], [373, 348, 261])
1	0.7980315781469272	0.8241365429983971	([409, 46], [409, 102, 101])
1	0.8236125183105382	0.8247014982616693	([255, 84], [280, 255, 84])
1	0.7919742379753402	0.8248402698484993	([341, 136], [341, 340, 136])
1	0.8001457128701454	0.824923429743789	([330, 88], [377, 359, 88])
1	0.7633825897778941	0.8250622624714211	([247, 20], [247, 242, 109])
1	0.7740715770622811	0.8250670596390516	([418, 172], [418, 382, 361])
1	0.814241394653911	0.8251822705892736	([423, 25], [423, 138, 123])
1	0.792389664985462	0.8252603053901563	([244, 138], [244, 241, 113])
1	0.8091202831393748	0.8254779742517524	([349, 154], [349, 288, 254])
1	0.8109734068214373	0.8255247156571555	([334, 153], [334, 248, 151])
1	0.811941794702868	0.8261125281376553	([380, 313], [381, 380, 313])
1	0.49350567339359885	0.8262287093323558	([160, 28], [169, 158, 33])
1	0.7895147641579581	0.8264473315277318	([338, 116], [338, 116, 99])
1	0.7844281960216707	0.8267607301890967	([358, 14], [358, 348, 14])
1	0.7988245105418099	0.826884575843634	([333, 24], [439, 333, 257])
1	0.8162897040125403	0.8269094585176346	([371, 46], [371, 232, 32])
1	0.7631843555780808	0.8272527096436231	([257, 56], [347, 257, 89])
1	0.7734170784462382	0.8272839161302505	([251, 59], [270, 117, 99])
1	0.8084119894958449	0.8277741195009598	([330, 26], [330, 155, 26])
1	0.7592340203137008	0.8280427292328689	([417, 120], [417, 120, 95])
1	0.7557710802533829	0.8280427292328689	([417, 246], [417, 246, 95])
1	0.6086525836089173	0.8282480202930005	([353, 82], [359, 353, 88])
1	0.8165780056447101	0.8283678096570686	([288, 54], [288, 154, 151])
1	0.8159964004170934	0.8286260348421526	([398, 314], [398, 389, 321])
1	0.8134722121649455	0.8293025768693778	([370, 52], [370, 143, 54])
1	0.8115140673644745	0.8293487772140891	([448, 178], [431, 178, 58])
1	0.829625963305242	0.8298455356417815	([407, 63], [408, 407, 63])
1	0.8049819751557794	0.8298873703062887	([396, 231], [396, 380, 376])
1	0.7134355616441713	0.8304389084136062	([399, 93], [399, 145, 89])
1	0.8191752867701232	0.8304745022596653	([387, 306], [403, 387, 306])
1	0.8005866640325499	0.8305290932953018	([333, 106], [340, 333, 70])
1	0.817833326378746	0.8307274166404053	([414, 113], [440, 414, 113])
1	0.7903193483448081	0.8308541745026271	([375, 86], [375, 96, 86])
1	0.8055719832214729	0.8311042702992693	([369, 136], [369, 146, 145])
1	0.8078642980305647	0.8311371863815394	([367, 120], [418, 367, 120])
1	0.7498587019231857	0.8314530756400852	([339, 3], [437, 339, 3])
1	0.8119913407742803	0.831705779385001	([403, 38], [407, 403, 26])
1	0.8222257199940887	0.831788939488019	([413, 319], [413, 384, 350])
1	0.8170681450673264	0.8319409694160071	([418, 84], [418, 117, 105])
1	0.8291609183985011	0.8321372991674523	([429, 80], [429, 405, 67])
1	0.7864291564920833	0.8322467656473279	([366, 62], [366, 84, 62])
1	0.6316533174045799	0.8322953861125814	([412, 93], [446, 141, 93])
1	0.7970388438562657	0.8327702958624341	([253, 4], [340, 253, 4])
1	0.8312792360673668	0.8329772510185602	([434, 18], [434, 19, 18])
1	0.5629536481877033	0.8334801846588041	([261, 160], [261, 246, 160])
1	0.7247988488336845	0.834184356389617	([349, 18], [349, 338, 18])
1	0.7690006839684643	0.834509707967799	([438, 62], [438, 99, 79])
1	0.7905603851093863	0.8345496753174195	([435, 106], [435, 154, 106])
1	0.8064707007935209	0.8345496753174195	([389, 154], [435, 389, 154])
1	0.6984664896048782	0.8345749344774396	([354, 21], [354, 344, 21])
1	0.7994187154761323	0.8356431726760789	([416, 255], [416, 279, 278])
1	0.8163035177265838	0.8356502422125659	([261, 132], [348, 261, 132])
1	0.8056916269653449	0.8356991603343613	([334, 66], [334, 283, 96])
1	0.8114092906750621	0.8358797665141706	([290, 43], [372, 290, 37])
1	0.8127290020434739	0.8359060519145135	([349, 111], [349, 111, 18])
1	0.8358490837255271	0.8363410791842671	([339, 64], [339, 284, 120])
1	0.6159016016804679	0.8364777221914228	([153, 82], [153, 82, 19])
1	0.8177749896562051	0.8365077468518016	([236, 129], [236, 232, 129])
1	0.8212234812264623	0.8368147986460248	([386, 106], [386, 349, 106])
1	0.7887418139254256	0.8368176397173909	([370, 173], [372, 364, 173])
1	0.8145206705200942	0.8369075079578918	([378, 300], [378, 368, 300])
1	0.8054419160329775	0.8371783841332261	([275, 158], [275, 158, 124])
1	0.8346466232467589	0.8372605000057405	([352, 100], [376, 352, 100])
1	0.831111255177605	0.8374871964418821	([251, 115], [251, 115, 80])
1	0.7977587148675089	0.8375589386094994	([399, 309], [399, 336, 266])
1	0.516215651291941	0.8378382969127721	([370, 92], [379, 374, 13])
1	0.808691370055041	0.8380003589023388	([361, 69], [361, 271, 69])
1	0.7957369339709776	0.8380793936719315	([416, 34], [416, 157, 107])
1	0.8034152074657147	0.8381232263935307	([274, 131], [274, 248, 55])
1	0.8091262739482293	0.8385413271772385	([404, 53], [409, 404, 119])
1	0.8230560389448699	0.8389120104083096	([327, 111], [340, 327, 109])
1	0.8345672762756021	0.8391447655112632	([400, 2], [400, 59, 19])
1	0.8383986519741405	0.8394686775914353	([415, 134], [415, 134, 132])
1	0.8239493701817787	0.8396404440771391	([318, 131], [338, 331, 131])
1	0.686361525288979	0.8401308924688352	([433, 143], [433, 333, 143])
1	0.8057536693195073	0.8403385979326456	([363, 153], [363, 358, 153])
1	0.7970064872885011	0.8418353012028493	([393, 48], [401, 388, 48])
1	0.8412476745724646	0.8424275478082448	([408, 299], [408, 299, 248])
1	0.8282872690093426	0.8436162551263826	([404, 104], [404, 124, 104])
1	0.8212514540844584	0.8436873624190763	([295, 13], [363, 295, 2])
1	0.8437126050511263	0.8440425144888222	([398, 137], [398, 376, 128])
1	0.8085612136818601	0.8447375833438163	([401, 257], [401, 257, 233])
1	0.7980572491436145	0.8465421939751143	([322, 159], [326, 322, 23])
1	0.8322399904074399	0.8474907490697957	([320, 172], [320, 279, 172])
1	0.6113068039177573	0.8478102713283604	([339, 147], [339, 147, 62])
1	0.8342831592522013	0.8491745397544563	([314, 87], [336, 314, 87])
1	0.8338095908621587	0.8496428074550357	([397, 318], [378, 318, 266])
1	0.53726419128306	0.8499732532089447	([387, 385], [386, 184, 171])
1	0.842620234871695	0.8503528129195846	([412, 297], [412, 362, 298])
1	0.8322360933009181	0.8519441178818871	([440, 300], [440, 300, 270])
1	0.6425155142063705	0.8520033173208305	([313, 76], [332, 313, 61])
1	0.84386063178957	0.8520868069195359	([443, 323], [443, 401, 323])
1	0.7847526567995912	0.8524820561983745	([437, 31], [437, 404, 31])
1	0.8505969584468699	0.8531397723009082	([353, 158], [353, 334, 158])
1	0.6625192535063456	0.8533400863805082	([312, 168], [312, 168, 28])
1	0.8282903369164059	0.854367952897777	([309, 35], [309, 231, 39])
1	0.820226993128275	0.8548217085281672	([308, 41], [308, 284, 43])
1	0.5745581853140919	0.8576476688147276	([376, 164], [376, 164, 35])
1	0.8439095720471916	0.8593351870684233	([384, 60], [391, 384, 60])
1	0.8574497166375625	0.8617545945752388	([429, 175], [429, 231, 175])
1	0.5031287243942724	0.8624820057319611	([50, 49], [447, 165, 49])
1	0.4988719381405468	0.8625488278696609	([142, 141], [114, 91, 60])
1	0.8083440709029603	0.8631880422938212	([302, 177], [302, 246, 177])
1	0.6840426608649982	0.8685529209726203	([354, 159], [354, 278, 159])
1	0.8671988635712158	0.8691728539865563	([294, 14], [294, 89, 20])
1	0.5458912298984641	0.8701455873548614	([395, 160], [395, 261, 233])
1	0.49142145687416294	0.8725194894031739	([92, 13], [97, 92, 13])
1	0.8607343581006525	0.873591505017697	([321, 16], [449, 321, 283])
1	0.5281618973226782	0.876181961091778	([337, 92], [370, 337, 236])
1	0.8696147142224504	0.8782144328041023	([441, 316], [441, 316, 282])
1	0.8744832825881694	0.8799081956907476	([322, 128], [322, 159, 128])
1	0.5044897939542211	0.8828302318309311	([234, 92], [234, 92, 13])
1	0.6945946141106821	0.8873787268758131	([354, 63], [359, 354, 63])
1	0.860039245841369	0.8910555576634025	([316, 101], [340, 316, 101])
1	0.8709216027147197	0.8916847151842917	([297, 135], [429, 297, 135])
1	0.5820876723969843	0.8958285329590119	([388, 81], [388, 81, 78])
1	0.7578679159781525	0.9009136650514502	([304, 143], [368, 304, 236])
1	0.6861104744682215	0.9021553985274081	([147, 29], [147, 62, 29])
1	0.4848886468874177	0.9035643742047335	([169, 72], [169, 157, 72])
1	0.5033982036756911	0.9306264048260916	([269, 91], [269, 91, 61])
0	0.0	0.949352838310155	([186], [191, 184])
0	0.0	0.9826191664297703	([179], [179, 178])
0	0.0	0.9855223744419926	([71], [177, 176])
0	0.0	0.9880235769226642	([166], [160, 30])
0	0.0	0.988703430016411	([140], [140, 139])
0	0.0	0.9891165933205694	([181], [181, 178])
0	0.0	0.9905214602623348	([180], [180, 178])
1	0.9946897198342146	0.9975605980517189	([179, 164], [179, 173, 170])
1	0.9952099129499145	0.9981137045451898	([176, 164], [176, 171, 170])
1	0.9971883218120516	0.9986789406749552	([181, 99], [181, 99, 55])
1	0.9975537564258664	0.9989539337339832	([140, 82], [140, 129, 115])
0	0.0	1.0	([167], [167, 0])
0	0.0	1.0	([188], [188, 0])
0	0.0	1.0	([190], [190, 0])
1	0.9985944114135219	1.0	([191, 177], [191, 184, 0])
0	0.0	1.0	([192], [192, 0])
0	0.0	1.0	([193], [193, 0])
0	0.0	1.0	([194], [194, 0])
0	0.0	1.0	([195], [195, 0])
0	0.0	1.0	([196], [196, 0])
0	0.0	1.0	([197], [197, 0])
0	0.0	1.0	([198], [198, 0])
0	0.0	1.0	([199], [199, 0])
0	0.0	1.0	([200], [200, 0])
0	0.0	1.0	([201], [201, 0])
0	0.0	1.0	([202], [202, 0])
0	0.0	1.0	([203], [203, 0])
0	0.0	1.0	([204], [204, 0])
0	0.0	1.0	([205], [205, 0])
0	0.0	1.0	([206], [206, 0])
0	0.0	1.0	([207], [207, 0])
0	0.0	1.0	([208], [208, 0])
0	0.0	1.0	([209], [209, 0])
0	0.0	1.0	([210], [210, 0])
0	0.0	1.0	([211], [211, 0])
0	0.0	1.0	([212], [212, 0])
0	0.0	1.0	([213], [213, 0])
0	0.0	1.0	([214], [214, 0])
0	0.0	1.0	([215], [215, 0])
0	0.0	1.0	([216], [216, 0])
0	0.0	1.0	([217], [217, 0])
0	0.0	1.0	([218], [218, 0])
0	0.0	1.0	([219], [219, 0])
0	0.0	1.0	([220], [220, 0])
0	0.0	1.0	([221], [221, 0])
0	0.0	1.0	([222], [222, 0])
0	0.0	1.0	([223], [223, 0])
0	0.0	1.0	([224], [224, 0])
0	0.0	1.0	([225], [225, 0])
0	0.0	1.0	([226], [226, 0])
0	0.0	1.0	([227], [227, 0])
0	0.0	1.0	([228], [228, 0])
0	0.0	1.0	([229], [229, 0])
0	0.0	1.0	([230], [230, 0])
0	0.0	inf	([30], [])
