0	0.0	0.012662732834458184	([258], [258, 100])
0	0.0	0.013588839109799133	([201], [201, 97])
0	0.0	0.01484370852246206	([355], [355, 83])
0	0.0	0.0161195509151925	([172], [172, 91])
0	0.0	0.016639228833595934	([106], [106, 87])
0	0.0	0.2532386476999817	([316], [316, 315])
0	0.0	0.2600982036952076	([164], [164, 163])
0	0.0	0.2636724641052224	([229], [229, 228])
0	0.0	0.2644116260623793	([162], [162, 161])
0	0.0	0.2670180412620895	([298], [298, 297])
0	0.0	0.27175536817244783	([372], [372, 371])
0	0.0	0.27185311401412543	([156], [156, 155])
0	0.0	0.2718716610648693	([314], [314, 313])
0	0.0	0.2732795911738235	([136], [136, 135])
0	0.0	0.2743290477289468	([59], [59, 58])
0	0.0	0.27476614529962157	([232], [232, 231])
0	0.0	0.27478408013780214	([383], [383, 382])
0	0.0	0.27520866721822923	([171], [171, 170])
0	0.0	0.2757286733678062	([399], [399, 398])
0	0.0	0.27579767041730197	([248], [248, 247])
0	0.0	0.2760431506669429	([237], [237, 236])
0	0.0	0.2792825430598466	([374], [374, 373])
0	0.0	0.2804187742222885	([178], [178, 177])
0	0.0	0.2806963736017591	([55], [55, 54])
0	0.0	0.28077153777525504	([286], [286, 285])
0	0.0	0.2815074895857517	([274], [274, 273])
0	0.0	0.2818322330031423	([301], [301, 300])
0	0.0	0.28438040260034875	([44], [44, 43])
0	0.0	0.28457978836952974	([112], [112, 111])
0	0.0	0.2846398735205781	([119], [119, 118])
0	0.0	0.28468813819548444	([116], [116, 115])
0	0.0	0.2865661841764068	([241], [241, 240])
0	0.0	0.28686002441172304	([182], [182, 181])
0	0.0	0.2869539796248879	([290], [290, 289])
0	0.0	0.2873717795375025	([244], [244, 243])
0	0.0	0.28765426907797803	([398], [398, 397])
0	0.0	0.28790346874841505	([170], [170, 169])
0	0.0	0.289513938353615	([273], [273, 272])
0	0.0	0.2897713522112897	([385], [385, 384])
0	0.0	0.29027107851563644	([257], [257, 256])
0	0.0	0.29073749492823103	([349], [349, 348])
0	0.0	0.29154226435043346	([19], [19, 18])
0	0.0	0.29190171266726705	([52], [52, 51])
0	0.0	0.2925545444622543	([208], [208, 207])
0	0.0	0.2926464653274095	([214], [214, 213])
0	0.0	0.29265413421132236	([321], [321, 320])
0	0.0	0.2926562835129844	([126], [126, 125])
0	0.0	0.2933170978878013	([2], [2, 1])
0	0.0	0.29387487349021546	([365], [365, 364])
0	0.0	0.2940177994625437	([293], [293, 292])
0	0.0	0.29511069775073856	([37], [37, 36])
0	0.0	0.2956360712223426	([233], [233, 232])
0	0.0	0.29617262212921613	([215], [215, 214])
0	0.0	0.29633905845697556	([307], [307, 306])
0	0.0	0.29662568647992893	([238], [238, 237])
0	0.0	0.29664687871056866	([41], [41, 40])
0	0.0	0.2967776090991774	([51], [51, 50])
0	0.0	0.2970349002533063	([255], [255, 254])
0	0.0	0.2980880270015513	([187], [187, 186])
0	0.0	0.29814409454590635	([400], [400, 399])
0	0.0	0.2982083315401426	([179], [179, 178])
0	0.0	0.2985644847653614	([260], [260, 259])
0	0.0	0.299456086999373	([242], [242, 241])
0	0.0	0.29980226768042206	([324], [324, 323])
0	0.0	0.2999339420043557	([401], [401, 400])
0	0.0	0.299986823543897	([49], [49, 48])
0	0.0	0.3003798634564695	([269], [269, 268])
0	0.0	0.3006084616268413	([346], [346, 345])
0	0.0	0.3015898477052108	([319], [319, 318])
0	0.0	0.30172597231244586	([133], [133, 132])
0	0.0	0.3017715994401128	([219], [219, 218])
0	0.0	0.3020101565822297	([15], [15, 14])
0	0.0	0.3028279893997168	([306], [306, 305])
0	0.0	0.3028779827301679	([14], [14, 13])
0	0.0	0.30295074875855416	([224], [224, 223])
0	0.0	0.30295262350818597	([158], [158, 157])
0	0.0	0.30312713377361095	([57], [57, 56])
0	0.0	0.3047106118476296	([22], [22, 21])
0	0.0	0.3048536882326964	([206], [206, 205])
0	0.0	0.30493499384629896	([263], [263, 262])
0	0.0	0.30494512189684203	([295], [295, 294])
0	0.0	0.30586534401442245	([23], [23, 22])
0	0.0	0.3060353494406037	([181], [181, 180])
0	0.0	0.30624956426914757	([285], [285, 284])
0	0.0	0.3066139123381624	([302], [302, 300])
0	0.0	0.30682409483914513	([287], [287, 286])
0	0.0	0.3068502593741947	([70], [70, 69])
0	0.0	0.30733308972762785	([197], [197, 196])
0	0.0	0.30765964493787573	([368], [368, 367])
0	0.0	0.30779225634776214	([327], [327, 326])
0	0.0	0.30799243858572023	([264], [264, 263])
0	0.0	0.30803058252124027	([360], [360, 359])
0	0.0	0.3086024882521146	([280], [280, 279])
0	0.0	0.3086666663882296	([110], [110, 109])
0	0.0	0.3087687997612649	([143], [143, 142])
0	0.0	0.30885649208167787	([200], [200, 199])
0	0.0	0.30964269844584663	([331], [331, 330])
0	0.0	0.30981278300311216	([115], [115, 114])
0	0.0	0.31015309882911346	([68], [68, 67])
0	0.0	0.31025136670085596	([236], [236, 235])
0	0.0	0.31085648891709555	([245], [245, 244])
0	0.0	0.3109995511673221	([12], [12, 11])
0	0.0	0.3110849546144409	([7], [7, 6])
0	0.0	0.3114994714804158	([318], [319, 317])
0	0.0	0.3123155559985426	([291], [291, 290])
0	0.0	0.312411056642088	([221], [221, 220])
0	0.0	0.3124958617182738	([281], [281, 280])
0	0.0	0.31321952431006034	([39], [39, 38])
0	0.0	0.31358147816880866	([266], [266, 265])
0	0.0	0.313652302367096	([354], [354, 353])
0	0.0	0.31373251377668315	([337], [337, 336])
0	0.0	0.31421025878784753	([323], [323, 322])
0	0.0	0.3144327981686847	([292], [292, 291])
0	0.0	0.31496313783064195	([147], [147, 146])
0	0.0	0.3160296314844323	([220], [220, 219])
0	0.0	0.3160607532390585	([24], [24, 23])
0	0.0	0.3163860543859066	([157], [157, 156])
0	0.0	0.31687544712463894	([211], [211, 210])
0	0.0	0.3169442335976005	([378], [378, 377])
0	0.0	0.3172800218066439	([278], [278, 277])
0	0.0	0.317358610329649	([159], [159, 158])
0	0.0	0.3176520559719202	([312], [312, 311])
0	0.0	0.31775065685572096	([252], [252, 251])
0	0.0	0.3178422034522027	([268], [268, 267])
0	0.0	0.3179808660966092	([390], [390, 389])
0	0.0	0.31871424295304684	([379], [379, 378])
0	0.0	0.3189614534817242	([132], [132, 131])
0	0.0	0.3190808285130097	([230], [230, 229])
0	0.0	0.319561665398202	([204], [204, 203])
0	0.0	0.3195964512276795	([131], [131, 130])
0	0.0	0.3198670082520624	([212], [212, 211])
0	0.0	0.31990767716295776	([222], [222, 221])
0	0.0	0.32025295655313424	([380], [380, 379])
0	0.0	0.32025399292046103	([137], [137, 136])
0	0.0	0.32033446087192297	([234], [234, 233])
0	0.0	0.32039975817734645	([362], [362, 361])
0	0.0	0.3204035955447233	([334], [334, 333])
0	0.0	0.32068140180802085	([340], [340, 339])
0	0.0	0.3210881182921082	([122], [122, 121])
0	0.0	0.3213484139353017	([338], [338, 337])
0	0.0	0.3215962956741138	([33], [33, 32])
0	0.0	0.3217320986660076	([26], [26, 25])
0	0.0	0.32179797772641455	([16], [16, 15])
0	0.0	0.322412085899448	([185], [185, 184])
0	0.0	0.3225536701352026	([8], [8, 7])
0	0.0	0.3225884409464438	([361], [361, 360])
0	0.0	0.3226123015082429	([118], [118, 117])
0	0.0	0.3228820695964923	([339], [339, 338])
0	0.0	0.3231200076539862	([294], [294, 293])
0	0.0	0.3232770181703745	([186], [186, 185])
0	0.0	0.32327734157289273	([367], [367, 366])
0	0.0	0.32351560608665153	([377], [377, 376])
0	0.0	0.3235542878186717	([270], [270, 269])
0	0.0	0.32363393136729707	([243], [243, 242])
0	0.0	0.3240663562557769	([168], [168, 167])
0	0.0	0.32480527644601415	([117], [117, 116])
0	0.0	0.3257480158462908	([167], [167, 166])
0	0.0	0.32643322972172967	([150], [150, 149])
0	0.0	0.32644257261388915	([144], [144, 143])
0	0.0	0.32677115237939985	([253], [253, 252])
0	0.0	0.3270467331162918	([347], [347, 346])
0	0.0	0.3271514110439023	([299], [299, 298])
0	0.0	0.32763847541243873	([146], [146, 145])
0	0.0	0.3276462093380081	([251], [251, 250])
0	0.0	0.32774190945612336	([191], [191, 190])
0	0.0	0.3279742916323127	([322], [322, 321])
0	0.0	0.32810938647246185	([357], [357, 356])
0	0.0	0.32880060658610555	([148], [148, 147])
0	0.0	0.3291567524149227	([192], [192, 191])
0	0.0	0.3301032403417793	([123], [123, 122])
0	0.0	0.33017177913416584	([282], [282, 281])
0	0.0	0.33040138725699564	([370], [370, 369])
0	0.0	0.33079372970434273	([381], [381, 380])
0	0.0	0.3312683853527615	([276], [276, 275])
0	0.0	0.3315612038894312	([205], [205, 204])
0	0.0	0.3316415000037271	([328], [328, 327])
0	0.0	0.33172499446737075	([366], [366, 365])
0	0.0	0.33197657890280885	([358], [358, 357])
0	0.0	0.3321545857420788	([174], [174, 173])
0	0.0	0.3324244835894715	([38], [38, 37])
0	0.0	0.33252827929888795	([27], [27, 26])
0	0.0	0.3330206670042271	([369], [369, 368])
0	0.0	0.3332308129965649	([376], [376, 375])
0	0.0	0.3337917822119016	([332], [332, 331])
0	0.0	0.3338142472635678	([325], [325, 324])
0	0.0	0.33461816942541855	([129], [129, 128])
0	0.0	0.3347679445318856	([240], [240, 239])
0	0.0	0.3347688526487663	([4], [4, 3])
0	0.0	0.334838895123315	([56], [56, 55])
0	0.0	0.33499379786745037	([217], [217, 210])
0	0.0	0.3351271255398189	([350], [350, 349])
0	0.0	0.33530071955683044	([261], [261, 260])
0	0.0	0.3361252417993006	([113], [113, 112])
0	0.0	0.3362383354258149	([30], [30, 29])
0	0.0	0.3362497350819745	([296], [296, 295])
0	0.0	0.3368471242006138	([183], [183, 182])
0	0.0	0.337018197351196	([190], [190, 189])
0	0.0	0.33742287588111813	([161], [161, 160])
0	0.0	0.3377485728791181	([114], [114, 113])
0	0.0	0.33805209368258815	([125], [125, 124])
0	0.0	0.3380783879760338	([348], [348, 347])
0	0.0	0.33810246384425985	([330], [330, 329])
0	0.0	0.33820704121360445	([239], [239, 238])
0	0.0	0.33822701437542285	([165], [165, 164])
0	0.0	0.3383159942859051	([21], [21, 20])
0	0.0	0.3385343809175549	([3], [3, 1])
0	0.0	0.3386120246280398	([359], [359, 358])
0	0.0	0.3388568411594442	([247], [247, 246])
0	0.0	0.3391365362149634	([140], [140, 139])
0	0.0	0.3393129292845879	([231], [231, 230])
0	0.0	0.33936793789905845	([297], [297, 296])
0	0.0	0.3394343676041579	([124], [124, 123])
0	0.0	0.33984976894611535	([153], [153, 152])
0	0.0	0.3399580502932804	([18], [18, 16])
0	0.0	0.33997395864240915	([388], [388, 387])
0	0.0	0.3412738607614469	([28], [28, 27])
0	0.0	0.3414316139261018	([225], [225, 224])
0	0.0	0.34153678218839745	([40], [40, 39])
0	0.0	0.34180979617347224	([62], [62, 61])
0	0.0	0.3418570878950513	([67], [67, 65])
0	0.0	0.3419487939929463	([317], [317, 316])
0	0.0	0.34201718481389376	([335], [335, 334])
0	0.0	0.34216907552637443	([189], [189, 188])
0	0.0	0.3422092691120582	([396], [396, 395])
0	0.0	0.34234568176759056	([29], [29, 28])
0	0.0	0.34235182822557947	([256], [256, 255])
0	0.0	0.34259963119911774	([203], [203, 202])
0	0.0	0.34265715891920057	([184], [184, 183])
0	0.0	0.3427412906745136	([226], [226, 225])
0	0.0	0.34293078017705375	([371], [371, 370])
0	0.0	0.34331035300348234	([394], [394, 393])
0	0.0	0.34341499423962313	([46], [46, 45])
0	0.0	0.3437966100872673	([209], [209, 208])
0	0.0	0.34401615782277484	([105], [105, 104])
0	0.0	0.3440694218273366	([130], [130, 129])
0	0.0	0.3440849978381268	([135], [135, 134])
0	0.0	0.34418804196197367	([65], [65, 64])
0	0.0	0.3442531046259309	([223], [223, 222])
0	0.0	0.34464953058477066	([194], [194, 193])
0	0.0	0.34506658837315934	([34], [34, 33])
0	0.0	0.34507898884016647	([142], [142, 141])
0	0.0	0.34513628980811933	([391], [391, 390])
0	0.0	0.345280926851466	([193], [193, 192])
0	0.0	0.34540169865894604	([246], [246, 245])
0	0.0	0.3454300077119514	([262], [262, 261])
0	0.0	0.34600921161724585	([345], [345, 344])
0	0.0	0.3460126510655145	([1], [1, 0])
0	0.0	0.34616559539546465	([35], [35, 34])
0	0.0	0.3464070278233472	([111], [111, 110])
0	0.0	0.34679023089363054	([313], [313, 312])
0	0.0	0.34687834573619064	([43], [43, 42])
0	0.0	0.3469407623667684	([375], [375, 374])
0	0.0	0.34740734517702426	([333], [333, 332])
0	0.0	0.34844537844405427	([47], [47, 46])
0	0.0	0.34865372986036974	([199], [199, 198])
0	0.0	0.3487566453409858	([277], [277, 276])
0	0.0	0.3493276269271561	([195], [195, 194])
0	0.0	0.34939202128329727	([25], [25, 24])
0	0.0	0.3496227371373035	([342], [342, 341])
0	0.0	0.3509494209211916	([387], [387, 386])
0	0.0	0.3514519017969062	([54], [54, 53])
0	0.0	0.35146078629520755	([216], [216, 215])
0	0.0	0.3518479754712236	([235], [235, 234])
0	0.0	0.35281413181241233	([210], [217, 216])
0	0.0	0.3529717606098641	([9], [9, 8])
0	0.0	0.3530069372055322	([397], [397, 396])
0	0.0	0.35358968767180016	([152], [152, 151])
0	0.0	0.3536622898883499	([154], [154, 153])
0	0.0	0.3538847207140978	([134], [134, 133])
0	0.0	0.35389105057654197	([311], [311, 310])
0	0.0	0.3539412459574733	([17], [17, 16])
0	0.0	0.35398983937683887	([60], [60, 59])
0	0.0	0.35402638331078484	([160], [160, 159])
0	0.0	0.35424962604617843	([188], [188, 187])
0	0.0	0.3547951701766261	([50], [52, 49])
0	0.0	0.3551047420948913	([180], [180, 179])
0	0.0	0.355479193283382	([64], [67, 66])
0	0.0	0.35571445608945207	([53], [53, 52])
0	0.0	0.35576123105382096	([267], [267, 266])
0	0.0	0.35590750103803076	([326], [326, 325])
0	0.0	0.35658128166448444	([61], [61, 60])
0	0.0	0.35722841793173477	([196], [196, 195])
0	0.0	0.35765457942256457	([384], [384, 383])
0	0.0	0.35870942160163716	([139], [139, 138])
0	0.0	0.35909490613704215	([363], [363, 362])
0	0.0	0.3595578345963451	([254], [254, 253])
0	0.0	0.3595743964601437	([127], [127, 126])
0	0.0	0.36040913903961797	([128], [128, 127])
0	0.0	0.3605952384925074	([177], [177, 176])
0	0.0	0.36063123510056044	([31], [31, 30])
0	0.0	0.36088622639849705	([271], [271, 270])
0	0.0	0.363325549104828	([310], [310, 307])
0	0.0	0.36361767573593223	([149], [149, 148])
0	0.0	0.36368682111034595	([42], [42, 41])
0	0.0	0.3639344412434342	([198], [198, 197])
0	0.0	0.36436187728464037	([145], [145, 144])
0	0.0	0.36465294115092767	([364], [364, 363])
0	0.0	0.36466085329169096	([329], [329, 328])
0	0.0	0.3646923021387544	([228], [228, 227])
1	0.358028557296223	0.3649416939697451	([216, 212], [217, 216, 211])
0	0.0	0.3661628624329005	([32], [32, 31])
0	0.0	0.3662118757202687	([265], [265, 264])
1	0.36095503597695944	0.3662313459932962	([347, 344], [347, 346, 344])
0	0.0	0.36631654387540674	([107], [107, 105])
0	0.0	0.3665311426072933	([386], [386, 385])
0	0.0	0.36693207996684624	([341], [341, 340])
0	0.0	0.36759772493099796	([303], [303, 302])
0	0.0	0.36782533403777945	([352], [352, 351])
0	0.0	0.36909397768943414	([173], [173, 171])
0	0.0	0.36909730977547817	([151], [151, 150])
0	0.0	0.3705094312261665	([74], [74, 73])
0	0.0	0.37121682459862626	([227], [227, 226])
0	0.0	0.3723656406209952	([169], [169, 168])
1	0.353849180203754	0.372670221910753	([213, 212], [216, 215, 213])
0	0.0	0.37371649362012743	([11], [11, 10])
0	0.0	0.3746905103699505	([308], [308, 307])
0	0.0	0.3749734199923688	([343], [343, 336])
0	0.0	0.3753331831780452	([10], [10, 9])
0	0.0	0.3766990083028799	([166], [166, 165])
0	0.0	0.376764628608108	([382], [382, 381])
0	0.0	0.3770301618320471	([48], [48, 47])
0	0.0	0.37789767846022354	([305], [305, 303])
0	0.0	0.37803151586071976	([356], [356, 354])
0	0.0	0.3782878605070067	([275], [275, 274])
0	0.0	0.3784893388853069	([103], [103, 102])
0	0.0	0.37880302468547533	([279], [279, 278])
0	0.0	0.3789898824295715	([300], [300, 299])
0	0.0	0.37914648404446105	([138], [138, 137])
0	0.0	0.38017306343316976	([284], [284, 283])
0	0.0	0.38041892643585373	([163], [163, 162])
0	0.0	0.3813366526417683	([353], [353, 352])
0	0.0	0.3817401623105077	([73], [73, 72])
0	0.0	0.3819099001571964	([351], [351, 350])
0	0.0	0.3843653470627618	([45], [45, 44])
0	0.0	0.3847066089298184	([141], [141, 140])
1	0.3718806585903095	0.3857170634053862	([25, 20], [25, 24, 22])
1	0.38142637608372093	0.3863528732176469	([287, 283], [287, 285, 284])
1	0.38650600022522574	0.38826520995517394	([264, 261], [264, 263, 261])
1	0.385329777895019	0.3901611342894866	([183, 180], [183, 182, 180])
0	0.0	0.39025892048139854	([6], [12, 4])
0	0.0	0.3920904100725571	([13], [13, 12])
0	0.0	0.3939983795233707	([393], [393, 390])
0	0.0	0.3942612524612681	([76], [76, 73])
0	0.0	0.3951843273848533	([389], [389, 388])
0	0.0	0.39522898268411855	([20], [20, 18])
0	0.0	0.3971393829173132	([395], [395, 394])
0	0.0	0.3971538010188066	([272], [272, 271])
1	0.3994311277725335	0.40081974107346213	([350, 344], [350, 348, 347])
0	0.0	0.40335192749478266	([344], [344, 343])
0	0.0	0.4035170029806727	([315], [315, 314])
0	0.0	0.40362570813168147	([69], [70, 68])
0	0.0	0.40454757184119944	([288], [288, 82])
0	0.0	0.4050407528686063	([336], [336, 335])
0	0.0	0.40691628169100097	([58], [58, 57])
0	0.0	0.4081413555716798	([207], [207, 206])
0	0.0	0.4082706921989506	([36], [36, 35])
1	0.3962550627457918	0.40927641320101316	([206, 202], [206, 204, 202])
0	0.0	0.40963640981218463	([72], [76, 75])
0	0.0	0.4106122076573652	([75], [72, 70])
0	0.0	0.4111717734567601	([320], [320, 319])
0	0.0	0.4144757722590224	([66], [64, 62])
0	0.0	0.42015674141996634	([77], [77, 73])
1	0.37506701070853243	0.4205120155215363	([343, 342], [343, 342, 337])
0	0.0	0.4205509307841364	([108], [108, 79])
0	0.0	0.4209641178785301	([109], [109, 107])
0	0.0	0.4237571847016915	([309], [309, 84])
0	0.0	0.42425317023571585	([0], [77, 71])
0	0.0	0.4249206987014185	([213], [210, 209])
0	0.0	0.42552446216647394	([121], [121, 118])
0	0.0	0.42636973395766853	([155], [155, 154])
1	0.41271216873194555	0.42740410507214727	([335, 332], [335, 334, 332])
0	0.0	0.42807505250732997	([84], [84, 63])
0	0.0	0.4282679718994742	([283], [283, 282])
0	0.0	0.43202693468553377	([202], [202, 200])
0	0.0	0.4330109411475953	([373], [373, 372])
1	0.4269931480087385	0.4331665292316597	([42, 36], [42, 40, 39])
1	0.4317532347662066	0.4335270239549546	([381, 373], [381, 378, 377])
1	0.433157317898649	0.43696233671176776	([226, 220], [226, 223, 222])
0	0.0	0.43831716388539427	([392], [392, 391])
0	0.0	0.44003180724677826	([78], [78, 77])
1	0.40977400193059754	0.4413990999074489	([75, 74], [76, 75, 73])
0	0.0	0.4427570788932993	([175], [175, 85])
0	0.0	0.44350507353064955	([63], [309, 308])
1	0.43960717103692637	0.4444272984399256	([71, 69], [72, 71, 70])
1	0.4371657781309384	0.444553315634064	([394, 388], [394, 390, 389])
0	0.0	0.4456024722905352	([120], [120, 86])
0	0.0	0.448714554294676	([218], [218, 217])
0	0.0	0.44944175056115676	([259], [261, 256])
0	0.0	0.45039156811461956	([304], [304, 82])
0	0.0	0.4508329460834578	([249], [249, 85])
0	0.0	0.45107150192911244	([86], [86, 5])
1	0.4087556417570372	0.4512337352900637	([7, 4], [12, 9, 8])
1	0.4251234841296077	0.45154726503134823	([74, 71], [77, 74, 73])
0	0.0	0.45212467036964016	([176], [176, 174])
0	0.0	0.45259114719997223	([250], [251, 248])
0	0.0	0.4564634174769529	([5], [120, 119])
0	0.0	0.4568205516443192	([289], [305, 304])
0	0.0	0.45877315930014567	([82], [289, 287])
0	0.0	0.46045673062767645	([71], [64, 63])
0	0.0	0.4607355940515647	([104], [250, 249])
0	0.0	0.46652090782548694	([79], [108, 107])
1	0.48227395434439707	0.5209092563139244	([78, 75], [78, 77, 73])
1	0.5286710987045355	0.5308967439432876	([58, 51], [58, 54, 51])
1	0.5237967627833183	0.5372165889007146	([13, 2], [13, 11, 4])
0	0.0	0.566449365179915	([102], [102, 66])
1	0.5508946229162024	0.5680848369551622	([54, 46], [54, 51, 46])
1	0.5761646754861842	0.5865757171748189	([207, 190], [207, 202, 198])
1	0.5830749915785244	0.5934798642209549	([112, 104], [112, 110, 104])
1	0.5921221670402129	0.6036276660080522	([162, 152], [162, 158, 152])
1	0.5715489886278863	0.6038528587301768	([397, 382], [397, 395, 385])
1	0.5839215386599972	0.6043075470557335	([67, 59], [67, 64, 59])
1	0.5931092423780295	0.6055846522817179	([76, 10], [76, 73, 10])
1	0.5909993802769619	0.6055846522817179	([78, 10], [78, 73, 10])
1	0.5923466062982721	0.6102968418426123	([390, 359], [391, 390, 353])
1	0.5930142431202039	0.6115718157771471	([60, 45], [60, 59, 45])
1	0.590601957398853	0.6135737360998134	([391, 353], [390, 389, 360])
1	0.6112369812751594	0.6148130050966638	([393, 354], [393, 390, 354])
1	0.6148412667141062	0.6175465971807843	([74, 11], [74, 73, 11])
1	0.5954217698745579	0.6189633344656403	([251, 236], [251, 244, 236])
1	0.6110989280948839	0.6196328282000196	([128, 113], [128, 121, 119])
1	0.6174054896249005	0.6218456986757467	([378, 366], [378, 373, 372])
1	0.6039620783617156	0.6375727645302971	([71, 0], [75, 70, 0])
1	0.6152453807153648	0.6396462223770737	([271, 253], [271, 264, 261])
1	0.5792792067223688	0.640614690222617	([71, 10], [75, 70, 10])
1	0.6239803494193137	0.6416286246509486	([56, 37], [56, 51, 41])
1	0.6410321871610222	0.6440369093952109	([77, 4], [77, 73, 9])
1	0.6436006594852558	0.6509492349259878	([38, 17], [38, 29, 17])
1	0.6472233416918589	0.6531233312868089	([62, 1], [67, 62, 58])
1	0.605025796567389	0.6573355625135138	([141, 102], [153, 144, 141])
1	0.6077683515782678	0.6581931600585055	([78, 31], [78, 47, 34])
1	0.6137348302979156	0.6582618890613233	([20, 0], [20, 12, 11])
1	0.6547776620894199	0.6608410734843265	([388, 356], [390, 388, 356])
1	0.6346232949448316	0.6659091144033478	([72, 28], [72, 28, 20])
1	0.6139212132128615	0.6671916556860202	([245, 228], [245, 238, 229])
1	0.6423389833101262	0.6671916556860202	([251, 229], [251, 245, 229])
1	0.6588241299842552	0.6716400661570395	([56, 21], [56, 37, 27])
1	0.6656610409927602	0.6716400661570395	([62, 27], [62, 56, 27])
1	0.6688495944060656	0.672690454458019	([46, 18], [46, 34, 28])
1	0.6551064030622141	0.6732745221343435	([129, 110], [129, 119, 118])
1	0.6172450920129511	0.6735170257225376	([61, 17], [61, 46, 34])
1	0.6587579681441519	0.6735170257225376	([65, 34], [65, 61, 34])
1	0.6421919029333376	0.6743580126341661	([70, 57], [72, 68, 60])
1	0.6351371532592913	0.6752178860668027	([48, 3], [75, 69, 3])
1	0.663481287932911	0.6758353977832334	([64, 15], [64, 61, 15])
1	0.6737976160418511	0.676284972029518	([75, 43], [75, 43, 3])
1	0.6448137806131214	0.6773793664035657	([71, 54], [71, 69, 54])
1	0.5839463639303003	0.6777351768304944	([389, 360], [387, 373, 363])
1	0.6613838222685628	0.677895676029327	([77, 24], [77, 72, 24])
1	0.6641773158083158	0.6782710411399132	([68, 2], [68, 66, 2])
1	0.6710991278458663	0.6786860571778813	([334, 305], [334, 319, 318])
1	0.6636910249644481	0.6797679878165864	([330, 300], [330, 327, 300])
1	0.6772120603418361	0.6799297902024218	([317, 291], [317, 315, 291])
1	0.5725860446776437	0.6800152289198684	([78, 47], [78, 73, 34])
1	0.6416178329472888	0.6804884184558994	([45, 0], [39, 17, 0])
1	0.6437244678964024	0.6808602855605054	([67, 1], [70, 67, 1])
1	0.6730172660135335	0.6832641984546556	([126, 109], [126, 120, 116])
1	0.6750269794313133	0.6839661547991908	([279, 252], [279, 275, 252])
1	0.6683189287410208	0.6839661547991908	([286, 246], [286, 275, 252])
1	0.6754843394696938	0.6846476321641257	([224, 182], [224, 208, 187])
1	0.6754319608419409	0.6848870197879225	([326, 302], [326, 318, 303])
1	0.575767790976745	0.6852555387345605	([75, 6], [48, 17, 3])
1	0.6650033743999337	0.685900090181482	([278, 234], [278, 253, 248])
1	0.6813508204301965	0.6860379641912245	([399, 1], [400, 399, 1])
1	0.6792425843771722	0.6862879295625542	([74, 26], [74, 26, 6])
1	0.6454129871481363	0.6871068053304109	([134, 104], [134, 127, 122])
1	0.6717334184532635	0.6878671006484166	([310, 289], [310, 299, 297])
1	0.6537213517976429	0.6886679865011482	([59, 2], [59, 51, 2])
1	0.6485334807721788	0.6891312025297107	([401, 363], [401, 380, 363])
1	0.6883913815916101	0.6900806925115879	([57, 25], [57, 43, 30])
1	0.6869662138511503	0.6904322978352792	([76, 48], [76, 62, 50])
1	0.6422872669797726	0.6906150624978541	([71, 32], [71, 32, 0])
1	0.6363294968488542	0.6907433278671155	([104, 71], [105, 104, 66])
1	0.6670621464418041	0.6910198110443678	([65, 13], [65, 64, 13])
1	0.6774825853822408	0.6910677579555838	([308, 279], [308, 293, 279])
1	0.6716939343413599	0.6925594460635469	([215, 200], [215, 210, 209])
1	0.6576754948314156	0.6941515796570416	([107, 62], [109, 72, 62])
1	0.6183429852767981	0.6949510691458752	([257, 234], [278, 257, 253])
1	0.6336480331421298	0.695936770894253	([77, 30], [77, 30, 9])
1	0.5907078195833456	0.6960583664584771	([102, 17], [102, 60, 17])
1	0.6942563707800945	0.6970053959866834	([53, 22], [56, 53, 21])
1	0.6140068626765398	0.6981685321385902	([138, 78], [138, 127, 122])
1	0.5904552359395194	0.6985637404054476	([102, 60], [102, 66, 60])
1	0.6958511277265385	0.6990069216771342	([400, 76], [400, 76, 1])
1	0.6949975554134533	0.6995248921534667	([293, 256], [293, 290, 257])
1	0.6676374436561765	0.7000203112928721	([313, 280], [313, 298, 286])
1	0.69274979345128	0.7007517578028994	([356, 74], [358, 356, 71])
1	0.6953696724356375	0.7011803715195385	([159, 114], [156, 137, 114])
1	0.6950422604714452	0.7018020850422868	([385, 351], [385, 383, 351])
1	0.6937085186081821	0.7021336423694001	([294, 251], [293, 256, 254])
1	0.6919663061322198	0.7031396116441138	([110, 61], [110, 104, 66])
1	0.6870836715233233	0.7039313229267129	([290, 257], [289, 271, 251])
1	0.6999722148774824	0.7044275754503747	([152, 125], [152, 136, 135])
1	0.7035596335309833	0.7060122113128944	([234, 181], [244, 234, 187])
1	0.7024361928090546	0.7065766356243482	([300, 273], [300, 293, 282])
1	0.7021029509472934	0.7069382863209006	([244, 187], [234, 229, 209])
1	0.6960958379851648	0.7074395820428688	([180, 158], [178, 169, 160])
1	0.6787893821558489	0.7080366863096322	([158, 110], [158, 156, 114])
1	0.6443625823621851	0.7084130239936169	([277, 245], [277, 271, 251])
1	0.700035099046371	0.7103292961009594	([343, 315], [343, 332, 315])
1	0.6352281555820212	0.7108814631707823	([123, 77], [138, 123, 122])
1	0.7073479410595354	0.7117263568315686	([385, 76], [400, 394, 76])
1	0.705565561348841	0.7121553298108837	([112, 68], [112, 107, 68])
1	0.6967751087115569	0.7146128331090847	([235, 179], [235, 234, 187])
1	0.6867474212802364	0.7147040439055371	([181, 107], [181, 177, 107])
1	0.705588592900951	0.7155496619497317	([168, 143], [168, 156, 149])
1	0.6890957521836214	0.7160880795277983	([290, 242], [290, 257, 252])
1	0.7124272500431146	0.7166599239359905	([306, 267], [306, 297, 284])
1	0.7093020962003663	0.7166965663891145	([280, 239], [280, 276, 239])
1	0.6520324045050243	0.7172977752038411	([400, 351], [400, 376, 370])
1	0.7092336280604237	0.7177197668649306	([295, 246], [295, 287, 246])
1	0.7173490112598454	0.7182423281776458	([281, 224], [281, 248, 224])
1	0.7139432450617839	0.7183596955698406	([316, 253], [316, 291, 253])
1	0.7035982914360387	0.7186257683943481	([293, 238], [293, 251, 243])
1	0.6853337222811958	0.7192819477082428	([159, 104], [151, 142, 104])
1	0.7005074841039638	0.7202584491539057	([76, 29], [76, 29, 25])
1	0.7159922511281754	0.7205431342778904	([399, 251], [400, 399, 251])
1	0.710371284661403	0.7207410888109572	([396, 347], [396, 389, 352])
1	0.678841244128925	0.7216256848660991	([117, 49], [112, 67, 49])
1	0.6906744031254023	0.7223894491456759	([353, 75], [392, 353, 75])
1	0.708303646456436	0.723884011671049	([118, 70], [118, 105, 70])
1	0.7023681159717641	0.7251108635995762	([375, 349], [375, 366, 349])
1	0.7155330959759951	0.7253018608157085	([399, 68], [398, 68, 1])
1	0.7204915129255406	0.7257513330386726	([338, 299], [338, 327, 311])
1	0.7167251397192148	0.7257855030198168	([237, 177], [237, 235, 177])
1	0.6758957396827638	0.7266416034489097	([185, 104], [178, 177, 132])
1	0.608303017568712	0.7267966735425074	([341, 102], [352, 341, 333])
1	0.7040559958869257	0.7277580096073643	([253, 223], [253, 245, 223])
1	0.6975259745343368	0.7280745289511109	([228, 179], [228, 208, 207])
1	0.7177597739448152	0.7283512391704184	([382, 64], [399, 382, 0])
1	0.7270347022494836	0.728548682243757	([396, 33], [398, 396, 68])
1	0.7107730744029124	0.7287453423157912	([342, 302], [342, 329, 318])
1	0.7053680107542378	0.7291138379895853	([181, 157], [181, 173, 160])
1	0.7116804159382261	0.7293778769264816	([292, 235], [292, 286, 246])
1	0.6865451543600628	0.7294237470086551	([272, 242], [278, 272, 248])
1	0.5979858557989619	0.7296924018883413	([102, 9], [102, 17, 9])
1	0.6576274046381632	0.7305962049459636	([109, 72], [109, 105, 72])
1	0.7286371814563897	0.7306021611769693	([148, 105], [148, 136, 105])
1	0.6803182320578745	0.7306494975524461	([312, 255], [312, 291, 255])
1	0.7250689151906924	0.7320093988027585	([371, 3], [398, 371, 3])
1	0.7210610164416894	0.7322933191642943	([393, 72], [393, 353, 75])
1	0.6513085398302908	0.7322933191642943	([358, 71], [401, 393, 75])
1	0.7232688560340513	0.7325805671038907	([107, 17], [107, 67, 12])
1	0.7235319240466669	0.7332751599933981	([382, 285], [384, 382, 285])
1	0.692976686627378	0.7332894767469937	([289, 181], [289, 241, 181])
1	0.7169659121814147	0.7333392269297468	([245, 118], [245, 229, 118])
1	0.7320034839599731	0.7349479876860753	([313, 244], [313, 244, 229])
1	0.7150898549263001	0.7356362198902584	([305, 275], [305, 294, 286])
1	0.7130738861194663	0.7357642410175749	([233, 180], [245, 236, 180])
1	0.7261791887239912	0.7363139388487946	([154, 113], [154, 147, 113])
1	0.7042340265798949	0.7367368228491026	([245, 180], [235, 233, 186])
1	0.7340245154020932	0.7368840305509862	([274, 212], [259, 255, 216])
1	0.7148175803215558	0.7374431543285463	([119, 48], [119, 109, 64])
1	0.7346660356555313	0.7377109523121761	([337, 308], [337, 319, 308])
1	0.720670895139784	0.7384867449527885	([248, 130], [248, 130, 116])
1	0.7223031909734834	0.7384867449527885	([253, 116], [248, 239, 116])
1	0.7049285690428799	0.7388747575016682	([116, 46], [116, 113, 46])
1	0.7353869572974518	0.7389200763257864	([127, 50], [127, 116, 50])
1	0.7316840276732162	0.7392707044958695	([351, 313], [351, 337, 313])
1	0.7386557255148896	0.7397348519052607	([315, 260], [315, 296, 278])
1	0.7337724626489721	0.7397781054830964	([114, 59], [121, 114, 59])
1	0.7183170594273035	0.7398056283157683	([179, 133], [179, 159, 130])
1	0.7025110858437436	0.7401933014202596	([264, 214], [255, 230, 216])
1	0.7115781424985389	0.7406351275268285	([175, 118], [174, 158, 146])
1	0.7242389113870826	0.7421378116897533	([364, 105], [384, 371, 105])
1	0.7405714162810715	0.7422263560512992	([136, 47], [136, 105, 47])
1	0.7247436473416118	0.7423052155228065	([396, 48], [396, 57, 48])
1	0.7191039846237693	0.7428555010705196	([382, 104], [395, 358, 352])
1	0.730479462098593	0.7431037959167173	([209, 155], [209, 165, 155])
1	0.7040423418995491	0.7433019669141827	([401, 241], [401, 287, 234])
1	0.7387696700854958	0.7444504664272606	([268, 213], [268, 236, 213])
1	0.7383089815338656	0.7447737830297314	([321, 259], [306, 301, 259])
1	0.7372224349270365	0.7448168368861499	([375, 286], [393, 375, 75])
1	0.716691081158742	0.7453742158120648	([401, 105], [401, 105, 0])
1	0.7374646455185812	0.7457817642247095	([308, 248], [308, 271, 248])
1	0.7454875486858442	0.745954185221736	([129, 71], [132, 129, 71])
1	0.672647352164639	0.7460911650677418	([231, 188], [231, 211, 208])
1	0.7212132751456691	0.7461925744898269	([156, 62], [156, 111, 107])
1	0.7380743709530525	0.7462111068296948	([241, 44], [229, 121, 59])
1	0.7357185310595652	0.7462111068296948	([251, 59], [251, 229, 59])
1	0.7373077084326983	0.7464135364356721	([276, 214], [276, 255, 230])
1	0.7010838638994176	0.7464799879633034	([113, 56], [116, 109, 50])
1	0.7395246337697392	0.7470362785993403	([219, 147], [219, 205, 173])
1	0.6979213698569544	0.7474756518795339	([115, 76], [115, 107, 68])
1	0.7366478692850107	0.7475657362758242	([396, 313], [396, 313, 295])
1	0.7294339059405467	0.7476873040060348	([208, 112], [208, 187, 112])
1	0.7294357239414471	0.7482486942514438	([312, 119], [329, 312, 300])
1	0.7479375548436868	0.7485967793737297	([110, 39], [110, 61, 47])
1	0.7187596370629836	0.7489423979325788	([351, 70], [399, 351, 1])
1	0.708162858270871	0.749865323298562	([357, 73], [396, 388, 73])
1	0.7413975766288156	0.7499157977752485	([298, 227], [313, 298, 227])
1	0.7255149511280947	0.7499966649480582	([212, 167], [212, 209, 167])
1	0.7302535772353769	0.7500248741287746	([295, 114], [295, 294, 114])
1	0.6310699170070098	0.7501331145736841	([395, 77], [395, 77, 74])
1	0.7434874696776773	0.7502179517901993	([231, 176], [235, 231, 177])
1	0.7486391883257016	0.7504991481038438	([398, 45], [398, 45, 1])
1	0.6994260203610915	0.7506080128639695	([176, 76], [223, 178, 176])
1	0.7242539393791937	0.7506604742941804	([256, 187], [256, 250, 187])
1	0.7110897100822265	0.7507001226377091	([397, 44], [397, 396, 68])
1	0.7033413238769415	0.7508284161183792	([401, 290], [401, 234, 105])
1	0.7195103974944566	0.7509465245059527	([246, 0], [399, 246, 243])
1	0.7260419559301643	0.7509465245059527	([377, 246], [399, 377, 246])
1	0.7155932047449431	0.7510487252949518	([248, 114], [253, 241, 107])
1	0.7511696064616618	0.7511730605409911	([308, 231], [308, 248, 231])
1	0.7056393265787291	0.751322711652161	([400, 229], [385, 351, 289])
1	0.7107528068556793	0.751322711652161	([391, 289], [391, 385, 289])
1	0.7397384748079521	0.751349511455341	([298, 177], [298, 289, 181])
1	0.7337278095571145	0.7514574598603738	([328, 276], [328, 315, 278])
1	0.7472070051394064	0.7514574598603738	([345, 278], [345, 328, 278])
1	0.7218181535763373	0.751487478743705	([346, 292], [346, 342, 292])
1	0.7332226029763931	0.7515339949802876	([186, 134], [186, 166, 157])
1	0.7282083573446154	0.7517764264984185	([291, 186], [291, 253, 176])
1	0.7067010822207325	0.7517764264984185	([296, 176], [296, 291, 176])
1	0.6656251014296525	0.7519060827376731	([366, 77], [395, 366, 352])
1	0.6076200190049502	0.7519183125231819	([401, 0], [390, 78, 75])
1	0.7378884513451923	0.7519927553681488	([297, 223], [297, 237, 229])
1	0.7015546429522558	0.7520834730943853	([384, 292], [382, 281, 241])
1	0.6938150377851768	0.7520997355100054	([234, 109], [396, 351, 344])
1	0.7344124175948921	0.7525086609910204	([302, 262], [302, 300, 263])
1	0.7330775206134997	0.7525411792221443	([121, 58], [230, 229, 50])
1	0.7251173991752243	0.753157921755607	([241, 119], [241, 177, 132])
1	0.7397502444150639	0.75327842486307	([367, 275], [367, 351, 275])
1	0.7219555322366035	0.7532827322547379	([294, 110], [316, 294, 119])
1	0.7019411935041497	0.7532827322547379	([316, 122], [316, 312, 119])
1	0.7517593701727167	0.7533288037763233	([200, 156], [200, 184, 163])
1	0.7487815096505257	0.7538967997027473	([293, 174], [293, 291, 174])
1	0.7341073995202227	0.754005637164369	([398, 312], [398, 397, 312])
1	0.7496606813689575	0.75440991009056	([370, 296], [370, 356, 71])
1	0.7296727029843569	0.7545712312228311	([114, 31], [111, 48, 34])
1	0.745622931049257	0.7552245563067258	([274, 232], [274, 232, 212])
1	0.755173903050149	0.7553932110871555	([378, 234], [388, 378, 234])
1	0.7310158204477583	0.755441035357005	([296, 71], [370, 351, 296])
1	0.6019211063369759	0.7555209686527903	([151, 102], [141, 118, 105])
1	0.7361693008575668	0.7562420638255375	([192, 125], [192, 167, 125])
1	0.5964039279192387	0.7562533360182266	([105, 102], [382, 241, 107])
1	0.6844451904141755	0.7562533360182266	([383, 107], [383, 382, 107])
1	0.7198406690445684	0.7562533360182266	([400, 107], [400, 382, 107])
1	0.7478137128577464	0.7563255691396974	([302, 76], [350, 330, 76])
1	0.7384784223309462	0.7564623218142749	([251, 178], [254, 251, 178])
1	0.7489682099232579	0.756830937450835	([208, 140], [208, 179, 140])
1	0.7490881576152996	0.756875218750144	([256, 105], [290, 256, 105])
1	0.7486251560207449	0.7570233272645946	([266, 222], [265, 260, 217])
1	0.7292520945149293	0.7571075461638479	([332, 273], [332, 310, 273])
1	0.7420819698676663	0.7573581317814209	([155, 58], [155, 71, 58])
1	0.7412350752455139	0.7573581317814209	([155, 14], [155, 132, 71])
1	0.7516348425968271	0.757553579778111	([371, 293], [371, 351, 296])
1	0.7539162581812279	0.7575744914550405	([333, 1], [351, 333, 303])
1	0.7003591282951261	0.7577595958609638	([231, 125], [241, 229, 118])
1	0.7341639701730138	0.7578673989708646	([182, 75], [230, 182, 43])
1	0.7411424628075242	0.7582537795646214	([315, 209], [315, 291, 239])
1	0.729641785442335	0.7582682470718147	([345, 104], [379, 350, 345])
1	0.7574610037010271	0.75828386728482	([307, 276], [307, 300, 276])
1	0.7436219431123132	0.7583025609399088	([376, 319], [376, 351, 333])
1	0.7379977273833374	0.7585465794541301	([263, 221], [267, 263, 221])
1	0.7582800357384756	0.7585517614076491	([230, 110], [230, 229, 110])
1	0.7423133334482532	0.758647080193491	([383, 230], [401, 383, 287])
1	0.7276585442829665	0.7591456858358986	([286, 116], [286, 230, 50])
1	0.7472016242680456	0.7591865464855987	([391, 247], [398, 391, 247])
1	0.7521135043155327	0.7600188151695895	([228, 136], [229, 228, 110])
1	0.7199179767901891	0.7602551108154165	([230, 50], [209, 188, 128])
1	0.7557941739862875	0.7603587530036497	([234, 156], [234, 181, 156])
1	0.7598719689326812	0.7606770754500716	([215, 104], [215, 196, 104])
1	0.7228444865526038	0.7607132493630775	([177, 14], [177, 155, 132])
1	0.7597585092113704	0.761117486001356	([180, 49], [180, 122, 117])
1	0.7276914627426156	0.761117486001356	([235, 117], [235, 180, 117])
1	0.7532455646191977	0.761117486001356	([244, 117], [244, 180, 117])
1	0.7225191277338261	0.7611574727775503	([397, 227], [397, 278, 230])
1	0.7170178345520929	0.7611574727775503	([397, 278], [397, 383, 230])
1	0.7231241970750554	0.761573582432594	([371, 247], [371, 293, 247])
1	0.7063536040155572	0.7617651266008854	([205, 153], [205, 173, 153])
1	0.73539721496734	0.7618831548518137	([384, 65], [396, 384, 65])
1	0.7345993595415006	0.7620729399783939	([221, 164], [221, 204, 196])
1	0.7173371187699384	0.7624710672570987	([121, 75], [121, 107, 67])
1	0.7481749454387134	0.7626640928592692	([335, 283], [335, 334, 283])
1	0.7624060188495368	0.7630000586682947	([291, 111], [295, 291, 111])
1	0.7423906820291004	0.763148380344351	([263, 203], [263, 221, 213])
1	0.7286895457346213	0.7635173014901422	([380, 245], [401, 380, 245])
1	0.7516365990316245	0.7636645632964281	([324, 264], [324, 284, 274])
1	0.6904161007899412	0.7638589721575368	([184, 114], [184, 176, 114])
1	0.7544920003962235	0.7641835905201885	([250, 123], [250, 241, 123])
1	0.7563189709785869	0.7644484210121198	([225, 169], [233, 225, 169])
1	0.7008561080917511	0.7646496616144254	([329, 104], [291, 176, 111])
1	0.7475260733522191	0.7649698149258033	([292, 182], [292, 233, 232])
1	0.7272387299178807	0.7650656253032556	([383, 176], [383, 176, 107])
1	0.7643680702595779	0.7651080412436112	([126, 2], [401, 126, 2])
1	0.7293437233397468	0.7651751926362371	([290, 127], [242, 241, 123])
1	0.7546219447882258	0.7652453503970789	([351, 112], [351, 314, 110])
1	0.7603010352942042	0.7653082997888945	([331, 270], [331, 301, 270])
1	0.7262304852963875	0.7653460481973281	([372, 58], [396, 384, 2])
1	0.7080854248703915	0.7653698630892953	([401, 126], [401, 126, 107])
1	0.7607427338904557	0.7657510240405119	([386, 13], [399, 386, 13])
1	0.7649530953212785	0.7660730874919554	([224, 122], [224, 180, 173])
1	0.7633508655089901	0.7660800675282023	([281, 188], [281, 248, 176])
1	0.6980536150332718	0.7663292866194832	([385, 235], [385, 289, 248])
1	0.7404901655365782	0.7670180458938988	([395, 232], [396, 395, 232])
1	0.7467966200880691	0.7670633328643327	([196, 126], [227, 208, 112])
1	0.7575118379786556	0.7670919130786725	([348, 62], [399, 351, 348])
1	0.7434881241797678	0.7671333375500072	([301, 213], [301, 268, 259])
1	0.7547968300872508	0.767250988343568	([298, 158], [298, 177, 159])
1	0.689953538259152	0.7676846039327114	([218, 72], [176, 115, 107])
1	0.7611319192634766	0.7679174433074243	([222, 145], [225, 222, 166])
1	0.745204360250352	0.7680277886164252	([234, 61], [234, 61, 47])
1	0.7248732825904183	0.7680277886164252	([234, 51], [234, 105, 47])
1	0.7351640220641583	0.7681695536472002	([221, 76], [221, 188, 75])
1	0.76318166156216	0.7683202335455551	([360, 305], [360, 346, 343])
1	0.7114348021111743	0.7687005190950208	([348, 293], [348, 302, 293])
1	0.7530191503230186	0.7688616593942519	([352, 281], [352, 351, 281])
1	0.760939154075116	0.7691301657411657	([247, 15], [401, 247, 234])
1	0.7631942199220769	0.769291473664938	([340, 274], [340, 318, 274])
1	0.7645473077089124	0.769309743784563	([397, 181], [397, 230, 181])
1	0.7205586256381421	0.7694941005609833	([285, 227], [313, 285, 250])
1	0.7498075600422118	0.7695942043281204	([294, 183], [294, 254, 246])
1	0.7409837597363736	0.7696320945781162	([227, 71], [227, 215, 71])
1	0.726956186249072	0.7697061788118041	([232, 133], [232, 181, 179])
1	0.762384032364804	0.769934989287997	([293, 121], [277, 237, 109])
1	0.7602236376360237	0.76993922295528	([188, 109], [188, 176, 109])
1	0.7414923703920433	0.769973590546458	([296, 224], [296, 241, 236])
1	0.7660789811893033	0.7700174603724161	([269, 197], [269, 264, 197])
1	0.7676186055373865	0.7701921465391861	([362, 287], [391, 362, 287])
1	0.7672952841693353	0.7702038906306519	([298, 113], [298, 177, 113])
1	0.7593610542614512	0.7703248244154475	([215, 143], [215, 143, 107])
1	0.7445487020009723	0.7705514944395857	([364, 270], [364, 333, 270])
1	0.7660089025750276	0.7706438842966878	([197, 141], [203, 168, 152])
1	0.711317635391946	0.7709583839843542	([125, 39], [125, 110, 107])
1	0.7203946471208678	0.77110943134344	([246, 128], [246, 239, 125])
1	0.7363222007871073	0.7711432223346918	([235, 36], [235, 117, 49])
1	0.7583284014899128	0.7714389505336374	([398, 110], [398, 351, 110])
1	0.7446004506726586	0.7717571891571126	([393, 226], [401, 393, 233])
1	0.7249650365942479	0.7719430797729145	([118, 36], [401, 118, 70])
1	0.7618101762439498	0.7723635666358286	([260, 104], [329, 303, 260])
1	0.7636977133750777	0.7723635666358286	([350, 260], [350, 329, 260])
1	0.7501791743151837	0.7730198114384785	([157, 49], [180, 157, 122])
1	0.7332969827140984	0.773098142209217	([162, 31], [162, 129, 114])
1	0.7718319814074227	0.7734099753170396	([289, 204], [289, 208, 204])
1	0.7358470402595425	0.7734099753170396	([275, 208], [289, 275, 208])
1	0.7624587108131443	0.7737489292703693	([322, 261], [322, 305, 261])
1	0.7675673970357099	0.7738674135906677	([346, 269], [346, 337, 276])
1	0.7492946233710351	0.7738854065827736	([269, 166], [261, 225, 203])
1	0.726662571500717	0.7739067677582488	([225, 127], [242, 236, 127])
1	0.7599063417356775	0.7740529650524488	([338, 261], [338, 291, 254])
1	0.7435814722421619	0.7740586814669885	([372, 47], [372, 58, 47])
1	0.7611427125422542	0.7741862585688665	([343, 267], [343, 334, 283])
1	0.7603067752696888	0.774292696762144	([381, 17], [393, 381, 17])
1	0.7614189114765276	0.7749105784201941	([318, 184], [400, 382, 318])
1	0.7581663068784246	0.7757069053791308	([399, 186], [399, 384, 186])
1	0.7299459221624648	0.775973504467583	([123, 0], [123, 69, 68])
1	0.6083897784074642	0.775973504467583	([127, 78], [123, 77, 69])
1	0.7411353144133481	0.7760062014746423	([254, 61], [254, 251, 66])
1	0.7348158178596806	0.7760349876430631	([124, 40], [124, 104, 66])
1	0.7308617653776881	0.7764685978960295	([237, 74], [237, 229, 44])
1	0.7516934915922696	0.7768886015029959	([310, 156], [313, 310, 107])
1	0.7760792820174419	0.7770441011552336	([248, 35], [248, 116, 35])
1	0.7749605865488545	0.777161338287862	([190, 110], [190, 162, 110])
1	0.7374699275570915	0.7771760128924728	([182, 105], [182, 121, 105])
1	0.7646133383556647	0.7772211274047559	([284, 56], [286, 284, 56])
1	0.7493364130207214	0.7775631102210042	([348, 225], [348, 263, 225])
1	0.7461126144394731	0.777765549138966	([299, 164], [299, 269, 164])
1	0.7732455515735213	0.7779381944394987	([380, 122], [396, 380, 122])
1	0.7339234121179544	0.7779381944394987	([399, 122], [399, 396, 122])
1	0.7406315592374083	0.7780220345856964	([292, 198], [292, 232, 198])
1	0.7651229318639273	0.7780296456002579	([384, 330], [384, 352, 348])
1	0.769366330489466	0.7782060454908578	([293, 38], [401, 293, 241])
1	0.7652345123016409	0.7783823258828528	([379, 314], [379, 360, 314])
1	0.7297059383995972	0.7784183416582338	([298, 72], [298, 223, 181])
1	0.7689064765171069	0.7786426776939283	([234, 24], [234, 47, 28])
1	0.776547414681297	0.7787699561613982	([372, 115], [382, 372, 109])
1	0.7747782350870998	0.7797030684261803	([379, 259], [379, 364, 259])
1	0.7752991342051554	0.7797055602317386	([312, 46], [312, 119, 19])
1	0.726695695966424	0.7797236702205178	([286, 157], [286, 157, 122])
1	0.7646088089083746	0.7797236702205178	([276, 122], [286, 276, 122])
1	0.7774345931203047	0.7797352820458375	([378, 133], [378, 133, 110])
1	0.7667335539439502	0.7797776732556516	([328, 237], [328, 276, 237])
1	0.7800048620302447	0.7801889671908113	([385, 54], [385, 371, 54])
1	0.7585923655718412	0.7804017475602645	([306, 202], [306, 259, 202])
1	0.7428258248168386	0.7804307191349875	([375, 113], [375, 254, 109])
1	0.7755625871115466	0.7805530587268364	([366, 272], [366, 317, 272])
1	0.768644717440562	0.7807116969105218	([354, 161], [354, 257, 107])
1	0.7413648543926967	0.7808431550042091	([400, 182], [318, 274, 184])
1	0.7624409041508904	0.780922298622112	([311, 51], [311, 104, 51])
1	0.7646128802037979	0.7810005343602052	([354, 257], [373, 354, 257])
1	0.7593970884720956	0.781087368843381	([282, 126], [282, 274, 188])
1	0.7762848432054762	0.7811583348664412	([156, 33], [156, 112, 33])
1	0.760578838787739	0.7811659765173954	([312, 228], [312, 291, 237])
1	0.7701968527194222	0.7812137478737451	([395, 270], [395, 351, 275])
1	0.7775955511560562	0.7813606902711361	([347, 286], [347, 318, 299])
1	0.7763338492792246	0.7814510317226965	([369, 267], [369, 351, 289])
1	0.7774983238527111	0.7818497008252925	([200, 70], [231, 200, 70])
1	0.7774205433627086	0.7818497008252925	([240, 70], [240, 231, 70])
1	0.7722260213463596	0.7818590482495809	([371, 283], [371, 283, 247])
1	0.7724415451034978	0.7818694300336319	([250, 64], [250, 241, 64])
1	0.7582849654401252	0.7818801367633004	([157, 0], [157, 119, 105])
1	0.7560557009892152	0.7825605746555976	([290, 46], [290, 245, 46])
1	0.781042755839346	0.782696958109589	([345, 219], [345, 275, 219])
1	0.7670793466202412	0.782696958109589	([395, 219], [395, 275, 219])
1	0.7497635377799389	0.7830212415016987	([254, 31], [277, 254, 109])
1	0.7613772586219479	0.7831011604595228	([240, 55], [240, 70, 55])
1	0.7815750116414233	0.7831226548599852	([308, 187], [308, 230, 229])
1	0.7405223500252083	0.7833667580374554	([252, 190], [252, 230, 218])
1	0.7368693522946104	0.7833805321627098	([277, 40], [254, 182, 174])
1	0.768769385912435	0.7833805321627098	([263, 182], [263, 254, 182])
1	0.740873219547643	0.7835590837378886	([117, 63], [117, 63, 49])
1	0.7801378975561445	0.7839001691168156	([397, 159], [397, 316, 312])
1	0.7650462787771211	0.7839538956639283	([387, 261], [387, 351, 296])
1	0.774536289156486	0.7843265513556119	([345, 181], [345, 219, 181])
1	0.7696050387631479	0.7846493358238457	([187, 53], [187, 104, 2])
1	0.7712526531818863	0.7848909949174302	([291, 3], [291, 254, 61])
1	0.772145964042672	0.7849719624707571	([307, 73], [368, 321, 307])
1	0.7683350319276351	0.7852406561767319	([379, 182], [379, 233, 232])
1	0.7149455926798057	0.7852678075171248	([401, 194], [401, 194, 176])
1	0.7674057926130435	0.7854389436460114	([169, 24], [169, 136, 24])
1	0.7748964023852902	0.785471452275496	([266, 125], [266, 231, 210])
1	0.7724905528164526	0.7856373601856437	([323, 72], [351, 323, 303])
1	0.7636745985315176	0.7856886390702263	([397, 342], [397, 363, 342])
1	0.7744851501198301	0.7858618673872838	([159, 52], [159, 117, 52])
1	0.7713599911228514	0.7861223755871556	([255, 115], [255, 234, 122])
1	0.7859709274163845	0.7861223755871556	([261, 122], [261, 255, 122])
1	0.7796584616036385	0.7864781540414586	([337, 198], [337, 290, 198])
1	0.7816087573852755	0.7865250408573647	([342, 255], [342, 310, 255])
1	0.7685429966450149	0.786988387182138	([280, 117], [280, 238, 117])
1	0.7491018304484208	0.7871038649786428	([244, 45], [244, 240, 45])
1	0.7609130145406752	0.7875904458519428	([292, 115], [292, 167, 159])
1	0.7593853910307028	0.7879070121360912	([300, 163], [308, 208, 187])
1	0.7532567726255243	0.7886684030959322	([239, 67], [247, 239, 48])
1	0.7540884054967967	0.7886684030959322	([252, 48], [252, 247, 48])
1	0.7859685388325518	0.7886692314656244	([159, 28], [159, 130, 28])
1	0.7774879788274988	0.7886767491229635	([322, 206], [322, 310, 206])
1	0.77281961039381	0.7886885679176966	([243, 188], [243, 235, 177])
1	0.7832767854345546	0.7890683462756186	([348, 239], [348, 239, 225])
1	0.7863661858090705	0.7891021716186304	([374, 265], [374, 265, 166])
1	0.7887215925971227	0.7891021716186304	([379, 166], [379, 374, 166])
1	0.7886053269501595	0.789143587892644	([340, 138], [340, 321, 301])
1	0.7537248896821286	0.7892487659429108	([372, 189], [372, 299, 189])
1	0.7598277480346696	0.7897780079163428	([319, 200], [345, 319, 200])
1	0.7527401865870246	0.7903209701526255	([285, 58], [321, 285, 58])
1	0.7736350556876244	0.7903658717761831	([379, 282], [379, 282, 259])
1	0.7813229195380315	0.79071273494841	([339, 173], [385, 348, 339])
1	0.7565092397615034	0.7909890536442499	([217, 113], [234, 217, 176])
1	0.7761190398585521	0.7909895152206191	([174, 74], [183, 174, 68])
1	0.7307697929181758	0.7910704992505351	([286, 75], [401, 280, 233])
1	0.7763777591174238	0.7911129517673177	([295, 67], [295, 111, 58])
1	0.7667703925731097	0.7916596089276438	([383, 40], [383, 107, 40])
1	0.7094666347471881	0.7918900632414563	([122, 37], [122, 111, 37])
1	0.7713961751202344	0.7920176348157769	([216, 117], [233, 216, 117])
1	0.7425195971521744	0.7920513364213472	([338, 44], [338, 291, 44])
1	0.7853263305206819	0.7921449448009151	([340, 223], [340, 266, 223])
1	0.7827752238728575	0.7921938823458294	([183, 3], [183, 69, 68])
1	0.7784797148438226	0.7922128816295765	([345, 150], [374, 345, 150])
1	0.7875261645652346	0.7922227459247264	([366, 165], [366, 333, 171])
1	0.7921683810287466	0.7924950717548295	([301, 165], [354, 301, 161])
1	0.7757297478102538	0.7926282867887053	([243, 57], [243, 119, 64])
1	0.7740371275335849	0.7928171127510069	([308, 65], [399, 308, 65])
1	0.757930743677611	0.7934387701745041	([331, 199], [331, 301, 199])
1	0.7920452016188965	0.7935948048219112	([329, 247], [339, 329, 247])
1	0.7923873226331365	0.7938694088106442	([386, 180], [386, 375, 180])
1	0.7877776894101808	0.7940684741122104	([369, 167], [369, 366, 167])
1	0.7469235904535518	0.7943145692955902	([391, 40], [391, 247, 43])
1	0.7702457642311964	0.7944419749615491	([199, 33], [214, 199, 33])
1	0.79398252985489	0.7948043347792886	([346, 221], [346, 333, 221])
1	0.7858980709009549	0.7948515104949354	([333, 171], [395, 385, 171])
1	0.7929696850677673	0.7950883817885703	([334, 236], [351, 334, 236])
1	0.7764174904376625	0.7957155497662065	([179, 57], [179, 107, 104])
1	0.7933395608304797	0.7957175442144309	([357, 215], [357, 215, 206])
1	0.7398644552767365	0.7957192639101615	([387, 185], [387, 266, 261])
1	0.7868408292664416	0.7958593045197089	([334, 186], [334, 305, 186])
1	0.7857660781264147	0.7959132321371054	([217, 73], [217, 200, 70])
1	0.7876918319662346	0.7963164612556707	([158, 42], [158, 118, 42])
1	0.7850346399130733	0.7966860226393627	([386, 55], [374, 351, 69])
1	0.7967622937056144	0.7968878252813144	([317, 36], [351, 317, 36])
1	0.7964662824185081	0.7968983863302996	([262, 165], [292, 262, 159])
1	0.7680118758857619	0.7969180407836091	([338, 148], [338, 261, 122])
1	0.7687961758251031	0.7970324679222234	([329, 197], [329, 203, 197])
1	0.780163816852027	0.7974888674194464	([284, 2], [284, 231, 2])
1	0.7845303581472611	0.797942984727708	([365, 164], [365, 281, 176])
1	0.749092283483915	0.7985565842199012	([377, 127], [377, 180, 176])
1	0.7917541851830635	0.7985897552492961	([342, 131], [342, 314, 300])
1	0.7816519697594524	0.7987911302221419	([178, 1], [178, 113, 1])
1	0.7796463742132682	0.7992041935073778	([268, 37], [292, 268, 45])
1	0.7756745754026823	0.7994189541302297	([307, 133], [307, 298, 133])
1	0.7892161866682933	0.7995002977049973	([282, 146], [282, 183, 177])
1	0.7980969125552003	0.7995069751494249	([367, 143], [374, 367, 166])
1	0.7902021685319388	0.8002016872189381	([357, 206], [357, 330, 272])
1	0.7404257998152731	0.8002942373416913	([350, 121], [350, 260, 128])
1	0.7717766877694537	0.8009110008810724	([375, 213], [397, 375, 213])
1	0.8000726574309203	0.8018758389413841	([147, 8], [160, 147, 8])
1	0.7801487211861798	0.8019917729266608	([189, 39], [189, 125, 107])
1	0.7986123501974162	0.8022603452419038	([232, 37], [232, 230, 37])
1	0.6641549875864381	0.8029649758769214	([344, 77], [366, 344, 322])
1	0.7997584787958906	0.803022578705062	([326, 215], [327, 215, 205])
1	0.8009498225522429	0.8030251984545911	([363, 222], [382, 363, 222])
1	0.8031124087514491	0.8032918936037934	([370, 31], [370, 254, 232])
1	0.7965838518034051	0.8032953707376164	([341, 231], [341, 318, 231])
1	0.7554534446070715	0.8034549263739993	([184, 52], [184, 158, 60])
1	0.7839782337505213	0.8038026730946362	([211, 0], [228, 211, 0])
1	0.7484378918458896	0.8038315767014582	([321, 138], [321, 307, 138])
1	0.8025367786865837	0.8045895326810959	([396, 145], [396, 145, 122])
1	0.773972876290306	0.8047255415881122	([188, 23], [188, 60, 23])
1	0.7882577439434962	0.8049586449725297	([366, 218], [366, 340, 263])
1	0.8005056883651555	0.8051327946911838	([325, 219], [325, 264, 254])
1	0.8036779732079768	0.8051497152753986	([353, 162], [353, 334, 162])
1	0.8014349740830593	0.8053441651874912	([345, 13], [345, 324, 13])
1	0.7906153864128996	0.8055055732784302	([346, 136], [346, 292, 174])
1	0.7740229880375258	0.8056180127607815	([315, 42], [315, 293, 35])
1	0.7814516507084213	0.8056478774142084	([367, 51], [396, 367, 51])
1	0.6375948687290962	0.8056649071774901	([253, 77], [253, 77, 9])
1	0.7976464262793627	0.8064263293316059	([337, 144], [337, 144, 127])
1	0.8064564578021901	0.80696833571582	([344, 163], [344, 320, 160])
1	0.7636823794307168	0.8071883309839591	([303, 147], [303, 267, 185])
1	0.8064237032970041	0.8072693352605256	([318, 155], [318, 204, 184])
1	0.7900802633424164	0.8075256217777815	([171, 53], [171, 114, 110])
1	0.7519161222785831	0.807673393314816	([386, 203], [386, 203, 189])
1	0.598352666330128	0.8078128213521878	([352, 102], [352, 105, 104])
1	0.8024055017226706	0.8081697270754133	([365, 140], [365, 345, 140])
1	0.8059358765854225	0.8086377705518819	([271, 141], [271, 159, 141])
1	0.7885574495589848	0.808721270752074	([186, 51], [186, 180, 51])
1	0.7817439045854616	0.8092469428555269	([282, 55], [282, 244, 55])
1	0.8024836834952845	0.8095963591130814	([265, 49], [265, 247, 212])
1	0.8079407065095803	0.8098311874111901	([259, 57], [396, 259, 226])
1	0.7936876310224017	0.8103597251784579	([373, 205], [373, 371, 205])
1	0.7885770751069446	0.81096507689455	([170, 9], [170, 156, 33])
1	0.7933480265602351	0.8110217901481954	([381, 155], [381, 285, 155])
1	0.8064551999817084	0.8129034169102761	([222, 56], [234, 222, 126])
1	0.787436631507088	0.8131878864124626	([135, 26], [135, 26, 18])
1	0.7892537758503135	0.8142088096447639	([324, 142], [324, 214, 203])
1	0.773911450658155	0.8155272441540578	([302, 69], [351, 273, 69])
1	0.7724757747796298	0.8155555526367355	([300, 40], [300, 122, 110])
1	0.8044953279386852	0.8163244526620635	([318, 55], [318, 296, 55])
1	0.8153936600041022	0.816428590882253	([360, 130], [370, 360, 130])
1	0.8176389268533315	0.8179800863507183	([325, 175], [325, 175, 152])
1	0.5863592743775338	0.8183713766656929	([283, 102], [341, 283, 231])
1	0.8077449487071425	0.8189003872676005	([262, 30], [262, 254, 61])
1	0.8161069662194881	0.8194120517519017	([334, 26], [388, 334, 105])
1	0.8083787711508446	0.8205260627511809	([369, 210], [369, 278, 207])
1	0.7894173429136991	0.8205480252194935	([164, 10], [164, 126, 28])
1	0.7992795956937275	0.8221204586699501	([193, 44], [229, 193, 137])
1	0.8046295627314596	0.8233733084719738	([225, 22], [225, 130, 127])
1	0.7809117634316775	0.8242105159480845	([221, 57], [221, 170, 57])
1	0.6015885735965515	0.8253368871512654	([386, 102], [386, 102, 17])
1	0.8171705810114597	0.82654041801232	([348, 154], [367, 348, 154])
1	0.8082549175146034	0.8339448672429033	([336, 18], [385, 336, 18])
1	0.817041524939362	0.834100371091636	([331, 39], [331, 274, 39])
1	0.5836255487839324	0.8501814207071811	([389, 78], [309, 84, 63])
1	0.497717652769099	0.854939139955819	([289, 288], [304, 288, 180])
1	0.6525503358758099	0.8705114986349336	([167, 103], [394, 167, 103])
1	0.4690905807661798	0.8935900249767571	([176, 175], [249, 175, 85])
1	0.4670098933001767	0.8950562442813526	([5, 4], [120, 86, 5])
1	0.47597840244797496	0.8965293332321114	([392, 79], [392, 108, 79])
1	0.6271174719564875	0.9001286567473602	([202, 78], [202, 138, 78])
1	0.5896766914252665	0.9438620887792559	([394, 103], [167, 103, 66])
0	0.0	0.9772023652720723	([85], [107, 106])
0	0.0	0.9796942495838874	([87], [173, 172])
0	0.0	0.9818075062970532	([91], [356, 355])
0	0.0	0.9822135033027969	([97], [201, 200])
0	0.0	0.9844907331119902	([83], [259, 258])
1	0.9992885661697053	0.9995620313909951	([201, 76], [384, 201, 160])
0	0.0	1.0	([80], [80, 0])
0	0.0	1.0	([81], [81, 0])
0	0.0	1.0	([88], [88, 0])
0	0.0	1.0	([89], [89, 0])
0	0.0	1.0	([90], [90, 0])
0	0.0	1.0	([92], [92, 0])
0	0.0	1.0	([93], [93, 0])
0	0.0	1.0	([94], [94, 0])
0	0.0	1.0	([95], [95, 0])
0	0.0	1.0	([96], [96, 0])
0	0.0	1.0	([98], [98, 0])
0	0.0	1.0	([99], [99, 0])
0	0.0	1.0	([101], [101, 0])
0	0.0	inf	([100], [])
