0	0.0	0.01790543353947727	([316], [316, 6])
0	0.0	0.021519224015143966	([51], [51, 19])
0	0.0	0.023149492474861505	([324], [324, 5])
0	0.0	0.024066310232078496	([274], [274, 8])
0	0.0	0.036268634390770424	([16], [16, 12])
0	0.0	0.0597938457854593	([14], [14, 7])
0	0.0	0.06978724241665177	([281], [281, 9])
0	0.0	0.23885778048585699	([286], [286, 285])
0	0.0	0.24161377854903865	([419], [419, 418])
0	0.0	0.24268701528380135	([280], [280, 279])
0	0.0	0.24433902291419443	([129], [129, 128])
0	0.0	0.24493645647508414	([261], [261, 260])
0	0.0	0.2514325687896284	([64], [64, 63])
0	0.0	0.2514643118501235	([253], [253, 252])
0	0.0	0.25316053279015605	([321], [321, 320])
0	0.0	0.25509304242369446	([367], [367, 366])
0	0.0	0.2554261826586969	([180], [180, 179])
0	0.0	0.2557437390757491	([289], [289, 288])
0	0.0	0.26020877982560164	([219], [219, 218])
0	0.0	0.26022129099320873	([266], [266, 265])
0	0.0	0.2603501624279954	([238], [238, 237])
0	0.0	0.2606195511641298	([342], [342, 341])
0	0.0	0.2614537212286068	([245], [245, 244])
0	0.0	0.2620423909997846	([378], [378, 377])
0	0.0	0.262750452419874	([372], [372, 371])
0	0.0	0.26383865032665216	([359], [359, 358])
0	0.0	0.2642694045593508	([413], [413, 411])
0	0.0	0.2644558277343355	([409], [409, 408])
0	0.0	0.2649148652755655	([202], [202, 201])
0	0.0	0.2651496465285204	([369], [369, 368])
0	0.0	0.2655777601578331	([251], [251, 250])
0	0.0	0.26605594532770005	([381], [381, 380])
0	0.0	0.2669562805389843	([177], [177, 176])
0	0.0	0.26743649956428217	([208], [208, 207])
0	0.0	0.2685377061880242	([328], [328, 327])
0	0.0	0.2687164274262596	([228], [228, 227])
0	0.0	0.26897615105098416	([334], [334, 333])
0	0.0	0.26920369486825596	([384], [384, 383])
0	0.0	0.2694486452845273	([351], [351, 350])
0	0.0	0.26985419539819705	([230], [230, 229])
0	0.0	0.2702857647731565	([120], [120, 119])
0	0.0	0.27061795708152986	([74], [74, 73])
0	0.0	0.2714723152111071	([154], [154, 153])
0	0.0	0.27283307409582036	([257], [257, 256])
0	0.0	0.2729733682731472	([244], [244, 243])
0	0.0	0.27315713521991186	([89], [89, 88])
0	0.0	0.2731580650647066	([304], [304, 303])
0	0.0	0.27407540344981624	([239], [239, 238])
0	0.0	0.27410965134716647	([222], [222, 221])
0	0.0	0.27433141015749146	([82], [82, 81])
0	0.0	0.27470395570686107	([264], [264, 263])
0	0.0	0.27484562984363725	([118], [118, 117])
0	0.0	0.27597425369845635	([125], [125, 124])
0	0.0	0.27613356648344733	([178], [178, 177])
0	0.0	0.27626679216757294	([364], [364, 363])
0	0.0	0.27650118860376005	([292], [292, 291])
0	0.0	0.2778492219029231	([311], [311, 310])
0	0.0	0.2778630631240854	([193], [193, 192])
0	0.0	0.2784459105523816	([175], [175, 174])
0	0.0	0.2787509458132429	([263], [263, 262])
0	0.0	0.27878359693223576	([212], [212, 211])
0	0.0	0.27887982793421395	([312], [312, 311])
0	0.0	0.2792938258417902	([198], [198, 197])
0	0.0	0.2793323776026082	([373], [373, 372])
0	0.0	0.27977745125540554	([265], [265, 264])
0	0.0	0.2798284279942082	([119], [119, 118])
0	0.0	0.279942596658345	([287], [287, 286])
0	0.0	0.2800923477494142	([204], [204, 203])
0	0.0	0.28031653547879204	([145], [145, 144])
0	0.0	0.28035164695595105	([310], [310, 309])
0	0.0	0.28085348042206026	([375], [375, 374])
0	0.0	0.2809305471570588	([117], [117, 116])
0	0.0	0.28097148334141914	([335], [335, 334])
0	0.0	0.28098605319405556	([258], [258, 257])
0	0.0	0.2812861623371966	([293], [293, 292])
0	0.0	0.281641399474049	([406], [406, 405])
0	0.0	0.2819618981919403	([339], [339, 338])
0	0.0	0.2821912770688216	([240], [240, 239])
0	0.0	0.2827730799168113	([141], [141, 140])
0	0.0	0.28277352472780176	([103], [103, 102])
0	0.0	0.28298832402282964	([124], [124, 123])
0	0.0	0.28339271809469574	([374], [374, 373])
0	0.0	0.28370556748933423	([422], [422, 421])
0	0.0	0.28385629231015946	([152], [152, 151])
0	0.0	0.2838739664292013	([190], [190, 189])
0	0.0	0.2840436067787353	([142], [142, 141])
0	0.0	0.28421874238834655	([215], [215, 214])
0	0.0	0.2844149624222088	([148], [148, 147])
0	0.0	0.2844820657984932	([308], [308, 307])
0	0.0	0.2848293766916969	([158], [158, 157])
0	0.0	0.2849838859884019	([376], [376, 375])
0	0.0	0.2850461966912802	([189], [189, 188])
0	0.0	0.28527283451437024	([399], [399, 398])
0	0.0	0.28574361654788955	([423], [423, 422])
0	0.0	0.28579852897171587	([313], [313, 312])
0	0.0	0.28589724288923196	([295], [295, 294])
0	0.0	0.28610232228322163	([250], [250, 249])
0	0.0	0.2861079435279935	([104], [104, 103])
0	0.0	0.28613943970359745	([338], [338, 337])
0	0.0	0.28654705520146967	([192], [192, 191])
0	0.0	0.2866817104528569	([269], [269, 268])
0	0.0	0.28775505880689406	([170], [170, 169])
0	0.0	0.2879550227511723	([165], [165, 164])
0	0.0	0.28844327680500725	([174], [174, 173])
0	0.0	0.28889864142607374	([224], [224, 223])
0	0.0	0.28950553691021386	([111], [111, 110])
0	0.0	0.28955949938729647	([252], [252, 251])
0	0.0	0.2896781219799993	([396], [396, 395])
0	0.0	0.2897236165669638	([392], [392, 391])
0	0.0	0.28973148008554	([214], [214, 213])
0	0.0	0.2897559007867564	([53], [53, 52])
0	0.0	0.28976898469162876	([255], [255, 254])
0	0.0	0.2899196354598186	([160], [160, 159])
0	0.0	0.2901154945886469	([417], [417, 416])
0	0.0	0.290587176574025	([121], [121, 120])
0	0.0	0.2906545779553035	([231], [231, 230])
0	0.0	0.29067836178515577	([288], [288, 287])
0	0.0	0.2907317720754243	([201], [201, 200])
0	0.0	0.2909940942592463	([187], [187, 186])
0	0.0	0.29164758310926236	([360], [360, 359])
0	0.0	0.2916508823416746	([314], [314, 313])
0	0.0	0.29167566508921244	([363], [363, 362])
0	0.0	0.2918116237690315	([405], [405, 404])
0	0.0	0.29186264409166524	([2], [2, 0])
0	0.0	0.2919683303014721	([318], [318, 317])
0	0.0	0.29212456667254444	([249], [249, 248])
0	0.0	0.29278734511959464	([315], [315, 314])
0	0.0	0.29288623367893507	([415], [415, 414])
0	0.0	0.2929486751739494	([259], [259, 258])
0	0.0	0.2929501318546756	([421], [421, 420])
0	0.0	0.29335163474853687	([108], [108, 107])
0	0.0	0.29337972419016756	([383], [383, 382])
0	0.0	0.29345263797566606	([220], [220, 219])
0	0.0	0.29354616279903495	([210], [210, 209])
0	0.0	0.2937666262279139	([166], [166, 165])
0	0.0	0.29399280549167206	([362], [362, 361])
0	0.0	0.2944801999790922	([188], [188, 187])
0	0.0	0.2948879070192135	([54], [54, 53])
0	0.0	0.29521008081980565	([386], [386, 385])
0	0.0	0.2957185040235743	([123], [123, 122])
0	0.0	0.295817798571853	([172], [172, 171])
0	0.0	0.2961331855265734	([382], [382, 381])
0	0.0	0.2964114891805945	([267], [267, 266])
0	0.0	0.2969861110593868	([357], [357, 356])
0	0.0	0.29796480886806614	([343], [343, 342])
0	0.0	0.29811189091039864	([377], [377, 376])
0	0.0	0.29817699164079386	([285], [285, 284])
0	0.0	0.2981941748876102	([277], [277, 276])
0	0.0	0.2983203487714582	([211], [211, 210])
0	0.0	0.2984664091206611	([403], [403, 402])
0	0.0	0.29878466716074215	([298], [298, 297])
0	0.0	0.29878996280369885	([237], [237, 236])
0	0.0	0.2988027799998252	([130], [130, 129])
0	0.0	0.2988835734017975	([153], [153, 152])
0	0.0	0.2993229036739857	([98], [98, 97])
0	0.0	0.2995751126863483	([194], [194, 193])
0	0.0	0.29992641641310863	([163], [163, 162])
0	0.0	0.3000771889080583	([424], [424, 423])
0	0.0	0.3003138160024721	([420], [420, 419])
0	0.0	0.3004374755592711	([35], [35, 34])
0	0.0	0.3004543037263234	([164], [164, 163])
0	0.0	0.3005169029653188	([171], [171, 170])
0	0.0	0.3013768703147983	([223], [223, 222])
0	0.0	0.30144481631134057	([354], [354, 353])
0	0.0	0.30154818411616324	([305], [305, 304])
0	0.0	0.3016663970501801	([247], [247, 246])
0	0.0	0.3019052380392597	([365], [365, 364])
0	0.0	0.301940960745057	([294], [294, 293])
0	0.0	0.3020038316334083	([173], [173, 172])
0	0.0	0.3023598268313626	([207], [207, 206])
0	0.0	0.3026683776359446	([209], [209, 208])
0	0.0	0.3028308079155448	([330], [330, 329])
0	0.0	0.3032255827286011	([398], [398, 397])
0	0.0	0.3035263997613121	([411], [413, 412])
0	0.0	0.30358000933756574	([182], [182, 181])
0	0.0	0.30369061961872756	([144], [144, 143])
0	0.0	0.3037960375448383	([416], [416, 415])
0	0.0	0.30407126049928646	([203], [203, 202])
0	0.0	0.3041179607452611	([385], [385, 384])
0	0.0	0.3043725835624519	([393], [393, 392])
0	0.0	0.30444628133812734	([100], [100, 99])
0	0.0	0.3046650757864453	([356], [356, 355])
0	0.0	0.30473589489674174	([299], [299, 298])
0	0.0	0.3049473674997795	([42], [42, 41])
0	0.0	0.305101529475934	([279], [279, 278])
0	0.0	0.3052343372721539	([110], [110, 109])
0	0.0	0.3053048671916248	([156], [156, 155])
0	0.0	0.30530545742370985	([39], [39, 38])
0	0.0	0.30565567942492494	([195], [195, 194])
0	0.0	0.30596961586147997	([157], [157, 156])
0	0.0	0.3059842875608435	([270], [270, 269])
0	0.0	0.3061353807049382	([181], [181, 180])
0	0.0	0.30649957410116263	([284], [284, 283])
0	0.0	0.306500589062717	([143], [143, 142])
0	0.0	0.3065550698501807	([93], [93, 92])
0	0.0	0.306661543068045	([400], [400, 399])
0	0.0	0.30714534985409003	([358], [358, 357])
0	0.0	0.30756261810163643	([340], [340, 339])
0	0.0	0.3077690908635466	([366], [366, 365])
0	0.0	0.3082546746434784	([241], [241, 240])
0	0.0	0.30865343672219187	([43], [43, 42])
0	0.0	0.3087946603427834	([323], [323, 322])
0	0.0	0.3091652814351779	([197], [197, 196])
0	0.0	0.3092366987253848	([126], [126, 125])
0	0.0	0.3092507834985083	([227], [227, 226])
0	0.0	0.3092616467226666	([355], [355, 354])
0	0.0	0.3094256952011873	([162], [162, 161])
0	0.0	0.3099614983499664	([349], [349, 348])
0	0.0	0.3103146079156219	([234], [234, 233])
0	0.0	0.31045745254513785	([268], [268, 267])
0	0.0	0.3107349409848872	([229], [229, 228])
0	0.0	0.31090820976137445	([387], [387, 386])
0	0.0	0.31097561597014906	([128], [128, 127])
0	0.0	0.3111916949263774	([246], [246, 245])
0	0.0	0.3114212174083582	([55], [55, 54])
0	0.0	0.3115708735597125	([127], [127, 126])
0	0.0	0.31177451697067204	([352], [352, 351])
0	0.0	0.3124106222973517	([361], [361, 360])
0	0.0	0.31274918794059725	([408], [408, 407])
0	0.0	0.31282273660162496	([309], [309, 308])
0	0.0	0.3132361817063996	([348], [348, 346])
0	0.0	0.3133756863627048	([116], [116, 115])
0	0.0	0.31406133416076504	([159], [159, 158])
0	0.0	0.3142942432332863	([92], [92, 91])
0	0.0	0.31440092527960495	([243], [243, 242])
0	0.0	0.31441632864870844	([402], [402, 401])
0	0.0	0.3146050365554913	([307], [307, 306])
0	0.0	0.3148041548553488	([319], [319, 318])
0	0.0	0.31481105801482256	([390], [390, 389])
0	0.0	0.31526318921136115	([329], [329, 328])
0	0.0	0.3160605422242173	([196], [196, 195])
0	0.0	0.3164611265857435	([391], [391, 390])
0	0.0	0.3164844891742758	([218], [219, 217])
0	0.0	0.3166545318735837	([183], [183, 182])
0	0.0	0.31732170405591315	([346], [346, 345])
0	0.0	0.3178853073586774	([368], [368, 367])
0	0.0	0.3184084674076114	([347], [347, 346])
0	0.0	0.3195837300406923	([242], [242, 241])
0	0.0	0.3200995665850752	([213], [213, 212])
0	0.0	0.32015484558884144	([306], [306, 305])
0	0.0	0.320292078889681	([122], [122, 121])
0	0.0	0.3208698740905475	([149], [149, 148])
0	0.0	0.3212409314997729	([161], [161, 160])
0	0.0	0.3213310385382339	([169], [169, 168])
0	0.0	0.32193950451027165	([275], [275, 273])
0	0.0	0.3221972791907401	([221], [221, 220])
0	0.0	0.32244824269994055	([176], [176, 175])
0	0.0	0.3225979939949923	([109], [109, 108])
0	0.0	0.3227209164692278	([155], [155, 154])
0	0.0	0.32384614034211084	([114], [114, 113])
0	0.0	0.32395192189622163	([260], [260, 259])
0	0.0	0.32412235907436804	([99], [99, 98])
0	0.0	0.32435659350173257	([150], [150, 149])
0	0.0	0.3247661793709016	([395], [395, 394])
0	0.0	0.3268830380358914	([134], [134, 133])
0	0.0	0.3273635473867535	([248], [248, 247])
0	0.0	0.32753866325428244	([186], [186, 185])
0	0.0	0.3276317302314469	([112], [112, 111])
0	0.0	0.32827888529078225	([273], [273, 272])
0	0.0	0.32887335294571435	([407], [407, 406])
0	0.0	0.3294821715299481	([350], [350, 349])
0	0.0	0.33009959348339407	([135], [135, 134])
0	0.0	0.3301590522574238	([146], [146, 145])
0	0.0	0.33029202442757805	([200], [200, 199])
0	0.0	0.3304582178166364	([205], [205, 204])
0	0.0	0.3308899748203899	([404], [404, 403])
0	0.0	0.3314729392922517	([320], [320, 319])
0	0.0	0.33177322542537835	([235], [235, 233])
0	0.0	0.3325466256854542	([276], [276, 275])
0	0.0	0.33256443241221545	([254], [254, 252])
0	0.0	0.33314808935371004	([133], [133, 132])
0	0.0	0.3333420591089665	([278], [278, 277])
0	0.0	0.33431488900108036	([256], [256, 255])
0	0.0	0.33464458719194723	([140], [140, 139])
0	0.0	0.33513260482305796	([88], [88, 87])
0	0.0	0.3371335496806447	([226], [226, 225])
0	0.0	0.33822188430420147	([271], [271, 270])
0	0.0	0.33866583321850174	([302], [302, 301])
0	0.0	0.3390718917393512	([233], [233, 232])
0	0.0	0.3394525115580475	([232], [232, 231])
0	0.0	0.33987308451035936	([332], [332, 331])
0	0.0	0.33994885531595126	([225], [225, 224])
0	0.0	0.3403421074790427	([397], [397, 396])
0	0.0	0.3415346808171509	([322], [322, 321])
0	0.0	0.34211375211704265	([147], [147, 146])
0	0.0	0.34421915527771085	([353], [353, 352])
0	0.0	0.3445256601208673	([301], [301, 300])
0	0.0	0.34457861702504555	([418], [418, 417])
0	0.0	0.3449985946011154	([199], [199, 198])
0	0.0	0.3462767499855123	([401], [401, 400])
0	0.0	0.3465104008971836	([107], [107, 106])
0	0.0	0.3471503523601734	([345], [345, 344])
0	0.0	0.3472619802365077	([283], [283, 282])
0	0.0	0.3475248726394165	([131], [131, 130])
0	0.0	0.34762195774861193	([95], [95, 93])
0	0.0	0.3480865929229386	([106], [106, 105])
0	0.0	0.3481886446601335	([262], [262, 261])
0	0.0	0.34846768128693817	([115], [115, 114])
0	0.0	0.34857937672086986	([87], [87, 85])
0	0.0	0.34858804653523895	([48], [48, 47])
0	0.0	0.34903088469151183	([151], [151, 150])
0	0.0	0.3495156508097768	([97], [97, 96])
0	0.0	0.35051718668463533	([412], [411, 410])
0	0.0	0.35069422213176443	([291], [291, 289])
0	0.0	0.35123011229319184	([410], [410, 409])
0	0.0	0.35137119524186083	([34], [34, 33])
0	0.0	0.35178308014020837	([83], [83, 81])
0	0.0	0.3524239402366205	([38], [38, 36])
0	0.0	0.3537255825497462	([96], [97, 95])
0	0.0	0.35375297340697415	([300], [300, 299])
0	0.0	0.35420272820825643	([137], [137, 136])
0	0.0	0.3553389283858193	([132], [132, 131])
0	0.0	0.3554375007935852	([236], [236, 235])
0	0.0	0.3558131727934405	([282], [291, 290])
0	0.0	0.35608097858872645	([36], [36, 35])
0	0.0	0.3561063804455315	([191], [191, 190])
0	0.0	0.35643403083922237	([389], [389, 388])
0	0.0	0.3566812624160781	([216], [216, 215])
0	0.0	0.35955445001849645	([394], [394, 393])
0	0.0	0.35992109333531314	([63], [63, 62])
0	0.0	0.36061749586554964	([113], [113, 111])
0	0.0	0.3617131176888473	([33], [33, 32])
0	0.0	0.3622688171089403	([44], [44, 43])
0	0.0	0.3624562741014478	([333], [333, 332])
0	0.0	0.3643611313066399	([272], [272, 270])
0	0.0	0.36449406194351613	([331], [331, 330])
0	0.0	0.3657744102265855	([341], [341, 340])
0	0.0	0.36834800787542593	([179], [179, 178])
0	0.0	0.36913893119855407	([414], [414, 413])
0	0.0	0.3699231610180822	([303], [303, 302])
0	0.0	0.37020329229094906	([37], [37, 36])
0	0.0	0.3709068404338808	([217], [217, 216])
0	0.0	0.37101860903399425	([32], [32, 31])
0	0.0	0.37262780669354917	([138], [138, 137])
0	0.0	0.3728171214422949	([40], [40, 39])
0	0.0	0.3732920514885202	([136], [137, 134])
0	0.0	0.3736283598348527	([41], [41, 40])
0	0.0	0.37413133871514753	([26], [26, 17])
0	0.0	0.3746408394789829	([139], [139, 138])
0	0.0	0.37582684602380906	([91], [95, 94])
0	0.0	0.37670810117761155	([105], [106, 104])
0	0.0	0.3774653074979751	([388], [388, 387])
0	0.0	0.37845395825203915	([327], [327, 326])
0	0.0	0.38047445906916616	([59], [59, 58])
0	0.0	0.38187544787718314	([65], [65, 63])
0	0.0	0.38227522334409203	([206], [206, 205])
0	0.0	0.3826675426803476	([325], [325, 322])
0	0.0	0.38272429173145656	([379], [379, 378])
0	0.0	0.38311704362929283	([86], [86, 85])
0	0.0	0.3854428172670216	([60], [60, 59])
0	0.0	0.38778201104567805	([72], [72, 70])
0	0.0	0.3878596265651412	([76], [76, 66])
0	0.0	0.3884794359693641	([326], [326, 325])
0	0.0	0.38891951025263966	([49], [49, 46])
0	0.0	0.3895418536337291	([297], [297, 296])
0	0.0	0.39085338924885926	([47], [47, 46])
0	0.0	0.3910482147338089	([102], [104, 100])
0	0.0	0.3922447696438514	([344], [344, 343])
0	0.0	0.3934697409661979	([62], [62, 60])
0	0.0	0.3935053770107118	([81], [81, 80])
0	0.0	0.3940904339770514	([296], [299, 295])
0	0.0	0.39663549835792	([31], [32, 30])
0	0.0	0.39684867325427436	([94], [102, 101])
0	0.0	0.39741648105204425	([70], [72, 69])
0	0.0	0.3976936348819973	([80], [80, 79])
0	0.0	0.3977668774539337	([61], [61, 60])
0	0.0	0.39848934013954684	([52], [52, 49])
0	0.0	0.39886048213668596	([68], [68, 67])
0	0.0	0.3996505219255769	([168], [168, 167])
0	0.0	0.39977006790162245	([380], [380, 379])
0	0.0	0.4044158759048934	([371], [371, 369])
0	0.0	0.4057761149596913	([56], [56, 55])
0	0.0	0.40580608100881566	([167], [167, 166])
1	0.40778581980917017	0.4087307846275819	([101, 100], [104, 102, 100])
0	0.0	0.4101085510454974	([337], [371, 370])
0	0.0	0.4104189279637949	([85], [85, 84])
0	0.0	0.4105515054967632	([46], [46, 45])
0	0.0	0.41213274597024235	([101], [92, 89])
0	0.0	0.41334707104626783	([30], [30, 28])
0	0.0	0.4135761190994792	([370], [337, 336])
0	0.0	0.4136909014215328	([75], [75, 74])
0	0.0	0.4138269426491946	([84], [85, 83])
0	0.0	0.4144413993134621	([290], [282, 280])
0	0.0	0.4160611487405742	([45], [45, 44])
0	0.0	0.41811690704458665	([185], [185, 184])
0	0.0	0.4203318064575793	([29], [29, 25])
0	0.0	0.42107708562473417	([79], [79, 78])
0	0.0	0.4219556070264754	([73], [75, 72])
0	0.0	0.4253227065280359	([69], [70, 68])
0	0.0	0.42790800994999884	([17], [26, 15])
0	0.0	0.4284424236714017	([78], [79, 77])
0	0.0	0.4293581077362497	([77], [91, 90])
0	0.0	0.42938798348109575	([184], [185, 183])
0	0.0	0.4322665730920465	([67], [74, 66])
0	0.0	0.4368681366010709	([15], [15, 13])
0	0.0	0.4384920004903331	([71], [71, 25])
0	0.0	0.4403866649160346	([50], [50, 49])
0	0.0	0.44106149629176983	([58], [59, 55])
0	0.0	0.4415505199363993	([317], [317, 315])
0	0.0	0.4486447617932736	([22], [22, 18])
0	0.0	0.45901546117479486	([27], [27, 18])
0	0.0	0.46054201132893147	([28], [58, 57])
0	0.0	0.46224467188425317	([25], [29, 28])
1	0.4565500934127545	0.464258885440794	([76, 75], [76, 75, 66])
0	0.0	0.4646505945357816	([336], [337, 335])
0	0.0	0.46915063421717396	([57], [50, 20])
0	0.0	0.46967805407908936	([20], [28, 21])
0	0.0	0.4704583403759536	([21], [21, 18])
0	0.0	0.47190941542370957	([66], [72, 71])
1	0.45869342196552954	0.4755104186242885	([356, 344], [356, 352, 349])
1	0.4762150604251677	0.478638226606238	([424, 417], [424, 423, 417])
0	0.0	0.48575183735023253	([90], [77, 69])
0	0.0	0.4980827177367126	([18], [21, 17])
1	0.49946908419703845	0.5080581862708518	([357, 343], [357, 353, 344])
1	0.5056397737504253	0.5126437669662988	([78, 22], [84, 78, 77])
1	0.5114496812332475	0.513347921205731	([57, 48], [57, 55, 49])
1	0.5107434338721831	0.5344339139986704	([39, 28], [39, 32, 30])
0	0.0	0.5447274730468082	([13], [101, 2])
1	0.5145754488765745	0.5690692358147992	([30, 15], [31, 30, 26])
1	0.5212263792602705	0.5743001991757344	([90, 77], [90, 86, 77])
1	0.5186079587814663	0.5743001991757344	([90, 22], [90, 87, 86])
1	0.5582220364946041	0.5783503067434994	([79, 74], [79, 78, 74])
1	0.5618955234589497	0.580908585271435	([40, 27], [48, 42, 40])
1	0.5682168792177815	0.5841095028562999	([73, 65], [73, 68, 65])
1	0.5311269573956365	0.5858483770544125	([78, 76], [80, 77, 75])
1	0.5722482469858516	0.5858483770544125	([81, 75], [81, 80, 75])
1	0.5206500235481204	0.5887312625188477	([79, 67], [79, 75, 73])
1	0.5513140334020596	0.5898729937795225	([105, 67], [105, 91, 90])
1	0.5748808129319397	0.5914664248595067	([70, 63], [70, 68, 65])
1	0.5908787086097682	0.5917691141770035	([250, 239], [250, 245, 239])
1	0.5786502902275261	0.5930883243822578	([45, 15], [45, 36, 30])
1	0.5926793183502698	0.5948196055973268	([340, 331], [340, 337, 335])
1	0.5380394053708467	0.5957660064293169	([337, 327], [337, 334, 332])
1	0.5776336978066621	0.596037524007515	([360, 338], [360, 357, 342])
1	0.466476089903243	0.6034310649442014	([57, 30], [57, 49, 28])
1	0.5995828762871804	0.6041405437214001	([225, 66], [235, 232, 66])
1	0.511801699681703	0.6079329989781077	([48, 27], [33, 27, 18])
1	0.5566112858467889	0.6126095869774735	([69, 64], [77, 69, 65])
1	0.6127838338015442	0.6177219576254591	([306, 292], [306, 300, 292])
1	0.5385510580218845	0.6178111906518325	([67, 61], [68, 67, 61])
1	0.48976274850676454	0.6188189376676143	([56, 27], [60, 52, 48])
1	0.6105117424405501	0.6224472452558868	([170, 142], [170, 160, 142])
1	0.6207289445173004	0.6228965162162584	([303, 286], [303, 294, 293])
1	0.599040929666329	0.6322461478762033	([345, 334], [345, 340, 334])
1	0.5683181715988227	0.6345413970375915	([290, 77], [296, 292, 290])
1	0.6249118396560369	0.6363353500832151	([394, 336], [409, 394, 389])
1	0.6347371801763694	0.6371502955467868	([424, 402], [424, 417, 404])
1	0.6375656338638445	0.640824282387607	([407, 378], [407, 389, 386])
1	0.5665870490827002	0.6478717053378216	([296, 77], [290, 283, 282])
1	0.5209566573385085	0.6483435940704425	([90, 67], [90, 83, 80])
1	0.6571410929434118	0.6574871039641903	([56, 17], [56, 47, 27])
1	0.4975829745290928	0.6607340033740735	([29, 27], [33, 29, 27])
1	0.5148387326506212	0.6610382698281742	([77, 50], [77, 62, 46])
1	0.6552342739507409	0.665024009559208	([323, 295], [323, 311, 297])
1	0.6606441254103188	0.6654925759171668	([336, 255], [336, 255, 246])
1	0.5983439956474312	0.6671378900031397	([369, 336], [365, 361, 336])
1	0.6505616304884447	0.6672613812349103	([308, 284], [308, 293, 284])
1	0.6342282790303733	0.6677678932855751	([115, 58], [132, 119, 115])
1	0.6508220761069125	0.6682607932829804	([168, 138], [168, 167, 138])
1	0.5475559628902893	0.6686054912867763	([44, 22], [44, 37, 30])
1	0.6646219338082584	0.6699585306754353	([140, 115], [140, 133, 132])
1	0.6484358516172497	0.6801012642183936	([326, 286], [326, 308, 286])
1	0.6557336719802528	0.680517270213826	([78, 28], [78, 71, 57])
1	0.6425178326425496	0.680517270213826	([87, 57], [87, 78, 57])
1	0.5455252246204	0.6810023755489778	([67, 45], [67, 61, 45])
1	0.6710466880586815	0.6837001150426062	([201, 170], [201, 193, 170])
1	0.6835706850751883	0.683945274681448	([415, 375], [415, 407, 378])
1	0.666181212414564	0.6873805045007942	([310, 283], [310, 303, 293])
1	0.6848503703604979	0.6879530676980959	([240, 211], [240, 230, 211])
1	0.5772022230049472	0.6885532649159183	([101, 66], [94, 78, 77])
1	0.6816739420193911	0.688897946542388	([209, 175], [209, 201, 175])
1	0.6759089894940268	0.6912382361881804	([117, 87], [117, 106, 105])
1	0.6887445303697548	0.6925485312095053	([341, 311], [341, 326, 325])
1	0.6418179009153956	0.6929265758577664	([94, 58], [94, 85, 58])
1	0.6638081881054884	0.6931648485801983	([336, 182], [336, 196, 182])
1	0.6908233476713614	0.6934072694843421	([203, 174], [207, 203, 174])
1	0.6637264106724252	0.6964848737800049	([109, 57], [109, 95, 57])
1	0.6866990611755519	0.6965487067503263	([314, 282], [314, 298, 282])
1	0.6301503042215914	0.6967613735315468	([336, 306], [336, 306, 283])
1	0.6689471319864146	0.6968871538289364	([373, 326], [373, 363, 342])
1	0.6922793855502914	0.6970954570385495	([302, 57], [315, 302, 298])
1	0.6749797372802397	0.6981572421546416	([417, 372], [417, 415, 372])
1	0.6318437268167667	0.6982703633435262	([132, 58], [115, 79, 64])
1	0.692656192562373	0.69846994569426	([189, 162], [189, 177, 172])
1	0.650061492394959	0.6990911158857916	([336, 234], [336, 277, 255])
1	0.6826257034791685	0.6999096152696128	([92, 31], [92, 81, 31])
1	0.6882827567116485	0.6999776770531289	([168, 127], [168, 138, 127])
1	0.6904395050436408	0.7005874324067343	([418, 357], [420, 409, 357])
1	0.6968602709986005	0.700619353382262	([186, 149], [186, 180, 148])
1	0.6949089663282845	0.7008507846378215	([180, 148], [180, 170, 153])
1	0.6874845748423023	0.700891104512341	([276, 240], [276, 260, 240])
1	0.6999675779662775	0.7017097216221062	([35, 0], [35, 26, 15])
1	0.6834452865176942	0.7018139161494008	([191, 141], [191, 173, 169])
1	0.6971094955410372	0.7023152202794726	([399, 337], [411, 399, 385])
1	0.6804693984945682	0.7026523523780224	([141, 114], [141, 139, 114])
1	0.63811001816096	0.7026523523780224	([336, 106], [336, 139, 114])
1	0.6183770299379975	0.7030911196500895	([414, 336], [423, 411, 337])
1	0.7002182928703489	0.703238479440914	([422, 362], [424, 422, 362])
1	0.6955418668375866	0.7032435975514272	([410, 360], [410, 378, 377])
1	0.7035461816320188	0.7035550907242403	([338, 304], [338, 317, 304])
1	0.7009058770835946	0.7049350746256253	([215, 173], [215, 200, 193])
1	0.5856011573683942	0.705014747311694	([336, 282], [337, 336, 306])
1	0.6828327773564674	0.7055946998132376	([202, 171], [202, 195, 171])
1	0.6446522975612708	0.7063490154803282	([319, 15], [319, 306, 296])
1	0.6958531320180252	0.707064060688422	([123, 68], [123, 74, 57])
1	0.6983011302920554	0.7074961177209931	([217, 57], [217, 212, 57])
1	0.7062377327551628	0.7075329862409843	([170, 31], [195, 170, 169])
1	0.682816876626208	0.7077127701745725	([136, 57], [131, 122, 58])
1	0.7007615503937797	0.7080095097537628	([365, 313], [365, 337, 328])
1	0.6485084612124379	0.7081262808366149	([207, 133], [207, 201, 133])
1	0.6979500519733802	0.7084579589122006	([119, 65], [119, 114, 65])
1	0.6970543955398019	0.7094788290750859	([303, 28], [303, 294, 28])
1	0.709006599614933	0.7095602024757778	([171, 58], [215, 173, 58])
1	0.7104937966647369	0.7107114385913407	([213, 172], [213, 209, 172])
1	0.705818867082282	0.7108334552379459	([215, 58], [217, 215, 58])
1	0.6695851731230953	0.7108612810289515	([107, 28], [114, 107, 28])
1	0.6972313294979464	0.7110706092864022	([237, 209], [237, 230, 209])
1	0.6867072338378352	0.7110806370175438	([340, 300], [340, 322, 318])
1	0.6999019110952565	0.7113524126633569	([421, 367], [421, 414, 367])
1	0.7074476386879517	0.7118960847787003	([422, 350], [422, 362, 350])
1	0.6788204505697523	0.7121485279922584	([76, 18], [76, 52, 32])
1	0.7035822731046296	0.712226801574259	([334, 302], [334, 321, 302])
1	0.7079794148078074	0.7129306044911194	([205, 168], [205, 193, 168])
1	0.7127428166913529	0.7134985837074532	([286, 246], [286, 266, 261])
1	0.7035084553015069	0.7142072372295182	([314, 58], [314, 303, 58])
1	0.7036115431597978	0.7146833334255575	([80, 53], [80, 76, 53])
1	0.7103362245696825	0.7146870196867583	([315, 276], [315, 304, 276])
1	0.6896220315611253	0.7147787824003745	([326, 258], [326, 292, 258])
1	0.6977965861789508	0.7151309415389089	([234, 58], [234, 222, 58])
1	0.6734308309560437	0.7152687268537627	([133, 62], [133, 115, 64])
1	0.6976684936847354	0.7155016570252175	([202, 57], [171, 144, 58])
1	0.7059712115841085	0.7162360583539473	([110, 68], [110, 88, 82])
1	0.6958415347162195	0.716268371564011	([367, 308], [367, 337, 328])
1	0.6537608027018873	0.7164629935222511	([424, 352], [422, 419, 362])
1	0.6981103996787429	0.7165963490197454	([168, 68], [168, 127, 68])
1	0.7053840130985866	0.7166243745269382	([341, 279], [341, 308, 279])
1	0.7122766549854966	0.716920739210097	([254, 214], [254, 250, 214])
1	0.708890313203165	0.7169327066387382	([285, 236], [285, 257, 236])
1	0.553141559571374	0.7180288734321143	([66, 50], [73, 66, 50])
1	0.6914091381817803	0.7182866970238624	([140, 88], [140, 115, 112])
1	0.6138899108779569	0.7184889675918855	([336, 139], [121, 119, 70])
1	0.7133400625187403	0.7188709833971055	([421, 325], [421, 341, 336])
1	0.7141049108734323	0.7197009466397306	([222, 186], [222, 197, 186])
1	0.7001144194609402	0.720015844474513	([195, 31], [170, 139, 31])
1	0.7162967750427267	0.7202652353348784	([293, 239], [293, 287, 239])
1	0.7114289937894118	0.7205522069325624	([284, 228], [284, 254, 228])
1	0.7137715108343986	0.7207165602338061	([191, 28], [206, 199, 28])
1	0.6997381058528225	0.7208531161516181	([140, 73], [140, 138, 73])
1	0.6732704056382309	0.7210295557615396	([126, 76], [126, 117, 76])
1	0.6928627496977595	0.7224081895014232	([383, 349], [424, 384, 382])
1	0.7215747875352846	0.7230075837545721	([400, 347], [400, 390, 347])
1	0.7110929853563301	0.724166915914922	([283, 230], [283, 253, 241])
1	0.6883075567307699	0.7252356450274491	([239, 139], [239, 209, 173])
1	0.6949907972019885	0.7259932418186839	([382, 346], [382, 346, 337])
1	0.7156160435061708	0.7264694149279598	([419, 331], [419, 362, 338])
1	0.6614285304634415	0.7272030452065902	([336, 196], [336, 206, 196])
1	0.7063081268236625	0.7274665371640832	([310, 250], [310, 283, 250])
1	0.6595023715109962	0.7281990919586342	([363, 291], [363, 310, 293])
1	0.726049320582818	0.7285364529872699	([103, 59], [103, 80, 59])
1	0.7245794146579401	0.728792834677845	([101, 43], [101, 78, 43])
1	0.7281270899297652	0.7296910752335647	([191, 76], [211, 196, 76])
1	0.7263133611573169	0.7297210704021495	([238, 123], [240, 236, 132])
1	0.7227588491927848	0.7299969021633846	([368, 314], [368, 340, 314])
1	0.7102281593485975	0.730035237082231	([402, 348], [404, 402, 348])
1	0.7231211546799313	0.7303072349226469	([208, 132], [208, 201, 133])
1	0.7184392921137647	0.7303098020540936	([248, 208], [248, 230, 208])
1	0.636172606965757	0.7311262733975648	([185, 15], [185, 168, 161])
1	0.6908714102777204	0.7311635172216409	([248, 57], [248, 236, 228])
1	0.7179383258217744	0.7317342428463872	([177, 136], [177, 173, 136])
1	0.6698257694455483	0.732495617644387	([241, 133], [241, 227, 208])
1	0.7229734961991299	0.7333859801621296	([144, 107], [147, 144, 111])
1	0.5383136975451943	0.7334515279615298	([37, 22], [78, 44, 28])
1	0.6946803569122081	0.7334697459178199	([211, 138], [211, 173, 138])
1	0.7332153457845613	0.7339320253027518	([290, 211], [290, 275, 264])
1	0.7319170225773532	0.7339955002851434	([366, 288], [366, 308, 307])
1	0.7276510150518719	0.7341178899445312	([163, 112], [163, 144, 96])
1	0.7127530743146273	0.7348687338470015	([326, 230], [326, 230, 215])
1	0.7127335889673766	0.7349750021660177	([147, 111], [144, 142, 107])
1	0.5767461806959996	0.7358098462295893	([135, 77], [135, 78, 77])
1	0.6880819586343038	0.7362346974418448	([85, 17], [85, 39, 28])
1	0.6717067681504856	0.7363561911122569	([145, 31], [139, 62, 42])
1	0.7005603157276703	0.7366346114842625	([308, 237], [308, 255, 237])
1	0.592089224613086	0.7368419742679175	([136, 66], [136, 84, 75])
1	0.723092050197693	0.7371069833065943	([236, 132], [236, 123, 118])
1	0.7205992739068144	0.7372801763798892	([238, 28], [303, 293, 238])
1	0.7295334763321923	0.7382102274054504	([318, 249], [318, 284, 254])
1	0.7145732727617378	0.7382102274054504	([323, 254], [323, 318, 254])
1	0.7313635483604706	0.7388013799652476	([105, 36], [105, 98, 36])
1	0.7200145719222693	0.7395173412612346	([277, 225], [277, 244, 238])
1	0.6889144872528842	0.7398762644694762	([236, 57], [236, 217, 171])
1	0.6705109159539566	0.7399338306510028	([278, 58], [269, 249, 238])
1	0.728280828588399	0.7403018924814286	([319, 241], [319, 308, 253])
1	0.721258854461955	0.7405504644119614	([335, 290], [335, 312, 296])
1	0.7280809493382304	0.7408031438155702	([242, 74], [242, 236, 123])
1	0.7165584103392313	0.7408753807184784	([268, 226], [268, 249, 215])
1	0.7220585025448097	0.7417872600458072	([378, 318], [378, 330, 318])
1	0.7143097204866116	0.74196630633044	([335, 21], [342, 335, 28])
1	0.7346419422260162	0.7430418506701134	([119, 26], [119, 58, 21])
1	0.7244985463996148	0.7434073845279681	([211, 76], [152, 136, 130])
1	0.7279790528215461	0.7434889100881278	([338, 265], [338, 286, 265])
1	0.7299729895422292	0.743821234233618	([294, 242], [294, 279, 242])
1	0.7100277487033149	0.7442860426994417	([189, 57], [201, 189, 173])
1	0.7024299475420095	0.7443738696162273	([83, 26], [83, 58, 52])
1	0.5857724673455464	0.7443864432302427	([272, 27], [296, 280, 272])
1	0.7225901114044175	0.7452009420751539	([362, 301], [362, 335, 290])
1	0.7345081949310873	0.7458881857323314	([215, 137], [215, 137, 132])
1	0.6908353798468272	0.7460698582556224	([315, 57], [302, 261, 248])
1	0.745494641387275	0.7464086016488454	([365, 21], [365, 288, 21])
1	0.6679350316899065	0.7467379637377537	([337, 133], [337, 306, 123])
1	0.7467391235731212	0.7472479376040585	([334, 26], [352, 334, 328])
1	0.730198940129734	0.7476874569162031	([275, 211], [275, 243, 241])
1	0.7308076125915623	0.7480082845003073	([382, 323], [382, 350, 344])
1	0.7395693019314489	0.7480792443524458	([315, 231], [329, 315, 231])
1	0.70947457440563	0.748347542989267	([391, 57], [424, 391, 374])
1	0.5606806694058366	0.7486163314407288	([296, 27], [325, 300, 296])
1	0.6955589554708479	0.7487478246444934	([293, 31], [303, 280, 238])
1	0.7243420223400654	0.7491282157066437	([118, 48], [118, 69, 55])
1	0.7486204048239884	0.7493267096839961	([345, 273], [345, 342, 273])
1	0.7104908016289617	0.7496463648554154	([338, 58], [413, 346, 335])
1	0.7149933297214923	0.7499435024666132	([414, 76], [414, 352, 344])
1	0.7438898961544231	0.7503681762041337	([329, 256], [329, 257, 256])
1	0.7254716803434286	0.7503681762041337	([329, 236], [329, 303, 257])
1	0.7355603868800473	0.7505428789874349	([365, 253], [365, 285, 284])
1	0.7345885815950539	0.7509175631977598	([341, 219], [341, 211, 191])
1	0.7153938689788103	0.7509175631977598	([337, 191], [341, 337, 191])
1	0.7145000966608758	0.7510237802841272	([227, 121], [227, 207, 133])
1	0.7506892116105578	0.7511145418815064	([371, 304], [371, 332, 329])
1	0.7259183947219126	0.7514801977237934	([159, 91], [159, 137, 109])
1	0.6306574512542433	0.7515625406665452	([115, 15], [168, 115, 68])
1	0.7443454548611174	0.7516751107548096	([175, 70], [175, 126, 70])
1	0.6920903713137312	0.7517383313961186	([163, 21], [152, 142, 21])
1	0.73511015278985	0.7518890235950404	([305, 227], [305, 248, 227])
1	0.7506956413064227	0.7520462801088482	([365, 128], [365, 337, 133])
1	0.7512758088846864	0.7521000818902326	([360, 137], [360, 337, 137])
1	0.7193644146485928	0.752433365492046	([291, 21], [360, 357, 21])
1	0.7490401749415843	0.7525582168151216	([162, 82], [162, 141, 82])
1	0.712586621717041	0.7526883111557552	([326, 215], [326, 260, 230])
1	0.6177500415018072	0.753165156773862	([146, 66], [146, 136, 135])
1	0.650345208040602	0.7535727547136294	([424, 57], [424, 337, 314])
1	0.7200758001287029	0.753788748617285	([292, 124], [292, 236, 122])
1	0.6990895570887984	0.7538162169904529	([187, 21], [192, 187, 21])
1	0.7132635421680678	0.7548639452805289	([268, 76], [255, 230, 214])
1	0.7332631428008448	0.7549338994253424	([234, 130], [231, 207, 133])
1	0.751947153756247	0.7552205815421189	([337, 226], [337, 226, 211])
1	0.6569643793390942	0.7554486191347636	([336, 206], [336, 234, 206])
1	0.7537341986858259	0.7554918233539751	([320, 244], [320, 260, 259])
1	0.7555998931125882	0.7557381929160985	([125, 52], [125, 89, 79])
1	0.7128297137247791	0.7558943350799808	([206, 28], [191, 165, 21])
1	0.7006690664809849	0.7563557853007505	([88, 13], [88, 53, 33])
1	0.7499431861831478	0.7563634073377986	([273, 133], [310, 273, 133])
1	0.7464370751879803	0.7563634073377986	([310, 140], [310, 294, 133])
1	0.7233848572961546	0.7563634073377986	([308, 133], [337, 310, 133])
1	0.7496883930792815	0.7568273609807336	([363, 237], [363, 308, 285])
1	0.7304967571493143	0.7568331664020146	([420, 286], [420, 360, 286])
1	0.7497483298407579	0.7576769373491287	([219, 78], [227, 210, 78])
1	0.7080452553073676	0.7580756138499297	([362, 28], [291, 289, 132])
1	0.7094707164572945	0.7580756138499297	([361, 130], [361, 291, 132])
1	0.7495976773172914	0.7583822529236144	([230, 21], [209, 172, 21])
1	0.7578177283739368	0.7585821063264866	([157, 89], [171, 157, 89])
1	0.7540724309456993	0.7585821063264866	([176, 89], [176, 171, 89])
1	0.7420052836038937	0.7587573874835738	([312, 220], [312, 292, 250])
1	0.756977956750857	0.7594160764096506	([386, 315], [417, 386, 372])
1	0.7328932129959863	0.7596850737494373	([177, 88], [177, 147, 88])
1	0.7528286701057827	0.7597926553983612	([194, 108], [186, 159, 108])
1	0.7458683609478882	0.7598140057133922	([417, 315], [417, 345, 337])
1	0.7562867149389941	0.7599060463067655	([145, 52], [145, 52, 31])
1	0.6963073138664719	0.7604361254346518	([357, 57], [424, 357, 331])
1	0.7586536560099127	0.7605750361076614	([218, 154], [218, 175, 172])
1	0.7414931748287276	0.7612332311381146	([374, 280], [374, 337, 332])
1	0.7567901473333772	0.7613704915715471	([244, 168], [248, 244, 168])
1	0.5997762137352807	0.7618951803628892	([336, 70], [206, 175, 173])
1	0.576676720362239	0.7620548497577374	([131, 67], [131, 105, 85])
1	0.7622261049307809	0.7622782021298695	([150, 100], [150, 143, 100])
1	0.7573562449304295	0.762360376384801	([238, 166], [238, 166, 132])
1	0.7543317810230213	0.76251222302977	([243, 116], [243, 227, 121])
1	0.7119543128721101	0.7628174172922055	([295, 139], [295, 248, 207])
1	0.7527623034054928	0.7628174172922055	([317, 207], [317, 295, 207])
1	0.7571961752443053	0.7629192123392688	([338, 208], [338, 242, 208])
1	0.7406917172830197	0.7630167644896615	([306, 210], [306, 238, 234])
1	0.7501991374292608	0.7630435851281592	([323, 218], [323, 313, 218])
1	0.7300541990970669	0.7633278488835061	([188, 103], [188, 164, 102])
1	0.7542218727827908	0.7633598576774081	([272, 73], [272, 267, 133])
1	0.7565750299920425	0.7635704150172322	([287, 117], [328, 288, 277])
1	0.7582127954502738	0.7637391385357561	([143, 30], [143, 134, 21])
1	0.7282600637285264	0.7638217623479039	([423, 250], [423, 330, 292])
1	0.7565513590171143	0.7640521516102139	([373, 136], [373, 365, 133])
1	0.7461176097003372	0.7642590399477069	([366, 215], [366, 326, 288])
1	0.7589334336864585	0.7643746518263678	([170, 83], [177, 170, 83])
1	0.7640570350676565	0.7646047728230664	([245, 128], [247, 245, 128])
1	0.7302141890672892	0.7646589470856482	([241, 75], [241, 122, 69])
1	0.6230010458576991	0.7650244851158515	([168, 15], [171, 114, 89])
1	0.7555635413290168	0.7650514751652904	([235, 129], [243, 235, 129])
1	0.6778438319753581	0.7653412414061864	([234, 13], [234, 130, 17])
1	0.755891623997235	0.7656560220756717	([335, 228], [339, 228, 215])
1	0.7611601270938215	0.7662066402032094	([233, 134], [238, 233, 134])
1	0.7275302885967873	0.7664217250635772	([385, 28], [385, 361, 354])
1	0.6875380013406764	0.7668538920220266	([259, 13], [301, 264, 259])
1	0.7547792197030995	0.7670182075289883	([263, 135], [263, 243, 210])
1	0.5051417956444387	0.7670305593165889	([77, 65], [44, 22, 18])
1	0.7530742315668348	0.7671150128308905	([327, 70], [327, 253, 234])
1	0.7572688832829418	0.7671545498409269	([293, 115], [293, 115, 31])
1	0.7328153204552702	0.7676620384741099	([232, 159], [232, 159, 138])
1	0.754801607111187	0.7677031674344029	([367, 127], [364, 360, 141])
1	0.7593781831700271	0.7678991451332394	([243, 36], [243, 129, 17])
1	0.7541009003167336	0.7683921784815111	([383, 21], [384, 383, 21])
1	0.7448666468770812	0.7683921784815111	([352, 26], [423, 384, 21])
1	0.6648329446000076	0.7683982765552528	([301, 13], [259, 234, 227])
1	0.7532390880221196	0.7684772174067225	([326, 180], [337, 326, 180])
1	0.7071811954393081	0.7685660495245743	([413, 58], [411, 335, 21])
1	0.6112236802136687	0.7690056954814476	([136, 15], [168, 136, 117])
1	0.7649924653006162	0.769132517547711	([314, 159], [337, 314, 159])
1	0.7393638274694267	0.7691901619991587	([280, 201], [295, 280, 201])
1	0.7611023952943607	0.7695079517609155	([198, 59], [198, 59, 36])
1	0.7691004044814587	0.7700904673803548	([297, 221], [297, 247, 223])
1	0.7575521768565808	0.7701374487874776	([277, 74], [277, 272, 73])
1	0.745512577744331	0.7702022790714262	([226, 131], [238, 226, 131])
1	0.7634855561700539	0.7702485426247137	([303, 118], [303, 270, 17])
1	0.7411193918970709	0.7704306717612657	([253, 70], [327, 234, 206])
1	0.7600223706222632	0.7704306717612657	([357, 206], [327, 309, 206])
1	0.7642803923381404	0.7706205828076756	([265, 173], [265, 251, 173])
1	0.7441412992189934	0.7710927721073958	([249, 26], [249, 243, 17])
1	0.7708711570209664	0.7713372432380511	([276, 30], [276, 120, 59])
1	0.7638295555086745	0.7715818991315444	([362, 217], [362, 290, 211])
1	0.7705492614807155	0.7715818991315444	([407, 211], [407, 362, 211])
1	0.7697571490520274	0.7716370484889099	([402, 185], [402, 350, 185])
1	0.7699098307261837	0.7717126516741057	([375, 177], [375, 365, 177])
1	0.7672818436171849	0.7721522310122281	([298, 134], [327, 284, 134])
1	0.7262383937334428	0.7724753188607729	([404, 17], [404, 352, 336])
1	0.7468432987268873	0.7734206501136628	([328, 136], [291, 288, 136])
1	0.7564661770474266	0.7735111379451416	([301, 36], [301, 277, 73])
1	0.7660769296711183	0.7736416678444304	([275, 56], [288, 275, 241])
1	0.7329010921827929	0.7736888915382065	([151, 104], [151, 101, 95])
1	0.7699839207737673	0.7738077533193644	([182, 85], [182, 140, 138])
1	0.7586098100649399	0.7738113748652488	([254, 65], [254, 214, 212])
1	0.7648941512549697	0.7740701516778601	([276, 137], [276, 137, 59])
1	0.7580092221175136	0.7744399629154349	([424, 260], [412, 338, 325])
1	0.759549264116701	0.7745027550503797	([153, 48], [160, 153, 48])
1	0.6653326611520266	0.7745938764035258	([344, 76], [367, 255, 240])
1	0.7622185688079556	0.7748931853761701	([424, 83], [424, 193, 179])
1	0.7723535539266966	0.774946983650077	([161, 99], [161, 148, 99])
1	0.7087518509580102	0.7750612133230729	([160, 17], [160, 105, 85])
1	0.7590378119934876	0.7751694571518094	([376, 264], [409, 376, 243])
1	0.7657317659526249	0.7759100817177026	([257, 136], [288, 250, 136])
1	0.6791034590451209	0.7759721635876858	([161, 13], [163, 21, 17])
1	0.6471026862091804	0.776251703440463	([149, 15], [149, 136, 126])
1	0.764582872164611	0.7763760527910119	([276, 120], [262, 241, 120])
1	0.773599750868267	0.7765783224296428	([368, 31], [383, 368, 31])
1	0.7677862952825276	0.7766091430418195	([379, 122], [379, 306, 122])
1	0.7678293397420796	0.7767923455092404	([414, 220], [414, 342, 314])
1	0.7631991728824753	0.7769816793119046	([412, 206], [412, 357, 330])
1	0.7721083837025627	0.7776760253685925	([325, 175], [325, 236, 202])
1	0.773288054473544	0.777879405920021	([396, 153], [424, 396, 193])
1	0.699051385030395	0.777917845659702	([414, 31], [414, 220, 31])
1	0.7391517784546859	0.7779851278735203	([409, 243], [376, 330, 317])
1	0.7599072076662943	0.778004074770376	([342, 168], [342, 295, 201])
1	0.7761032552782411	0.7781750656795584	([202, 113], [202, 140, 137])
1	0.7621240697658701	0.7787546926959024	([424, 193], [396, 381, 193])
1	0.7648089200004508	0.778809367936983	([412, 167], [412, 206, 175])
1	0.7767257841052096	0.7791601126116405	([290, 129], [290, 243, 237])
1	0.7719782751900883	0.7792650609340749	([408, 140], [412, 408, 167])
1	0.777696069375689	0.7793281025576715	([246, 61], [246, 61, 28])
1	0.7757331906393508	0.7797669071948052	([295, 78], [328, 295, 78])
1	0.7663589985306528	0.7798084318664633	([282, 198], [282, 252, 198])
1	0.556621222472633	0.7799821590082722	([167, 77], [167, 89, 75])
1	0.7736678605689705	0.780283920281177	([321, 128], [321, 218, 171])
1	0.7584450826867443	0.7807188719389928	([150, 32], [150, 127, 28])
1	0.766425918338472	0.7807188719389928	([312, 150], [312, 150, 28])
1	0.7803426805778565	0.7809259095606035	([73, 0], [73, 35, 29])
1	0.7650283581108447	0.7811314843885289	([181, 73], [193, 181, 73])
1	0.5912039754448883	0.7812705844934472	([205, 77], [205, 167, 126])
1	0.7624436388173651	0.7817735647699803	([308, 106], [308, 126, 114])
1	0.7665124943138142	0.7817735647699803	([332, 114], [358, 308, 114])
1	0.7804337180219747	0.7820053436888796	([311, 193], [381, 311, 306])
1	0.7684235453283954	0.7820064804721826	([315, 144], [315, 255, 144])
1	0.7799789586792312	0.782084437386912	([398, 174], [415, 398, 198])
1	0.738515247225079	0.7820998053389784	([421, 64], [421, 294, 31])
1	0.7819021648048188	0.7821209101234488	([266, 178], [266, 178, 17])
1	0.7691634247291476	0.7821900319777096	([402, 144], [402, 185, 166])
1	0.74714936362158	0.7823353526342972	([308, 61], [308, 114, 61])
1	0.7701655204538386	0.7823993750733145	([162, 36], [162, 81, 31])
1	0.6133508056542698	0.7824022770678422	([199, 66], [225, 199, 175])
1	0.7703176552743556	0.782729427932853	([394, 162], [398, 394, 162])
1	0.776338697735523	0.7828207702484092	([341, 73], [341, 191, 73])
1	0.6876301786997693	0.783009137279876	([360, 13], [360, 301, 280])
1	0.7817125905302069	0.7830766793785451	([323, 145], [323, 292, 121])
1	0.5913553605012104	0.783460032615095	([112, 27], [112, 47, 27])
1	0.7762051888169571	0.7834812218485449	([416, 261], [416, 366, 261])
1	0.7509634009072179	0.7837187736363261	([227, 55], [227, 139, 121])
1	0.7587366914887372	0.7838577423567893	([379, 230], [379, 306, 285])
1	0.7372942102422292	0.783977877445955	([315, 68], [309, 245, 68])
1	0.781329675176074	0.7840274835070937	([360, 227], [360, 294, 280])
1	0.761463433757546	0.7845952359512389	([350, 195], [402, 396, 144])
1	0.7687172311321514	0.7850069446225899	([422, 200], [422, 203, 167])
1	0.7450726917911434	0.7852591435202628	([289, 54], [305, 289, 70])
1	0.7699042391131445	0.7853062521162476	([317, 179], [317, 179, 17])
1	0.7824627193733611	0.7853255702574683	([323, 59], [323, 276, 242])
1	0.7669552687274863	0.7856683153101619	([389, 178], [395, 389, 178])
1	0.7834958957959313	0.7871099508755804	([161, 38], [171, 161, 38])
1	0.7710163812701182	0.7871509484640544	([372, 142], [372, 364, 142])
1	0.7772389691751801	0.7879732639070092	([372, 262], [372, 319, 262])
1	0.737978337194338	0.7889673517772268	([361, 65], [361, 133, 65])
1	0.7785146333330116	0.7892823367203968	([420, 213], [420, 378, 213])
1	0.7862398339370935	0.7897533154428011	([382, 87], [382, 365, 177])
1	0.7802687468078482	0.7900160738222445	([323, 188], [323, 226, 195])
1	0.7442168847826389	0.79004327872104	([335, 75], [335, 174, 75])
1	0.5822963307024756	0.7905873690846531	([216, 27], [216, 138, 117])
1	0.7667050266622402	0.7906355178707161	([393, 37], [393, 352, 17])
1	0.7788970736383817	0.7907280760959872	([410, 207], [410, 367, 207])
1	0.7783962814362287	0.7916972152831425	([246, 90], [246, 90, 28])
1	0.7853474165092311	0.7921580700942141	([374, 204], [374, 250, 215])
1	0.7891749187156615	0.7934560587112164	([390, 182], [390, 360, 182])
1	0.7663958842038144	0.7935925413139507	([286, 32], [286, 59, 32])
1	0.7790659436176903	0.7937545961564744	([400, 161], [393, 195, 161])
1	0.7855372158950061	0.7944744200606926	([156, 41], [156, 82, 59])
1	0.7925880883535668	0.7948507928204545	([355, 221], [355, 330, 221])
1	0.7742225232390182	0.794911327228094	([326, 111], [369, 326, 111])
1	0.7947160781858769	0.7952840008965201	([383, 68], [383, 200, 168])
1	0.7948815999406105	0.7954296760196081	([247, 99], [247, 123, 99])
1	0.5965784028407775	0.7955722780574532	([232, 66], [199, 136, 66])
1	0.780063814641952	0.7956716079130085	([265, 100], [293, 265, 107])
1	0.7840366971945153	0.7958440542516939	([237, 44], [237, 87, 64])
1	0.7767769390444007	0.7967522701286608	([331, 205], [331, 323, 205])
1	0.7401048709652628	0.7967698365397526	([307, 26], [307, 117, 90])
1	0.7915202526515656	0.7986496754449681	([378, 95], [378, 133, 119])
1	0.777557192811971	0.7989016065949827	([353, 148], [353, 333, 148])
1	0.7927292292026654	0.7991913230516124	([404, 147], [404, 179, 147])
1	0.7822050780787979	0.7994975352556054	([304, 37], [304, 275, 48])
1	0.7958697657955909	0.7996243466308809	([405, 201], [408, 405, 201])
1	0.7969727811412389	0.7998950689691544	([351, 149], [351, 188, 180])
1	0.7741934778973565	0.799973058701206	([320, 83], [424, 320, 260])
1	0.7780431968058418	0.8001275799209946	([301, 102], [301, 102, 85])
1	0.5416286659325046	0.8008282690547689	([167, 22], [167, 78, 28])
1	0.7777370360157926	0.801547805183806	([325, 103], [325, 236, 118])
1	0.7861998162806758	0.8019359195635151	([285, 72], [285, 118, 117])
1	0.7581265214686035	0.8033673887211361	([419, 131], [419, 173, 131])
1	0.7895654990858185	0.8036861330106363	([404, 228], [404, 341, 228])
1	0.7912010303745581	0.80561197448406	([420, 44], [420, 90, 62])
1	0.7976323897348289	0.8057556251843687	([270, 188], [270, 233, 188])
1	0.774294800237255	0.8057633554271996	([418, 79], [418, 215, 121])
1	0.8019245185920225	0.8059317117784461	([342, 97], [352, 342, 94])
1	0.7987200359838543	0.8068490523753192	([322, 100], [322, 282, 100])
1	0.802949681919696	0.807388792307719	([372, 62], [422, 372, 62])
1	0.7962883901784317	0.8079987123658201	([392, 103], [392, 185, 103])
1	0.7846884826087807	0.8106356414094893	([359, 154], [359, 154, 105])
1	0.8039750359642619	0.8109830863976016	([422, 97], [422, 138, 129])
1	0.7982910258007364	0.8121806063265516	([385, 189], [385, 341, 182])
1	0.8115632672000873	0.8122357102697726	([218, 46], [218, 106, 47])
1	0.8060920260793089	0.8144240549507599	([395, 42], [395, 198, 171])
1	0.811755775942673	0.8145894227622668	([415, 49], [415, 249, 26])
1	0.6056597269542966	0.8150849317355414	([300, 66], [300, 225, 87])
1	0.5603590027372249	0.8159341257732965	([282, 77], [296, 81, 80])
1	0.7928098351702756	0.8161267586230454	([329, 98], [329, 307, 98])
1	0.8069909269620228	0.8165234579518043	([417, 118], [417, 218, 167])
1	0.8149078007197704	0.8180701836469204	([333, 33], [333, 87, 30])
1	0.5515073448067129	0.8206669588338098	([138, 27], [138, 112, 28])
1	0.818556572548887	0.8234049113114432	([410, 47], [410, 175, 30])
1	0.6030705049753028	0.825952752387363	([410, 66], [410, 73, 66])
1	0.5749681933325375	0.8289960466035907	([271, 67], [271, 67, 61])
1	0.5829079813371624	0.8338967659560297	([332, 67], [332, 70, 67])
1	0.6654131751539386	0.8355502007868605	([26, 0], [101, 26, 0])
1	0.560419702769106	0.8398045686312945	([325, 27], [325, 216, 41])
1	0.5956925219497664	0.8417731562687066	([296, 15], [296, 136, 57])
1	0.580476958821992	0.8458602115320463	([344, 77], [344, 78, 77])
1	0.5024915950000179	0.8585948166077533	([84, 22], [71, 29, 25])
1	0.577000583613747	0.8647758689661517	([388, 27], [388, 296, 80])
1	0.5378043363873446	0.872381489625859	([379, 22], [379, 86, 34])
0	0.0	0.8836735348617075	([7], [14, 9])
1	0.501366027684815	0.8954437494752389	([184, 20], [371, 370, 20])
0	0.0	0.9167333277251551	([0], [282, 281])
1	0.4858059812494452	0.9187004804025741	([370, 20], [185, 184, 20])
0	0.0	0.9393078066310817	([9], [20, 16])
0	0.0	0.962201956673726	([12], [275, 274])
0	0.0	0.9697573048565089	([5], [324, 323])
0	0.0	0.971575155498974	([19], [51, 50])
0	0.0	0.975276663275931	([6], [316, 315])
1	0.9888709408916514	0.9980007652540753	([281, 15], [317, 281, 239])
1	0.9990651451251291	0.9993598641201686	([324, 76], [414, 324, 273])
1	0.9663143242870865	0.9995746825829563	([16, 15], [43, 20, 16])
1	0.9999225127903686	0.9999533867141323	([14, 13], [281, 15, 14])
0	0.0	1.0	([1], [1, 0])
0	0.0	1.0	([3], [3, 0])
0	0.0	1.0	([4], [4, 0])
0	0.0	1.0	([10], [10, 0])
0	0.0	1.0	([11], [11, 0])
0	0.0	1.0	([23], [23, 0])
0	0.0	1.0	([24], [24, 0])
0	0.0	inf	([8], [])
