0	0.0	0.02011131000451685	([179], [179, 166])
0	0.0	0.021059766027820056	([237], [237, 167])
0	0.0	0.02461241168950752	([184], [184, 180])
0	0.0	0.23242264476958943	([449], [449, 448])
0	0.0	0.24107808785040905	([450], [450, 449])
0	0.0	0.24836530447808225	([387], [387, 386])
0	0.0	0.24976213614760062	([348], [348, 347])
0	0.0	0.2504434459311673	([3], [3, 2])
0	0.0	0.25629916431587485	([380], [380, 379])
0	0.0	0.25761092902294724	([24], [24, 23])
0	0.0	0.2581021859860149	([258], [258, 257])
0	0.0	0.2594517067321189	([418], [418, 417])
0	0.0	0.26056964783086706	([153], [153, 152])
0	0.0	0.2608822469576804	([339], [339, 338])
0	0.0	0.26114104487421314	([8], [8, 7])
0	0.0	0.26323015612606815	([424], [424, 423])
0	0.0	0.2639911466054206	([345], [345, 344])
0	0.0	0.2657533936850011	([287], [287, 286])
0	0.0	0.2678205814555635	([61], [61, 60])
0	0.0	0.26886130581936246	([362], [362, 361])
0	0.0	0.2689627260985824	([66], [66, 65])
0	0.0	0.2716209308260272	([415], [415, 414])
0	0.0	0.27210439694588934	([385], [385, 384])
0	0.0	0.27265946104248306	([29], [29, 28])
0	0.0	0.27283555348754734	([353], [353, 352])
0	0.0	0.2741651761350555	([7], [7, 6])
0	0.0	0.27426854502651316	([1], [1, 0])
0	0.0	0.2746112926533138	([58], [58, 57])
0	0.0	0.27582306856032945	([327], [327, 326])
0	0.0	0.2760483086434032	([397], [397, 396])
0	0.0	0.27619552322729823	([87], [87, 86])
0	0.0	0.27623560161780253	([352], [352, 351])
0	0.0	0.2763022688659813	([319], [319, 318])
0	0.0	0.2780493572355666	([435], [435, 434])
0	0.0	0.27806392454719925	([342], [342, 341])
0	0.0	0.27818724020884056	([115], [115, 114])
0	0.0	0.2782083382533164	([434], [434, 433])
0	0.0	0.2786087508477302	([329], [329, 328])
0	0.0	0.2789059745263724	([365], [365, 364])
0	0.0	0.279436073652261	([278], [278, 277])
0	0.0	0.28082136586363265	([276], [276, 275])
0	0.0	0.2809136507259538	([370], [370, 369])
0	0.0	0.2811666441750072	([27], [27, 26])
0	0.0	0.2812862099299054	([323], [323, 322])
0	0.0	0.2813859870765344	([346], [346, 345])
0	0.0	0.2816995941680872	([266], [266, 265])
0	0.0	0.2819214863480766	([47], [47, 46])
0	0.0	0.28216469979044895	([253], [253, 252])
0	0.0	0.28219894704600285	([359], [359, 358])
0	0.0	0.2823494651309296	([414], [414, 413])
0	0.0	0.28239071023698603	([17], [17, 16])
0	0.0	0.28278473639202556	([341], [341, 340])
0	0.0	0.2844886416752638	([298], [298, 297])
0	0.0	0.2845086338911917	([18], [18, 17])
0	0.0	0.2854330521180181	([340], [340, 339])
0	0.0	0.2858793211223992	([20], [20, 19])
0	0.0	0.28598181658966915	([318], [318, 317])
0	0.0	0.2860038544371711	([264], [264, 263])
0	0.0	0.28603474214624675	([448], [448, 447])
0	0.0	0.28646082227307246	([403], [403, 402])
0	0.0	0.28670140791782556	([436], [436, 435])
0	0.0	0.28696818803555524	([65], [65, 64])
0	0.0	0.2877131996466436	([279], [279, 278])
0	0.0	0.2877134228978566	([363], [363, 362])
0	0.0	0.28778037371066056	([280], [280, 279])
0	0.0	0.2881293253881327	([406], [406, 405])
0	0.0	0.2886425455989299	([404], [404, 403])
0	0.0	0.2891629939213081	([252], [252, 251])
0	0.0	0.28919413111081615	([422], [422, 421])
0	0.0	0.2893125778728896	([408], [408, 407])
0	0.0	0.289376399410226	([384], [384, 383])
0	0.0	0.2894560155625491	([411], [411, 410])
0	0.0	0.28961752778338223	([371], [371, 370])
0	0.0	0.2902038605188244	([284], [284, 283])
0	0.0	0.2907323835546046	([338], [338, 337])
0	0.0	0.2907497983260573	([281], [281, 280])
0	0.0	0.29076698685366875	([137], [137, 136])
0	0.0	0.2907676060905279	([19], [19, 18])
0	0.0	0.29146111694952126	([416], [416, 415])
0	0.0	0.29148239078923105	([423], [423, 422])
0	0.0	0.2921199310315887	([263], [263, 262])
0	0.0	0.2923916977272278	([251], [251, 250])
0	0.0	0.292495354991662	([72], [72, 71])
0	0.0	0.29253273224280796	([420], [420, 419])
0	0.0	0.29254903731723	([395], [395, 394])
0	0.0	0.29349315362138506	([330], [330, 329])
0	0.0	0.2936371367349094	([377], [377, 376])
0	0.0	0.2938923477493564	([119], [119, 118])
0	0.0	0.29390053661428334	([439], [439, 438])
0	0.0	0.29392227497302287	([321], [321, 320])
0	0.0	0.29417521821227977	([26], [26, 25])
0	0.0	0.29446078462427444	([419], [419, 418])
0	0.0	0.29476686839776073	([249], [249, 247])
0	0.0	0.2949720489899422	([369], [369, 368])
0	0.0	0.29510468809579327	([300], [300, 299])
0	0.0	0.295270362815007	([242], [242, 241])
0	0.0	0.29544307269122805	([367], [367, 366])
0	0.0	0.2954432087581747	([12], [12, 11])
0	0.0	0.2956018119693821	([6], [6, 5])
0	0.0	0.2960504472032985	([306], [306, 305])
0	0.0	0.2961154309623318	([244], [244, 243])
0	0.0	0.29728262127053107	([257], [257, 256])
0	0.0	0.29734337013660994	([106], [106, 105])
0	0.0	0.2976577187959955	([11], [11, 10])
0	0.0	0.29786638556325645	([378], [378, 377])
0	0.0	0.2981028371127606	([331], [331, 330])
0	0.0	0.2981138532669204	([401], [401, 400])
0	0.0	0.2982952229270701	([127], [127, 126])
0	0.0	0.29836637294342355	([273], [273, 272])
0	0.0	0.29855305588248066	([123], [123, 122])
0	0.0	0.29870621595618724	([293], [293, 292])
0	0.0	0.2989760400857444	([290], [290, 289])
0	0.0	0.29909955632696233	([356], [356, 355])
0	0.0	0.29919453190984435	([23], [23, 22])
0	0.0	0.2992615779891397	([417], [417, 416])
0	0.0	0.29960496366406086	([310], [310, 309])
0	0.0	0.2996479509478877	([392], [392, 391])
0	0.0	0.2996744044184206	([5], [5, 4])
0	0.0	0.299676761444994	([60], [60, 59])
0	0.0	0.30002306171014353	([430], [430, 429])
0	0.0	0.3003860744714837	([426], [426, 425])
0	0.0	0.3005488034735329	([335], [335, 334])
0	0.0	0.30078926934771316	([334], [334, 333])
0	0.0	0.3010114121341333	([389], [389, 388])
0	0.0	0.30103526968893074	([110], [110, 109])
0	0.0	0.30183993411409055	([438], [438, 437])
0	0.0	0.3024070408455304	([292], [292, 291])
0	0.0	0.30266572503254513	([309], [309, 308])
0	0.0	0.30328769475613776	([324], [324, 323])
0	0.0	0.30338441768914876	([52], [52, 51])
0	0.0	0.3040442632819277	([368], [368, 367])
0	0.0	0.3043522314522612	([245], [245, 244])
0	0.0	0.30473545135715385	([308], [308, 307])
0	0.0	0.30486306370376626	([36], [36, 35])
0	0.0	0.304921510798214	([393], [393, 392])
0	0.0	0.305184907435245	([432], [432, 430])
0	0.0	0.3053496608297298	([337], [337, 336])
0	0.0	0.30583765442891203	([381], [381, 380])
0	0.0	0.30598160003903013	([410], [410, 409])
0	0.0	0.3062427880197678	([112], [112, 111])
0	0.0	0.306531432839902	([421], [421, 420])
0	0.0	0.306639429526953	([322], [322, 321])
0	0.0	0.30669241377450784	([291], [291, 290])
0	0.0	0.3068616639222752	([262], [264, 260])
0	0.0	0.3069593724766542	([122], [122, 121])
0	0.0	0.3076442827411612	([62], [62, 61])
0	0.0	0.30799057170885036	([361], [361, 360])
0	0.0	0.30825775380292975	([28], [28, 27])
0	0.0	0.3084002525898912	([360], [360, 359])
0	0.0	0.30874966976829094	([272], [272, 271])
0	0.0	0.30904601535911175	([274], [274, 273])
0	0.0	0.3092020328019868	([31], [31, 30])
0	0.0	0.30932259817518487	([14], [14, 13])
0	0.0	0.3093681922105409	([268], [268, 267])
0	0.0	0.3097699521739179	([125], [125, 124])
0	0.0	0.3099877928279128	([141], [141, 140])
0	0.0	0.3100554802584349	([402], [402, 401])
0	0.0	0.3104982732860984	([444], [444, 443])
0	0.0	0.31072306260541227	([21], [21, 20])
0	0.0	0.31094513332415047	([32], [32, 31])
0	0.0	0.3109716161482073	([283], [283, 282])
0	0.0	0.3109842235078898	([121], [121, 120])
0	0.0	0.3111799087580494	([396], [396, 395])
0	0.0	0.31185411476520103	([407], [408, 406])
0	0.0	0.31243728595435194	([269], [269, 268])
0	0.0	0.31281730910837086	([382], [382, 381])
0	0.0	0.31332941593774827	([333], [333, 332])
0	0.0	0.31342455080804227	([256], [256, 255])
0	0.0	0.3134722055045641	([143], [143, 142])
0	0.0	0.31355779216433993	([399], [399, 398])
0	0.0	0.31357213850720594	([443], [443, 442])
0	0.0	0.3135825406086687	([140], [140, 139])
0	0.0	0.3136478789638212	([270], [270, 269])
0	0.0	0.31375998115032777	([358], [358, 357])
0	0.0	0.31382007512327736	([15], [15, 14])
0	0.0	0.31398309461249274	([328], [328, 327])
0	0.0	0.3140724577053369	([299], [299, 298])
0	0.0	0.3141865447067584	([48], [48, 47])
0	0.0	0.31425546900728335	([250], [250, 249])
0	0.0	0.31441225814235196	([349], [349, 348])
0	0.0	0.31441638124361104	([38], [38, 37])
0	0.0	0.31461812296382186	([2], [2, 1])
0	0.0	0.31481657320847056	([59], [59, 58])
0	0.0	0.3151002183799779	([307], [307, 306])
0	0.0	0.31578194523587194	([303], [303, 302])
0	0.0	0.31591522890204554	([49], [49, 48])
0	0.0	0.31612453788792977	([117], [117, 116])
0	0.0	0.31626466571106776	([44], [44, 43])
0	0.0	0.3163228959165984	([332], [332, 331])
0	0.0	0.31635807626738033	([285], [285, 284])
0	0.0	0.31674817218544443	([267], [267, 266])
0	0.0	0.31677809846153226	([437], [437, 436])
0	0.0	0.31682116453564946	([128], [128, 127])
0	0.0	0.31685382341441126	([400], [400, 399])
0	0.0	0.3169663150683414	([320], [320, 319])
0	0.0	0.31720948802468685	([376], [376, 375])
0	0.0	0.3173285261429727	([374], [374, 373])
0	0.0	0.31744277802273774	([116], [116, 115])
0	0.0	0.317712568160955	([150], [150, 149])
0	0.0	0.3184482513910016	([357], [357, 356])
0	0.0	0.3185712647736911	([130], [130, 129])
0	0.0	0.3186739393240352	([425], [425, 424])
0	0.0	0.31902997191310756	([50], [50, 49])
0	0.0	0.3190809540684286	([442], [442, 440])
0	0.0	0.3191788115979514	([35], [35, 34])
0	0.0	0.3196711649426224	([63], [63, 62])
0	0.0	0.3198912533853374	([305], [305, 304])
0	0.0	0.3202035041789994	([427], [427, 426])
0	0.0	0.3202193214368764	([336], [336, 335])
0	0.0	0.3202318455895164	([295], [295, 294])
0	0.0	0.32032265179786584	([302], [302, 301])
0	0.0	0.3206998939655985	([131], [131, 130])
0	0.0	0.32070543645988425	([259], [259, 258])
0	0.0	0.3207509913425884	([22], [22, 21])
0	0.0	0.3212060678083908	([286], [286, 285])
0	0.0	0.32131173558385384	([37], [37, 36])
0	0.0	0.3213553165882876	([366], [366, 365])
0	0.0	0.32146370373858596	([375], [375, 374])
0	0.0	0.32162303024900957	([53], [53, 52])
0	0.0	0.3219499681748632	([409], [409, 408])
0	0.0	0.3219559361372698	([364], [364, 363])
0	0.0	0.32204414324762776	([45], [45, 44])
0	0.0	0.3223904689766892	([243], [243, 242])
0	0.0	0.32256394953113754	([4], [5, 3])
0	0.0	0.3226794567859008	([139], [139, 138])
0	0.0	0.3231621114128209	([118], [118, 117])
0	0.0	0.32372410350465614	([71], [71, 70])
0	0.0	0.32388620691675135	([344], [344, 343])
0	0.0	0.32397856601074604	([383], [383, 381])
0	0.0	0.32468648763147745	([343], [343, 342])
0	0.0	0.3247598923457223	([132], [132, 131])
0	0.0	0.3257592600708741	([41], [41, 40])
0	0.0	0.3258325579888789	([271], [271, 270])
0	0.0	0.3259903477623005	([236], [236, 235])
0	0.0	0.32628235061374733	([440], [440, 439])
0	0.0	0.32629479342849255	([34], [34, 33])
0	0.0	0.3268137699357348	([10], [10, 9])
0	0.0	0.32691962445865425	([240], [240, 235])
0	0.0	0.3273674586393184	([326], [326, 325])
0	0.0	0.32739088915793163	([9], [9, 8])
0	0.0	0.32754409106713805	([235], [240, 239])
0	0.0	0.32789563151632795	([111], [111, 110])
0	0.0	0.3279407360941995	([394], [394, 393])
0	0.0	0.3284630998119888	([355], [356, 354])
0	0.0	0.3294555651199074	([296], [296, 295])
0	0.0	0.3295073151874791	([30], [30, 28])
0	0.0	0.32979567341156163	([124], [124, 123])
0	0.0	0.3300912100840398	([79], [79, 78])
0	0.0	0.3302226056539979	([297], [297, 296])
0	0.0	0.3306695516872813	([265], [265, 264])
0	0.0	0.33073571488163794	([105], [105, 104])
0	0.0	0.33110202880077694	([95], [95, 94])
0	0.0	0.3314200997431567	([68], [68, 67])
0	0.0	0.3315567139186675	([102], [102, 101])
0	0.0	0.33216122492072053	([16], [16, 15])
0	0.0	0.33217722998404564	([347], [347, 346])
0	0.0	0.3324593176710889	([129], [129, 128])
0	0.0	0.33267407074486516	([433], [433, 432])
0	0.0	0.3335036374401041	([282], [282, 281])
0	0.0	0.33350867776264564	([99], [99, 98])
0	0.0	0.3336848101048554	([289], [289, 288])
0	0.0	0.33383396724113007	([134], [134, 133])
0	0.0	0.3343597113917679	([126], [126, 125])
0	0.0	0.33438661350260873	([304], [304, 303])
0	0.0	0.33454890882353194	([275], [275, 274])
0	0.0	0.33455415200396227	([314], [314, 313])
0	0.0	0.3351084696820556	([188], [188, 186])
0	0.0	0.3352686954645287	([391], [391, 390])
0	0.0	0.3352725142098429	([25], [25, 24])
0	0.0	0.33549329481484097	([64], [64, 62])
0	0.0	0.3357093405163231	([301], [301, 300])
0	0.0	0.3361455645366904	([56], [56, 55])
0	0.0	0.3364295689204724	([277], [277, 276])
0	0.0	0.3365561305910296	([145], [145, 144])
0	0.0	0.33661385538457017	([120], [120, 119])
0	0.0	0.3367508812077242	([447], [447, 446])
0	0.0	0.33687361311530667	([390], [390, 389])
0	0.0	0.33710480887078215	([142], [142, 141])
0	0.0	0.33792547489271296	([43], [43, 42])
0	0.0	0.3382804910186139	([260], [262, 261])
0	0.0	0.3393161300926234	([388], [388, 387])
0	0.0	0.3396629751605453	([42], [42, 41])
0	0.0	0.33982841930444346	([98], [98, 97])
0	0.0	0.33995587726923127	([90], [90, 89])
0	0.0	0.34005007652632785	([313], [314, 312])
0	0.0	0.3411719101130563	([46], [46, 45])
0	0.0	0.3415118919943362	([405], [405, 404])
0	0.0	0.34163468182677986	([133], [133, 132])
0	0.0	0.3416872288744647	([67], [67, 66])
0	0.0	0.3417503483170204	([312], [312, 311])
0	0.0	0.34190462790457227	([149], [149, 148])
0	0.0	0.34334710541292773	([325], [325, 324])
0	0.0	0.34340239284884694	([78], [78, 77])
0	0.0	0.3439623856084673	([69], [69, 68])
0	0.0	0.34399866277147845	([155], [155, 154])
0	0.0	0.3443998072925585	([80], [80, 79])
0	0.0	0.34471515287048626	([413], [413, 411])
0	0.0	0.34479987123075917	([70], [70, 69])
0	0.0	0.34491236291973004	([40], [40, 38])
0	0.0	0.34612625998304686	([288], [288, 287])
0	0.0	0.3468462741164571	([311], [311, 310])
0	0.0	0.34691848741919534	([138], [138, 137])
0	0.0	0.34825894731775675	([33], [33, 32])
0	0.0	0.3483252840279134	([84], [84, 83])
0	0.0	0.348417088719618	([239], [235, 234])
0	0.0	0.34903664842400284	([73], [73, 72])
0	0.0	0.3492779000883429	([351], [351, 350])
0	0.0	0.3496353993623379	([88], [88, 87])
0	0.0	0.349785662077492	([109], [109, 108])
0	0.0	0.35132646941467316	([316], [316, 314])
0	0.0	0.3515544997252984	([100], [100, 99])
0	0.0	0.3517042882774342	([231], [231, 172])
0	0.0	0.3519274471566253	([101], [101, 100])
0	0.0	0.3523537697976854	([317], [317, 316])
0	0.0	0.3531983403420002	([315], [315, 314])
0	0.0	0.354254633978514	([13], [13, 12])
0	0.0	0.35428139442849316	([261], [260, 259])
0	0.0	0.35539166689419793	([379], [379, 378])
0	0.0	0.3556165861138965	([241], [241, 240])
0	0.0	0.3556229023491435	([135], [135, 134])
0	0.0	0.3562696953337745	([57], [58, 56])
0	0.0	0.35761589874851607	([51], [51, 50])
0	0.0	0.35875507886868735	([350], [350, 349])
0	0.0	0.35892248371874963	([39], [39, 38])
0	0.0	0.3606935393585279	([146], [146, 145])
0	0.0	0.36214654354374126	([83], [84, 82])
0	0.0	0.3623354187361815	([354], [354, 353])
0	0.0	0.3635341665319743	([373], [373, 372])
0	0.0	0.3636242560144756	([94], [94, 93])
0	0.0	0.36428669595511864	([246], [246, 245])
0	0.0	0.36496688595486787	([96], [96, 95])
0	0.0	0.3662767745998668	([247], [249, 248])
0	0.0	0.3664363434581946	([89], [89, 87])
0	0.0	0.36755050238037446	([54], [54, 53])
0	0.0	0.36958715200621794	([191], [191, 190])
0	0.0	0.3697240224836237	([77], [77, 76])
0	0.0	0.3703397574823975	([148], [148, 147])
0	0.0	0.370985376411265	([136], [136, 135])
0	0.0	0.37360643808562927	([255], [255, 254])
0	0.0	0.3745392224789511	([81], [81, 80])
0	0.0	0.3749698051455354	([412], [412, 411])
0	0.0	0.37548960141428617	([55], [55, 54])
0	0.0	0.3770195511522786	([445], [445, 444])
0	0.0	0.37937066279354603	([159], [159, 158])
0	0.0	0.379840138364805	([97], [97, 96])
0	0.0	0.38046314966469874	([372], [372, 371])
0	0.0	0.3816129646350031	([86], [86, 85])
0	0.0	0.381930886675125	([398], [398, 397])
0	0.0	0.38285412782659844	([114], [114, 113])
0	0.0	0.38338825730117093	([446], [446, 444])
0	0.0	0.38545590330112817	([76], [76, 75])
0	0.0	0.38585564171151737	([75], [75, 74])
0	0.0	0.38642770232607654	([254], [254, 253])
0	0.0	0.38702938558470157	([85], [85, 84])
0	0.0	0.387673640230885	([147], [148, 146])
0	0.0	0.39086731229246424	([152], [152, 151])
0	0.0	0.39196401937698255	([113], [114, 108])
0	0.0	0.39228538471913893	([104], [104, 103])
0	0.0	0.39831732755563476	([163], [163, 158])
0	0.0	0.39930791265313814	([248], [247, 246])
0	0.0	0.400292829860448	([234], [239, 238])
0	0.0	0.4011061900349832	([103], [103, 102])
0	0.0	0.40171993830914976	([108], [108, 107])
0	0.0	0.4018480977211881	([294], [294, 293])
0	0.0	0.4026161112650249	([154], [154, 153])
0	0.0	0.4028490335314971	([157], [157, 156])
0	0.0	0.4051010849183118	([429], [432, 431])
0	0.0	0.4053664816018398	([158], [158, 156])
0	0.0	0.41023732518663464	([74], [75, 73])
0	0.0	0.41065387598933795	([428], [428, 427])
1	0.3889704607693135	0.41166966703031593	([86, 82], [86, 85, 82])
0	0.0	0.4124576473649616	([161], [161, 155])
0	0.0	0.4125591779162536	([386], [386, 385])
0	0.0	0.41306091244459	([176], [176, 175])
0	0.0	0.41386612203211226	([177], [177, 176])
0	0.0	0.41565434747786517	([441], [441, 440])
0	0.0	0.4165190942381303	([232], [232, 172])
0	0.0	0.4167350201816342	([238], [234, 233])
0	0.0	0.4201558312147444	([144], [144, 142])
0	0.0	0.42185093451695743	([151], [152, 150])
0	0.0	0.4223956776183561	([92], [92, 91])
0	0.0	0.42415265640528316	([431], [430, 428])
0	0.0	0.42433434699578343	([93], [93, 83])
0	0.0	0.42575777240292784	([82], [82, 81])
0	0.0	0.4262714208713683	([175], [176, 169])
0	0.0	0.4305177760287851	([165], [165, 164])
0	0.0	0.4322571254633794	([173], [173, 172])
0	0.0	0.43322224069172743	([156], [157, 155])
1	0.3950133432908359	0.43409032355837046	([147, 145], [148, 147, 146])
0	0.0	0.43481822921866903	([107], [111, 106])
1	0.4146491141214133	0.43515210288037875	([304, 294], [304, 300, 296])
0	0.0	0.4403075859794481	([174], [174, 173])
0	0.0	0.4409228399586124	([171], [171, 170])
0	0.0	0.4414222215679686	([185], [185, 183])
0	0.0	0.44157770528636503	([189], [189, 185])
0	0.0	0.4427232530757534	([233], [233, 232])
0	0.0	0.4436843055295447	([91], [91, 88])
1	0.43102679809146077	0.44592492665112304	([90, 82], [90, 87, 85])
0	0.0	0.4513561178197923	([183], [183, 160])
0	0.0	0.4519641080169115	([172], [233, 182])
0	0.0	0.45338542001525006	([164], [165, 160])
0	0.0	0.45520224828908784	([169], [177, 174])
0	0.0	0.45538765545024473	([160], [189, 181])
0	0.0	0.45650401370967014	([170], [170, 169])
1	0.45455726702997057	0.4599830716507423	([113, 106], [113, 112, 111])
1	0.4322559258945991	0.46100590081948767	([113, 112], [113, 112, 108])
0	0.0	0.46205248677320615	([178], [178, 177])
1	0.42986497736951074	0.4624670287876121	([93, 82], [93, 83, 82])
0	0.0	0.4649800820612798	([182], [171, 162])
0	0.0	0.4657151130038652	([168], [168, 164])
1	0.43820724825839086	0.4675654974240775	([147, 143], [147, 144, 143])
0	0.0	0.47222646956448405	([181], [189, 178])
0	0.0	0.4741009849021286	([451], [451, 441])
0	0.0	0.4834686944655576	([190], [191, 181])
1	0.4786894498299382	0.4841789519473088	([91, 82], [91, 88, 83])
0	0.0	0.4889014382798811	([162], [178, 161])
1	0.44528582896196306	0.4993694816845389	([76, 72], [76, 75, 73])
1	0.49865129335403424	0.5013801104112057	([174, 168], [177, 174, 170])
1	0.49835436228539853	0.5035975281905434	([173, 161], [178, 175, 173])
0	0.0	0.5222171122928688	([186], [188, 181])
1	0.4865237399036969	0.5232709005919112	([451, 428], [451, 431, 428])
1	0.4979554529007018	0.5352126199345236	([174, 162], [177, 174, 162])
1	0.5284152122367318	0.5392404230018565	([231, 169], [231, 173, 170])
1	0.5456737363691923	0.547049951615998	([181, 168], [181, 178, 173])
1	0.5205797660161601	0.547049951615998	([181, 173], [189, 181, 178])
1	0.4861855446247821	0.5488504308760385	([93, 92], [92, 91, 88])
1	0.537044775325572	0.5532047290038563	([190, 178], [191, 190, 177])
1	0.5698613332792773	0.5703969026014107	([102, 92], [102, 97, 96])
1	0.49535578696780946	0.5769151824365355	([451, 445], [451, 445, 441])
1	0.5156431747352016	0.5808060171565648	([162, 158], [171, 168, 159])
1	0.5791275443828492	0.5880785128737773	([86, 76], [86, 80, 76])
1	0.49020651987869673	0.5887829172627046	([238, 182], [238, 233, 232])
1	0.5895107270010883	0.5911358599743881	([232, 158], [232, 172, 168])
1	0.5884864951522106	0.5941656583286942	([92, 75], [92, 84, 80])
1	0.5904327529151333	0.6043956117121022	([373, 358], [373, 370, 359])
1	0.6005957120558503	0.611217072232115	([369, 355], [369, 363, 355])
1	0.6018559366962924	0.6169684886649297	([100, 82], [100, 95, 94])
1	0.5498103255295881	0.6199889935733429	([254, 161], [254, 249, 248])
1	0.5491584966260806	0.6277275046724088	([165, 150], [165, 164, 150])
1	0.6241715295473949	0.6282805101177343	([294, 162], [315, 312, 162])
1	0.6079421987524457	0.6283288712952797	([139, 116], [139, 126, 124])
1	0.5589095265591996	0.6322358357424999	([174, 160], [175, 170, 158])
1	0.5452366499990161	0.6336326575586341	([162, 151], [162, 156, 151])
1	0.6345139279909793	0.6384727382235176	([172, 147], [172, 162, 158])
1	0.6246859967983497	0.6384727382235176	([186, 156], [186, 172, 158])
1	0.6011114170051095	0.6390627094265074	([158, 147], [158, 154, 143])
1	0.5493471675933413	0.6394814307099914	([232, 165], [232, 178, 168])
1	0.5227781758625524	0.6411279701969808	([178, 165], [232, 165, 160])
1	0.626296191802511	0.6438305297597394	([143, 119], [143, 136, 123])
1	0.6303154345727081	0.6515874302115641	([81, 39], [81, 54, 43])
1	0.6402821709891425	0.6521924553002755	([76, 45], [76, 45, 29])
1	0.60461770330015	0.6543841905086991	([147, 113], [147, 104, 98])
1	0.6332684947104892	0.6547033780898862	([147, 9], [147, 9, 1])
1	0.6496251409252747	0.6550996198733482	([44, 22], [44, 30, 22])
1	0.6508253583093824	0.6555970240729596	([121, 92], [135, 133, 92])
1	0.6561129286909412	0.6592762211316562	([352, 333], [352, 341, 339])
1	0.537909454002007	0.6595967808788847	([169, 157], [170, 169, 157])
1	0.62187419760067	0.6602758524222686	([76, 29], [76, 70, 56])
1	0.6334467318385801	0.6615453146706276	([99, 76], [99, 88, 85])
1	0.6612041704813781	0.6633920140096667	([92, 38], [92, 58, 43])
1	0.6361665330228715	0.6641327984507787	([113, 81], [113, 99, 93])
1	0.6520969952857368	0.664442646968643	([147, 54], [147, 70, 54])
1	0.655080676559627	0.6644824910881477	([23, 0], [23, 13, 0])
1	0.6361714900391823	0.6648768338482122	([91, 42], [91, 63, 50])
1	0.6281924205583723	0.664958888940963	([329, 297], [329, 316, 297])
1	0.5575118739172064	0.6687144130564531	([147, 93], [147, 140, 116])
1	0.597401434619269	0.6705536035163597	([82, 57], [82, 79, 57])
1	0.6410458088097516	0.6705536035163597	([92, 57], [92, 79, 57])
1	0.6225393093677601	0.6709858161520839	([91, 68], [92, 69, 57])
1	0.6715117014827395	0.6723195123370372	([445, 92], [445, 437, 92])
1	0.6591885981461343	0.6743380139947853	([334, 293], [334, 333, 293])
1	0.6742059210802586	0.6744197407206627	([443, 147], [443, 429, 427])
1	0.6193157202107936	0.6749363709929717	([333, 292], [332, 327, 292])
1	0.6708890353260558	0.6752566395982884	([341, 286], [341, 336, 286])
1	0.5974991174143413	0.6759190256633761	([147, 77], [147, 94, 78])
1	0.5615946170132404	0.6765894492127298	([171, 143], [171, 157, 143])
1	0.6649175455445495	0.6771467175730733	([76, 9], [76, 21, 14])
1	0.6404263955073007	0.6779144145807392	([132, 112], [129, 127, 112])
1	0.6780304577364124	0.679266399521508	([256, 147], [281, 267, 147])
1	0.6244266587901414	0.6809454349227839	([81, 54], [81, 73, 43])
1	0.6639127544721175	0.6819763391558291	([134, 76], [116, 110, 76])
1	0.6798362402896816	0.6823143849867536	([355, 74], [355, 350, 343])
1	0.6742607654239704	0.6827846743578857	([407, 373], [407, 391, 373])
1	0.6800929412274149	0.6827878419935799	([143, 111], [143, 119, 111])
1	0.6743879182718139	0.6829308262947225	([391, 147], [432, 421, 147])
1	0.6845452468220646	0.6854679666101293	([82, 37], [82, 63, 37])
1	0.6817262040483685	0.685939175840427	([134, 82], [141, 140, 82])
1	0.6701464091513119	0.6862437642810992	([266, 232], [266, 249, 239])
1	0.647452991130517	0.6877056564612142	([135, 92], [139, 116, 100])
1	0.673091996433377	0.68882790873275	([243, 147], [256, 247, 243])
1	0.6832977331143878	0.6888750996776082	([284, 249], [284, 269, 265])
1	0.6806153982434353	0.6897504510702929	([93, 30], [93, 82, 30])
1	0.6534220481773101	0.6899251792395572	([143, 83], [143, 128, 83])
1	0.6888644927791024	0.690106134206306	([355, 68], [355, 74, 68])
1	0.6826517130841594	0.6903626249532238	([90, 60], [90, 74, 73])
1	0.6482460836746223	0.6911569942487322	([126, 83], [140, 126, 83])
1	0.6701842912952788	0.6919339472844867	([168, 140], [168, 140, 131])
1	0.6814357244460667	0.6921314248029442	([354, 90], [354, 101, 90])
1	0.6898750086288682	0.6925271650974758	([339, 284], [339, 333, 287])
1	0.6078348618274788	0.6933426524167148	([144, 82], [147, 140, 98])
1	0.6649036604892139	0.6933426524167148	([168, 131], [168, 140, 98])
1	0.6917243229743615	0.6943688419819006	([74, 41], [74, 57, 49])
1	0.6711216963989945	0.6949596184986282	([234, 154], [234, 232, 156])
1	0.6941086920006759	0.695397484715542	([146, 88], [146, 139, 100])
1	0.569809902860634	0.6963396086764517	([169, 85], [169, 103, 85])
1	0.6982559722608235	0.6987450030784315	([363, 160], [363, 351, 349])
1	0.5118876054716738	0.6990566538872709	([168, 159], [173, 170, 157])
1	0.6951760747317143	0.6997368557367883	([418, 381], [418, 391, 389])
1	0.659390686420825	0.7004813125230764	([432, 147], [443, 440, 146])
1	0.6895337368803797	0.7010849489085048	([437, 373], [424, 408, 407])
1	0.6865833514569426	0.7021275615007742	([74, 3], [75, 74, 12])
1	0.6900376038766232	0.7021474613428105	([376, 339], [376, 359, 352])
1	0.6782102875857925	0.7034242516325527	([75, 12], [82, 75, 18])
1	0.6928709087796752	0.7038804267777035	([279, 243], [279, 266, 245])
1	0.6707710064306704	0.7039990312989424	([92, 21], [93, 92, 21])
1	0.6959082490613102	0.7045616135589419	([234, 109], [234, 152, 109])
1	0.6422524866031295	0.7046685640091636	([112, 77], [112, 101, 84])
1	0.6708632557515083	0.7047001963624212	([409, 168], [409, 390, 375])
1	0.7015475156225568	0.7050900020930612	([239, 155], [239, 233, 155])
1	0.649889237568647	0.7052714005221166	([168, 69], [168, 69, 56])
1	0.6577751142163111	0.7056713587551611	([66, 39], [66, 55, 39])
1	0.6955799075610436	0.7062535309725563	([376, 332], [376, 339, 336])
1	0.6944457394273509	0.7067680169911169	([68, 30], [68, 47, 30])
1	0.7058722781726763	0.7067875402279918	([358, 332], [358, 345, 340])
1	0.7066321677479827	0.7076580503098283	([355, 290], [355, 343, 337])
1	0.7009432603683194	0.7080570322285697	([416, 354], [416, 404, 354])
1	0.6482456462999004	0.7082395290829551	([138, 81], [138, 110, 100])
1	0.681344074507666	0.7087889995606538	([92, 1], [92, 21, 1])
1	0.6834107868740953	0.7094788377486485	([149, 14], [149, 147, 9])
1	0.6734766485795003	0.709550834151023	([82, 9], [74, 19, 12])
1	0.7058900677931199	0.709771753914616	([425, 376], [425, 424, 376])
1	0.6662755725546062	0.7104595482810119	([168, 120], [168, 131, 120])
1	0.672673101338214	0.7111434604413032	([147, 22], [147, 22, 0])
1	0.7056898047029155	0.7120400642883966	([340, 282], [340, 335, 282])
1	0.7100489018023731	0.7123179273417674	([123, 77], [123, 106, 97])
1	0.6970347323364049	0.7124668395572699	([53, 13], [60, 53, 13])
1	0.683817755336319	0.7132347570558922	([160, 120], [160, 120, 111])
1	0.6274861945702469	0.7134246085835899	([145, 112], [145, 125, 112])
1	0.7065308811084182	0.7141216776873908	([73, 1], [73, 25, 1])
1	0.6927723139089706	0.7152202676990366	([377, 333], [365, 355, 352])
1	0.7045989679710767	0.7152615152296014	([106, 51], [106, 78, 51])
1	0.6985582076317366	0.7154897285838483	([426, 372], [426, 422, 372])
1	0.6816548943298358	0.7162182768921417	([112, 53], [112, 77, 72])
1	0.712215167145654	0.7173726848062534	([354, 330], [354, 336, 330])
1	0.6756129148911983	0.7181392732624704	([255, 76], [255, 241, 240])
1	0.7028616456983986	0.7181426967806932	([144, 15], [144, 74, 10])
1	0.674860053015651	0.7195094117718445	([143, 20], [143, 37, 20])
1	0.7163731343397375	0.719990287869531	([131, 89], [131, 114, 102])
1	0.6996856531527834	0.7223917332260273	([372, 329], [372, 349, 334])
1	0.7141991277390115	0.7225259689717038	([112, 22], [112, 40, 27])
1	0.7111421974782952	0.7225457127980934	([450, 413], [450, 434, 422])
1	0.6505288559599605	0.7227062305028512	([343, 81], [345, 343, 74])
1	0.6867947227319318	0.7229352379485279	([306, 92], [325, 306, 294])
1	0.7192754796653827	0.7229612640553315	([108, 65], [108, 87, 72])
1	0.6968748482567643	0.7237502170317628	([374, 290], [374, 351, 340])
1	0.7058535408420664	0.7241734296063974	([96, 44], [96, 70, 59])
1	0.6944273777654159	0.7249790479317657	([83, 28], [93, 83, 36])
1	0.6653371604647601	0.7249890184851252	([144, 74], [144, 116, 74])
1	0.7054844397239668	0.7250220184238502	([384, 76], [393, 384, 370])
1	0.48119724001739267	0.7250308184915173	([451, 431], [451, 441, 431])
1	0.7005276789930054	0.7259211119134367	([259, 146], [259, 239, 234])
1	0.6322693214327968	0.7265860193031736	([81, 15], [81, 78, 15])
1	0.6022709149990864	0.7269302406274694	([147, 0], [148, 15, 14])
1	0.7205637374973858	0.7278153122003566	([87, 41], [87, 74, 70])
1	0.7105677451558345	0.7286169628532002	([141, 53], [141, 82, 59])
1	0.6988565858406087	0.729161264463096	([350, 149], [350, 149, 75])
1	0.7272363159058227	0.7292302244210922	([450, 332], [450, 437, 332])
1	0.7284962185429232	0.729252464317033	([80, 22], [80, 78, 15])
1	0.704349785322518	0.7298279215940691	([447, 151], [447, 440, 151])
1	0.7066193596136812	0.7308456726202014	([90, 34], [90, 60, 47])
1	0.700017330476945	0.731830039998292	([290, 250], [290, 267, 266])
1	0.7028392750532326	0.7326820819910873	([439, 74], [442, 439, 74])
1	0.719862299200221	0.732781648349687	([439, 374], [439, 417, 407])
1	0.5054227779834706	0.7331457408960811	([161, 107], [155, 142, 137])
1	0.6750091157865226	0.7334498085033936	([335, 92], [335, 326, 325])
1	0.6720305053602786	0.7339694287114423	([436, 76], [443, 439, 74])
1	0.7195568006174872	0.7340696758688243	([83, 17], [83, 28, 25])
1	0.7257920630387229	0.7343141761183439	([104, 20], [104, 90, 73])
1	0.6430717304635035	0.7349674902954659	([164, 53], [164, 74, 53])
1	0.6979609679856619	0.7355000311250367	([337, 82], [358, 337, 290])
1	0.6078741143987898	0.7355060098934576	([246, 162], [246, 232, 172])
1	0.7258013635331071	0.7359190312965064	([105, 64], [105, 76, 73])
1	0.7255143773356078	0.7360981050004514	([375, 285], [375, 333, 332])
1	0.6873702886087614	0.7368386341232762	([241, 143], [241, 160, 154])
1	0.6725005456600524	0.7375935646198487	([143, 34], [144, 143, 10])
1	0.730490021262016	0.7379277911853445	([426, 347], [426, 423, 347])
1	0.6772722000143695	0.7380561286231151	([160, 97], [160, 156, 111])
1	0.7356702411288093	0.7383685603506998	([384, 315], [384, 363, 358])
1	0.7323564573589254	0.738453267629693	([450, 150], [450, 443, 150])
1	0.49844274495143015	0.7387903935495292	([181, 163], [181, 170, 157])
1	0.7268987791740511	0.7388222635867276	([420, 290], [420, 406, 290])
1	0.7329866055330729	0.7398562796720991	([440, 93], [440, 146, 102])
1	0.7321556134318652	0.7399416408331716	([419, 358], [419, 406, 359])
1	0.7191494664512484	0.7403986691214481	([446, 375], [446, 422, 421])
1	0.687925708953917	0.7408159951588573	([350, 268], [350, 340, 283])
1	0.7340411794390347	0.7408181788585098	([103, 25], [103, 100, 25])
1	0.6445670128450872	0.7408425059551484	([164, 33], [164, 53, 33])
1	0.7128921625256752	0.7409479941758298	([417, 355], [422, 417, 353])
1	0.739741801735623	0.7409769820294507	([137, 24], [146, 137, 24])
1	0.7305416027613155	0.7413566968449158	([397, 340], [407, 397, 340])
1	0.7415137900201276	0.7415509073910918	([443, 340], [443, 423, 340])
1	0.7379059883156048	0.7417783295974549	([152, 57], [152, 141, 57])
1	0.6497921210878913	0.7421590542513219	([268, 147], [267, 234, 151])
1	0.6574914531635817	0.7421925734760976	([151, 11], [151, 149, 11])
1	0.7095839954801142	0.7425882824132857	([449, 351], [449, 439, 351])
1	0.7012679994007437	0.7427528857207262	([354, 284], [354, 330, 284])
1	0.7309471826174831	0.7429153636322104	([377, 302], [377, 333, 302])
1	0.7401718735657595	0.742923227436647	([404, 326], [407, 404, 331])
1	0.7350449074631763	0.7440201574006976	([363, 315], [363, 333, 315])
1	0.7140994394608982	0.7443507467537713	([156, 93], [156, 137, 111])
1	0.7435221024005919	0.7443939738519681	([422, 344], [422, 353, 337])
1	0.7221240419938242	0.7457798940894975	([449, 377], [449, 427, 377])
1	0.7316887632390939	0.7458209310147108	([102, 26], [102, 87, 47])
1	0.7440483709808098	0.746077625772609	([282, 146], [282, 253, 146])
1	0.7326517651545711	0.7461241226109583	([355, 159], [355, 246, 243])
1	0.7461456654417233	0.7461479556707304	([264, 175], [264, 234, 232])
1	0.7435660895731113	0.7464453122470595	([351, 22], [351, 350, 22])
1	0.7280170867340662	0.746737327621054	([425, 333], [425, 376, 333])
1	0.7344978349390785	0.7468504123515559	([389, 325], [389, 325, 298])
1	0.7398295349721411	0.7468893616628739	([434, 286], [434, 425, 355])
1	0.7285703516051378	0.7468893616628739	([450, 355], [450, 434, 355])
1	0.6916285659206431	0.7468961346383727	([291, 160], [291, 248, 241])
1	0.6294224228254395	0.7472961638635196	([239, 186], [239, 231, 172])
1	0.7346414582839113	0.7474307184595178	([421, 351], [439, 421, 407])
1	0.7455093389336163	0.7475107066155373	([357, 278], [357, 333, 282])
1	0.7402296196112473	0.7476757270726362	([341, 252], [341, 288, 252])
1	0.7232711036607837	0.7478415423201406	([355, 246], [355, 286, 272])
1	0.7477426882375312	0.7479524115007666	([125, 23], [143, 125, 37])
1	0.7009644309782125	0.74797363163505	([354, 263], [354, 284, 263])
1	0.7300833983339154	0.7480493708670337	([134, 66], [134, 66, 49])
1	0.7340130952203839	0.7482091163475345	([427, 281], [427, 377, 281])
1	0.7262965434826559	0.7482567901419613	([83, 0], [93, 83, 0])
1	0.7381018493159957	0.7487625730732897	([447, 341], [447, 440, 350])
1	0.7112531497263517	0.7488388811707292	([389, 299], [404, 389, 326])
1	0.7421131873093064	0.7488760338753084	([123, 31], [130, 67, 31])
1	0.733436763111567	0.7491229336502159	([350, 109], [350, 109, 96])
1	0.6981255612352509	0.7491495741264709	([440, 350], [440, 425, 350])
1	0.694989147521541	0.7494482061040962	([381, 160], [381, 363, 315])
1	0.7469786372791839	0.749685082828693	([372, 273], [372, 273, 143])
1	0.7234570720567954	0.7497113553995398	([372, 143], [372, 335, 283])
1	0.6245065709420067	0.7499924729487827	([350, 74], [442, 425, 355])
1	0.7351485801605007	0.7500098441926748	([424, 342], [424, 376, 342])
1	0.7189387966568404	0.750076711545023	([418, 352], [420, 418, 352])
1	0.6794457028590171	0.7504629794984129	([170, 102], [158, 143, 141])
1	0.6938168412621819	0.7506156443104807	([275, 76], [275, 255, 244])
1	0.7495098199879131	0.7506769893487882	([438, 142], [438, 420, 145])
1	0.7232462095364537	0.7506769893487882	([420, 145], [439, 438, 145])
1	0.748506797597555	0.7516518170775857	([424, 291], [424, 407, 291])
1	0.6836659613223302	0.7517533424763824	([332, 143], [372, 335, 143])
1	0.7457923896027867	0.7517732736962238	([107, 13], [107, 95, 13])
1	0.6943639386713982	0.7534433913419849	([245, 82], [282, 245, 234])
1	0.7504847140602559	0.7534842107216077	([119, 52], [134, 119, 34])
1	0.5595428928627293	0.7539890741553513	([151, 91], [151, 95, 68])
1	0.7324387829135987	0.7541706098392349	([302, 242], [302, 262, 242])
1	0.7361479633772138	0.7542180320775022	([380, 323], [389, 382, 326])
1	0.5835230636745165	0.7543800981471821	([288, 169], [372, 288, 273])
1	0.745249609040579	0.7547182974071536	([393, 287], [393, 371, 287])
1	0.7171221638890253	0.7548412464541595	([414, 350], [414, 405, 350])
1	0.7364945314885784	0.7549534569770564	([408, 330], [400, 389, 330])
1	0.6177955180723286	0.7552917957454809	([440, 145], [447, 440, 0])
1	0.7476865600501373	0.7560999117261937	([369, 289], [423, 369, 289])
1	0.6825042096385059	0.7561526176279479	([334, 147], [334, 326, 143])
1	0.6593962829242281	0.7562505258564495	([168, 12], [168, 56, 12])
1	0.7278868223004658	0.7564848259593777	([122, 78], [122, 109, 78])
1	0.7347531192973167	0.756637313892388	([362, 279], [362, 336, 293])
1	0.7248286713558042	0.7567916336730088	([129, 45], [129, 45, 13])
1	0.7557049851482918	0.7571530693777688	([450, 171], [450, 171, 157])
1	0.7464282819990368	0.7571793234882027	([433, 399], [433, 422, 392])
1	0.7524372713686395	0.757456473903041	([418, 239], [418, 352, 267])
1	0.6597041950453593	0.758461253951077	([390, 168], [409, 363, 349])
1	0.7276607029510421	0.7588408345128113	([355, 325], [355, 325, 302])
1	0.6821135079005811	0.7588501715943233	([446, 82], [443, 82, 18])
1	0.7559743911395448	0.7588943279526496	([354, 56], [354, 349, 56])
1	0.6851073809614411	0.7589351533905664	([393, 76], [420, 393, 355])
1	0.7590496694397467	0.7596015464054802	([432, 272], [432, 407, 272])
1	0.7564069665114489	0.7597074102918461	([354, 2], [354, 90, 11])
1	0.6356477420344963	0.7598162063419163	([155, 81], [155, 107, 13])
1	0.7397555223946367	0.7600886852484401	([101, 16], [136, 101, 16])
1	0.6457662832602789	0.7602225555305488	([349, 168], [354, 90, 72])
1	0.6444200048609176	0.7604861819825683	([354, 101], [355, 354, 70])
1	0.7532026770009659	0.7606156887389595	([128, 70], [128, 103, 70])
1	0.5886841807614537	0.7618989925456332	([450, 0], [350, 251, 148])
1	0.7620140709149303	0.7620951962920273	([133, 25], [133, 92, 35])
1	0.750652254874474	0.7623709641783414	([247, 136], [252, 247, 136])
1	0.7246522789810135	0.7625930846980066	([430, 334], [430, 422, 334])
1	0.7580607975466161	0.7628717978766933	([379, 320], [382, 379, 320])
1	0.6821731894637655	0.7631785316552809	([160, 14], [160, 155, 14])
1	0.75622526696261	0.763535303755639	([354, 153], [354, 153, 97])
1	0.7142944054615199	0.7639241349862004	([342, 151], [342, 285, 267])
1	0.5745260176741098	0.7639324678011797	([169, 135], [169, 157, 135])
1	0.7498131759267695	0.7643441549169973	([131, 38], [131, 102, 33])
1	0.7521625476613845	0.764655102263943	([363, 244], [363, 270, 244])
1	0.7503585363334115	0.7647090791384269	([359, 234], [359, 336, 234])
1	0.7392113490592602	0.7653408519924196	([448, 358], [448, 426, 339])
1	0.7069003532959784	0.7657261564742975	([404, 82], [404, 373, 357])
1	0.7436163940701709	0.7657340625391403	([352, 146], [352, 288, 267])
1	0.7574260366665649	0.7667543576505337	([322, 232], [384, 313, 312])
1	0.7660308466843557	0.767481326135404	([431, 143], [431, 417, 355])
1	0.6700364889958985	0.7678427214309708	([336, 76], [332, 275, 267])
1	0.7594781417926765	0.7679361675650246	([235, 83], [235, 94, 92])
1	0.7608528737431424	0.768031005945236	([368, 301], [368, 333, 290])
1	0.7509933653328514	0.7684424803091056	([239, 127], [243, 239, 127])
1	0.7475094968063343	0.7684895951077373	([287, 141], [335, 287, 141])
1	0.757513548677098	0.7686238367894693	([361, 276], [361, 358, 276])
1	0.6840767265287147	0.7693774849749654	([368, 147], [391, 368, 361])
1	0.7573976620377139	0.7693930406067112	([236, 142], [236, 234, 151])
1	0.702940990007465	0.7696960043394336	([354, 238], [354, 263, 244])
1	0.7498531317806947	0.7696960043394336	([363, 270], [363, 354, 244])
1	0.7267969115848628	0.7699470320225352	([365, 83], [373, 365, 83])
1	0.7313414416144879	0.7700426471350506	([409, 112], [409, 349, 112])
1	0.7609496117813689	0.7702227243700034	([381, 263], [381, 300, 263])
1	0.7604266241517224	0.7703303230314116	([433, 141], [439, 425, 141])
1	0.611451105070844	0.7706977299505842	([427, 162], [440, 427, 151])
1	0.6711196253430359	0.7709971033508872	([428, 92], [425, 335, 141])
1	0.7424299832317496	0.7710849331266573	([366, 314], [379, 366, 314])
1	0.7694240393915008	0.7711109730013674	([309, 236], [309, 280, 277])
1	0.7523377734948238	0.7711441313163374	([171, 109], [171, 143, 137])
1	0.770603166489512	0.77133870803473	([336, 15], [336, 234, 152])
1	0.7348675823717639	0.7715362388579583	([247, 31], [247, 136, 130])
1	0.7549059374612062	0.7715568833414518	([403, 318], [403, 382, 318])
1	0.7614762222006342	0.772196049341224	([416, 268], [416, 354, 268])
1	0.7715216956901637	0.7730624847011563	([351, 150], [351, 337, 150])
1	0.764395811511688	0.773092132998649	([361, 308], [384, 361, 308])
1	0.7647632351522407	0.7733458540384249	([139, 50], [139, 90, 50])
1	0.755619387078436	0.7742374544339016	([248, 111], [248, 154, 111])
1	0.7406600331405759	0.7742374544339016	([248, 90], [248, 161, 154])
1	0.5274462819429281	0.7742374544339016	([248, 161], [248, 233, 154])
1	0.7516064961653435	0.7746876742991242	([170, 46], [170, 117, 46])
1	0.6880730266862829	0.7751319365141929	([351, 160], [351, 291, 283])
1	0.658882230065905	0.7752749686233538	([234, 76], [336, 76, 14])
1	0.7536920887207329	0.776007465538842	([448, 155], [448, 155, 149])
1	0.7659279931542678	0.7760855319516359	([285, 31], [350, 285, 43])
1	0.7488768364942726	0.7768733506542789	([361, 254], [361, 354, 254])
1	0.6891555906346098	0.7773124672380614	([260, 160], [260, 241, 235])
1	0.737244351582698	0.7775181083861367	([384, 232], [322, 292, 282])
1	0.6691370986634928	0.7778317111648408	([325, 92], [425, 340, 75])
1	0.7486578848395468	0.7782584328274743	([423, 270], [423, 289, 282])
1	0.7472232056272196	0.7782979367186103	([279, 102], [279, 233, 232])
1	0.6611150227583689	0.7783579513303863	([235, 92], [248, 235, 94])
1	0.7766681318902511	0.7784163190627628	([410, 315], [410, 399, 315])
1	0.7630866918103157	0.7785458717660912	([390, 249], [390, 373, 249])
1	0.6817754559712634	0.778960288073186	([354, 181], [354, 238, 181])
1	0.6816750374090558	0.7794159978381812	([355, 112], [355, 159, 112])
1	0.7375240963118124	0.7806619046176729	([236, 107], [250, 236, 107])
1	0.6442498805696351	0.7807500648062741	([168, 56], [168, 120, 69])
1	0.7658088623735935	0.7811518204145762	([241, 116], [241, 154, 151])
1	0.7713787840476308	0.7812919726021663	([447, 78], [447, 78, 22])
1	0.7665463040440823	0.7814514410755145	([317, 254], [317, 312, 232])
1	0.6501992791157283	0.7818991913081785	([91, 4], [151, 91, 4])
1	0.666159082946777	0.7819184429335452	([274, 168], [269, 241, 235])
1	0.7788126798625048	0.7820792239586928	([244, 131], [245, 244, 131])
1	0.7637532477888218	0.7821353857563496	([175, 129], [231, 154, 152])
1	0.758390343975521	0.7823240959170846	([442, 51], [450, 59, 51])
1	0.7771976546883844	0.7825723201895187	([262, 174], [363, 262, 244])
1	0.6373357960881586	0.7828379050899458	([168, 100], [232, 168, 140])
1	0.7808149658771568	0.7833555377772178	([439, 44], [439, 44, 17])
1	0.7746988395583309	0.7843289488975971	([426, 14], [426, 336, 288])
1	0.7667604315558433	0.7846463217357011	([290, 21], [290, 267, 21])
1	0.7806841686554264	0.7850046701449072	([428, 252], [437, 428, 252])
1	0.7608503082103969	0.7854319935947731	([437, 106], [437, 106, 37])
1	0.7586468426085631	0.7856736206467795	([417, 143], [430, 351, 256])
1	0.6063974184958106	0.7857422617876956	([162, 104], [162, 156, 104])
1	0.7757432267688357	0.7858905331780053	([347, 136], [347, 290, 136])
1	0.7761686122595582	0.7864838727657444	([373, 23], [373, 82, 75])
1	0.7831584611266811	0.7866216109421266	([422, 20], [423, 422, 20])
1	0.7660339155617305	0.7867692215755483	([421, 79], [421, 147, 93])
1	0.7848822485520143	0.7870557173653209	([359, 17], [439, 359, 333])
1	0.5801662436616268	0.7870669457605758	([169, 39], [169, 103, 39])
1	0.5577054602306435	0.787086435180707	([246, 169], [246, 175, 172])
1	0.7850842881807545	0.7872763280053104	([435, 22], [447, 435, 354])
1	0.7744428351682816	0.7879712353340478	([435, 251], [435, 336, 251])
1	0.6711384399839058	0.7882033670828065	([357, 92], [357, 353, 93])
1	0.7876986056006275	0.7882033670828065	([376, 93], [376, 357, 93])
1	0.7692984897640253	0.7883085289927825	([231, 73], [231, 129, 112])
1	0.708003871732789	0.7883800328104983	([355, 124], [355, 350, 148])
1	0.7738048735485423	0.7885101572263566	([348, 144], [448, 348, 144])
1	0.7538038065336424	0.7887149623456992	([173, 93], [173, 157, 93])
1	0.7739478017119149	0.7888402444437209	([397, 254], [397, 375, 254])
1	0.7775030276783714	0.7892185183480671	([413, 106], [413, 374, 353])
1	0.789370715434278	0.7896932415989827	([349, 240], [349, 266, 240])
1	0.7892806014568607	0.7897077844750785	([286, 145], [339, 286, 145])
1	0.7857003349402594	0.789806868753964	([362, 236], [414, 401, 236])
1	0.7368890242820537	0.7898379375670308	([406, 74], [406, 343, 283])
1	0.6592073514820764	0.7899395571848512	([271, 81], [271, 250, 93])
1	0.7700726414961429	0.7912325763024892	([374, 106], [334, 147, 22])
1	0.7733105276364203	0.7915109445437881	([411, 280], [411, 384, 280])
1	0.6840995135486146	0.7917669470778285	([308, 147], [308, 281, 263])
1	0.6554259950961597	0.7923333369227418	([282, 82], [404, 327, 282])
1	0.7916841403821397	0.7923782441886644	([245, 103], [245, 142, 103])
1	0.7739003507747921	0.7926293260502039	([430, 15], [447, 430, 15])
1	0.7757120819564303	0.7927334607032783	([332, 57], [357, 332, 57])
1	0.753975298656527	0.7934723357318975	([422, 115], [422, 115, 112])
1	0.6629448453389748	0.7937210890643188	([399, 81], [399, 356, 343])
1	0.7847174455992426	0.7939771022114515	([392, 236], [414, 325, 314])
1	0.7934089304120369	0.7940200559352028	([252, 53], [252, 141, 106])
1	0.764311059584733	0.7945878351495808	([418, 99], [450, 418, 239])
1	0.6525922779958145	0.7949462304771465	([155, 92], [155, 133, 97])
1	0.6397441561306012	0.7949462304771465	([164, 133], [164, 155, 133])
1	0.7847062639863174	0.7949840316046187	([240, 93], [240, 150, 141])
1	0.7941196904958715	0.7950912351338557	([249, 61], [249, 101, 61])
1	0.7601914203093885	0.7955070775065785	([338, 120], [338, 120, 112])
1	0.7867482578326425	0.7956984788824532	([438, 25], [438, 123, 112])
1	0.7797216818844728	0.7959505912284147	([287, 78], [353, 342, 78])
1	0.7896803195542818	0.7970752297318685	([263, 129], [263, 240, 112])
1	0.7914721961893999	0.7974102844412709	([382, 242], [382, 379, 242])
1	0.7632597471257799	0.7975141140612813	([366, 109], [366, 333, 109])
1	0.7973489306056054	0.7976153549599202	([420, 102], [440, 420, 145])
1	0.7951789399155623	0.7979752361509418	([348, 61], [348, 107, 80])
1	0.7831398272313776	0.7979752361509418	([348, 107], [429, 348, 80])
1	0.7851365581198781	0.7986354951272792	([372, 16], [372, 74, 16])
1	0.7956239127835433	0.7987672832487863	([307, 240], [307, 282, 260])
1	0.6089880726668616	0.8008416021308483	([162, 55], [162, 104, 55])
1	0.7969202898469648	0.801561757991008	([446, 108], [446, 338, 108])
1	0.7928311876542131	0.8020966008606342	([291, 95], [343, 291, 95])
1	0.7998820003518938	0.8022520532943398	([232, 66], [232, 102, 79])
1	0.7638045614086619	0.8022520532943398	([174, 79], [232, 174, 79])
1	0.7956315802272036	0.8024160047338915	([254, 65], [254, 151, 145])
1	0.7793439606937623	0.8028103845133467	([265, 66], [265, 250, 66])
1	0.7912443960393135	0.8043905310582274	([239, 16], [239, 235, 16])
1	0.7951784135371783	0.8047023168349834	([418, 35], [418, 108, 35])
1	0.7676131361602201	0.8049171551886781	([319, 235], [319, 299, 243])
1	0.7755700869032616	0.805439352236092	([290, 73], [290, 136, 73])
1	0.8030328959337969	0.8058504714956759	([431, 96], [431, 145, 143])
1	0.6371027034424557	0.8062196558114342	([374, 162], [427, 374, 267])
1	0.6144975833618458	0.8068149777995185	([315, 162], [294, 250, 246])
1	0.804503811567792	0.8072187132536764	([265, 0], [437, 265, 252])
1	0.7873726809104411	0.8074892034545611	([284, 29], [341, 284, 29])
1	0.7781102773551745	0.8096568078750118	([251, 36], [251, 231, 90])
1	0.7843413075575514	0.8104651727151944	([297, 13], [297, 283, 13])
1	0.6809569681126046	0.8106801527181859	([324, 168], [324, 262, 232])
1	0.7978596583685953	0.8106930409413982	([405, 126], [433, 405, 86])
1	0.6129598253293467	0.8106960041183124	([172, 81], [343, 239, 172])
1	0.8021717975278682	0.8109343033082961	([291, 26], [291, 145, 136])
1	0.47861946645680753	0.8111770597708549	([182, 178], [233, 182, 178])
1	0.7964400928217352	0.8116414401305146	([434, 69], [434, 69, 20])
1	0.5584693593817807	0.8121796814888441	([372, 169], [372, 231, 169])
1	0.7705289692559957	0.8128045540882894	([405, 47], [439, 405, 47])
1	0.7777794511788331	0.8145121199995862	([315, 181], [315, 238, 233])
1	0.7977369777129419	0.8147264426201046	([398, 111], [398, 267, 74])
1	0.7970956158058151	0.8147601690046107	([297, 131], [297, 249, 131])
1	0.7979481410036766	0.8149421791340644	([253, 64], [253, 146, 64])
1	0.8121422809598645	0.8151492420420442	([272, 40], [272, 249, 61])
1	0.8035248448224344	0.815973139439567	([416, 68], [416, 299, 103])
1	0.7489192132921216	0.8161239053415771	([274, 25], [274, 258, 25])
1	0.800869249946202	0.816242250116752	([414, 138], [421, 414, 138])
1	0.7714675321905246	0.817984010447759	([400, 66], [400, 327, 66])
1	0.7917508094615262	0.8194523612222622	([403, 177], [403, 276, 242])
1	0.612977964139907	0.8195815665150076	([315, 190], [315, 234, 233])
1	0.8177006210863057	0.8199745977295033	([173, 49], [173, 139, 49])
1	0.8099107315308853	0.8213375090370667	([347, 170], [347, 170, 126])
1	0.816264876383685	0.8216156066321941	([243, 35], [281, 243, 35])
1	0.5559789186449671	0.8229050098589483	([169, 103], [170, 169, 85])
1	0.6478588577353629	0.8231488537018917	([285, 91], [285, 91, 42])
1	0.8092723262002522	0.824016514802772	([384, 135], [414, 384, 135])
1	0.5406608832824247	0.8242455683064355	([163, 113], [163, 158, 113])
1	0.819209880440419	0.8248085472379222	([329, 37], [367, 329, 244])
1	0.6520650821307998	0.8250691852900146	([382, 164], [388, 164, 130])
1	0.7989242757111543	0.8279345414365213	([260, 68], [269, 260, 68])
1	0.6458611263609684	0.828135586476877	([446, 168], [446, 390, 322])
1	0.6564039768337411	0.8289651703312237	([245, 164], [245, 164, 150])
1	0.6218238760083244	0.8302292350370682	([313, 165], [313, 232, 165])
1	0.8227551990222891	0.8307050091689827	([415, 170], [415, 245, 238])
1	0.8165697956149278	0.8310212393663118	([313, 53], [327, 313, 53])
1	0.8205255465951237	0.831852741485947	([399, 173], [399, 313, 173])
1	0.8222402651929596	0.8324770158374599	([397, 41], [397, 278, 41])
1	0.7044840903660805	0.8325121575368095	([321, 82], [358, 321, 277])
1	0.8222859466746607	0.8382305186928791	([404, 38], [408, 404, 38])
1	0.8253242864066967	0.8412460901623252	([440, 181], [440, 233, 181])
1	0.7748765430753637	0.8429687956348435	([181, 75], [181, 129, 75])
1	0.5680063673351295	0.8432826896327583	([446, 169], [446, 288, 169])
1	0.5831850204513644	0.8449726460544235	([183, 54], [183, 96, 54])
1	0.558661280061937	0.8456728829438185	([164, 74], [164, 133, 33])
1	0.5992087997481691	0.8520445826717298	([234, 190], [315, 190, 181])
1	0.661072511254404	0.8525463870747905	([302, 81], [302, 271, 235])
1	0.6122767796980669	0.8571193308095881	([186, 177], [188, 186, 181])
1	0.5155305334657604	0.8753612447650688	([160, 159], [313, 165, 150])
1	0.5176024852197406	0.8780333616241275	([412, 182], [412, 238, 182])
1	0.4752545630150026	0.882553719996677	([183, 181], [189, 185, 183])
1	0.5983371785362958	0.8851275728970885	([261, 183], [261, 183, 54])
1	0.6965674913502697	0.8917427908229402	([185, 141], [185, 183, 160])
1	0.4775584003113182	0.8960293029963395	([171, 168], [185, 183, 181])
1	0.5061253535841193	0.8960293029963395	([190, 185], [190, 185, 181])
1	0.5649362729839796	0.9447764113487847	([183, 96], [183, 160, 97])
0	0.0	0.9685402075323916	([0], [189, 180])
0	0.0	0.9695236459786287	([167], [237, 236])
0	0.0	0.9735114450183027	([166], [179, 161])
0	0.0	1.0	([187], [187, 0])
0	0.0	1.0	([192], [192, 0])
0	0.0	1.0	([193], [193, 0])
0	0.0	1.0	([194], [194, 0])
0	0.0	1.0	([195], [195, 0])
0	0.0	1.0	([196], [196, 0])
0	0.0	1.0	([197], [197, 0])
0	0.0	1.0	([198], [198, 0])
0	0.0	1.0	([199], [199, 0])
0	0.0	1.0	([200], [200, 0])
0	0.0	1.0	([201], [201, 0])
0	0.0	1.0	([202], [202, 0])
0	0.0	1.0	([203], [203, 0])
0	0.0	1.0	([204], [204, 0])
0	0.0	1.0	([205], [205, 0])
0	0.0	1.0	([206], [206, 0])
0	0.0	1.0	([207], [207, 0])
0	0.0	1.0	([208], [208, 0])
0	0.0	1.0	([209], [209, 0])
0	0.0	1.0	([210], [210, 0])
0	0.0	1.0	([211], [211, 0])
0	0.0	1.0	([212], [212, 0])
0	0.0	1.0	([213], [213, 0])
0	0.0	1.0	([214], [214, 0])
0	0.0	1.0	([215], [215, 0])
0	0.0	1.0	([216], [216, 0])
0	0.0	1.0	([217], [217, 0])
0	0.0	1.0	([218], [218, 0])
0	0.0	1.0	([219], [219, 0])
0	0.0	1.0	([220], [220, 0])
0	0.0	1.0	([221], [221, 0])
0	0.0	1.0	([222], [222, 0])
0	0.0	1.0	([223], [223, 0])
0	0.0	1.0	([224], [224, 0])
0	0.0	1.0	([225], [225, 0])
0	0.0	1.0	([226], [226, 0])
0	0.0	1.0	([227], [227, 0])
0	0.0	1.0	([228], [228, 0])
0	0.0	1.0	([229], [229, 0])
0	0.0	1.0	([230], [230, 0])
0	0.0	inf	([180], [])
