0	0.0	0.2737732500014018	([108], [108, 107])
0	0.0	0.27655734431821355	([592], [592, 590])
0	0.0	0.282308665109306	([409], [409, 408])
0	0.0	0.2846189193778677	([245], [245, 244])
0	0.0	0.2865501138198527	([94], [94, 93])
0	0.0	0.28678548490646877	([539], [539, 538])
0	0.0	0.2904848463319441	([377], [377, 376])
0	0.0	0.29060288539363055	([605], [605, 604])
0	0.0	0.29160561176539207	([532], [532, 531])
0	0.0	0.2955469677143983	([385], [385, 384])
0	0.0	0.2967829945367963	([542], [542, 541])
0	0.0	0.2973773912517071	([404], [404, 403])
0	0.0	0.2975955921783524	([465], [465, 464])
0	0.0	0.29778325675602857	([274], [274, 273])
0	0.0	0.2977986729733794	([52], [52, 51])
0	0.0	0.2982166569182624	([543], [543, 542])
0	0.0	0.3004965888643219	([456], [456, 455])
0	0.0	0.30226960453694984	([560], [560, 559])
0	0.0	0.30392729228140286	([518], [518, 517])
0	0.0	0.30395199069039236	([40], [40, 39])
0	0.0	0.30397472373445944	([566], [566, 565])
0	0.0	0.30498051116321706	([387], [387, 386])
0	0.0	0.30543976834058484	([426], [426, 425])
0	0.0	0.30547935011055877	([3], [3, 2])
0	0.0	0.30550238927171947	([534], [534, 533])
0	0.0	0.3066194106526217	([309], [309, 308])
0	0.0	0.306666629048608	([428], [428, 427])
0	0.0	0.3068871269884465	([453], [453, 452])
0	0.0	0.3084542247725379	([264], [264, 263])
0	0.0	0.3085778521073265	([462], [462, 461])
0	0.0	0.309384827690892	([123], [123, 122])
0	0.0	0.3096623786234372	([498], [498, 497])
0	0.0	0.31002164096757034	([179], [179, 178])
0	0.0	0.31016079812895864	([167], [167, 166])
0	0.0	0.31131439771296143	([38], [38, 37])
0	0.0	0.31150699431025486	([468], [468, 467])
0	0.0	0.3115997955046363	([155], [155, 154])
0	0.0	0.3117042374630945	([437], [437, 436])
0	0.0	0.3119287966561535	([45], [45, 44])
0	0.0	0.3120507406961998	([11], [11, 10])
0	0.0	0.3124002780199544	([101], [101, 100])
0	0.0	0.31243501238509774	([86], [86, 85])
0	0.0	0.313686693674775	([199], [199, 198])
0	0.0	0.3139468161860501	([396], [396, 395])
0	0.0	0.3149955130910123	([2], [2, 1])
0	0.0	0.3150388260177803	([250], [250, 249])
0	0.0	0.3151302358874799	([527], [527, 526])
0	0.0	0.3152955508746989	([554], [554, 553])
0	0.0	0.31611760692088464	([316], [316, 315])
0	0.0	0.31672723884055787	([590], [592, 591])
0	0.0	0.3168192281510104	([273], [273, 272])
0	0.0	0.3174059715147367	([530], [530, 529])
0	0.0	0.3179609923944737	([163], [163, 162])
0	0.0	0.31805565903904826	([311], [311, 310])
0	0.0	0.3181768207670038	([451], [451, 450])
0	0.0	0.31833689134912274	([373], [373, 372])
0	0.0	0.31877538887974877	([5], [5, 4])
0	0.0	0.3189017370074429	([470], [470, 469])
0	0.0	0.3189984202051925	([34], [34, 33])
0	0.0	0.31904926029119474	([495], [495, 494])
0	0.0	0.3195477451135335	([401], [401, 400])
0	0.0	0.3197918434683201	([176], [176, 175])
0	0.0	0.31983769964127196	([571], [571, 570])
0	0.0	0.32006010352975967	([513], [513, 512])
0	0.0	0.32045651093451083	([535], [535, 534])
0	0.0	0.32051144133995857	([125], [125, 124])
0	0.0	0.32129201469030627	([169], [169, 168])
0	0.0	0.32147993810909986	([439], [439, 438])
0	0.0	0.3214854955338412	([149], [149, 148])
0	0.0	0.321591971006796	([434], [434, 433])
0	0.0	0.3217239551890853	([14], [14, 13])
0	0.0	0.3219907891874761	([15], [15, 14])
0	0.0	0.3226476203958359	([346], [346, 345])
0	0.0	0.3226827672464249	([580], [580, 579])
0	0.0	0.3227060025909875	([322], [322, 321])
0	0.0	0.32273051637547656	([70], [70, 69])
0	0.0	0.3230775249885743	([482], [482, 481])
0	0.0	0.32346255409851526	([481], [481, 480])
0	0.0	0.3236337293739788	([552], [552, 551])
0	0.0	0.3241056917061374	([28], [28, 27])
0	0.0	0.32466425665482856	([525], [525, 524])
0	0.0	0.32470968090543567	([345], [345, 344])
0	0.0	0.32496405597089184	([143], [143, 142])
0	0.0	0.32516239249497975	([593], [593, 592])
0	0.0	0.3253909784086805	([563], [563, 562])
0	0.0	0.32558359313723745	([442], [442, 441])
0	0.0	0.3260414374381319	([141], [141, 140])
0	0.0	0.32608045274362113	([570], [570, 569])
0	0.0	0.32634452071163067	([315], [315, 314])
0	0.0	0.3263698006834555	([254], [254, 253])
0	0.0	0.32689037650740527	([105], [105, 104])
0	0.0	0.32729433683194187	([452], [452, 451])
0	0.0	0.3274623139509178	([252], [252, 251])
0	0.0	0.32772882731030356	([106], [106, 105])
0	0.0	0.3280825255174782	([383], [383, 382])
0	0.0	0.32832843600216177	([111], [111, 110])
0	0.0	0.32849861816073106	([30], [30, 29])
0	0.0	0.3286053198947515	([100], [100, 99])
0	0.0	0.3286212719731514	([165], [165, 164])
0	0.0	0.32867810070857856	([301], [301, 300])
0	0.0	0.3287334974531538	([16], [16, 15])
0	0.0	0.3288614727277162	([509], [509, 508])
0	0.0	0.32923693637912327	([588], [588, 587])
0	0.0	0.32971102346781606	([308], [308, 307])
0	0.0	0.3301105241467385	([561], [561, 560])
0	0.0	0.3301707204170659	([379], [379, 378])
0	0.0	0.33047023756616417	([343], [343, 342])
0	0.0	0.3305540774480639	([82], [82, 81])
0	0.0	0.3311605486332258	([65], [65, 64])
0	0.0	0.3313285072309426	([507], [507, 506])
0	0.0	0.3313357085330765	([19], [19, 18])
0	0.0	0.3315524784569642	([522], [522, 521])
0	0.0	0.33184630580565844	([1], [1, 0])
0	0.0	0.3318931480571904	([516], [516, 515])
0	0.0	0.331978908695127	([603], [603, 602])
0	0.0	0.3320808505406038	([287], [287, 286])
0	0.0	0.3325778727961434	([587], [587, 586])
0	0.0	0.3327401401926912	([369], [369, 367])
0	0.0	0.33302602141995935	([459], [459, 458])
0	0.0	0.3331174228672875	([317], [317, 316])
0	0.0	0.33312910720179556	([142], [142, 141])
0	0.0	0.3332755279085918	([83], [83, 81])
0	0.0	0.3335096084690496	([127], [127, 126])
0	0.0	0.33362655202480795	([60], [60, 59])
0	0.0	0.33376517561168323	([572], [572, 571])
0	0.0	0.33401417923395976	([449], [449, 448])
0	0.0	0.33422980772678235	([201], [201, 200])
0	0.0	0.3346254200393361	([57], [57, 56])
0	0.0	0.33471048996948644	([120], [120, 119])
0	0.0	0.3347369804604932	([27], [27, 26])
0	0.0	0.3349969062697855	([497], [498, 495])
0	0.0	0.33550193252314087	([391], [391, 390])
0	0.0	0.33560613807168865	([489], [489, 488])
0	0.0	0.33569094005512234	([113], [113, 112])
0	0.0	0.33583593814351853	([31], [31, 30])
0	0.0	0.3360744160727784	([399], [399, 398])
0	0.0	0.3366323572101863	([565], [565, 564])
0	0.0	0.3370987518051737	([578], [578, 577])
0	0.0	0.33713577167034614	([136], [136, 135])
0	0.0	0.337155042583022	([296], [296, 295])
0	0.0	0.3372777983140944	([356], [356, 355])
0	0.0	0.3375308414491685	([267], [267, 266])
0	0.0	0.33796357885746225	([23], [23, 22])
0	0.0	0.33809740121512727	([424], [424, 423])
0	0.0	0.3382189766363251	([191], [191, 190])
0	0.0	0.33836774765700517	([354], [354, 353])
0	0.0	0.3383766245157968	([290], [290, 289])
0	0.0	0.3384973003771561	([130], [130, 129])
0	0.0	0.3387770672217647	([128], [128, 127])
0	0.0	0.3390149554970318	([56], [56, 55])
0	0.0	0.339080479618493	([18], [18, 17])
0	0.0	0.3396173455666205	([472], [472, 471])
0	0.0	0.33986763025217587	([517], [518, 516])
0	0.0	0.3398774185200193	([148], [148, 147])
0	0.0	0.34008125761181673	([55], [55, 54])
0	0.0	0.3402976252621533	([417], [417, 416])
0	0.0	0.3403839986061959	([602], [602, 601])
0	0.0	0.3405301063979106	([389], [389, 388])
0	0.0	0.34058709732822107	([367], [369, 368])
0	0.0	0.34094750315206096	([188], [188, 187])
0	0.0	0.3414536407225811	([406], [406, 405])
0	0.0	0.34189833585909646	([528], [528, 527])
0	0.0	0.34212062340064436	([10], [10, 9])
0	0.0	0.3424196498800542	([33], [33, 32])
0	0.0	0.3425753645914629	([486], [486, 485])
0	0.0	0.3426901769403247	([74], [74, 73])
0	0.0	0.3429050887943221	([414], [414, 413])
0	0.0	0.3432523484440276	([344], [344, 343])
0	0.0	0.34326262592411505	([119], [119, 118])
0	0.0	0.34329964497832693	([198], [198, 197])
0	0.0	0.3435020476996025	([362], [362, 361])
0	0.0	0.34351802023881867	([429], [429, 428])
0	0.0	0.3437442878150614	([473], [473, 472])
0	0.0	0.34388026309496306	([524], [524, 523])
0	0.0	0.34411713494638346	([476], [476, 475])
0	0.0	0.34454601035434634	([288], [288, 287])
0	0.0	0.3445502209145623	([174], [174, 173])
0	0.0	0.3446504888418693	([582], [582, 581])
0	0.0	0.34471790675671005	([562], [562, 561])
0	0.0	0.34509021963632974	([359], [359, 358])
0	0.0	0.3452146401951284	([292], [292, 291])
0	0.0	0.34526943744044436	([423], [423, 422])
0	0.0	0.34531710232045953	([43], [43, 42])
0	0.0	0.345318905717914	([302], [302, 301])
0	0.0	0.34545444233679967	([363], [363, 362])
0	0.0	0.3454670695560949	([419], [419, 418])
0	0.0	0.3454784539480911	([469], [469, 468])
0	0.0	0.3454914460156931	([24], [24, 23])
0	0.0	0.3456700516440894	([338], [338, 337])
0	0.0	0.3461280949915718	([133], [133, 132])
0	0.0	0.34630625625106165	([584], [584, 583])
0	0.0	0.34632406786224684	([47], [47, 46])
0	0.0	0.34650370386025586	([483], [483, 481])
0	0.0	0.3466610299655185	([491], [491, 490])
0	0.0	0.34719910335275755	([293], [293, 292])
0	0.0	0.3476027352293845	([96], [96, 95])
0	0.0	0.3476919282412759	([26], [26, 25])
0	0.0	0.34779100824305953	([500], [500, 499])
0	0.0	0.34783568261133163	([435], [435, 434])
0	0.0	0.34812481454413147	([505], [505, 504])
0	0.0	0.3481925417952822	([187], [187, 186])
0	0.0	0.3483328593561846	([80], [80, 79])
0	0.0	0.3485349200787764	([20], [20, 19])
0	0.0	0.34855928304537537	([95], [95, 94])
0	0.0	0.34890977417771507	([478], [478, 477])
0	0.0	0.34933462085353933	([335], [335, 334])
0	0.0	0.3493543138350973	([208], [208, 207])
0	0.0	0.34961034623456855	([350], [350, 349])
0	0.0	0.3497244620689159	([115], [115, 114])
0	0.0	0.34985484195651534	([402], [402, 400])
0	0.0	0.34987653202491037	([496], [496, 495])
0	0.0	0.3498863893506041	([54], [54, 53])
0	0.0	0.35010580778408	([209], [209, 208])
0	0.0	0.35021221477289355	([576], [576, 574])
0	0.0	0.3503236212740784	([168], [168, 166])
0	0.0	0.3504663944173437	([181], [181, 180])
0	0.0	0.35049930946854996	([604], [604, 603])
0	0.0	0.3505201396798118	([256], [256, 255])
0	0.0	0.35081638420428585	([433], [433, 432])
0	0.0	0.35087582301733644	([157], [157, 156])
0	0.0	0.35088225538141526	([307], [307, 306])
0	0.0	0.35103717815617097	([321], [321, 320])
0	0.0	0.3511094401583126	([547], [547, 546])
0	0.0	0.35143417685511896	([508], [508, 507])
0	0.0	0.35156532637842136	([405], [405, 404])
0	0.0	0.3516052435333096	([448], [448, 447])
0	0.0	0.35166018958508055	([529], [529, 528])
0	0.0	0.3517699012259318	([447], [447, 446])
0	0.0	0.35179309573917333	([353], [353, 352])
0	0.0	0.3519546987923872	([147], [147, 146])
0	0.0	0.3520292764395791	([553], [553, 552])
0	0.0	0.3520480981196222	([137], [137, 136])
0	0.0	0.35318588565439407	([318], [318, 317])
0	0.0	0.3532858415478917	([283], [283, 282])
0	0.0	0.3533145228030819	([79], [79, 78])
0	0.0	0.35334220474323197	([61], [61, 60])
0	0.0	0.3535761063199294	([475], [475, 474])
0	0.0	0.35365051033982153	([180], [181, 179])
0	0.0	0.3540183500393435	([305], [305, 304])
0	0.0	0.35467555196670664	([294], [294, 293])
0	0.0	0.35478899336801945	([550], [550, 549])
0	0.0	0.3549077941046116	([216], [216, 215])
0	0.0	0.35512813276905186	([501], [501, 499])
0	0.0	0.3554268926020595	([574], [576, 575])
0	0.0	0.3554695723311453	([332], [332, 331])
0	0.0	0.355779582704933	([162], [162, 161])
0	0.0	0.3562691482331861	([443], [443, 442])
0	0.0	0.35655007076297457	([131], [131, 130])
0	0.0	0.35665021290407634	([445], [445, 444])
0	0.0	0.3569775859901549	([536], [536, 535])
0	0.0	0.3570502089640191	([36], [36, 35])
0	0.0	0.3571016913089489	([87], [87, 86])
0	0.0	0.35723311482475906	([394], [394, 393])
0	0.0	0.35770714515700375	([381], [381, 380])
0	0.0	0.3578150363957683	([50], [50, 49])
0	0.0	0.35819877005856615	([454], [454, 453])
0	0.0	0.35832444957757115	([466], [466, 465])
0	0.0	0.3583301161505033	([51], [51, 50])
0	0.0	0.3587188579995926	([460], [460, 459])
0	0.0	0.3588005665169648	([110], [110, 109])
0	0.0	0.3590208014691649	([370], [370, 369])
0	0.0	0.35911140003942144	([185], [185, 184])
0	0.0	0.35916472933999133	([392], [392, 388])
0	0.0	0.3593029340037266	([21], [21, 17])
0	0.0	0.3595166716465051	([12], [12, 11])
0	0.0	0.35974867364569546	([334], [334, 333])
0	0.0	0.35990871935309415	([480], [480, 479])
0	0.0	0.3599987813439195	([152], [152, 151])
0	0.0	0.3601865395874639	([585], [585, 584])
0	0.0	0.3603436334118362	([490], [490, 489])
0	0.0	0.3604127903422108	([425], [425, 424])
0	0.0	0.3604605404216719	([551], [551, 550])
0	0.0	0.3605055161659329	([255], [255, 254])
0	0.0	0.36058290085031686	([146], [146, 144])
0	0.0	0.36092583370696874	([407], [407, 406])
0	0.0	0.36102785908577595	([223], [223, 222])
0	0.0	0.3611277949865927	([441], [441, 440])
0	0.0	0.361131080810008	([410], [410, 409])
0	0.0	0.3612801505428585	([91], [91, 90])
0	0.0	0.36161234876056975	([303], [303, 302])
0	0.0	0.3617765070986238	([150], [150, 149])
0	0.0	0.3618698299447813	([35], [35, 34])
0	0.0	0.3621037342055128	([13], [13, 12])
0	0.0	0.36211859807531815	([261], [261, 260])
0	0.0	0.3625643771499812	([358], [358, 357])
0	0.0	0.3627196311924904	([557], [557, 556])
0	0.0	0.36279293866622264	([412], [412, 411])
0	0.0	0.36291023928110916	([461], [461, 460])
0	0.0	0.3629972422684052	([342], [342, 341])
0	0.0	0.3630951079089061	([360], [360, 359])
0	0.0	0.3630978273763448	([537], [537, 536])
0	0.0	0.3631221162086767	([351], [351, 350])
0	0.0	0.3633164637249427	([573], [573, 572])
0	0.0	0.3637454072250669	([103], [103, 102])
0	0.0	0.36376843673190457	([493], [493, 492])
0	0.0	0.36385597394738967	([37], [37, 36])
0	0.0	0.36391962302981934	([487], [487, 486])
0	0.0	0.3639776358560215	([403], [403, 402])
0	0.0	0.3644397933075231	([8], [8, 7])
0	0.0	0.36462928915359943	([42], [42, 41])
0	0.0	0.3646366429433538	([88], [88, 87])
0	0.0	0.3647457055255277	([548], [548, 547])
0	0.0	0.3649833884685094	([408], [408, 407])
0	0.0	0.36519191588333577	([154], [154, 153])
0	0.0	0.365807966495949	([298], [298, 297])
0	0.0	0.36590112792270935	([331], [331, 330])
0	0.0	0.36597768795520697	([556], [556, 555])
0	0.0	0.3659993552244575	([390], [390, 389])
0	0.0	0.366043820697411	([270], [270, 269])
0	0.0	0.3660785903157301	([102], [102, 101])
0	0.0	0.3660901181654247	([512], [512, 511])
0	0.0	0.3662818501175433	([366], [366, 365])
0	0.0	0.36656232821399537	([124], [125, 123])
0	0.0	0.3666366485098352	([431], [431, 430])
0	0.0	0.3667289836526629	([541], [541, 540])
0	0.0	0.3669155421402492	([485], [485, 484])
0	0.0	0.3670659200428157	([204], [204, 203])
0	0.0	0.36735086877081563	([116], [116, 115])
0	0.0	0.36752364013018357	([413], [413, 412])
0	0.0	0.36798227301484626	([306], [306, 305])
0	0.0	0.3681856414572537	([300], [300, 299])
0	0.0	0.3688551986420994	([173], [173, 172])
0	0.0	0.36889641154331415	([205], [205, 204])
0	0.0	0.369433540677591	([67], [67, 66])
0	0.0	0.3698068357990025	([63], [63, 62])
0	0.0	0.3699666086195627	([153], [153, 152])
0	0.0	0.37003012299885146	([160], [160, 159])
0	0.0	0.3704376112565245	([53], [53, 52])
0	0.0	0.3706198556183782	([92], [92, 91])
0	0.0	0.3707867674079796	([361], [361, 360])
0	0.0	0.3708970197373873	([352], [352, 351])
0	0.0	0.37109470902419356	([58], [58, 57])
0	0.0	0.3713659172870514	([285], [285, 284])
0	0.0	0.37169235241991155	([601], [601, 600])
0	0.0	0.37175705779573415	([161], [161, 160])
0	0.0	0.37215448257629513	([99], [99, 98])
0	0.0	0.37217690982563734	([432], [432, 431])
0	0.0	0.3725010068978089	([357], [357, 356])
0	0.0	0.37272138485822526	([190], [190, 189])
0	0.0	0.3730972532445279	([594], [594, 593])
1	0.362314268743218	0.3736669035723743	([21, 20], [21, 20, 18])
0	0.0	0.3738648068353195	([569], [569, 568])
0	0.0	0.37387178361077944	([258], [258, 257])
0	0.0	0.3739475411045115	([76], [76, 75])
0	0.0	0.37411054212304323	([195], [195, 194])
0	0.0	0.3743223289279714	([265], [265, 264])
0	0.0	0.37513561072886364	([210], [210, 209])
0	0.0	0.37540446730244814	([558], [558, 557])
0	0.0	0.3757680211609461	([312], [312, 311])
0	0.0	0.3759790034992322	([184], [184, 183])
0	0.0	0.37613240328917075	([349], [349, 347])
0	0.0	0.3761577904673214	([415], [415, 414])
0	0.0	0.3762093830012742	([66], [66, 65])
0	0.0	0.3767719414514806	([22], [22, 21])
0	0.0	0.377343220040032	([109], [109, 108])
0	0.0	0.37735152717874604	([484], [484, 483])
0	0.0	0.37747057955443564	([277], [277, 276])
0	0.0	0.37753360026216637	([132], [132, 131])
0	0.0	0.3777139546915643	([499], [499, 498])
0	0.0	0.3781926077130808	([398], [399, 397])
0	0.0	0.37822791365586533	([175], [175, 174])
0	0.0	0.37839713584436624	([546], [546, 545])
1	0.3739039552179254	0.3784391298985007	([554, 551], [554, 553, 551])
0	0.0	0.3788349927485953	([333], [333, 332])
0	0.0	0.3788507895979545	([77], [77, 76])
0	0.0	0.37888587403587837	([114], [114, 113])
0	0.0	0.3790303955770367	([129], [129, 128])
0	0.0	0.3793094573371591	([122], [122, 121])
0	0.0	0.37931925806641753	([186], [186, 185])
0	0.0	0.37956703272212877	([386], [386, 385])
0	0.0	0.37989626916625857	([511], [511, 510])
0	0.0	0.3799905475523781	([280], [280, 279])
0	0.0	0.3801790121053256	([68], [68, 67])
0	0.0	0.3808504551279051	([559], [559, 558])
0	0.0	0.38101124660652647	([457], [457, 456])
0	0.0	0.38157957057030506	([591], [590, 589])
0	0.0	0.3815896428267887	([178], [178, 177])
0	0.0	0.38188270094495846	([85], [86, 84])
0	0.0	0.3824112737693035	([46], [46, 45])
0	0.0	0.38255299780683627	([597], [597, 596])
0	0.0	0.38257050614107313	([215], [215, 214])
0	0.0	0.3831327481978366	([382], [382, 381])
0	0.0	0.38402557849016017	([324], [324, 323])
0	0.0	0.3840534675529429	([90], [90, 88])
0	0.0	0.38416122091208266	([93], [94, 92])
0	0.0	0.3841717104918866	([282], [282, 281])
0	0.0	0.38419539550609194	([567], [567, 566])
0	0.0	0.38429668007311424	([246], [246, 245])
0	0.0	0.3844560780838912	([32], [32, 31])
0	0.0	0.38452928483164134	([418], [418, 417])
0	0.0	0.38464882730965916	([328], [328, 327])
0	0.0	0.38497662890128953	([444], [444, 443])
0	0.0	0.38538869768192224	([336], [336, 335])
0	0.0	0.3854317733637724	([81], [81, 80])
0	0.0	0.38584155525839653	([568], [568, 567])
0	0.0	0.3858855733362848	([479], [479, 478])
0	0.0	0.38611745515011914	([139], [139, 138])
0	0.0	0.3862610052772849	([420], [420, 419])
0	0.0	0.3865034588435661	([595], [595, 594])
0	0.0	0.38692370849741653	([151], [151, 150])
0	0.0	0.3870284263011816	([368], [367, 366])
0	0.0	0.38757954700133096	([134], [134, 133])
0	0.0	0.38759906162433977	([319], [319, 318])
0	0.0	0.3876520775953477	([323], [323, 322])
0	0.0	0.38776383541622156	([395], [396, 394])
0	0.0	0.3878940531862254	([492], [492, 491])
0	0.0	0.3887712149926829	([596], [597, 595])
0	0.0	0.3888577376891776	([238], [238, 234])
0	0.0	0.3889437056337971	([416], [416, 415])
0	0.0	0.3889679775596333	([138], [138, 137])
0	0.0	0.38954048871518276	([259], [259, 258])
0	0.0	0.3896092932688416	([488], [488, 487])
0	0.0	0.3896461997568665	([455], [455, 454])
0	0.0	0.390129350972442	([200], [200, 199])
0	0.0	0.3904545478767766	([514], [514, 513])
0	0.0	0.3908096233698239	([286], [286, 285])
0	0.0	0.39092536459917104	([118], [118, 117])
0	0.0	0.39109616007423964	([372], [372, 371])
0	0.0	0.39112570339839464	([6], [6, 5])
0	0.0	0.39133800106273	([98], [98, 97])
0	0.0	0.3914072984366199	([7], [7, 6])
0	0.0	0.39145459094145685	([438], [438, 437])
0	0.0	0.391578288687234	([266], [266, 265])
0	0.0	0.39168997760578445	([269], [269, 266])
0	0.0	0.39222578223109644	([156], [156, 155])
0	0.0	0.3922267502632361	([371], [371, 370])
0	0.0	0.3924836587044262	([25], [25, 24])
0	0.0	0.3925837236422547	([177], [177, 176])
0	0.0	0.3926930856143748	([586], [587, 584])
0	0.0	0.39293495718256244	([62], [62, 61])
0	0.0	0.3931047079976025	([73], [74, 72])
0	0.0	0.39353572967429573	([421], [421, 420])
0	0.0	0.3936381168094144	([477], [477, 476])
0	0.0	0.3937735750245338	([378], [378, 377])
0	0.0	0.3939726922478933	([464], [464, 463])
0	0.0	0.39399210372660587	([365], [365, 363])
0	0.0	0.39422272875288894	([330], [332, 329])
0	0.0	0.39435443511639734	([104], [104, 103])
0	0.0	0.3943883009356691	([523], [523, 521])
0	0.0	0.3946955398808254	([44], [44, 43])
0	0.0	0.39529557444313485	([384], [384, 383])
0	0.0	0.39546165633408953	([589], [589, 588])
0	0.0	0.39552244160808836	([327], [327, 326])
0	0.0	0.3958421054503474	([84], [84, 83])
0	0.0	0.3966114594290736	([506], [506, 505])
0	0.0	0.39685285739255943	([135], [136, 134])
0	0.0	0.3970188095301339	([268], [268, 267])
0	0.0	0.39738916349337383	([583], [583, 582])
0	0.0	0.3974553923292511	([284], [285, 283])
0	0.0	0.3975692259821933	([295], [295, 294])
0	0.0	0.39757755572566644	([78], [90, 89])
0	0.0	0.39821380546775226	([526], [526, 525])
0	0.0	0.3983666266918306	([71], [71, 70])
0	0.0	0.3984469643637888	([41], [41, 40])
0	0.0	0.3988966929438604	([471], [471, 468])
0	0.0	0.39928049582913727	([600], [600, 596])
0	0.0	0.3996251759185341	([112], [113, 110])
0	0.0	0.39963618235308107	([72], [72, 71])
0	0.0	0.3996419118308687	([49], [49, 47])
0	0.0	0.39990989323718074	([217], [217, 216])
0	0.0	0.4006218733281662	([380], [380, 379])
0	0.0	0.40096886312692726	([577], [577, 576])
0	0.0	0.40137142793071245	([207], [207, 205])
0	0.0	0.4016516799187694	([515], [515, 514])
0	0.0	0.4020020612292401	([182], [182, 181])
0	0.0	0.4020778887883308	([474], [474, 473])
0	0.0	0.40209853746319685	([166], [166, 165])
0	0.0	0.402111034379385	([291], [291, 289])
0	0.0	0.4022124602717531	([194], [194, 192])
0	0.0	0.402227270084052	([260], [260, 257])
0	0.0	0.40231878373331986	([4], [4, 3])
0	0.0	0.4030389488832119	([446], [446, 445])
0	0.0	0.4032280585068661	([581], [581, 580])
0	0.0	0.40325402206736555	([310], [310, 309])
0	0.0	0.4032625904125512	([253], [253, 252])
0	0.0	0.4034207324314155	([59], [59, 58])
0	0.0	0.40374990979930864	([297], [297, 295])
0	0.0	0.4037823064863244	([598], [598, 597])
0	0.0	0.4042528867358081	([599], [599, 597])
0	0.0	0.40438905255301605	([69], [69, 68])
0	0.0	0.4044520856842873	([564], [564, 563])
0	0.0	0.4046478838758338	([545], [545, 544])
0	0.0	0.4049344197492311	([430], [430, 429])
0	0.0	0.40574036927856905	([510], [511, 509])
0	0.0	0.40640376148390994	([299], [299, 298])
0	0.0	0.4072691175321884	([375], [375, 374])
0	0.0	0.40784700584788514	([494], [494, 492])
0	0.0	0.4080479331607795	([144], [144, 143])
0	0.0	0.40840799478434486	([107], [108, 106])
0	0.0	0.40873372068385777	([242], [242, 241])
0	0.0	0.40891335334253825	([326], [326, 325])
0	0.0	0.4095687123930181	([538], [539, 537])
0	0.0	0.409615388768205	([450], [450, 449])
0	0.0	0.4101679324753999	([533], [533, 531])
0	0.0	0.4109252445904509	([262], [262, 261])
0	0.0	0.41097746162105525	([48], [48, 46])
0	0.0	0.4119476510898085	([145], [145, 144])
0	0.0	0.41241611619528257	([519], [519, 518])
0	0.0	0.41262426831691523	([192], [192, 191])
0	0.0	0.4129792798449719	([228], [228, 223])
0	0.0	0.41342650188546143	([189], [194, 193])
0	0.0	0.41401900526669605	([458], [458, 457])
0	0.0	0.41415648796423876	([89], [78, 77])
0	0.0	0.41421911285326374	([64], [64, 63])
0	0.0	0.41446776512937655	([281], [281, 280])
0	0.0	0.41481255381178916	([521], [523, 520])
0	0.0	0.41486329603258426	([243], [243, 242])
0	0.0	0.41604708600269646	([355], [365, 364])
0	0.0	0.4167680798900218	([313], [313, 312])
0	0.0	0.4168913715175922	([364], [355, 354])
0	0.0	0.4169725368445666	([467], [467, 466])
0	0.0	0.4173529941006016	([397], [397, 396])
0	0.0	0.41744116175857365	([579], [579, 578])
0	0.0	0.4196035885022914	([575], [574, 573])
0	0.0	0.41960783486182446	([158], [158, 157])
0	0.0	0.4196778762281957	([170], [170, 169])
0	0.0	0.4197270423450786	([97], [97, 96])
0	0.0	0.4204071697794196	([531], [531, 530])
0	0.0	0.42052550128647387	([121], [121, 120])
0	0.0	0.4214747133550279	([236], [236, 234])
0	0.0	0.42185402889370605	([376], [376, 373])
0	0.0	0.4220369009036468	([247], [247, 246])
0	0.0	0.4221762688133098	([237], [237, 234])
0	0.0	0.4224973392993405	([117], [117, 116])
0	0.0	0.4229090222317026	([263], [263, 262])
0	0.0	0.4239192677070633	([463], [463, 462])
0	0.0	0.4241163053068073	([257], [257, 256])
1	0.41583362627291265	0.4243657479560962	([112, 111], [113, 112, 110])
0	0.0	0.4244037211102894	([427], [427, 425])
0	0.0	0.4244098995469902	([304], [304, 303])
0	0.0	0.4244987318435155	([221], [221, 220])
0	0.0	0.42467125883258366	([341], [341, 340])
0	0.0	0.42488941898507643	([436], [436, 435])
0	0.0	0.42527927460400183	([329], [329, 328])
0	0.0	0.4262885507540849	([140], [140, 139])
0	0.0	0.4263949691205366	([348], [348, 347])
0	0.0	0.4268332720948799	([240], [240, 231])
0	0.0	0.4277008068499039	([411], [411, 410])
0	0.0	0.4278522710838043	([544], [544, 543])
0	0.0	0.42825706731313723	([549], [549, 548])
0	0.0	0.4286288065400175	([244], [245, 243])
0	0.0	0.4308178105852467	([213], [213, 212])
0	0.0	0.431021479788379	([320], [320, 319])
0	0.0	0.431757458786774	([126], [126, 125])
1	0.406665975510856	0.4320289125770167	([600, 599], [600, 599, 596])
0	0.0	0.43303279979617765	([520], [520, 519])
0	0.0	0.4330550209884554	([400], [400, 399])
0	0.0	0.4341741936883273	([164], [164, 163])
0	0.0	0.43426139541607567	([196], [196, 195])
0	0.0	0.43513257508548087	([231], [231, 225])
0	0.0	0.4357611344036305	([271], [271, 270])
0	0.0	0.4364540089419889	([555], [555, 554])
0	0.0	0.43664774974609283	([222], [222, 221])
0	0.0	0.4381223526729276	([347], [376, 374])
0	0.0	0.438280668887443	([337], [337, 336])
0	0.0	0.4394327268927058	([503], [503, 502])
0	0.0	0.4395407944323722	([234], [237, 231])
0	0.0	0.43977378279400886	([214], [214, 213])
1	0.43212051116154454	0.44010656085850847	([16, 9], [16, 13, 12])
0	0.0	0.4402414360055532	([340], [340, 339])
0	0.0	0.44051189531962004	([203], [207, 206])
0	0.0	0.4412561539919082	([289], [289, 288])
0	0.0	0.4416059989833863	([314], [314, 313])
0	0.0	0.4419142100165421	([159], [159, 157])
0	0.0	0.44221468360056126	([172], [172, 171])
0	0.0	0.44283176203557856	([171], [171, 170])
0	0.0	0.44529591638617705	([220], [220, 219])
0	0.0	0.44591693516957465	([197], [197, 196])
0	0.0	0.445994516720462	([279], [279, 277])
0	0.0	0.44608196229564456	([226], [226, 225])
0	0.0	0.44641771717278755	([17], [17, 16])
0	0.0	0.44652188949808447	([502], [502, 501])
0	0.0	0.44706208669945086	([225], [231, 224])
0	0.0	0.4482610062194293	([219], [219, 218])
0	0.0	0.4485421682608495	([325], [325, 324])
0	0.0	0.44901636712124493	([393], [393, 392])
0	0.0	0.44964284956949513	([230], [230, 229])
0	0.0	0.45040116060347396	([422], [422, 421])
0	0.0	0.45055466103557035	([374], [347, 346])
0	0.0	0.45096853968726824	([278], [278, 277])
0	0.0	0.453077703641927	([248], [248, 231])
0	0.0	0.45327061594611623	([202], [202, 201])
0	0.0	0.45353371677312215	([440], [440, 230])
0	0.0	0.4540002730901648	([249], [250, 248])
0	0.0	0.454229231794732	([504], [505, 503])
0	0.0	0.45423001197816093	([251], [251, 223])
0	0.0	0.4547412125920192	([229], [441, 439])
0	0.0	0.45507985423222846	([206], [203, 201])
0	0.0	0.4555442474595339	([218], [271, 232])
0	0.0	0.45556307997744083	([29], [29, 28])
0	0.0	0.45569186107527915	([183], [183, 182])
0	0.0	0.4559158254458312	([276], [290, 232])
0	0.0	0.45628873411485804	([224], [248, 230])
0	0.0	0.45672443449715694	([9], [9, 8])
0	0.0	0.4568758125565991	([75], [75, 74])
0	0.0	0.4571494569226735	([232], [232, 211])
0	0.0	0.4574196445494386	([211], [232, 225])
0	0.0	0.45828991810129377	([388], [226, 202])
0	0.0	0.45954743931891867	([339], [375, 233])
0	0.0	0.4597399306136494	([233], [340, 337])
0	0.0	0.4611525994573014	([235], [235, 233])
0	0.0	0.4643917030746576	([272], [272, 271])
0	0.0	0.46527561518726307	([193], [218, 217])
0	0.0	0.46548424390800913	([212], [231, 158])
1	0.46046943697166515	0.4664280565438261	([440, 438], [441, 440, 438])
0	0.0	0.46910389949358516	([241], [247, 232])
0	0.0	0.47884728312285585	([540], [540, 539])
0	0.0	0.4797423765650569	([39], [40, 38])
0	0.0	0.4840080466787289	([239], [239, 223])
1	0.48541513875279624	0.49477622234157026	([341, 338], [341, 340, 339])
1	0.4996006711776586	0.5058735094629673	([248, 247], [249, 248, 247])
1	0.5033313981383029	0.5125266238862108	([240, 239], [243, 241, 239])
1	0.5112991031755859	0.5136346586944753	([239, 235], [243, 239, 229])
1	0.4927591430932635	0.5175425240740928	([104, 98], [104, 103, 98])
1	0.5211003047684227	0.5283377322423883	([235, 225], [235, 229, 228])
0	0.0	0.5292143802603949	([275], [275, 235])
1	0.5241835078693942	0.5312489621048466	([218, 213], [218, 216, 214])
1	0.4903581867911893	0.5409511572998821	([239, 217], [239, 223, 217])
1	0.49614575351627954	0.5410934240822174	([239, 238], [239, 238, 237])
1	0.5011150083723332	0.5421839705028345	([222, 219], [222, 221, 220])
1	0.5333652502064394	0.5470495566678256	([276, 274], [278, 276, 273])
1	0.5353948196239309	0.5481458685830638	([223, 214], [223, 217, 214])
1	0.5425466148569384	0.551839472328666	([394, 390], [394, 393, 390])
1	0.5314950809107316	0.5530285539648913	([58, 50], [58, 54, 52])
1	0.5025149438322495	0.5537384205519523	([243, 229], [248, 247, 243])
1	0.5527623025172592	0.5546732898761759	([245, 218], [245, 244, 217])
1	0.5302377448617289	0.5600020121942184	([283, 279], [283, 282, 281])
1	0.46790079739884044	0.561259710996581	([220, 217], [220, 219, 218])
1	0.5683628199092171	0.570093369763362	([572, 562], [572, 568, 564])
1	0.5428188193368055	0.5702776345016187	([244, 217], [250, 246, 245])
1	0.479484859399958	0.5724096161660126	([236, 232], [238, 236, 234])
1	0.5608675834215496	0.5731813197920462	([217, 204], [218, 217, 210])
1	0.5497295562126528	0.5745467745031337	([217, 183], [217, 183, 182])
1	0.5229674643288086	0.5749022171906474	([248, 217], [244, 243, 241])
1	0.5374966994055284	0.5759107683113599	([218, 210], [217, 212, 210])
1	0.5672737826182686	0.5779323475207592	([297, 283], [296, 293, 283])
1	0.47048251245909506	0.5783387618959753	([236, 230], [238, 237, 230])
1	0.5369058560323045	0.5827562177996805	([224, 219], [224, 223, 222])
1	0.4930788830858722	0.584449789775435	([243, 239], [238, 237, 235])
1	0.5237684039115386	0.5849494270460268	([229, 218], [239, 229, 217])
1	0.4854569884547507	0.586818242893615	([249, 246], [240, 239, 237])
1	0.5372674420129828	0.5872231138667545	([236, 223], [239, 236, 235])
1	0.5873385784630014	0.5885605863565635	([39, 28], [39, 33, 31])
1	0.5537145701550108	0.5925226809542181	([219, 192], [219, 202, 199])
1	0.4993722266207091	0.5928336836144935	([268, 232], [271, 268, 264])
1	0.547042700401194	0.5941323574720292	([241, 219], [246, 244, 219])
1	0.546093343420507	0.5975850496586372	([219, 202], [219, 190, 186])
1	0.5346668091706182	0.5979062695109919	([219, 183], [219, 183, 182])
1	0.4759398719510043	0.59801613958134	([235, 229], [243, 240, 230])
1	0.5649001624139562	0.6016810975760641	([217, 172], [217, 172, 167])
1	0.5053616066859639	0.6017286043010202	([250, 219], [246, 245, 218])
1	0.5303595053270824	0.603206663260505	([225, 219], [225, 223, 222])
1	0.5764479323892385	0.6032225121138959	([217, 78], [217, 78, 72])
1	0.6072022987473649	0.6100088727645926	([332, 217], [332, 328, 327])
1	0.6041122574390764	0.6111045715117401	([318, 303], [318, 317, 303])
1	0.6042240201768653	0.6139716003238098	([223, 203], [223, 217, 204])
1	0.6140972880484112	0.614689249362897	([381, 217], [381, 378, 375])
1	0.5557588546329811	0.6149608574283908	([263, 219], [258, 257, 219])
1	0.5590133251338256	0.6149608574283908	([326, 257], [326, 257, 219])
1	0.5476573276219495	0.6176963295502721	([272, 219], [272, 264, 219])
1	0.5651972871222584	0.6196183055197001	([260, 217], [260, 256, 223])
1	0.5563589462865279	0.6207872762271859	([219, 170], [219, 175, 172])
1	0.6147996320171017	0.6222421725649457	([140, 131], [140, 136, 131])
1	0.5577809250152692	0.6227883944848692	([217, 167], [219, 218, 172])
1	0.53294858700275	0.6258809138520208	([248, 235], [246, 240, 239])
1	0.6253546238524197	0.6264342149159863	([229, 207], [229, 217, 205])
1	0.5701020700472378	0.6266237588250053	([217, 195], [217, 204, 197])
1	0.6262534183955086	0.6269063669225156	([230, 221], [230, 225, 222])
1	0.6200353650997567	0.6272342515423864	([98, 89], [98, 96, 89])
1	0.6197787554616505	0.6277984034434284	([213, 185], [219, 213, 186])
1	0.5100804785189343	0.6278753091403745	([228, 225], [231, 225, 224])
1	0.4617004479130573	0.6278753091403745	([232, 224], [232, 225, 224])
1	0.6184767060012349	0.6282733536573171	([278, 253], [278, 262, 253])
1	0.630285626918338	0.6324387515054165	([300, 278], [300, 296, 295])
1	0.6131254834833372	0.6327794274505871	([256, 218], [278, 271, 270])
1	0.5708507571357306	0.6335372514829934	([243, 214], [243, 239, 216])
1	0.6007925712589883	0.6337430279087596	([588, 219], [588, 587, 219])
1	0.6333912231414747	0.6342127739104908	([137, 120], [137, 133, 132])
1	0.6313982686209423	0.6357411407624216	([573, 219], [579, 577, 219])
1	0.6349594984519807	0.6357981785350953	([289, 278], [289, 284, 278])
1	0.6319796177564357	0.636193426126705	([335, 218], [335, 328, 219])
1	0.5818587031642386	0.636193426126705	([339, 219], [338, 335, 219])
1	0.6355464742058342	0.6367332736414257	([435, 229], [440, 435, 229])
1	0.6291650003560565	0.6367492605211571	([157, 149], [157, 155, 149])
1	0.4892080568035691	0.6382898663657326	([237, 223], [257, 250, 219])
1	0.5700385271084843	0.6384706147681507	([322, 219], [328, 325, 321])
1	0.5142338455887253	0.6396111923659643	([278, 273], [278, 273, 219])
1	0.577948821510961	0.639939367219884	([218, 75], [218, 217, 78])
1	0.623441633018313	0.6403617019084221	([298, 219], [306, 303, 302])
1	0.6229017060225213	0.6407025846502029	([312, 219], [295, 293, 219])
1	0.6386616184418009	0.640795512631123	([45, 33], [45, 42, 33])
1	0.6136333054862314	0.6407977726459588	([219, 159], [219, 159, 152])
1	0.5482591085528458	0.6408418609074672	([288, 219], [285, 281, 278])
1	0.6077905624440333	0.6416657414687937	([517, 504], [517, 511, 504])
1	0.6371625484625214	0.6429851410089776	([307, 278], [319, 316, 278])
1	0.6336308374675955	0.6435311699477333	([219, 53], [219, 61, 55])
1	0.6023487575908396	0.6437136827708603	([523, 219], [523, 520, 519])
1	0.5637761039554322	0.643831598269685	([219, 135], [219, 170, 164])
1	0.6344620263406666	0.6444983586380495	([574, 223], [574, 572, 223])
1	0.6291043134626005	0.6450412854432503	([312, 229], [306, 229, 218])
1	0.5882587194771788	0.6467528255863061	([327, 217], [327, 321, 318])
1	0.6471247693519688	0.6474018339313259	([486, 218], [491, 486, 218])
1	0.618792922663259	0.6495756729645022	([283, 224], [283, 268, 217])
1	0.5765662251545514	0.6495756729645022	([268, 217], [285, 283, 217])
1	0.5706009303590573	0.6495756729645022	([289, 217], [304, 283, 217])
1	0.6170989815061609	0.6496892536315783	([277, 229], [277, 275, 235])
1	0.6260479749211676	0.6498852287129434	([319, 278], [319, 301, 298])
1	0.6324407338499473	0.6501602703246606	([583, 218], [587, 583, 218])
1	0.5196755955667088	0.6506313968599745	([217, 177], [219, 213, 209])
1	0.6235764148947134	0.6522917233562936	([299, 218], [301, 299, 218])
1	0.6496789605932846	0.6523751201111374	([23, 7], [23, 20, 7])
1	0.6412939723726501	0.6528931328730496	([581, 546], [581, 578, 546])
1	0.6457742556198433	0.653607068959001	([538, 519], [538, 528, 520])
1	0.6526665936809887	0.6536729492029154	([596, 235], [599, 596, 235])
1	0.5597238529411845	0.6541183174874922	([217, 160], [217, 167, 160])
1	0.5837739654609811	0.6553710706317518	([217, 149], [217, 160, 152])
1	0.5716944719849212	0.6556322218469873	([283, 256], [283, 279, 274])
1	0.6555027027150238	0.6569587973313408	([235, 171], [235, 172, 171])
1	0.6428214647852474	0.657373384464339	([21, 1], [21, 8, 7])
1	0.5369575496877528	0.6574837869249776	([326, 219], [322, 318, 317])
1	0.6533359048922421	0.6575415478430549	([243, 112], [243, 229, 117])
1	0.6097386659163349	0.6580167871170868	([269, 243], [272, 252, 243])
1	0.6085846383737687	0.6580256688773556	([280, 217], [283, 280, 279])
1	0.6441868081925342	0.6599279619754014	([298, 276], [298, 283, 276])
1	0.645638173830329	0.6599279619754014	([329, 276], [329, 283, 276])
1	0.6319185599932314	0.6600715711011705	([584, 229], [598, 594, 584])
1	0.6396144226106528	0.6606906731330479	([512, 500], [512, 506, 500])
1	0.6364348597950041	0.6611399614018182	([283, 235], [256, 252, 235])
1	0.5837693959600483	0.661204520577865	([296, 278], [300, 295, 281])
1	0.4939270342887144	0.6618199161268334	([212, 211], [235, 233, 206])
1	0.6366508508109875	0.6621199983707169	([326, 297], [326, 303, 297])
1	0.6398458456702547	0.6624025837425449	([577, 545], [578, 576, 545])
1	0.6302849498184008	0.6627419254655582	([351, 219], [351, 345, 219])
1	0.65722857620627	0.662765493411044	([546, 243], [579, 578, 546])
1	0.6589285848216859	0.6629672379486271	([243, 188], [243, 188, 182])
1	0.6335852703749018	0.6630905782387938	([280, 242], [280, 277, 242])
1	0.645614438467717	0.6638377809180183	([153, 137], [153, 145, 138])
1	0.6494229794016159	0.6644422965928896	([333, 322], [333, 327, 323])
1	0.5687407504642846	0.6646728670338489	([310, 217], [321, 283, 235])
1	0.611428233327183	0.6646728670338489	([329, 283], [325, 321, 283])
1	0.6182760801754091	0.6647636311275897	([265, 229], [277, 274, 270])
1	0.6337519117427151	0.665379282206025	([222, 196], [222, 217, 195])
1	0.5002229688863118	0.6660469149637365	([326, 266], [326, 266, 257])
1	0.5753946456025275	0.6669185061582796	([217, 137], [217, 137, 118])
1	0.664586658856435	0.6672163022420348	([352, 235], [366, 357, 235])
1	0.6617026269701624	0.6672663376035946	([366, 235], [374, 366, 364])
1	0.6566334549754714	0.6673270560756184	([305, 235], [306, 305, 235])
1	0.6241345067932894	0.667843879699852	([578, 548], [577, 560, 548])
1	0.48124134712569094	0.6680487284330385	([233, 212], [233, 212, 206])
1	0.6421613924622617	0.668085624232398	([501, 218], [501, 492, 491])
1	0.6589864976877946	0.6683184731922803	([290, 230], [295, 290, 243])
1	0.6670710976625467	0.6684978634082192	([235, 151], [235, 160, 151])
1	0.6647376618757947	0.6686326343619146	([243, 50], [243, 66, 59])
1	0.6409540329545775	0.6688134405722465	([295, 243], [290, 284, 282])
1	0.5345414374295586	0.6691249040166196	([276, 275], [270, 252, 235])
1	0.6037261038522742	0.6691249040166196	([269, 235], [270, 269, 235])
1	0.667474105671968	0.6699251998226207	([243, 202], [243, 202, 195])
1	0.6260992588077262	0.6702441219227093	([351, 223], [351, 338, 223])
1	0.5971964873805788	0.6703632030081634	([558, 219], [558, 551, 550])
1	0.5950377050757583	0.6704785723045388	([579, 219], [573, 561, 558])
1	0.6504882983167235	0.6708602784511025	([230, 186], [230, 193, 186])
1	0.6261284623046047	0.6711746351508272	([254, 229], [262, 254, 229])
1	0.6598945303513325	0.6719803193333576	([100, 87], [100, 96, 87])
1	0.5545003836084024	0.6725336348153177	([321, 217], [283, 235, 222])
1	0.6632499729612903	0.6731428371420063	([329, 238], [329, 243, 238])
1	0.563510094258953	0.6731923178727947	([217, 69], [218, 73, 66])
1	0.6697664125153203	0.6734018252207781	([542, 522], [542, 538, 519])
1	0.6460842295305329	0.6735143738272396	([561, 229], [559, 553, 550])
1	0.6376062039607501	0.6736152075225389	([282, 229], [282, 274, 273])
1	0.673212672520961	0.6738497617977443	([26, 0], [26, 23, 0])
1	0.67029902121914	0.6739920268296123	([230, 131], [230, 131, 125])
1	0.5965742900214588	0.674391656507237	([217, 94], [217, 98, 94])
1	0.6537597119013678	0.6748368073757247	([594, 578], [594, 583, 582])
1	0.5367036669061938	0.6752848928894939	([328, 235], [329, 326, 276])
1	0.666836650162178	0.6762357839684644	([235, 135], [235, 229, 136])
1	0.6353220801579923	0.6764505371088888	([219, 20], [218, 64, 25])
1	0.5693522334319725	0.6765038485716167	([243, 182], [215, 213, 188])
1	0.6623746661048536	0.6768282642380771	([544, 518], [544, 540, 518])
1	0.6711979125023707	0.6768664890072807	([235, 102], [235, 125, 121])
1	0.6667713431224186	0.677094956583666	([543, 517], [544, 543, 517])
1	0.6543769557349816	0.6772502225084135	([235, 160], [235, 185, 171])
1	0.6512292361345491	0.6778619125525883	([59, 23], [59, 50, 27])
1	0.6555508838838482	0.6781672053488053	([505, 243], [504, 502, 243])
1	0.6207571758342026	0.678420363547933	([597, 218], [597, 595, 218])
1	0.6719758523842331	0.6784914152492845	([402, 235], [416, 406, 405])
1	0.6692381649139652	0.6793858137681217	([557, 542], [557, 550, 542])
1	0.6688137596199056	0.6793958724929049	([415, 389], [415, 404, 395])
1	0.6743802852475125	0.6799111916940485	([147, 121], [147, 142, 121])
1	0.6699157579435218	0.680490908117739	([212, 176], [212, 188, 182])
1	0.6701633064294966	0.6806757882592342	([308, 243], [321, 316, 243])
1	0.6670544882688784	0.6810691729238707	([102, 84], [102, 98, 85])
1	0.6315965715621006	0.6811346136809202	([219, 115], [219, 115, 108])
1	0.6713610280870581	0.6818766145839638	([352, 243], [352, 342, 339])
1	0.6513452284413895	0.6821685878416857	([489, 229], [489, 481, 229])
1	0.6652942610158598	0.6827825748762754	([235, 121], [235, 135, 121])
1	0.6679634172338886	0.683165507034771	([308, 285], [308, 305, 293])
1	0.6445632204078832	0.6834513861794064	([311, 292], [305, 298, 292])
1	0.641680328831405	0.6834513861794064	([324, 243], [305, 302, 298])
1	0.6483796819464874	0.6841196692718013	([228, 179], [228, 218, 175])
1	0.4880610275247299	0.6842214272588009	([278, 219], [352, 341, 235])
1	0.6033054902196048	0.6844966184479654	([219, 107], [219, 135, 115])
1	0.6650606619410826	0.6848259351133305	([307, 291], [307, 305, 291])
1	0.670758647071029	0.6850323776553527	([540, 493], [540, 522, 493])
1	0.6812731611754799	0.6851834224557967	([39, 17], [39, 25, 23])
1	0.667967124782249	0.6853366042532714	([243, 1], [243, 17, 1])
1	0.6782691525750445	0.6853558700794229	([574, 549], [574, 559, 557])
1	0.6398416198970315	0.6859936832376633	([218, 102], [229, 218, 102])
1	0.637350518124918	0.6859936832376633	([229, 130], [235, 229, 102])
1	0.6858278177730186	0.6861139226551934	([29, 14], [29, 23, 13])
1	0.6802533402730256	0.6861139226551934	([31, 13], [31, 29, 13])
1	0.6346269787505917	0.6870149261960811	([218, 25], [218, 25, 23])
1	0.6399968689352925	0.6870149261960811	([218, 31], [218, 29, 23])
1	0.6631550354692658	0.6870398728922866	([99, 82], [99, 95, 90])
1	0.6790790073084233	0.6874912325637563	([235, 46], [235, 46, 39])
1	0.6800402724426956	0.6876273725675802	([35, 12], [34, 29, 12])
1	0.6508144111269973	0.687643102209585	([235, 185], [235, 190, 185])
1	0.6857558925170553	0.6878401591155842	([276, 213], [278, 276, 213])
1	0.6702863394176732	0.6882824652561541	([383, 235], [383, 374, 369])
1	0.6869208663581305	0.6884664902744554	([418, 394], [418, 408, 403])
1	0.6863115257811413	0.6893029561117889	([218, 96], [218, 96, 92])
1	0.6522170574270015	0.6894168475840343	([219, 33], [219, 33, 28])
1	0.6789484812059611	0.6895733294488532	([604, 580], [604, 594, 580])
1	0.6332493705596183	0.689618832933703	([223, 146], [223, 157, 146])
1	0.6172797439595764	0.6896353577917947	([496, 219], [491, 478, 477])
1	0.6370677232824873	0.6901657785416072	([575, 218], [575, 561, 558])
1	0.6437837232673778	0.6904124116548265	([579, 243], [544, 542, 243])
1	0.65301391558362	0.6905979367361039	([218, 147], [218, 173, 154])
1	0.6882389466596578	0.6909858295184061	([603, 577], [603, 601, 577])
1	0.6197477527963544	0.6910181978323524	([229, 117], [229, 117, 108])
1	0.6889689877593657	0.6910582200704763	([283, 247], [283, 256, 247])
1	0.6782659413179347	0.6914958033626146	([137, 97], [118, 107, 105])
1	0.6248429854709506	0.6916048087855481	([218, 7], [218, 50, 46])
1	0.6262008929987617	0.6918850560690777	([278, 62], [278, 218, 64])
1	0.6892363568825238	0.691910128415263	([37, 21], [37, 28, 19])
1	0.5184945441652267	0.6922495396607264	([259, 232], [268, 259, 254])
1	0.6179431446982876	0.6922766123400117	([269, 223], [269, 260, 235])
1	0.6906233348407299	0.6923163996349803	([552, 539], [559, 552, 548])
1	0.6417205150960841	0.6923258355489978	([376, 218], [376, 364, 363])
1	0.6893481879915259	0.6924513426475672	([329, 312], [329, 312, 292])
1	0.6759020852861972	0.6925559785123785	([385, 364], [385, 377, 376])
1	0.6860560377330118	0.692605925170783	([329, 294], [329, 292, 288])
1	0.6625691260584994	0.6926874511944758	([58, 26], [59, 58, 26])
1	0.6620871325140941	0.6926874511944758	([243, 26], [243, 59, 26])
1	0.691181975970549	0.6928468456819707	([514, 476], [514, 506, 476])
1	0.6777129049692231	0.6929226441258253	([559, 539], [552, 546, 544])
1	0.6917974434374242	0.6934063675539078	([539, 515], [540, 539, 517])
1	0.6609854616034962	0.6937314034837235	([33, 15], [218, 33, 29])
1	0.6835366548997791	0.6940692445246031	([283, 184], [283, 217, 179])
1	0.626322536834081	0.6942526229903627	([510, 218], [515, 501, 493])
1	0.677015660724977	0.6948262579607122	([388, 243], [397, 388, 380])
1	0.5876637546695215	0.6948274741856858	([217, 98], [217, 118, 94])
1	0.6439931582005071	0.6949701722465936	([536, 218], [558, 557, 218])
1	0.6664516927635583	0.6949967002420436	([453, 229], [453, 444, 440])
1	0.5576374891334939	0.695157426158684	([217, 118], [217, 160, 137])
1	0.6933495045750219	0.6954229323022245	([276, 251], [278, 276, 251])
1	0.6907371165121571	0.6955861693385792	([283, 40], [283, 235, 27])
1	0.6316583642526653	0.6955863880576505	([229, 88], [229, 218, 88])
1	0.5512704430811931	0.6959212019916055	([590, 217], [604, 596, 235])
1	0.4983429064882616	0.6963740921032822	([233, 220], [233, 220, 212])
1	0.6627164108589483	0.696435881407904	([605, 0], [605, 604, 0])
1	0.6584831114070765	0.6966382670963375	([235, 80], [235, 102, 80])
1	0.6938759110451209	0.6966999075395464	([372, 340], [372, 340, 336])
1	0.5632368253468392	0.696700306853099	([519, 219], [550, 541, 540])
1	0.6915825351332845	0.6971737237072522	([242, 185], [242, 215, 185])
1	0.5964723358537404	0.6973683723683479	([243, 174], [243, 182, 174])
1	0.67570965470944	0.6976530496319864	([391, 361], [391, 379, 373])
1	0.5788222891999154	0.6984886967490688	([595, 223], [597, 223, 222])
1	0.5613011367153796	0.6984886967490688	([549, 219], [597, 590, 222])
1	0.6950855914501427	0.6985738859376783	([420, 399], [420, 411, 399])
1	0.5107274773742159	0.698820280428223	([230, 193], [230, 207, 193])
1	0.6969339266093102	0.6990353059100528	([109, 65], [219, 107, 65])
1	0.6476277333109505	0.6991003046648312	([229, 54], [54, 52, 32])
1	0.6312966724565121	0.6991287806310046	([218, 125], [235, 151, 136])
1	0.6282875358836199	0.6993405232065206	([218, 116], [218, 124, 122])
1	0.6621615462238981	0.6996595562009688	([557, 525], [557, 536, 532])
1	0.6812115248813152	0.7005421322757166	([580, 541], [582, 580, 541])
1	0.6802465153142362	0.7006436052354965	([66, 24], [66, 64, 28])
1	0.6927428955449905	0.7007338723586379	([425, 218], [425, 419, 218])
1	0.6112639751172865	0.7010737009676685	([553, 217], [568, 557, 553])
1	0.6229171638320972	0.7011826197350093	([330, 311], [330, 326, 304])
1	0.6335120140410443	0.7013603115997595	([444, 219], [446, 444, 218])
1	0.6927165026607716	0.7013768856665993	([496, 467], [496, 486, 463])
1	0.613767163502332	0.7019107574789025	([324, 223], [338, 324, 235])
1	0.6973388436617916	0.7021779656164352	([153, 107], [153, 115, 107])
1	0.6453711340316862	0.702728821396313	([593, 278], [593, 583, 578])
1	0.47608034732945276	0.7028506961827126	([251, 250], [290, 283, 268])
1	0.645478029995073	0.7029793116899886	([243, 66], [243, 171, 66])
1	0.702571303863345	0.7034912427374834	([139, 104], [139, 129, 101])
1	0.70042415802337	0.7036654481247342	([553, 528], [553, 540, 536])
1	0.5246487756649506	0.7037500950126903	([219, 65], [218, 116, 93])
1	0.6379662570649488	0.7038290720090571	([457, 218], [462, 457, 218])
1	0.699436068712486	0.7040076000217476	([385, 329], [406, 388, 385])
1	0.7003054913421939	0.7042013174594258	([551, 538], [554, 551, 538])
1	0.7006077849936758	0.7042013174594258	([561, 538], [561, 554, 538])
1	0.6152179295610133	0.7042062236711972	([446, 217], [474, 462, 455])
1	0.6667135706443605	0.7043525283218494	([398, 329], [385, 376, 329])
1	0.7001185166939962	0.7043722328385319	([62, 39], [62, 50, 39])
1	0.7020717985162509	0.7047629076130506	([379, 283], [373, 365, 283])
1	0.4904766012295551	0.7049774845085233	([233, 224], [235, 233, 224])
1	0.7036968154533997	0.7051348192114999	([148, 125], [148, 140, 125])
1	0.6888431610512994	0.7053150344577919	([575, 526], [575, 526, 218])
1	0.6981998411776957	0.7055207220058873	([592, 242], [592, 242, 217])
1	0.6685112884770739	0.7055295525037426	([267, 239], [267, 256, 235])
1	0.7015142862211162	0.7056836994842021	([53, 12], [53, 47, 12])
1	0.7005683985950419	0.706266285771288	([278, 26], [278, 64, 28])
1	0.6130023492646324	0.7063709861576853	([596, 219], [596, 593, 278])
1	0.706485831680254	0.7065666802981947	([530, 283], [570, 566, 530])
1	0.7057610977213477	0.7065749674896757	([439, 413], [444, 439, 413])
1	0.7053254247538779	0.7066163049056821	([193, 180], [218, 193, 186])
1	0.6983811504371632	0.7066576036259989	([566, 530], [566, 563, 530])
1	0.704447255337511	0.7068699708250739	([504, 473], [504, 493, 476])
1	0.7063407515633653	0.7070404872728147	([588, 568], [588, 580, 568])
1	0.7056641142565703	0.7070524753360874	([451, 283], [457, 451, 283])
1	0.7025625468535815	0.7071923311980043	([423, 278], [425, 423, 278])
1	0.7053940346976514	0.7072520519229154	([396, 283], [396, 387, 283])
1	0.6990219607204802	0.707675176547577	([502, 278], [545, 540, 278])
1	0.7036057789532364	0.7078518021271566	([572, 531], [572, 563, 533])
1	0.6985921805760827	0.7079263006318046	([283, 113], [283, 113, 95])
1	0.585528947978863	0.7083922446803035	([398, 217], [398, 329, 283])
1	0.5766600589791331	0.7083922446803035	([373, 217], [398, 387, 283])
1	0.7040980140051207	0.7085358902611103	([48, 10], [54, 36, 32])
1	0.7033903184024228	0.7085599137457707	([604, 557], [604, 557, 548])
1	0.6938488781419361	0.7085599137457707	([604, 540], [604, 581, 548])
1	0.6967512460478545	0.7088583605905627	([403, 374], [403, 385, 384])
1	0.6838001701695234	0.7092674784486498	([214, 153], [214, 173, 153])
1	0.6936750833817376	0.7095540063519723	([419, 386], [397, 392, 218])
1	0.6348091166244777	0.7095573858372428	([219, 103], [219, 103, 84])
1	0.6982965712055667	0.7095577594438169	([594, 239], [596, 594, 239])
1	0.6785200748901863	0.7097143721032392	([317, 275], [317, 294, 278])
1	0.6128703730321088	0.7097994123647965	([229, 107], [229, 136, 117])
1	0.7060965105602894	0.7099756411463507	([552, 278], [552, 540, 535])
1	0.6978967154451955	0.7099864098462649	([525, 486], [525, 496, 486])
1	0.7045189012602654	0.7099864098462649	([528, 496], [528, 525, 496])
1	0.6441081744050254	0.7101768168515712	([476, 229], [476, 466, 457])
1	0.694329090869821	0.7101768168515712	([500, 457], [493, 476, 457])
1	0.6667962325533199	0.7106993085715607	([416, 235], [402, 396, 283])
1	0.7017831205915848	0.7108265777882506	([63, 1], [63, 50, 25])
1	0.7017164657756781	0.7108985102995176	([68, 20], [68, 63, 25])
1	0.6928390127865681	0.7114520694869061	([563, 534], [563, 552, 535])
1	0.6673533004681915	0.7120703829268807	([365, 243], [372, 359, 354])
1	0.6904320833893334	0.7121319594550475	([128, 100], [124, 123, 100])
1	0.7117412095055273	0.7122166142355868	([483, 448], [483, 471, 448])
1	0.6949455439321087	0.7122860566161106	([111, 73], [111, 96, 75])
1	0.703881320182117	0.712453709975159	([435, 278], [435, 434, 278])
1	0.6700744224652824	0.7127170884404299	([426, 235], [514, 504, 235])
1	0.616024977717574	0.7127774515894654	([413, 219], [439, 430, 422])
1	0.7054583964281195	0.7127774515894654	([447, 422], [447, 439, 422])
1	0.4617230034386734	0.7128699634900661	([236, 233], [271, 243, 238])
1	0.6407604477093627	0.7129745353706828	([281, 230], [290, 282, 281])
1	0.7020014558313264	0.7130890868543119	([283, 143], [283, 243, 143])
1	0.6909876174523454	0.7130890868543119	([283, 1], [283, 243, 195])
1	0.6885349898172678	0.7130890868543119	([546, 283], [546, 283, 243])
1	0.6915705464177201	0.7132948729443322	([423, 283], [423, 413, 283])
1	0.6972005109172908	0.713435534507704	([129, 101], [129, 125, 101])
1	0.7062450190697206	0.713621073717309	([570, 283], [563, 551, 283])
1	0.6407136130988652	0.7141220030702328	([229, 144], [229, 157, 144])
1	0.6957746207233643	0.7142933430437334	([187, 165], [187, 178, 170])
1	0.6725670651409749	0.7143662941335741	([243, 145], [283, 235, 143])
1	0.7058091664809492	0.7148263207080232	([509, 488], [509, 502, 500])
1	0.7087719338937697	0.71487176989425	([525, 511], [525, 519, 516])
1	0.6897072848063995	0.7151256446915499	([127, 103], [127, 121, 102])
1	0.6917714503901753	0.7154160895276762	([517, 283], [517, 493, 457])
1	0.7028248768703146	0.7154655123043562	([542, 501], [546, 542, 501])
1	0.714272504744428	0.7155985457193733	([107, 50], [107, 65, 50])
1	0.6876387257961288	0.7161443158966844	([547, 514], [547, 544, 515])
1	0.7159928025032988	0.7162208077593902	([104, 28], [278, 104, 95])
1	0.6404420838399191	0.7164159643424973	([229, 157], [229, 144, 136])
1	0.7140180484286804	0.7164559708708654	([471, 283], [472, 471, 283])
1	0.7049612570141776	0.7164559708708654	([487, 283], [487, 472, 283])
1	0.6743511994681983	0.7167164786168789	([117, 70], [117, 95, 64])
1	0.7067936507354857	0.7167164786168789	([278, 95], [278, 95, 64])
1	0.6638311838396665	0.7167170876427016	([235, 31], [235, 12, 11])
1	0.6964805158723328	0.7167278105277738	([278, 2], [278, 19, 13])
1	0.6874253139207404	0.7167279780268123	([57, 9], [57, 44, 30])
1	0.6272379549860576	0.7168200432410131	([364, 229], [377, 358, 342])
1	0.7116044373318214	0.7171386166262261	([366, 278], [394, 378, 278])
1	0.7147844212614127	0.7176451722434984	([278, 121], [278, 218, 126])
1	0.7127727453578595	0.7176779873808534	([478, 451], [478, 466, 451])
1	0.6320996426345085	0.7177007946812608	([380, 219], [380, 370, 351])
1	0.6662893115025464	0.717825835778409	([230, 104], [230, 99, 80])
1	0.638390179369017	0.7179127486746105	([409, 218], [457, 435, 278])
1	0.7144397950920415	0.7179127486746105	([460, 278], [460, 457, 278])
1	0.6050524470938017	0.7180350123265785	([331, 223], [324, 239, 235])
1	0.6904236609098122	0.7181709762072415	([589, 557], [589, 577, 557])
1	0.7075973354654198	0.7182154048076071	([576, 520], [576, 560, 521])
1	0.7143537407213273	0.7186797958940868	([577, 502], [568, 560, 502])
1	0.7020035324042008	0.7187405447964719	([144, 103], [144, 123, 103])
1	0.6804215289552297	0.7188142322704705	([579, 507], [579, 507, 504])
1	0.7178860226995639	0.7189720232514808	([532, 491], [532, 522, 499])
1	0.7163782357689682	0.7190108846159339	([571, 529], [571, 561, 529])
1	0.6032931711640466	0.719379960806364	([477, 219], [423, 319, 283])
1	0.7111674724905035	0.7193934078249279	([82, 56], [278, 82, 44])
1	0.7085144140217484	0.719440940010605	([391, 278], [372, 361, 278])
1	0.6595779062571636	0.7198808955300068	([230, 120], [230, 125, 99])
1	0.7071238099669547	0.720053138561599	([288, 255], [288, 255, 239])
1	0.6871453956759782	0.7203829096775272	([283, 62], [283, 62, 43])
1	0.7096112993224557	0.7204612686767033	([100, 52], [100, 82, 52])
1	0.7053503030068652	0.7206596641598091	([110, 72], [117, 110, 70])
1	0.6766117277861322	0.7207375596378717	([414, 243], [414, 400, 283])
1	0.717259134944908	0.7207388352324106	([489, 278], [496, 489, 278])
1	0.6940104083463914	0.7207388352324106	([545, 278], [502, 496, 278])
1	0.7099496866264784	0.7208106636785001	([132, 90], [139, 104, 90])
1	0.709890918383642	0.7209976233556137	([130, 85], [130, 128, 88])
1	0.626637550604082	0.7210381319952649	([219, 84], [219, 80, 64])
1	0.6268861056442449	0.7210539770079767	([598, 229], [584, 579, 243])
1	0.7197943532588889	0.7212522832797638	([562, 528], [563, 562, 534])
1	0.6366049657065632	0.7212593519780248	([223, 133], [223, 146, 133])
1	0.7185682005419419	0.7213453777882157	([239, 138], [239, 235, 151])
1	0.7110169800070086	0.7213942458255446	([81, 54], [82, 81, 56])
1	0.7163361095082349	0.7214962369413321	([534, 278], [534, 526, 278])
1	0.5263003426318884	0.7216676708046486	([599, 233], [594, 584, 243])
1	0.657614604263297	0.7216676708046486	([601, 243], [601, 594, 243])
1	0.6802267995504792	0.7217948634570752	([242, 201], [242, 201, 200])
1	0.48928112283849373	0.7222811707612091	([502, 230], [526, 524, 278])
1	0.7170746033886793	0.722775850932252	([185, 111], [217, 174, 112])
1	0.6996094098679592	0.7229471362302231	([605, 553], [605, 577, 553])
1	0.7029332422441155	0.7235899883573492	([188, 155], [183, 170, 155])
1	0.7186441212409588	0.7236215351814131	([77, 22], [77, 70, 39])
1	0.7210519398162819	0.7240870692843703	([328, 162], [328, 235, 167])
1	0.7209390558931159	0.7242085993004992	([89, 59], [119, 96, 89])
1	0.7203784050142944	0.7242085993004992	([134, 89], [134, 119, 89])
1	0.6624861276235948	0.7244144146064853	([527, 229], [527, 519, 503])
1	0.7070226155305546	0.7245251754393616	([91, 39], [91, 80, 39])
1	0.6392077523271659	0.7245251754393616	([229, 0], [235, 80, 39])
1	0.7187883393977238	0.7245423307328999	([41, 3], [41, 26, 22])
1	0.7148070096547164	0.7245763412373969	([342, 307], [352, 342, 314])
1	0.6824998034088419	0.7247633085933785	([243, 103], [243, 121, 103])
1	0.6313024338635524	0.7250909674034325	([440, 283], [530, 521, 517])
1	0.7046299459145258	0.7252611232624794	([66, 0], [66, 24, 23])
1	0.6753963674982499	0.72538362254481	([397, 243], [398, 397, 329])
1	0.7106333280623311	0.7253988020605417	([119, 59], [89, 76, 58])
1	0.7201689814399002	0.7254251373537555	([479, 442], [479, 469, 442])
1	0.7239437526773179	0.7254433950466037	([449, 408], [463, 449, 445])
1	0.5902864522574582	0.7256171411451869	([463, 326], [476, 463, 453])
1	0.672368043260199	0.7262660094082368	([230, 36], [243, 78, 36])
1	0.724804603310972	0.7262792118807471	([120, 82], [120, 119, 82])
1	0.7069285127759227	0.72698775020933	([151, 108], [151, 120, 106])
1	0.6056696881159185	0.7270347498866652	([568, 217], [554, 553, 217])
1	0.6991555132555864	0.7271197314042959	([98, 70], [98, 89, 70])
1	0.7115245504521036	0.7273735614228863	([49, 0], [49, 27, 25])
1	0.7258669468456677	0.7275702323940544	([373, 326], [373, 327, 326])
1	0.6405552260186982	0.7276491054609796	([421, 229], [421, 398, 278])
1	0.6592505201156106	0.7276609572455405	([504, 426], [476, 457, 426])
1	0.7068693915048158	0.7277319325846151	([511, 484], [511, 503, 491])
1	0.6677826646333299	0.7280629974232148	([235, 69], [235, 110, 69])
1	0.721515867096715	0.7284843888875314	([375, 333], [375, 356, 342])
1	0.6668324507995986	0.7289060247773469	([243, 78], [243, 82, 50])
1	0.7259596550355557	0.728954656099657	([242, 54], [242, 229, 191])
1	0.6979100052905276	0.7290267224203516	([283, 76], [283, 91, 76])
1	0.7264166875116965	0.7290879042149974	([190, 122], [190, 150, 146])
1	0.716060357557713	0.7292458701919555	([549, 242], [549, 543, 541])
1	0.7034173164443761	0.7293183266057672	([429, 398], [429, 425, 398])
1	0.6870393130861124	0.7293578686386064	([430, 371], [430, 400, 394])
1	0.7087919477171449	0.7295989996348069	([83, 57], [83, 78, 57])
1	0.6996636636213313	0.7300934853198991	([591, 543], [594, 591, 549])
1	0.7193622120871331	0.7303325733496039	([200, 168], [200, 187, 170])
1	0.7159469570431063	0.7303967654787481	([602, 545], [602, 591, 545])
1	0.7201694140952669	0.7306388052272508	([426, 329], [426, 425, 329])
1	0.7088143832798276	0.730675804492525	([559, 497], [559, 522, 493])
1	0.7212457962230681	0.730756871667067	([314, 258], [314, 292, 258])
1	0.5884316495594588	0.7308114423081941	([545, 217], [593, 545, 278])
1	0.7212309595186264	0.7312403104326666	([524, 488], [521, 496, 488])
1	0.7218590538543611	0.7313189830843412	([129, 87], [129, 101, 80])
1	0.7113867236647456	0.7315551936598579	([85, 33], [85, 56, 33])
1	0.695836283136088	0.7316528971572525	([283, 95], [283, 243, 95])
1	0.7224784439773034	0.7318129041606567	([126, 79], [126, 122, 79])
1	0.573890740087756	0.731890265333299	([522, 217], [553, 545, 540])
1	0.6388104936843398	0.7320336006125862	([550, 229], [550, 519, 229])
1	0.7261882630177456	0.7320406913393495	([396, 242], [422, 396, 380])
1	0.7233997595966074	0.7320406913393495	([422, 380], [422, 406, 396])
1	0.7250916140603394	0.7320636364865376	([381, 353], [381, 376, 353])
1	0.7230798811856783	0.7323285070493496	([203, 166], [203, 197, 166])
1	0.6712016533449294	0.7323892776313228	([428, 243], [435, 428, 229])
1	0.7258142839843863	0.7323911370232851	([475, 434], [475, 463, 457])
1	0.7250837469961677	0.732477833016384	([456, 421], [456, 423, 421])
1	0.7212746669452447	0.7327748083651333	([417, 378], [421, 417, 378])
1	0.7233485789215753	0.7329007880724985	([417, 364], [417, 378, 376])
1	0.6863401983441845	0.7329019020331694	([363, 239], [363, 283, 239])
1	0.7168552761989042	0.7340549825372155	([182, 68], [218, 182, 76])
1	0.5394027051889793	0.7340549825372155	([223, 76], [223, 182, 76])
1	0.7287392005815586	0.7345637239309178	([530, 480], [530, 525, 480])
1	0.7108549030454797	0.7346015271396416	([381, 328], [381, 353, 336])
1	0.7333095503965799	0.7347376429283465	([171, 106], [243, 171, 106])
1	0.7295010461724262	0.7347668506517602	([180, 71], [243, 180, 171])
1	0.7283583130695842	0.7349285456786616	([450, 395], [472, 450, 406])
1	0.6048780880700851	0.7349409815212516	([479, 217], [479, 476, 217])
1	0.6384985761608094	0.7349818169414346	([424, 219], [424, 413, 409])
1	0.7109434127166308	0.7350668404688858	([477, 423], [477, 454, 451])
1	0.7119776624436202	0.735222828743825	([211, 162], [211, 185, 183])
1	0.7269564474757222	0.7353373717658274	([504, 437], [504, 437, 425])
1	0.7076641289610114	0.7353373717658274	([493, 425], [504, 493, 425])
1	0.7306639464877311	0.7353858028610545	([389, 352], [389, 381, 352])
1	0.6956769884715652	0.7354149426837937	([328, 10], [328, 235, 11])
1	0.7277804911733872	0.7354176668311181	([438, 412], [439, 438, 406])
1	0.7032694235011622	0.7354176668311181	([472, 406], [450, 438, 406])
1	0.7163907522502257	0.735468040061878	([467, 408], [467, 458, 416])
1	0.7250270426839773	0.7358140422464142	([88, 37], [88, 80, 39])
1	0.7302881093995803	0.7359074391731544	([470, 420], [470, 460, 420])
1	0.47150324016758344	0.7359725282524345	([388, 387], [428, 422, 397])
1	0.7067324860888503	0.735990477553212	([341, 311], [341, 335, 311])
1	0.7348768934401525	0.7360687771830633	([214, 68], [214, 183, 68])
1	0.6689779124963776	0.736069972682969	([358, 230], [358, 350, 341])
1	0.7040750225482407	0.7362678668465513	([581, 64], [581, 243, 64])
1	0.7332387187570958	0.736278182631244	([594, 326], [594, 548, 326])
1	0.7078707721165924	0.7365225954038931	([590, 556], [595, 590, 556])
1	0.7107107416632389	0.7365386104871755	([330, 255], [330, 297, 284])
1	0.724734124328263	0.7365439331873325	([384, 343], [395, 378, 354])
1	0.7224352703387024	0.7366366455929114	([451, 404], [451, 405, 404])
1	0.7257585197635791	0.7369638746028051	([374, 330], [374, 330, 310])
1	0.680920710935155	0.7371170537352215	([461, 235], [458, 452, 426])
1	0.7194014696692466	0.737620294158666	([133, 83], [133, 129, 80])
1	0.6193566575281658	0.737849100697229	([217, 20], [217, 35, 29])
1	0.6040719421124676	0.737849100697229	([217, 41], [218, 217, 29])
1	0.472073758062636	0.7381131694001131	([339, 233], [374, 339, 330])
1	0.7307499542818535	0.7381131694001131	([378, 339], [378, 374, 339])
1	0.7316465359863842	0.7384066270816938	([118, 0], [118, 64, 0])
1	0.7187072911962761	0.738500488138567	([84, 48], [84, 78, 54])
1	0.7162548529598679	0.738500488138567	([101, 54], [101, 84, 54])
1	0.7057597125211554	0.738512660692449	([283, 15], [283, 15, 1])
1	0.7363880876162923	0.7385668414402471	([122, 54], [122, 100, 45])
1	0.7154801410645576	0.7385818009876832	([459, 401], [459, 450, 412])
1	0.6480680065050184	0.7386458992525481	([547, 230], [547, 542, 243])
1	0.706346086892432	0.7387244700259193	([489, 445], [489, 460, 445])
1	0.7064712267553162	0.7389246918378405	([96, 57], [96, 65, 63])
1	0.6974321877571352	0.7390636783403828	([351, 315], [351, 338, 315])
1	0.6645329971227335	0.7394201415145994	([514, 235], [426, 416, 401])
1	0.7274873819739477	0.7395325276050208	([142, 84], [142, 130, 85])
1	0.735477794880615	0.7396631000985531	([162, 23], [243, 162, 23])
1	0.6513184073688991	0.740321127495944	([582, 235], [604, 582, 548])
1	0.7171335892022971	0.7403606458743375	([523, 485], [529, 523, 495])
1	0.7388882548755804	0.7403606458743375	([535, 495], [535, 529, 495])
1	0.6642567947661157	0.7404090618596268	([439, 243], [439, 423, 243])
1	0.7231325288144372	0.7404559293068461	([488, 441], [488, 470, 441])
1	0.7038074233757727	0.7406972289057012	([352, 314], [342, 331, 314])
1	0.7265364946846622	0.7408080568862441	([526, 482], [526, 523, 482])
1	0.7183750880058907	0.7411311146240801	([394, 318], [394, 318, 316])
1	0.7274697418185103	0.74115537856993	([427, 367], [430, 427, 371])
1	0.7398295989975152	0.7412335827341809	([435, 390], [435, 426, 390])
1	0.7396071628701124	0.7413409800578319	([537, 477], [537, 496, 487])
1	0.6472402392705529	0.7414130609821005	([229, 32], [229, 102, 54])
1	0.7322208462386679	0.7415912520825192	([501, 431], [504, 501, 437])
1	0.7384670923740616	0.7416681069143279	([444, 394], [444, 413, 406])
1	0.6619903749192682	0.7417506309119223	([235, 110], [243, 185, 67])
1	0.7343653830039535	0.7417863206649706	([193, 143], [235, 191, 143])
1	0.6939557702637305	0.7418828256951954	([517, 228], [517, 283, 228])
1	0.739362056069464	0.7418890956751827	([524, 465], [530, 524, 465])
1	0.7207520568270442	0.7419154755645673	([79, 55], [81, 79, 55])
1	0.7183982078530677	0.7421969080673236	([475, 415], [464, 458, 416])
1	0.7286600243660634	0.7422186853408824	([356, 309], [356, 309, 292])
1	0.7156687874552641	0.742334649945065	([439, 330], [439, 330, 329])
1	0.7254977481428903	0.7423877288142381	([419, 360], [419, 360, 329])
1	0.7410411733145117	0.7424950845575589	([406, 342], [406, 342, 329])
1	0.7098077097810642	0.7424972148175215	([548, 325], [548, 544, 326])
1	0.7217000095126649	0.7426036624179064	([514, 432], [514, 476, 432])
1	0.7081898676296472	0.7427633030232963	([150, 95], [150, 100, 95])
1	0.709465439167106	0.7427633030232963	([283, 100], [283, 100, 95])
1	0.7366159865391423	0.7429687265299304	([522, 472], [522, 521, 481])
1	0.7365289784352974	0.7430496362538656	([132, 56], [132, 90, 56])
1	0.7372551374982381	0.7431966374474508	([506, 429], [507, 435, 429])
1	0.7338107797957729	0.7432231104299644	([534, 490], [534, 529, 474])
1	0.7369651657051063	0.7433314605256861	([521, 449], [521, 497, 459])
1	0.6524129831382862	0.743476068976242	([230, 158], [243, 230, 158])
1	0.5001590775092275	0.7435289669448796	([232, 145], [232, 171, 145])
1	0.6560258655734654	0.7438196360006814	([230, 80], [243, 230, 120])
1	0.7388566503142082	0.744069686458792	([600, 568], [600, 587, 568])
1	0.4694227565342413	0.7440777195123216	([237, 230], [248, 240, 231])
1	0.7282683490451155	0.7440961542742668	([369, 303], [369, 360, 303])
1	0.6739804204343705	0.744574106865717	([478, 235], [478, 451, 443])
1	0.7373729336965157	0.744599731045345	([215, 166], [215, 181, 176])
1	0.5021530732311087	0.7449666354374954	([313, 232], [313, 290, 283])
1	0.7409313617584017	0.7452789071456908	([502, 433], [502, 433, 422])
1	0.7005958260629234	0.7453933670365293	([485, 329], [485, 475, 329])
1	0.7387630957108596	0.7453992878487448	([455, 414], [455, 447, 416])
1	0.7346089108189704	0.745442884760235	([69, 18], [69, 18, 1])
1	0.7410929201700482	0.745542667588004	([133, 31], [133, 124, 47])
1	0.7367166424803995	0.745542667588004	([124, 47], [223, 133, 47])
1	0.6980476947468649	0.7460771598763921	([605, 512], [605, 538, 512])
1	0.7428760043974855	0.7461580101238021	([420, 361], [420, 412, 361])
1	0.7371018319026688	0.7464300734859057	([329, 58], [329, 243, 58])
1	0.7369996531790491	0.7470219962236322	([567, 496], [567, 564, 496])
1	0.6729753573659552	0.7470611504458865	([541, 242], [541, 254, 242])
1	0.7328204884382133	0.7470762289723856	([586, 397], [586, 397, 229])
1	0.6342979840888991	0.7471277141312381	([302, 223], [324, 302, 278])
1	0.7443806149550655	0.7472242553474858	([429, 326], [549, 429, 326])
1	0.5717974409887632	0.7472242553474858	([520, 326], [549, 520, 326])
1	0.7429542224650536	0.7475229994078244	([89, 17], [89, 45, 8])
1	0.7450813398406821	0.7476621582692907	([585, 522], [585, 581, 522])
1	0.6785340362050573	0.748318754466174	([437, 242], [425, 327, 326])
1	0.7317756472383679	0.748318754466174	([549, 429], [429, 425, 326])
1	0.7363217196975308	0.7483715927761826	([439, 377], [439, 403, 377])
1	0.7312815023960884	0.7483987251624082	([108, 24], [118, 108, 24])
1	0.7205747639937855	0.7487273975375711	([298, 153], [298, 229, 153])
1	0.6571151322259301	0.7488295178272493	([422, 230], [441, 422, 406])
1	0.7330471576087192	0.7488541691139837	([473, 418], [471, 448, 409])
1	0.7487035354343031	0.7489678311830755	([552, 478], [565, 552, 478])
1	0.739433884751112	0.7490744052051929	([420, 339], [418, 351, 339])
1	0.7454379067123872	0.7490744052051929	([418, 356], [418, 356, 351])
1	0.7346015726635462	0.7492716147004257	([582, 505], [582, 545, 541])
1	0.7423016009061978	0.7493505431837842	([271, 160], [283, 271, 160])
1	0.7329479416409274	0.7496607779912162	([348, 280], [348, 338, 280])
1	0.7405001984191382	0.7496770079036738	([586, 66], [594, 586, 66])
1	0.7401281350232161	0.7497298312926599	([182, 132], [243, 182, 132])
1	0.7387676181476478	0.7497298312926599	([329, 124], [329, 243, 132])
1	0.49024826885587064	0.7500333695509781	([348, 232], [348, 339, 232])
1	0.7028473006082426	0.7501249718341689	([330, 184], [330, 298, 153])
1	0.7494291444063784	0.7502650220651977	([97, 2], [97, 74, 62])
1	0.6308709803682515	0.7502696766237151	([223, 157], [223, 177, 157])
1	0.662871673535561	0.7503416905382086	([443, 235], [504, 478, 473])
1	0.566058820697207	0.750477773494319	([476, 326], [520, 477, 476])
1	0.71548749808381	0.7505041842508418	([416, 330], [439, 416, 395])
1	0.7472357383326058	0.7506902194714493	([447, 393], [447, 422, 379])
1	0.719342917877165	0.7506965382968854	([518, 242], [518, 470, 424])
1	0.7382412210061773	0.7508679274280426	([174, 81], [174, 81, 65])
1	0.7508457520108043	0.751318828532388	([196, 141], [229, 196, 141])
1	0.7077677527920501	0.751318828532388	([228, 141], [229, 228, 141])
1	0.6643301868044112	0.7513204819148162	([350, 230], [350, 283, 243])
1	0.7451472785654865	0.751481509971298	([521, 411], [521, 452, 419])
1	0.6479330464014182	0.7519023706443108	([219, 5], [219, 69, 5])
1	0.7515165546114823	0.752257301298258	([411, 355], [411, 379, 355])
1	0.7354401302105079	0.7525457534614268	([454, 407], [454, 441, 422])
1	0.715980320701976	0.7528927636136684	([605, 67], [605, 587, 67])
1	0.7533604549239378	0.7535711944423353	([479, 243], [479, 445, 243])
1	0.4605678579377963	0.7535931503744887	([224, 223], [238, 232, 225])
1	0.6365134734719251	0.7539022282435198	([418, 223], [420, 383, 380])
1	0.739945175321469	0.7539548447975386	([410, 341], [410, 385, 376])
1	0.7293048296417063	0.7543771993173636	([578, 71], [592, 578, 71])
1	0.74328819205201	0.7544529061848354	([487, 412], [487, 472, 412])
1	0.7483129126227825	0.7553810357305739	([99, 42], [99, 85, 36])
1	0.7028936651387002	0.7565652443675095	([325, 68], [325, 242, 238])
1	0.7498407737983294	0.7565652443675095	([447, 325], [447, 325, 242])
1	0.7376643777343128	0.7568208410746374	([604, 508], [604, 508, 507])
1	0.7460505508899548	0.7573639058717002	([427, 318], [427, 367, 318])
1	0.7551350648663608	0.7573923937915241	([86, 11], [86, 57, 13])
1	0.7127658514948417	0.7574296030733627	([242, 96], [242, 185, 119])
1	0.6378666091630437	0.7575494943012021	([223, 47], [124, 101, 57])
1	0.7422464629423954	0.757571805321882	([430, 216], [430, 254, 242])
1	0.6733644818925216	0.7578653731320857	([373, 230], [373, 290, 283])
1	0.7513326345450583	0.7579373141092192	([137, 40], [137, 98, 40])
1	0.6716563569096022	0.7580994553033997	([571, 235], [571, 537, 523])
1	0.7544246910604634	0.758241897572876	([373, 267], [373, 275, 267])
1	0.7559376240013196	0.7583601926642696	([204, 123], [229, 204, 102])
1	0.7564070249453166	0.758612618875043	([562, 479], [562, 528, 479])
1	0.7527228288186141	0.7587392823491095	([536, 447], [536, 528, 447])
1	0.752682279720348	0.7589066843411024	([325, 213], [325, 214, 213])
1	0.7524498889442157	0.7592752333733321	([168, 123], [168, 148, 123])
1	0.7341111080875912	0.7592781254435766	([571, 481], [571, 532, 491])
1	0.7528204406567558	0.7595171544588428	([513, 24], [513, 278, 29])
1	0.7200558671731647	0.7598688827688386	([203, 142], [203, 191, 143])
1	0.7192313109244922	0.760575384836765	([504, 330], [504, 330, 329])
1	0.7452866347024255	0.7607727537580052	([165, 73], [177, 165, 73])
1	0.7566085581491478	0.760791176502378	([497, 413], [497, 465, 413])
1	0.759109780924147	0.7608706542653969	([201, 139], [201, 166, 157])
1	0.7294996890636087	0.7608887898821955	([161, 77], [161, 110, 77])
1	0.7470232396861204	0.761157821227821	([266, 192], [266, 239, 192])
1	0.7605188722039888	0.7613249153112227	([302, 7], [302, 219, 28])
1	0.7033603591301719	0.7614209820151686	([222, 60], [222, 181, 66])
1	0.5125162447521713	0.7614716232144627	([232, 89], [232, 145, 89])
1	0.719240895392397	0.76179858940808	([406, 222], [406, 397, 229])
1	0.7541952831506066	0.7619186457430932	([585, 280], [581, 546, 280])
1	0.7572395564702885	0.762139848000209	([450, 375], [450, 395, 375])
1	0.743355367649782	0.7623378131557867	([262, 197], [262, 218, 213])
1	0.7054679986231921	0.7625916104739794	([426, 340], [426, 425, 340])
1	0.7579524755029706	0.7627732041814058	([377, 312], [377, 334, 312])
1	0.7494067830051301	0.7631975037555441	([427, 173], [427, 276, 242])
1	0.7639001292141991	0.7643741218905648	([434, 265], [434, 297, 278])
1	0.7550794695851866	0.7647844090616114	([605, 244], [605, 601, 244])
1	0.7584416016846514	0.7651851297296528	([140, 55], [140, 123, 55])
1	0.7386130341620074	0.7652009842686774	([581, 430], [581, 506, 430])
1	0.7611674588572338	0.7652356973623944	([410, 285], [410, 361, 285])
1	0.7627334795892959	0.7653338906860016	([510, 391], [542, 510, 391])
1	0.7310219032258192	0.7653828064716843	([585, 425], [585, 555, 549])
1	0.7521511951684401	0.7655204968727173	([455, 382], [455, 444, 391])
1	0.7459836488006576	0.7657062935615631	([329, 35], [329, 123, 33])
1	0.756938763776987	0.7657162708627241	([362, 294], [362, 349, 328])
1	0.7142493580163334	0.766099726842158	([325, 168], [325, 183, 168])
1	0.765863515280887	0.7661984514578278	([266, 177], [266, 263, 177])
1	0.7433521262051501	0.7664974934535574	([474, 390], [474, 470, 390])
1	0.7652255346299196	0.7665267641324052	([602, 264], [602, 275, 264])
1	0.7520579500116917	0.7665267641324052	([602, 214], [602, 582, 275])
1	0.7663383929603723	0.7666399734608708	([138, 8], [138, 81, 59])
1	0.7640876959909054	0.7667247766053428	([582, 20], [605, 602, 20])
1	0.5435003760524768	0.766911079980756	([223, 6], [223, 47, 6])
1	0.7566123991767155	0.7669715448779584	([370, 270], [370, 328, 294])
1	0.7465610064084838	0.7669922822816394	([461, 386], [461, 410, 386])
1	0.7418250343138217	0.7671513472830345	([566, 329], [566, 491, 475])
1	0.7046623632014742	0.7672743474552738	([512, 431], [512, 504, 431])
1	0.7608463950359946	0.7673824169312172	([424, 304], [424, 320, 304])
1	0.7516025936254986	0.7674771309811076	([593, 511], [593, 574, 511])
1	0.761747672700215	0.7675820156483423	([517, 21], [605, 517, 505])
1	0.7660510020632507	0.7675904897065874	([605, 329], [605, 329, 327])
1	0.7562563511754394	0.7677521939091128	([493, 410], [493, 478, 410])
1	0.763872071158155	0.7678654285942383	([576, 425], [585, 576, 549])
1	0.7666458802749054	0.7680341622163961	([179, 70], [179, 163, 70])
1	0.7678918891441833	0.7684854576527705	([475, 380], [475, 415, 403])
1	0.7562161453579243	0.7694785838556925	([187, 0], [187, 114, 0])
1	0.7180324779793309	0.7695967417587031	([429, 333], [429, 333, 319])
1	0.756441110745125	0.769681912524353	([259, 198], [259, 229, 205])
1	0.7468882547557515	0.769848620780959	([443, 276], [443, 434, 276])
1	0.7569960185731469	0.7703096685164287	([551, 438], [551, 546, 433])
1	0.4761059339613237	0.7704987275253682	([339, 232], [348, 293, 268])
1	0.7620295638178344	0.7706999060473513	([513, 239], [513, 501, 228])
1	0.7691229026697887	0.7711754670388915	([552, 430], [552, 519, 430])
1	0.7592872789389384	0.7714796620997197	([544, 94], [581, 544, 94])
1	0.7562427112491346	0.771695642396375	([156, 22], [156, 127, 22])
1	0.7672021226836476	0.7719893393224577	([166, 75], [166, 163, 75])
1	0.7428954166712678	0.7720911719533965	([281, 86], [281, 228, 86])
1	0.7641961799251077	0.7723097255035796	([507, 396], [507, 444, 435])
1	0.7681175311878476	0.7723631694140224	([427, 64], [546, 427, 426])
1	0.765902219006269	0.7724890430997181	([605, 117], [605, 188, 159])
1	0.7664053022425944	0.7727378584116605	([187, 58], [187, 108, 62])
1	0.7624356224329502	0.7729021770216735	([162, 83], [162, 136, 109])
1	0.7310723899610185	0.7734154625707599	([591, 68], [591, 545, 68])
1	0.7652093824818711	0.7738622991390318	([430, 331], [430, 338, 331])
1	0.7592915838909952	0.7741066641799504	([547, 442], [553, 547, 442])
1	0.7300292687632502	0.7741604011184973	([594, 184], [594, 242, 184])
1	0.7538639425459647	0.7744686362372681	([426, 184], [426, 257, 242])
1	0.7714415656513695	0.7746139391245145	([266, 122], [266, 257, 122])
1	0.7706130315746778	0.7746175038994756	([152, 47], [152, 104, 75])
1	0.7714715897101806	0.7749303783258422	([428, 62], [428, 243, 64])
1	0.77053106638024	0.7749504962202578	([433, 271], [433, 430, 222])
1	0.7744120914125892	0.7751631876950558	([253, 119], [253, 244, 119])
1	0.7729842842804662	0.7751820596028357	([141, 44], [141, 101, 87])
1	0.7710080192440706	0.775314885735151	([363, 166], [363, 239, 166])
1	0.7550379252478818	0.775314885735151	([594, 166], [594, 239, 166])
1	0.7732956040977507	0.7760277249439703	([502, 374], [502, 391, 374])
1	0.7698508537422222	0.7763925151329193	([581, 328], [581, 544, 328])
1	0.7674062936972281	0.7765594859486732	([431, 176], [431, 297, 275])
1	0.7244141628231019	0.7772967931142084	([572, 456], [572, 538, 491])
1	0.7720637451847977	0.7774963911198838	([587, 458], [587, 566, 458])
1	0.6516650609012788	0.7776610443785013	([584, 325], [585, 548, 545])
1	0.7756883314435324	0.7780157395646131	([590, 108], [590, 222, 108])
1	0.7725070575235149	0.7782971090713671	([500, 83], [500, 228, 83])
1	0.7651581358788877	0.7784442456404461	([505, 118], [505, 239, 213])
1	0.7658719697919747	0.7785774032284488	([429, 272], [429, 319, 296])
1	0.7736243363027896	0.7785931564946544	([424, 111], [424, 219, 28])
1	0.7509859910155093	0.7786524332492	([172, 24], [172, 111, 108])
1	0.7482974722934004	0.7786901124120282	([605, 405], [605, 391, 387])
1	0.7733840222221902	0.7789310886010546	([275, 8], [275, 74, 8])
1	0.7755641103052535	0.7793205617972838	([586, 456], [586, 508, 456])
1	0.7679415640583287	0.7796018932384458	([497, 359], [497, 438, 359])
1	0.7768550207809548	0.7797842208405922	([282, 70], [282, 182, 179])
1	0.7707219072538102	0.7798326879719492	([498, 365], [498, 445, 365])
1	0.6398313925678205	0.7801803543904994	([509, 223], [509, 434, 418])
1	0.7770123221374885	0.780855609997091	([240, 24], [240, 64, 24])
1	0.7711866832374074	0.780872502421912	([590, 301], [590, 301, 222])
1	0.7330319932953862	0.7808938894813892	([328, 47], [328, 43, 20])
1	0.7606661573483312	0.7812871896335877	([418, 313], [418, 366, 313])
1	0.6262500307682433	0.7812871896335877	([366, 223], [418, 366, 356])
1	0.7782323973685755	0.7813047879136268	([300, 152], [300, 297, 152])
1	0.7792703497406388	0.7816761851864542	([511, 393], [511, 429, 423])
1	0.7711392480641927	0.78187995067814	([258, 90], [258, 239, 187])
1	0.7815818310679137	0.7822729907885508	([330, 8], [330, 117, 109])
1	0.776911892309801	0.7822901088072038	([512, 216], [512, 506, 222])
1	0.7763515923982931	0.7824285487928906	([362, 213], [362, 328, 213])
1	0.7818032716517077	0.7825305018846859	([393, 261], [393, 283, 228])
1	0.7679773012157226	0.7826171815328795	([430, 116], [430, 338, 116])
1	0.7637119476908422	0.7834557818073848	([466, 342], [466, 416, 382])
1	0.7696621537966886	0.7836562833410131	([481, 387], [485, 481, 387])
1	0.7612053123405416	0.7839696892178334	([430, 24], [430, 116, 65])
1	0.7818245656321866	0.7839827919308737	([476, 71], [476, 430, 71])
1	0.7839698701821771	0.7841818574867401	([396, 73], [396, 242, 73])
1	0.7614085869155296	0.7845158269487013	([268, 206], [268, 208, 206])
1	0.773631484411656	0.7846527923586185	([532, 19], [548, 518, 19])
1	0.771434922301943	0.7846794330593094	([471, 343], [471, 404, 343])
1	0.7813337384627663	0.7847927829610136	([271, 124], [271, 150, 124])
1	0.7789270429076279	0.7848289280821961	([598, 111], [598, 583, 111])
1	0.7825929838367666	0.7848465865031437	([150, 24], [150, 107, 24])
1	0.7546408374387151	0.7851442522563069	([589, 115], [584, 242, 216])
1	0.7804092135494961	0.7852764476044669	([451, 306], [451, 306, 283])
1	0.7713263092700524	0.7853512385463893	([470, 298], [470, 393, 283])
1	0.7477498109458102	0.7854512134626088	([317, 225], [317, 300, 225])
1	0.7693714032777981	0.785667205901251	([541, 107], [541, 179, 107])
1	0.7825177211001809	0.7858454092717948	([602, 323], [602, 323, 251])
1	0.7793113093691927	0.7859325014090324	([553, 22], [578, 553, 22])
1	0.7673395194004159	0.7861998792745553	([459, 65], [459, 283, 239])
1	0.7694260845369087	0.7864533326303311	([177, 34], [177, 60, 0])
1	0.7837115207178447	0.78648515810286	([581, 452], [581, 470, 452])
1	0.7800354575018247	0.786696220321068	([493, 269], [493, 280, 269])
1	0.7847676076239674	0.786787864956707	([228, 16], [228, 126, 16])
1	0.7856734539477007	0.787710334142835	([571, 459], [571, 561, 459])
1	0.7832378178487586	0.7877359973797479	([225, 19], [225, 218, 40])
1	0.7777496627883342	0.7878057635515014	([194, 37], [194, 180, 24])
1	0.7796571580782088	0.7878694716793352	([470, 171], [504, 470, 172])
1	0.7851115207427035	0.7880301260059852	([426, 74], [426, 242, 74])
1	0.7870549712723749	0.788465771364225	([478, 62], [478, 217, 62])
1	0.7620333644664843	0.7886072363210148	([510, 69], [510, 218, 64])
1	0.6434361877944897	0.7887325328681384	([382, 223], [382, 285, 228])
1	0.7886440017760562	0.7888558882838471	([310, 194], [310, 217, 208])
1	0.772252621143271	0.7889241481213703	([416, 196], [416, 330, 196])
1	0.7789631982884507	0.7889386888330296	([551, 244], [551, 283, 244])
1	0.7850776254609101	0.7889675204611659	([482, 209], [482, 476, 209])
1	0.606023524892367	0.7889810899773945	([223, 113], [223, 217, 109])
1	0.7875132308661978	0.7893673881403284	([578, 158], [578, 217, 158])
1	0.7874853706623233	0.7893673881403284	([578, 254], [578, 254, 217])
1	0.78183508149703	0.7894758083765532	([125, 5], [125, 80, 5])
1	0.7525785843372294	0.7894916042128509	([541, 179], [583, 541, 242])
1	0.7721385293252252	0.7898348775700109	([551, 78], [551, 222, 78])
1	0.755102407308166	0.790006327591584	([540, 98], [540, 519, 98])
1	0.7664967512339463	0.7903878886745289	([602, 428], [602, 428, 338])
1	0.7785206213122757	0.7905220095184105	([300, 22], [300, 242, 215])
1	0.7868949861209718	0.7907851159463608	([536, 18], [536, 520, 18])
1	0.7894002166804941	0.7908194179926694	([289, 141], [289, 269, 141])
1	0.6197476640222195	0.7908194179926694	([326, 141], [326, 269, 141])
1	0.7831364681867286	0.7911229409787875	([432, 137], [432, 137, 64])
1	0.7857284474924776	0.7912553788357607	([414, 99], [414, 283, 99])
1	0.7467704851183959	0.7914197587893398	([491, 388], [491, 412, 388])
1	0.7899836916742157	0.7914585635692889	([602, 192], [602, 214, 192])
1	0.7700508073232927	0.7914691426994611	([434, 166], [434, 325, 321])
1	0.7713168924246124	0.7915950143131619	([184, 18], [184, 95, 63])
1	0.7835261483110989	0.7921191593540855	([552, 225], [543, 542, 225])
1	0.7652875941595746	0.7922146931037112	([395, 309], [395, 356, 343])
1	0.7803967623459392	0.7923578124812476	([566, 53], [566, 554, 53])
1	0.7823804514846231	0.7925107423625427	([554, 377], [554, 476, 377])
1	0.6215038620038161	0.7925374413791734	([484, 223], [484, 435, 239])
1	0.7910988276224238	0.7925618186692549	([369, 111], [369, 243, 213])
1	0.786919850605281	0.7928006487664148	([508, 349], [508, 500, 349])
1	0.789261958864149	0.7936944948370778	([422, 34], [505, 422, 34])
1	0.7733207894156054	0.7937656516052676	([540, 45], [543, 540, 45])
1	0.7928262726725468	0.7939927572021537	([484, 128], [484, 239, 128])
1	0.7650517946881217	0.7941157787250722	([555, 116], [555, 501, 64])
1	0.7753335761147999	0.7941932736867252	([477, 88], [573, 477, 88])
1	0.78586403983503	0.7942191105466403	([588, 415], [588, 435, 415])
1	0.7811471669751684	0.7945515148723907	([497, 295], [501, 397, 295])
1	0.783110034795595	0.7946788812474153	([591, 161], [591, 328, 161])
1	0.7794895587509288	0.7948142263367092	([465, 289], [465, 439, 289])
1	0.7783947743498671	0.79500601216717	([350, 166], [350, 239, 228])
1	0.7815085740403697	0.7950979217401667	([432, 6], [432, 65, 64])
1	0.7937520809095432	0.7951089295649573	([596, 113], [596, 235, 110])
1	0.7624283354194932	0.7952605577544762	([463, 350], [463, 419, 402])
1	0.5129229748523451	0.7953863528663135	([234, 48], [238, 234, 48])
1	0.7931041844017269	0.795607714937283	([494, 352], [494, 418, 352])
1	0.7817713615855263	0.7958225795853984	([144, 18], [144, 81, 18])
1	0.7615914249334753	0.7959903998835224	([542, 114], [542, 510, 114])
1	0.7748177991282575	0.7963343072815742	([511, 373], [593, 511, 373])
1	0.7903593337136009	0.796370182017449	([516, 186], [516, 426, 239])
1	0.7916570479417241	0.7964260089745187	([590, 400], [590, 469, 427])
1	0.7963763484532588	0.7965030297746393	([518, 150], [518, 326, 150])
1	0.7876176127365021	0.7968050054801388	([361, 25], [361, 239, 138])
1	0.7894974353415374	0.7968253048863079	([582, 89], [582, 89, 43])
1	0.7669627188906879	0.7970494866442053	([576, 200], [576, 319, 242])
1	0.7952122339595888	0.797079518081473	([288, 10], [288, 239, 10])
1	0.7919851069603402	0.7971064537192386	([199, 6], [214, 199, 6])
1	0.7609222625495262	0.7976154588482042	([543, 96], [543, 96, 7])
1	0.7888729257904248	0.7976519370424204	([317, 34], [357, 304, 34])
1	0.7804571427150317	0.7980559212791558	([585, 450], [585, 539, 450])
1	0.7834888664576931	0.7981462872291267	([569, 59], [578, 569, 513])
1	0.4721156481468645	0.798398263813749	([241, 240], [268, 247, 232])
1	0.786571291459001	0.7983996374557257	([155, 13], [155, 72, 7])
1	0.7753402784657911	0.7984341971558158	([574, 42], [574, 239, 42])
1	0.7981207646170645	0.7985345465067408	([451, 54], [451, 242, 239])
1	0.7971501856125097	0.798808633563238	([389, 141], [389, 289, 239])
1	0.7849976626274647	0.7989118867576261	([512, 82], [512, 170, 111])
1	0.7914500922957172	0.7989118867576261	([512, 123], [512, 170, 123])
1	0.7746006464635771	0.7989378320754148	([465, 324], [465, 367, 365])
1	0.795535502466368	0.7991535549444919	([579, 383], [579, 383, 372])
1	0.7950274142422046	0.7992888380093552	([449, 118], [449, 329, 118])
1	0.7740275429850098	0.7993921208902709	([525, 265], [525, 518, 279])
1	0.7960477592096015	0.7994310539163683	([556, 245], [556, 538, 245])
1	0.7735699213065932	0.7997646577695665	([521, 40], [521, 458, 40])
1	0.7767507971693892	0.7998206408234367	([288, 85], [288, 242, 85])
1	0.7993233120024206	0.799988633782199	([556, 115], [556, 543, 115])
1	0.7900498116728675	0.8003649180865092	([385, 52], [574, 493, 385])
1	0.7928476135806289	0.8006223545881304	([511, 253], [511, 429, 273])
1	0.7803155003185615	0.8006763467723461	([521, 89], [521, 108, 89])
1	0.7840217607063046	0.801174887094367	([508, 77], [508, 506, 77])
1	0.7984128228456542	0.8011968653600658	([531, 5], [543, 531, 485])
1	0.7803792634665829	0.8012594021724548	([581, 194], [581, 328, 194])
1	0.79989380915024	0.8012810833573901	([189, 48], [189, 121, 84])
1	0.7774719757230671	0.8014052299819711	([463, 285], [463, 349, 309])
1	0.7868038288421147	0.8014966833553333	([394, 156], [394, 329, 156])
1	0.7902940078817116	0.8016714520453467	([492, 166], [492, 414, 239])
1	0.8016115577044163	0.8017421715182961	([550, 266], [550, 266, 192])
1	0.7803548389187037	0.8017889719025033	([516, 91], [516, 239, 91])
1	0.7728352051276045	0.8020401540531124	([576, 13], [576, 66, 65])
1	0.4838696689813851	0.802102227936052	([190, 188], [231, 225, 158])
1	0.7990210491963912	0.8021260112433719	([540, 258], [540, 326, 299])
1	0.7940034831162152	0.802583600483592	([575, 84], [575, 544, 51])
1	0.7827944693755533	0.8030867313033548	([486, 123], [486, 218, 102])
1	0.801096789098762	0.803285671712183	([293, 30], [368, 293, 30])
1	0.7944909558217408	0.8033619531729398	([572, 313], [572, 313, 239])
1	0.7953719211334647	0.8034134394403591	([520, 153], [520, 243, 178])
1	0.7906703277169235	0.8035988026461426	([360, 159], [360, 328, 159])
1	0.7996491796868861	0.8040767686303947	([421, 9], [409, 218, 102])
1	0.7836833826780399	0.8042782348254288	([534, 9], [533, 61, 16])
1	0.45806321549190876	0.8044521530356817	([238, 232], [237, 231, 224])
1	0.7911530307191124	0.8050586093847502	([471, 29], [497, 471, 394])
1	0.7906848472570406	0.805087669999804	([391, 92], [371, 319, 92])
1	0.7986602713046708	0.8052066180728502	([467, 116], [555, 467, 442])
1	0.8018505138931291	0.8052641526917342	([535, 351], [535, 354, 351])
1	0.79608781267482	0.805675624805638	([360, 18], [360, 329, 18])
1	0.7847791779062647	0.8059511999044833	([499, 174], [508, 499, 119])
1	0.7987631514021805	0.8063165813343659	([454, 240], [454, 430, 380])
1	0.779796644047454	0.8065344154266448	([588, 57], [588, 580, 57])
1	0.7901299548391006	0.8068442309312069	([563, 162], [563, 283, 272])
1	0.804763580601434	0.8070333000695071	([564, 388], [564, 525, 388])
1	0.803383791859608	0.8074051452187977	([599, 141], [599, 141, 128])
1	0.795471170462579	0.8075475732224093	([554, 102], [554, 515, 217])
1	0.7773359691095217	0.8080346903277038	([599, 98], [599, 503, 98])
1	0.8062046886336132	0.8080487798377025	([533, 180], [533, 217, 180])
1	0.7773152056314854	0.8081014260810233	([359, 120], [359, 269, 177])
1	0.7784711031105261	0.8081286831867215	([390, 182], [430, 390, 182])
1	0.7940102643484231	0.8082871080269627	([603, 375], [603, 375, 258])
1	0.4947893817216428	0.8083657537278495	([234, 196], [238, 234, 196])
1	0.8073052853582943	0.8086074831373093	([550, 87], [550, 512, 87])
1	0.7974686298117095	0.8087405246084552	([470, 11], [470, 330, 11])
1	0.8050938567438242	0.8089157284564629	([370, 72], [370, 359, 90])
1	0.7778871198476555	0.8090101185873745	([315, 55], [329, 315, 55])
1	0.7922436917804694	0.8093639815949847	([522, 37], [546, 522, 37])
1	0.7907799661079862	0.8097019287314531	([379, 58], [379, 58, 34])
1	0.503252954411114	0.8110745840083815	([598, 234], [598, 238, 234])
1	0.8052129422471732	0.8112876670924318	([467, 205], [467, 217, 205])
1	0.7866583003114297	0.8115117278287769	([465, 20], [536, 465, 3])
1	0.4996041229254212	0.8116022099710652	([421, 232], [421, 271, 242])
1	0.798684723393862	0.8117732583053514	([578, 236], [578, 251, 236])
1	0.7737054818513781	0.8117919217985463	([539, 86], [539, 486, 75])
1	0.795202497049722	0.8119300218504286	([582, 349], [582, 514, 349])
1	0.8085604116289217	0.8119985974994444	([463, 109], [463, 427, 88])
1	0.8093241429422904	0.8120036203607642	([438, 119], [438, 418, 119])
1	0.8013565587069247	0.8120811120802565	([569, 126], [569, 126, 59])
1	0.794805402339625	0.8121021666994745	([461, 86], [461, 222, 86])
1	0.788021961416185	0.8121097459588786	([483, 140], [525, 483, 140])
1	0.7846249068080332	0.8121097459588786	([570, 30], [561, 525, 140])
1	0.8120640940873176	0.8126267363335117	([419, 155], [419, 402, 155])
1	0.7826198313467126	0.8126371415666644	([497, 29], [522, 497, 29])
1	0.8051362917180055	0.8127255001562474	([532, 135], [532, 510, 135])
1	0.7830761919230126	0.8128049067121773	([466, 28], [466, 457, 28])
1	0.7752648788681853	0.8128359174551976	([530, 12], [530, 329, 283])
1	0.7651928640174476	0.8129248650072016	([455, 33], [455, 329, 242])
1	0.799844935610486	0.8131153970079323	([352, 94], [352, 212, 187])
1	0.8082560443079947	0.8132864518451625	([497, 100], [497, 100, 34])
1	0.7869206861296807	0.8132935240213248	([526, 57], [526, 503, 57])
1	0.8082299296266244	0.8133755477727833	([557, 55], [557, 76, 44])
1	0.8078195800505348	0.813517227571316	([420, 148], [420, 217, 160])
1	0.8025095953374294	0.8137999907870103	([525, 173], [525, 279, 173])
1	0.7986947824954568	0.8139006181923099	([503, 313], [503, 420, 313])
1	0.7879027976520064	0.8139869088923539	([468, 312], [468, 312, 217])
1	0.8051712016455802	0.8144142566940407	([418, 181], [418, 313, 195])
1	0.8040536971835548	0.8145902582939311	([452, 13], [452, 118, 0])
1	0.8147127642898724	0.8147469795428511	([401, 5], [434, 401, 217])
1	0.8029028481677899	0.8156829446909457	([383, 153], [515, 383, 153])
1	0.8142432033958381	0.815792842169469	([563, 103], [563, 524, 103])
1	0.8059585911086895	0.8159040637976946	([488, 32], [503, 488, 155])
1	0.7996795959561271	0.816310425608504	([503, 155], [579, 503, 155])
1	0.7724738238540704	0.816679686369402	([572, 54], [577, 572, 54])
1	0.810550665313059	0.8167098786837178	([455, 193], [455, 193, 33])
1	0.8154406977976205	0.8168721294791055	([405, 146], [405, 235, 160])
1	0.8079412170659721	0.8174243543482421	([442, 125], [442, 329, 283])
1	0.8027718014803938	0.817453848101633	([342, 81], [342, 318, 81])
1	0.8153184872167536	0.8174925207027129	([419, 87], [419, 218, 122])
1	0.8097279326369484	0.8181661393332564	([382, 125], [382, 329, 242])
1	0.48182919943664004	0.8201532866800042	([232, 171], [238, 232, 89])
1	0.7861558586233194	0.8210176906217813	([405, 55], [405, 329, 239])
1	0.8197260049915255	0.82166002694083	([482, 248], [482, 248, 220])
1	0.8001527560880605	0.821763072017427	([484, 38], [484, 458, 38])
1	0.813783500562331	0.8231154902325586	([495, 10], [495, 479, 10])
1	0.8179202345504463	0.8255558576316544	([464, 203], [464, 203, 83])
1	0.8252743836544547	0.8256826366314048	([450, 84], [489, 450, 84])
1	0.4826286180514291	0.8264241125349864	([233, 206], [232, 225, 211])
1	0.7971457181614854	0.8308326834990098	([542, 147], [542, 239, 147])
1	0.8338613210042938	0.8339781057963283	([583, 148], [583, 184, 148])
1	0.5310158310534305	0.8357492398829269	([510, 233], [510, 339, 233])
1	0.4932318988059681	0.8475976227904468	([375, 231], [375, 240, 231])
1	0.5193774497410911	0.8495715155121304	([324, 234], [324, 234, 196])
1	0.8189407881237097	0.8514104438899537	([455, 224], [455, 224, 142])
1	0.4742865412633911	0.8553640001308637	([211, 210], [226, 225, 202])
1	0.49448689681648816	0.9197562249910652	([364, 226], [364, 363, 226])
0	0.0	1.0	([227], [227, 0])
0	0.0	inf	([0], [])
