0	0.0	0.02746866437739025	([201], [201, 199])
0	0.0	0.226339993705724	([134], [134, 133])
0	0.0	0.23468378469726958	([156], [156, 155])
0	0.0	0.23789651649633456	([150], [150, 149])
0	0.0	0.24163025907645383	([106], [106, 105])
0	0.0	0.24171899144304904	([85], [85, 84])
0	0.0	0.24277773944679748	([197], [197, 196])
0	0.0	0.2431979468722157	([129], [129, 128])
0	0.0	0.2460172121846852	([174], [174, 173])
0	0.0	0.24826682536563924	([146], [146, 145])
0	0.0	0.2500025674404707	([152], [152, 151])
0	0.0	0.2544043849740907	([165], [165, 164])
0	0.0	0.25841466213257064	([72], [72, 71])
0	0.0	0.25873180413714886	([108], [108, 107])
0	0.0	0.2594664609490917	([159], [159, 158])
0	0.0	0.2613975301050274	([83], [83, 82])
0	0.0	0.2626246194123206	([154], [154, 153])
0	0.0	0.26296896172976525	([101], [101, 100])
0	0.0	0.26407514408245053	([178], [178, 177])
0	0.0	0.264670607593526	([198], [198, 197])
0	0.0	0.265742691567064	([162], [162, 161])
0	0.0	0.26633589440877253	([161], [161, 160])
0	0.0	0.26738264468203493	([75], [75, 74])
0	0.0	0.26847492071539103	([77], [77, 76])
0	0.0	0.26896526688658434	([158], [158, 157])
0	0.0	0.269870664856433	([89], [89, 87])
0	0.0	0.27004414633839163	([157], [157, 156])
0	0.0	0.2704752121973188	([179], [179, 178])
0	0.0	0.27047889190408525	([147], [147, 146])
0	0.0	0.272289029153719	([82], [82, 81])
0	0.0	0.2724081797708723	([114], [114, 113])
0	0.0	0.2733506937280007	([130], [130, 129])
0	0.0	0.2739033781531536	([78], [78, 77])
0	0.0	0.2740261683819724	([138], [138, 137])
0	0.0	0.27459447947027177	([120], [120, 119])
0	0.0	0.2747247848468846	([139], [139, 138])
0	0.0	0.2763560469400481	([116], [116, 115])
0	0.0	0.2780713968380053	([142], [142, 141])
0	0.0	0.27887165000443753	([87], [89, 88])
0	0.0	0.2790672754071614	([176], [176, 175])
0	0.0	0.2799612434924286	([98], [98, 97])
0	0.0	0.2800011062745704	([118], [118, 117])
0	0.0	0.2802908986846815	([148], [148, 147])
0	0.0	0.2807043023636663	([191], [191, 190])
0	0.0	0.2818951814059311	([52], [52, 51])
0	0.0	0.2820416653539317	([97], [97, 95])
0	0.0	0.2827451072012303	([180], [180, 179])
0	0.0	0.2832391938785419	([145], [145, 144])
0	0.0	0.2839098244545609	([111], [111, 110])
0	0.0	0.2843827284802311	([80], [80, 79])
0	0.0	0.286749383744616	([96], [96, 95])
0	0.0	0.2879205449198972	([69], [69, 68])
0	0.0	0.2880904954579603	([117], [117, 116])
0	0.0	0.28818209928815036	([43], [43, 42])
0	0.0	0.2883495536133196	([173], [173, 172])
0	0.0	0.28836249545587384	([136], [136, 135])
0	0.0	0.2893158794238553	([153], [153, 152])
0	0.0	0.28938337107052087	([92], [92, 91])
0	0.0	0.2896977323622006	([74], [74, 73])
0	0.0	0.2901738076301445	([100], [100, 99])
0	0.0	0.290225673210442	([73], [73, 72])
0	0.0	0.2907709642184255	([133], [133, 132])
0	0.0	0.29077428771170183	([195], [195, 194])
0	0.0	0.29119774120182645	([135], [135, 134])
0	0.0	0.2914753742262582	([115], [115, 114])
0	0.0	0.29194633396539993	([196], [196, 195])
0	0.0	0.2921560825241774	([99], [99, 98])
0	0.0	0.29330202154039137	([140], [140, 139])
0	0.0	0.2946717476039925	([151], [151, 150])
0	0.0	0.295098062173648	([107], [107, 106])
0	0.0	0.2954558946184508	([144], [144, 143])
0	0.0	0.29561296085923067	([124], [124, 123])
0	0.0	0.29744082055405735	([94], [94, 93])
0	0.0	0.2977717505972146	([71], [71, 70])
0	0.0	0.2978174425140508	([45], [45, 44])
0	0.0	0.29840459486386417	([112], [112, 111])
0	0.0	0.29862997084116344	([168], [168, 167])
0	0.0	0.2995143570814068	([182], [182, 181])
0	0.0	0.3011316323182921	([66], [66, 65])
0	0.0	0.30313595056749626	([143], [143, 142])
0	0.0	0.30313770792476896	([68], [68, 67])
0	0.0	0.30339618807070307	([127], [127, 126])
0	0.0	0.30468944053649444	([105], [105, 104])
0	0.0	0.30492224088092573	([93], [93, 92])
0	0.0	0.30646329118492566	([137], [137, 136])
0	0.0	0.3085464477949597	([170], [170, 169])
0	0.0	0.3086737863978803	([169], [169, 168])
0	0.0	0.3088869359403242	([126], [126, 125])
0	0.0	0.30895079406291487	([46], [46, 45])
0	0.0	0.3101700778766705	([81], [81, 80])
0	0.0	0.3119023422484139	([64], [64, 63])
0	0.0	0.312431921457958	([155], [155, 154])
0	0.0	0.3140276096967875	([164], [164, 163])
0	0.0	0.3142989052020278	([149], [149, 148])
0	0.0	0.31502674951814275	([63], [63, 62])
0	0.0	0.3159787534296576	([65], [65, 64])
0	0.0	0.3175188555557868	([61], [61, 60])
0	0.0	0.3181473649980739	([192], [192, 191])
0	0.0	0.3195692753929493	([167], [167, 166])
0	0.0	0.31989857187596055	([160], [160, 159])
0	0.0	0.32070362929874313	([175], [175, 174])
0	0.0	0.3209973745372541	([76], [76, 75])
0	0.0	0.3211624085986392	([62], [62, 61])
0	0.0	0.32132731605319914	([200], [200, 198])
0	0.0	0.32138154192867385	([95], [95, 94])
0	0.0	0.3215655733455971	([177], [177, 176])
0	0.0	0.3218820851237754	([190], [190, 189])
0	0.0	0.32232062637941217	([88], [87, 86])
0	0.0	0.32303074428214223	([104], [104, 103])
0	0.0	0.3244283100449082	([188], [188, 187])
0	0.0	0.3249913838650613	([70], [70, 69])
0	0.0	0.3265511282596265	([141], [141, 140])
0	0.0	0.32669996379357175	([163], [163, 162])
0	0.0	0.32767111055865855	([189], [189, 188])
0	0.0	0.3279596942472242	([119], [119, 118])
0	0.0	0.32950854773561583	([183], [183, 182])
0	0.0	0.3304420539590692	([122], [122, 120])
0	0.0	0.3311307132750838	([123], [123, 122])
0	0.0	0.3314478508340008	([44], [44, 43])
0	0.0	0.3320220773303738	([128], [128, 127])
0	0.0	0.33203639567948745	([113], [113, 112])
0	0.0	0.33279166383588143	([166], [166, 165])
0	0.0	0.33337889107431923	([79], [79, 78])
0	0.0	0.3337636540980355	([67], [67, 66])
0	0.0	0.3352412713645981	([172], [172, 171])
0	0.0	0.33615523899473326	([84], [84, 83])
0	0.0	0.3382778101753979	([110], [110, 109])
0	0.0	0.34015664097677534	([86], [86, 85])
0	0.0	0.340683250809531	([125], [125, 124])
0	0.0	0.34233589323404706	([121], [121, 120])
0	0.0	0.34268660651038496	([102], [102, 101])
0	0.0	0.3429073538392867	([181], [181, 180])
0	0.0	0.34355783269594486	([194], [194, 192])
0	0.0	0.34924676858728243	([109], [109, 108])
0	0.0	0.3492688139036043	([185], [185, 183])
0	0.0	0.35268811161331926	([193], [193, 192])
0	0.0	0.3528196537836338	([103], [103, 102])
0	0.0	0.3590050482036566	([60], [61, 58])
0	0.0	0.3607310144835985	([187], [187, 185])
0	0.0	0.3611102930844482	([51], [51, 50])
0	0.0	0.3626491794291267	([5], [5, 4])
0	0.0	0.3637775319513125	([48], [48, 47])
0	0.0	0.36589356300341147	([171], [171, 170])
0	0.0	0.37147023775864946	([58], [60, 59])
0	0.0	0.37173601446802634	([37], [37, 35])
0	0.0	0.37197844548060977	([24], [24, 23])
0	0.0	0.37202295859183193	([9], [9, 8])
0	0.0	0.3762127819624417	([91], [91, 90])
0	0.0	0.3775097032546845	([53], [53, 40])
0	0.0	0.37907276746495133	([8], [9, 3])
0	0.0	0.37930554203748246	([90], [90, 89])
1	0.38687240077646506	0.3870904038577674	([117, 113], [117, 116, 115])
0	0.0	0.38965033107911745	([47], [47, 46])
0	0.0	0.39048606531457764	([131], [131, 130])
0	0.0	0.3910821306603678	([132], [132, 130])
0	0.0	0.3962602614422586	([38], [38, 37])
0	0.0	0.3975041543386746	([184], [184, 183])
0	0.0	0.39836823755787315	([186], [186, 185])
0	0.0	0.3990357022531429	([34], [34, 33])
0	0.0	0.3997516250666819	([59], [58, 57])
0	0.0	0.40144615345303747	([2], [2, 0])
0	0.0	0.402156690839932	([27], [27, 22])
0	0.0	0.410619889923005	([50], [50, 49])
0	0.0	0.4110424416210515	([54], [54, 53])
0	0.0	0.41669409770394483	([30], [30, 25])
0	0.0	0.4193650384824169	([49], [50, 48])
0	0.0	0.4205626295253362	([10], [10, 9])
0	0.0	0.4225268954436533	([33], [34, 32])
0	0.0	0.4240573597311065	([22], [27, 25])
0	0.0	0.4264248921981382	([35], [35, 34])
0	0.0	0.42702586229651224	([41], [41, 38])
1	0.40173205315379956	0.4296894385449033	([189, 181], [189, 187, 181])
0	0.0	0.43024147193537016	([32], [32, 31])
0	0.0	0.4319205102088632	([28], [28, 26])
0	0.0	0.4346514022423008	([31], [41, 39])
0	0.0	0.43660199454065024	([36], [36, 35])
0	0.0	0.4373362000162796	([56], [56, 6])
0	0.0	0.4415019308641218	([29], [29, 26])
0	0.0	0.44245650281665094	([55], [55, 54])
0	0.0	0.4533928782429276	([39], [31, 30])
0	0.0	0.4544649569441093	([3], [10, 4])
0	0.0	0.45751213672838675	([6], [56, 55])
0	0.0	0.45780425079982673	([25], [31, 29])
0	0.0	0.4620528013697584	([7], [7, 1])
0	0.0	0.46818849650302036	([40], [55, 39])
0	0.0	0.4778450285890826	([57], [57, 25])
0	0.0	0.4853432533886717	([42], [42, 41])
0	0.0	0.4854639288056099	([0], [2, 1])
0	0.0	0.49176041869749626	([4], [5, 1])
0	0.0	0.5041024287191423	([26], [28, 23])
0	0.0	0.5099573352688055	([23], [28, 1])
1	0.514681665378398	0.5575296893793681	([29, 8], [29, 9, 8])
1	0.5327297993132315	0.5876877912207599	([49, 40], [54, 50, 49])
1	0.47039180960633814	0.6035451494571205	([33, 25], [33, 31, 30])
1	0.5672916551804842	0.6038532133658552	([40, 34], [46, 44, 40])
1	0.5914254006308337	0.6047182897416346	([198, 179], [198, 192, 179])
1	0.6256738017260659	0.6324712481030644	([200, 173], [200, 188, 179])
1	0.5450575271460206	0.6326687133723675	([42, 36], [42, 41, 37])
1	0.5210654897447738	0.6361923057647023	([28, 27], [30, 28, 27])
1	0.5006568393964158	0.6390658217899796	([49, 39], [55, 49, 42])
1	0.45364637223266674	0.6418488819352026	([39, 36], [41, 39, 36])
1	0.6332290040901271	0.6492976747526255	([57, 35], [59, 57, 31])
1	0.5163035820032448	0.6495967720386787	([47, 38], [47, 42, 41])
1	0.5838061125449349	0.6542956655974583	([59, 31], [57, 51, 35])
1	0.6151065741633471	0.6548126560317997	([109, 40], [121, 109, 108])
1	0.4974084398366048	0.6553889474770227	([55, 52], [55, 42, 36])
1	0.6387058777855706	0.6567169090553793	([59, 2], [59, 30, 2])
1	0.6254848520982795	0.6665490352598471	([58, 8], [58, 55, 32])
1	0.6595495733583338	0.6698272447255629	([62, 1], [62, 60, 1])
1	0.6504409760876566	0.6753159289739463	([132, 106], [132, 126, 106])
1	0.6620623416371383	0.6774123677650435	([98, 69], [98, 88, 69])
1	0.6422559457285283	0.6784068581918861	([63, 34], [66, 63, 33])
1	0.6667850719287906	0.6807516300323921	([198, 159], [198, 178, 171])
1	0.6748857643556541	0.6811629057820513	([127, 105], [127, 116, 114])
1	0.6485737526759632	0.6816712208165918	([178, 159], [178, 172, 159])
1	0.6134170673721435	0.682992055201417	([50, 26], [50, 42, 35])
1	0.6826160430649076	0.6832242552599838	([179, 157], [179, 167, 157])
1	0.6729295461647254	0.6878192995849395	([92, 53], [104, 96, 94])
1	0.6781927215265693	0.6888440643183797	([129, 104], [129, 114, 105])
1	0.6697586465599095	0.689712743166918	([61, 0], [61, 30, 29])
1	0.6752369100671204	0.6934409757772234	([50, 1], [65, 60, 1])
1	0.6949569839691879	0.6949716033862678	([75, 48], [75, 68, 63])
1	0.6810438429455656	0.6951719929756882	([101, 70], [101, 92, 74])
1	0.6200308108443956	0.6973259456141929	([41, 2], [42, 41, 2])
1	0.6961689429904573	0.6990197114602664	([69, 44], [69, 63, 44])
1	0.6647853996541792	0.7020148056669089	([48, 5], [48, 34, 5])
1	0.6712237580972064	0.7028352774556289	([136, 103], [136, 124, 103])
1	0.6008129331740286	0.7036917549152734	([102, 23], [102, 90, 85])
1	0.6898845768392696	0.7038795983891931	([52, 9], [66, 52, 9])
1	0.7041265922157587	0.705535507491348	([185, 60], [186, 185, 60])
1	0.6750466407531562	0.7059199789480773	([159, 135], [159, 152, 150])
1	0.6757088096626614	0.7072243469245221	([186, 29], [185, 60, 31])
1	0.6446777184835453	0.7077083125046587	([59, 4], [62, 59, 4])
1	0.7046588757839853	0.7082587076898995	([194, 4], [189, 183, 4])
1	0.6945609757512174	0.7083701520851187	([94, 1], [94, 86, 1])
1	0.6925805779857833	0.7094943053895636	([128, 94], [128, 105, 102])
1	0.6946018767147446	0.7104477615474052	([196, 156], [196, 170, 166])
1	0.7038986987933449	0.7127470551125722	([168, 1], [191, 175, 4])
1	0.7055987721797143	0.7147033281697256	([93, 67], [93, 80, 67])
1	0.7045864090345604	0.7171691719984695	([104, 71], [104, 97, 71])
1	0.71037213328743	0.7181812961044644	([198, 142], [198, 159, 154])
1	0.6451349662330478	0.7199342495806914	([183, 10], [187, 183, 61])
1	0.7089370259033823	0.7207629611970033	([27, 10], [61, 29, 27])
1	0.6514203651378556	0.7211211751306146	([127, 26], [141, 128, 127])
1	0.7130693130242172	0.7214075399643463	([105, 66], [105, 66, 65])
1	0.7221763494633708	0.7224269509006972	([131, 98], [135, 131, 98])
1	0.7213928725231176	0.723727914397468	([162, 123], [162, 150, 136])
1	0.7209712532794339	0.7251416941426194	([135, 93], [135, 132, 93])
1	0.7031493410998141	0.7252662409661282	([200, 132], [200, 161, 158])
1	0.7167833205891567	0.7288933110789294	([187, 5], [187, 178, 5])
1	0.7106966944933946	0.730263139427225	([154, 99], [154, 134, 132])
1	0.7279566687289962	0.7323004639152185	([198, 46], [198, 180, 46])
1	0.7136857629984915	0.7324549978206811	([142, 96], [142, 133, 96])
1	0.7051633787014214	0.7325811412747706	([105, 54], [200, 132, 54])
1	0.6732330516485172	0.7331159070965486	([103, 48], [103, 80, 71])
1	0.7113477111060804	0.7337652780342637	([139, 101], [139, 135, 101])
1	0.7299930484542401	0.7350092304725903	([113, 90], [113, 102, 101])
1	0.7325375145203723	0.7371670756314117	([165, 102], [165, 134, 102])
1	0.7107710834679501	0.737666399580171	([102, 64], [102, 87, 67])
1	0.7220654792470648	0.7378958308146963	([138, 92], [138, 104, 100])
1	0.6981070217718318	0.7379845429380336	([179, 63], [180, 175, 54])
1	0.7317940332012143	0.7389135439568768	([171, 103], [171, 164, 103])
1	0.7393611024533607	0.7403519933903783	([165, 68], [165, 154, 68])
1	0.6848911534081172	0.7416839791232174	([200, 54], [189, 175, 54])
1	0.7072257845721924	0.7427641502443297	([138, 70], [133, 102, 70])
1	0.7039976600200482	0.7430876251748869	([171, 51], [171, 103, 51])
1	0.7109689214857748	0.7431282523563215	([94, 45], [94, 50, 45])
1	0.7352135914987639	0.7435297480545323	([156, 94], [156, 132, 94])
1	0.4782186376480954	0.7438648648283058	([57, 56], [57, 33, 28])
1	0.6241214696113456	0.7445069049164555	([185, 26], [105, 98, 66])
1	0.709373327461991	0.7451075723117814	([136, 10], [175, 162, 157])
1	0.7433866267329873	0.7471285736506547	([180, 137], [180, 161, 156])
1	0.7142602608376516	0.7489510020369263	([46, 10], [180, 64, 54])
1	0.7232081872947258	0.7493009334870503	([168, 96], [168, 157, 133])
1	0.6294718234626788	0.7499308627077139	([102, 26], [141, 128, 102])
1	0.7207436767313515	0.7503759046571726	([178, 66], [200, 66, 54])
1	0.747483438676722	0.750811543763675	([170, 48], [200, 170, 48])
1	0.7096977045416039	0.7512827665353649	([104, 10], [162, 146, 123])
1	0.7401415819530706	0.7517087536701219	([130, 81], [130, 107, 81])
1	0.7388131636590858	0.7530506082526875	([162, 92], [162, 136, 92])
1	0.7412995435758174	0.7533079579169863	([165, 76], [165, 76, 68])
1	0.7265641240365331	0.7533522963710056	([123, 52], [123, 102, 64])
1	0.6973463325635884	0.7535080601489215	([198, 70], [198, 70, 68])
1	0.7423290663996973	0.7539443621197651	([140, 50], [140, 138, 50])
1	0.7497896032558242	0.7546901057844854	([149, 90], [149, 130, 102])
1	0.6976242037495007	0.7549578623106071	([187, 2], [187, 59, 29])
1	0.7240790325669234	0.7553466810617996	([190, 37], [190, 37, 29])
1	0.7047278903604468	0.7562241031276575	([193, 0], [196, 193, 0])
1	0.7548301382908109	0.7566131770020966	([142, 85], [142, 96, 79])
1	0.7500717850134718	0.7568462875844226	([150, 91], [156, 150, 94])
1	0.7488179624265814	0.7571435550279456	([160, 71], [169, 160, 71])
1	0.6946676170013406	0.7572625115021119	([88, 8], [88, 68, 58])
1	0.7559920970635426	0.7582662959474593	([127, 0], [196, 136, 0])
1	0.7016193339685897	0.7584331054847158	([177, 67], [177, 151, 132])
1	0.5448680725681715	0.75875982419436	([59, 38], [59, 38, 37])
1	0.7483775545031137	0.7593040106780736	([101, 47], [101, 71, 47])
1	0.7189480254754469	0.760872925239398	([155, 52], [198, 155, 52])
1	0.7083133555656658	0.7608768071275045	([141, 1], [141, 100, 94])
1	0.752773225552776	0.7609213450382041	([103, 31], [103, 48, 42])
1	0.7252422556568318	0.7612613333930108	([139, 51], [139, 136, 51])
1	0.7007018355623835	0.7612866704404008	([126, 1], [168, 126, 96])
1	0.7477726932190042	0.7616281008571275	([160, 29], [165, 160, 29])
1	0.7551551956892406	0.7640138711806355	([111, 29], [123, 50, 36])
1	0.7630399324704368	0.7643662280365964	([156, 74], [174, 162, 0])
1	0.7164173901128883	0.7644503782883597	([98, 5], [98, 46, 34])
1	0.7627641371630313	0.76677677429493	([161, 78], [161, 135, 84])
1	0.767169681719087	0.7674739926341343	([170, 77], [170, 77, 69])
1	0.6739109113985783	0.7675607040030796	([70, 2], [70, 59, 51])
1	0.7520514487186525	0.7676840925882421	([197, 43], [197, 70, 43])
1	0.6284435315015359	0.7684728907264297	([141, 26], [102, 50, 48])
1	0.7086182651419344	0.7687563041402561	([119, 2], [119, 101, 88])
1	0.7570647599383343	0.769009343145016	([173, 112], [173, 164, 103])
1	0.754824765275448	0.76930286898896	([181, 36], [200, 181, 36])
1	0.7646567569038212	0.7699808756833856	([168, 75], [168, 160, 75])
1	0.7643527315216356	0.7707145389888481	([141, 73], [141, 131, 73])
1	0.6620636123036497	0.7707779451272523	([168, 26], [179, 168, 33])
1	0.6628095970070286	0.7719446960789044	([104, 53], [104, 53, 50])
1	0.7647299073988063	0.7727460082162491	([176, 88], [176, 170, 69])
1	0.7575056748352726	0.7733985050006456	([163, 49], [163, 101, 70])
1	0.7478429468514475	0.7736191119214667	([74, 0], [161, 156, 78])
1	0.6276068727734023	0.7744075874154777	([188, 7], [188, 32, 29])
1	0.7626664961201716	0.7747713860581311	([191, 77], [191, 170, 164])
1	0.7444342296405917	0.7784139575728674	([191, 45], [172, 147, 54])
1	0.7753858595815584	0.778443367337138	([134, 63], [134, 133, 63])
1	0.7156365825029087	0.780466784848056	([74, 10], [74, 46, 44])
1	0.619992431264513	0.7805910726448309	([27, 24], [33, 27, 25])
1	0.7505999272584686	0.7811932843407714	([191, 113], [197, 191, 113])
1	0.7797802408665147	0.7813373214066827	([192, 72], [192, 171, 72])
1	0.6938024863430113	0.7830892661891762	([169, 2], [167, 55, 42])
1	0.7658751761537709	0.7877014066389828	([120, 45], [120, 103, 48])
1	0.606574745598987	0.7886379886884388	([121, 40], [109, 67, 54])
1	0.7830948623998782	0.7896443963549026	([90, 3], [33, 32, 3])
1	0.7357827582273968	0.7924000923551766	([151, 3], [135, 98, 3])
1	0.5482599071241324	0.7926352176032816	([193, 39], [193, 39, 36])
1	0.7937093631062122	0.7945579336408465	([185, 3], [185, 170, 3])
1	0.7933080747851837	0.7945610348333195	([147, 28], [147, 100, 28])
1	0.7227311959097928	0.7954655815700648	([81, 4], [81, 62, 29])
1	0.5831935952691514	0.7994142790863996	([171, 40], [171, 46, 45])
1	0.657165055688997	0.8049877977446342	([166, 24], [166, 44, 37])
1	0.7428453007580432	0.8230520570906694	([117, 9], [117, 66, 47])
1	0.5951307103251564	0.8365236357531671	([90, 7], [188, 90, 34])
1	0.4846747445571441	0.8543403918681584	([184, 22], [184, 27, 26])
1	0.6172067858174726	0.8754510828688802	([37, 24], [28, 27, 24])
1	0.5872774913722204	0.8963200503878946	([90, 23], [90, 33, 31])
1	0.4875491004865901	0.900966948827311	([131, 6], [185, 130, 6])
1	0.5031689153964107	0.900966948827311	([186, 6], [186, 185, 6])
1	0.5330252221531622	0.9338992538069264	([10, 2], [10, 3, 0])
1	0.5618557352908804	0.9468873710814585	([32, 7], [32, 7, 2])
0	0.0	0.9633485560849744	([1], [200, 199])
0	0.0	1.0	([11], [11, 0])
0	0.0	1.0	([12], [12, 0])
0	0.0	1.0	([13], [13, 0])
0	0.0	1.0	([14], [14, 0])
0	0.0	1.0	([15], [15, 0])
0	0.0	1.0	([16], [16, 0])
0	0.0	1.0	([17], [17, 0])
0	0.0	1.0	([18], [18, 0])
0	0.0	1.0	([19], [19, 0])
0	0.0	1.0	([20], [20, 0])
0	0.0	1.0	([21], [21, 0])
0	0.0	inf	([199], [])
