0	0.0	0.02716027501288998	([44], [44, 14])
0	0.0	0.22858449233037578	([305], [305, 304])
0	0.0	0.23609323824829936	([387], [387, 386])
0	0.0	0.23713630313396436	([292], [292, 291])
0	0.0	0.23833611667590293	([419], [419, 418])
0	0.0	0.23861577791023292	([385], [385, 384])
0	0.0	0.23944254259030803	([434], [434, 433])
0	0.0	0.2398041286649569	([389], [389, 388])
0	0.0	0.23983639659112638	([219], [219, 218])
0	0.0	0.24027069622943995	([449], [449, 448])
0	0.0	0.2424141758733826	([423], [423, 422])
0	0.0	0.2434041949061366	([301], [301, 300])
0	0.0	0.24416632613754788	([442], [442, 441])
0	0.0	0.24525934356704038	([295], [295, 294])
0	0.0	0.24694138357369777	([107], [107, 106])
0	0.0	0.24768619275096335	([29], [29, 28])
0	0.0	0.24784351831487492	([263], [263, 262])
0	0.0	0.24811260878252586	([436], [436, 435])
0	0.0	0.24812394624989864	([431], [431, 430])
0	0.0	0.2485590405593418	([230], [230, 229])
0	0.0	0.24889274026097727	([265], [265, 264])
0	0.0	0.24972307896060225	([170], [170, 169])
0	0.0	0.2503177870616224	([425], [425, 424])
0	0.0	0.2507339955431489	([299], [299, 298])
0	0.0	0.2522066968025906	([401], [401, 400])
0	0.0	0.25239549692148733	([90], [90, 89])
0	0.0	0.25243199175118136	([379], [379, 378])
0	0.0	0.2534956477010429	([430], [430, 429])
0	0.0	0.2539195463010603	([209], [209, 208])
0	0.0	0.25411875916687965	([445], [445, 444])
0	0.0	0.2544370473665228	([178], [178, 177])
0	0.0	0.2545272776863203	([32], [32, 31])
0	0.0	0.2546275941063713	([114], [114, 113])
0	0.0	0.2546454856596693	([446], [446, 445])
0	0.0	0.2546832304808585	([284], [284, 283])
0	0.0	0.25474531354894064	([438], [438, 437])
0	0.0	0.25474654388212503	([270], [270, 269])
0	0.0	0.255162477857935	([297], [297, 296])
0	0.0	0.25531311410988566	([399], [399, 398])
0	0.0	0.25537341738987734	([25], [25, 24])
0	0.0	0.2558533454145126	([222], [222, 221])
0	0.0	0.2564878693288006	([33], [33, 32])
0	0.0	0.2565813693987348	([373], [373, 372])
0	0.0	0.25682991632466506	([444], [444, 443])
0	0.0	0.2568455558742983	([98], [98, 97])
0	0.0	0.25787526736330346	([427], [427, 426])
0	0.0	0.2581033506296557	([439], [439, 438])
0	0.0	0.25851215169245717	([418], [418, 417])
0	0.0	0.2585393747918544	([368], [368, 367])
0	0.0	0.2589274887612264	([75], [75, 74])
0	0.0	0.25907184209135165	([172], [172, 171])
0	0.0	0.2596601032063891	([193], [193, 192])
0	0.0	0.2598453079501198	([271], [271, 270])
0	0.0	0.2599099731484052	([205], [205, 204])
0	0.0	0.2599107728381906	([382], [382, 381])
0	0.0	0.26059029783011356	([37], [37, 36])
0	0.0	0.2606807072109228	([296], [296, 295])
0	0.0	0.2609303991064737	([35], [35, 34])
0	0.0	0.2613057122865367	([258], [258, 257])
0	0.0	0.26137761197743037	([375], [375, 374])
0	0.0	0.2615774216648191	([364], [364, 363])
0	0.0	0.26193004715230495	([429], [429, 428])
0	0.0	0.26196676922542644	([433], [433, 432])
0	0.0	0.26242485964892953	([361], [361, 360])
0	0.0	0.26249079354341914	([224], [224, 223])
0	0.0	0.26375917167136637	([30], [30, 29])
0	0.0	0.2639478108606307	([420], [420, 419])
0	0.0	0.26411942875684413	([241], [241, 240])
0	0.0	0.2642204911893155	([287], [287, 286])
0	0.0	0.2650303895340095	([31], [31, 30])
0	0.0	0.2651466450068281	([34], [34, 33])
0	0.0	0.2659631109291254	([290], [290, 289])
0	0.0	0.2659826087120218	([412], [412, 411])
0	0.0	0.26638583249650705	([396], [396, 395])
0	0.0	0.2666055355701929	([283], [283, 282])
0	0.0	0.26690973759577274	([289], [289, 288])
0	0.0	0.2669319043917117	([291], [291, 290])
0	0.0	0.2670448659965346	([316], [316, 315])
0	0.0	0.2675401922483139	([286], [286, 285])
0	0.0	0.268112412355088	([154], [154, 153])
0	0.0	0.26834457997671074	([69], [69, 68])
0	0.0	0.2685503039010077	([94], [94, 93])
0	0.0	0.2686091592593985	([317], [317, 316])
0	0.0	0.26868350809490554	([424], [424, 423])
0	0.0	0.2692654819957052	([327], [327, 326])
0	0.0	0.2693502854194153	([277], [277, 276])
0	0.0	0.2693630101701591	([50], [50, 49])
0	0.0	0.2703059683417288	([391], [391, 390])
0	0.0	0.27037213634498247	([74], [74, 73])
0	0.0	0.2703994170263039	([208], [208, 207])
0	0.0	0.27061342178845466	([312], [312, 311])
0	0.0	0.2707583618110943	([303], [303, 302])
0	0.0	0.27087131736512193	([381], [381, 380])
0	0.0	0.2712355413387646	([267], [267, 266])
0	0.0	0.2714206395235746	([443], [443, 442])
0	0.0	0.27161473297460714	([72], [72, 71])
0	0.0	0.2720803852545303	([76], [76, 75])
0	0.0	0.2723560944069836	([88], [88, 87])
0	0.0	0.27281918690495777	([409], [409, 408])
0	0.0	0.2731581689905497	([414], [414, 413])
0	0.0	0.27317010256693997	([238], [238, 237])
0	0.0	0.2734057482906112	([306], [306, 305])
0	0.0	0.2735268030391157	([451], [451, 450])
0	0.0	0.27359036959570326	([278], [278, 277])
0	0.0	0.27415678026479107	([392], [392, 391])
0	0.0	0.27424964306381233	([200], [200, 199])
0	0.0	0.27437200993273	([240], [240, 239])
0	0.0	0.2744256372037826	([182], [182, 181])
0	0.0	0.27460531209795797	([256], [256, 255])
0	0.0	0.27461347975188444	([190], [190, 189])
0	0.0	0.2752325696805748	([244], [244, 243])
0	0.0	0.2752702630988157	([321], [321, 320])
0	0.0	0.27534379766931366	([402], [402, 401])
0	0.0	0.27559122271819664	([216], [216, 215])
0	0.0	0.27596063439521346	([201], [201, 200])
0	0.0	0.27626837540518084	([383], [383, 382])
0	0.0	0.27626919041591447	([432], [432, 431])
0	0.0	0.2763010169332606	([112], [112, 111])
0	0.0	0.2765171989750026	([167], [167, 166])
0	0.0	0.2766753261882027	([268], [268, 267])
0	0.0	0.2772923931496508	([274], [274, 273])
0	0.0	0.27750643605937775	([151], [151, 150])
0	0.0	0.2775781387614648	([307], [307, 306])
0	0.0	0.2777687896389657	([415], [415, 414])
0	0.0	0.2780593545335689	([124], [124, 123])
0	0.0	0.27822692359134665	([405], [405, 404])
0	0.0	0.27885562932698005	([394], [394, 393])
0	0.0	0.27895359902522954	([294], [294, 293])
0	0.0	0.27905789813497917	([395], [395, 394])
0	0.0	0.2792465383862262	([100], [100, 99])
0	0.0	0.27942705945393587	([96], [96, 95])
0	0.0	0.28012642318966574	([407], [407, 406])
0	0.0	0.28024320557692384	([248], [248, 247])
0	0.0	0.2804278994710674	([198], [198, 197])
0	0.0	0.2806199660720972	([36], [36, 35])
0	0.0	0.2806476383941547	([84], [84, 83])
0	0.0	0.2806631230012396	([288], [288, 287])
0	0.0	0.28070386911424916	([204], [204, 203])
0	0.0	0.2810955712512166	([404], [404, 403])
0	0.0	0.28122437549005436	([452], [452, 451])
0	0.0	0.2813285106860318	([377], [377, 376])
0	0.0	0.28147943328187414	([329], [329, 328])
0	0.0	0.28235349640713514	([116], [116, 115])
0	0.0	0.282494532116317	([272], [272, 271])
0	0.0	0.2825272188714498	([142], [142, 141])
0	0.0	0.2826651728546667	([367], [367, 366])
0	0.0	0.2829469293419096	([366], [366, 365])
0	0.0	0.2830089601812942	([60], [60, 59])
0	0.0	0.28301069997407385	([251], [251, 250])
0	0.0	0.28317272203089117	([54], [54, 53])
0	0.0	0.2831875490590468	([260], [260, 259])
0	0.0	0.283251765775008	([127], [127, 126])
0	0.0	0.28373630497700886	([253], [253, 252])
0	0.0	0.2837932493418105	([372], [372, 371])
0	0.0	0.2838542585657106	([173], [173, 172])
0	0.0	0.2841174312420635	([378], [378, 377])
0	0.0	0.28451625580067064	([311], [312, 310])
0	0.0	0.28480220675819906	([45], [45, 43])
0	0.0	0.28496991518468884	([53], [53, 52])
0	0.0	0.2851899764321189	([109], [109, 108])
0	0.0	0.28546972727106595	([376], [376, 375])
0	0.0	0.2854787992749444	([169], [169, 168])
0	0.0	0.2856303517253474	([189], [189, 188])
0	0.0	0.2857262975276946	([293], [293, 292])
0	0.0	0.285852804510766	([408], [408, 407])
0	0.0	0.28606414591092527	([310], [310, 309])
0	0.0	0.2864071949795221	([156], [156, 155])
0	0.0	0.2870002605723205	([447], [447, 446])
0	0.0	0.2871340280222138	([331], [331, 330])
0	0.0	0.28721311150955203	([105], [105, 104])
0	0.0	0.2874822436763782	([195], [195, 194])
0	0.0	0.2875514317614313	([426], [426, 425])
0	0.0	0.2876511256843235	([261], [261, 260])
0	0.0	0.28784504146268136	([236], [236, 235])
0	0.0	0.28789593299817323	([220], [220, 219])
0	0.0	0.2882611272487932	([85], [85, 84])
0	0.0	0.28831588609573394	([82], [82, 81])
0	0.0	0.2885192268121685	([413], [413, 412])
0	0.0	0.2885803798275395	([191], [191, 190])
0	0.0	0.288640239614548	([437], [437, 436])
0	0.0	0.28920795032029184	([177], [177, 176])
0	0.0	0.28933724833536983	([302], [302, 301])
0	0.0	0.29019400700581194	([174], [174, 173])
0	0.0	0.29052860089565824	([225], [225, 224])
0	0.0	0.29070070346518545	([421], [421, 420])
0	0.0	0.2908961349190139	([91], [91, 90])
0	0.0	0.29123354737714696	([422], [422, 421])
0	0.0	0.29141370269220757	([255], [255, 254])
0	0.0	0.291520920158516	([356], [356, 355])
0	0.0	0.29188388209546623	([403], [403, 402])
0	0.0	0.2919821787708821	([180], [180, 179])
0	0.0	0.2920411253289666	([266], [266, 265])
0	0.0	0.29235841287749575	([371], [371, 370])
0	0.0	0.2923919105994803	([210], [210, 209])
0	0.0	0.29244309733045687	([234], [234, 233])
0	0.0	0.2924940187943515	([214], [214, 213])
0	0.0	0.292528221919021	([181], [181, 180])
0	0.0	0.2929670069954832	([254], [254, 253])
0	0.0	0.29297806308336105	([133], [133, 132])
0	0.0	0.2931115481342323	([157], [157, 156])
0	0.0	0.29325375583334273	([341], [341, 340])
0	0.0	0.2933400704073869	([52], [52, 51])
0	0.0	0.29343990212928567	([121], [121, 120])
0	0.0	0.29356891412044095	([318], [318, 317])
0	0.0	0.2939251886068907	([334], [334, 333])
0	0.0	0.29414266506257986	([165], [165, 164])
0	0.0	0.2942605957156137	([110], [110, 109])
0	0.0	0.29428530164280514	([62], [62, 61])
0	0.0	0.2949633407228241	([298], [298, 297])
0	0.0	0.2950598969434105	([140], [140, 139])
0	0.0	0.2951973310892457	([279], [279, 278])
0	0.0	0.295414102047473	([390], [390, 389])
0	0.0	0.29552858051848657	([347], [347, 346])
0	0.0	0.2956126144759354	([353], [353, 352])
0	0.0	0.29561632228644785	([370], [370, 369])
0	0.0	0.29575981549165015	([49], [49, 48])
0	0.0	0.29588112514106696	([428], [428, 427])
0	0.0	0.29598735079335825	([262], [262, 261])
0	0.0	0.29604304976660906	([325], [325, 324])
0	0.0	0.2960919603164521	([159], [159, 158])
0	0.0	0.2961987133111774	([332], [332, 331])
0	0.0	0.29622738569473883	([308], [308, 307])
0	0.0	0.2963531667689784	([252], [252, 251])
0	0.0	0.2970390295633194	([217], [217, 215])
0	0.0	0.2971931371126719	([352], [352, 351])
0	0.0	0.29729336388712807	([233], [233, 232])
0	0.0	0.2973638166848639	([57], [57, 56])
0	0.0	0.29760005406701023	([196], [196, 195])
0	0.0	0.2977198227661471	([129], [129, 128])
0	0.0	0.29777503608107797	([183], [183, 182])
0	0.0	0.2978556622646045	([145], [145, 144])
0	0.0	0.29866543494305525	([81], [81, 80])
0	0.0	0.2987399119819762	([102], [102, 100])
0	0.0	0.29888703130398864	([136], [136, 135])
0	0.0	0.2989650163667832	([92], [92, 91])
0	0.0	0.29912320253024455	([406], [406, 405])
0	0.0	0.2991824677125473	([171], [171, 170])
0	0.0	0.299188571274181	([163], [163, 162])
0	0.0	0.2992443060274872	([164], [164, 163])
0	0.0	0.29948404131241624	([393], [393, 392])
0	0.0	0.2995094490645026	([86], [86, 85])
0	0.0	0.30003625194438027	([349], [349, 348])
0	0.0	0.3001069005672629	([319], [319, 318])
0	0.0	0.3002381874559353	([345], [345, 344])
0	0.0	0.3004163532158281	([450], [450, 449])
0	0.0	0.30080719793619126	([147], [147, 146])
0	0.0	0.300846992662422	([68], [68, 67])
0	0.0	0.3009679017641805	([160], [160, 159])
0	0.0	0.3010803849069962	([70], [70, 69])
0	0.0	0.30111337359929696	([79], [79, 78])
0	0.0	0.3011229932849789	([148], [148, 147])
0	0.0	0.30120043215721604	([410], [410, 409])
0	0.0	0.30126871355349066	([416], [416, 415])
0	0.0	0.3014962487886965	([435], [435, 434])
0	0.0	0.30162970559932517	([175], [175, 174])
0	0.0	0.30164618542380817	([149], [149, 148])
0	0.0	0.3018325329961876	([344], [344, 343])
0	0.0	0.3019704510759491	([125], [125, 124])
0	0.0	0.3020399845871708	([232], [232, 231])
0	0.0	0.3022488952717438	([324], [324, 323])
0	0.0	0.30228262281191937	([351], [351, 350])
0	0.0	0.30239372372466344	([161], [161, 160])
0	0.0	0.30278009107355947	([362], [362, 361])
0	0.0	0.30288979230381585	([336], [336, 335])
0	0.0	0.30307138022859853	([152], [152, 151])
0	0.0	0.30324381566819547	([104], [104, 103])
0	0.0	0.3033362126291791	([343], [343, 342])
0	0.0	0.3036739763295524	([58], [58, 57])
0	0.0	0.30424940646511517	([199], [199, 198])
0	0.0	0.30451185534335123	([384], [384, 383])
0	0.0	0.30469074456768125	([250], [250, 249])
0	0.0	0.30488313340754813	([369], [369, 368])
0	0.0	0.30498955413804496	([194], [194, 193])
0	0.0	0.30501546921509215	([398], [398, 397])
0	0.0	0.3053071684630177	([51], [51, 50])
0	0.0	0.3053442763027695	([411], [411, 410])
0	0.0	0.30568232045057797	([123], [123, 122])
0	0.0	0.3057886906102319	([360], [360, 359])
0	0.0	0.305850954836369	([337], [337, 336])
0	0.0	0.3060671005462798	([333], [333, 332])
0	0.0	0.3062246945941511	([354], [354, 353])
0	0.0	0.3063439340984777	([65], [65, 64])
0	0.0	0.3064699385477177	([87], [87, 86])
0	0.0	0.30692858398982764	([363], [363, 362])
0	0.0	0.30694052805476996	([166], [166, 165])
0	0.0	0.3070350429586218	([211], [211, 210])
0	0.0	0.3071534450333698	([80], [80, 79])
0	0.0	0.3074832200883692	([26], [26, 25])
0	0.0	0.3078216955416656	([417], [417, 416])
0	0.0	0.307965025218039	([357], [357, 356])
0	0.0	0.3081326530953102	([335], [335, 334])
0	0.0	0.3089230705069011	([313], [313, 312])
0	0.0	0.3089232781671687	([309], [309, 308])
0	0.0	0.3090037521888246	([59], [59, 58])
0	0.0	0.3094295820832402	([176], [176, 175])
0	0.0	0.3094556642737303	([235], [235, 234])
0	0.0	0.309496979711264	([320], [320, 319])
0	0.0	0.3097110635682528	([388], [388, 387])
0	0.0	0.3097982267542455	([93], [93, 92])
0	0.0	0.31080422988364087	([380], [380, 379])
0	0.0	0.3108209725977268	([95], [95, 94])
0	0.0	0.31083393940903853	([359], [359, 358])
0	0.0	0.31091378584848034	([56], [56, 55])
0	0.0	0.31094330908675427	([453], [453, 452])
0	0.0	0.31095765039896056	([113], [113, 112])
0	0.0	0.3109828859578399	([269], [269, 268])
0	0.0	0.3112564369937088	([130], [130, 129])
0	0.0	0.3113268751230648	([358], [358, 357])
0	0.0	0.3116211207647605	([285], [285, 284])
0	0.0	0.31169648316717274	([247], [247, 246])
0	0.0	0.3117898922323781	([304], [304, 303])
0	0.0	0.31199544867623524	([281], [281, 279])
0	0.0	0.312048593061599	([23], [23, 22])
0	0.0	0.31205239016125647	([71], [71, 70])
0	0.0	0.31207628177002517	([246], [246, 245])
0	0.0	0.3121193511540586	([249], [249, 248])
0	0.0	0.31238569354115925	([221], [221, 220])
0	0.0	0.3123912873030697	([397], [397, 396])
0	0.0	0.31240936720118084	([184], [184, 183])
0	0.0	0.3124148672163695	([374], [374, 373])
0	0.0	0.3127156996315074	([300], [300, 299])
0	0.0	0.3128598242887999	([245], [245, 244])
0	0.0	0.31375895024230854	([137], [137, 136])
0	0.0	0.3138004903047315	([197], [197, 196])
0	0.0	0.3153253703521994	([338], [338, 337])
0	0.0	0.3159949648665135	([339], [339, 338])
0	0.0	0.3160184528421835	([146], [146, 145])
0	0.0	0.31616683323761374	([150], [150, 149])
0	0.0	0.31622882566263155	([400], [400, 399])
0	0.0	0.31661872877112096	([218], [218, 217])
0	0.0	0.31675269190260774	([162], [162, 161])
0	0.0	0.3167871055003307	([314], [314, 313])
0	0.0	0.3168281860654612	([448], [448, 447])
0	0.0	0.3169202371965257	([239], [239, 238])
0	0.0	0.3170721545771262	([24], [24, 23])
0	0.0	0.3177992327916816	([202], [202, 201])
0	0.0	0.3178452613157993	([203], [203, 202])
0	0.0	0.31861799344850783	([386], [386, 385])
0	0.0	0.31990402952240077	([215], [215, 214])
0	0.0	0.3201223640329642	([454], [454, 453])
0	0.0	0.3201701293595954	([61], [61, 60])
0	0.0	0.3206263386443916	([355], [355, 354])
0	0.0	0.3219817892066961	([276], [276, 275])
0	0.0	0.32243669668768554	([111], [111, 110])
0	0.0	0.3234113559629314	([342], [342, 341])
0	0.0	0.3235148101879298	([323], [323, 321])
0	0.0	0.32352164844392284	([350], [350, 349])
0	0.0	0.3239152666351173	([153], [153, 152])
0	0.0	0.3250468273008737	([119], [119, 118])
0	0.0	0.3250852147358511	([141], [141, 140])
0	0.0	0.32549334324748436	([273], [273, 272])
0	0.0	0.3257240396095134	([282], [282, 281])
0	0.0	0.3260434923263364	([441], [441, 440])
0	0.0	0.326046462948027	([67], [67, 65])
0	0.0	0.32634821578815154	([179], [179, 178])
0	0.0	0.3264854956667138	([64], [64, 63])
0	0.0	0.32692482705450104	([155], [155, 154])
0	0.0	0.3269752859718013	([118], [118, 117])
0	0.0	0.3270679497451214	([206], [206, 205])
0	0.0	0.3271369810550273	([322], [322, 321])
0	0.0	0.32739767159059974	([346], [346, 345])
0	0.0	0.32773686265362767	([237], [237, 236])
0	0.0	0.32807611861097746	([117], [117, 116])
0	0.0	0.32809789341739043	([97], [97, 96])
0	0.0	0.3287196225452374	([257], [257, 256])
0	0.0	0.32879713137854977	([315], [315, 314])
0	0.0	0.32902126927696373	([330], [330, 329])
0	0.0	0.3290714364414231	([108], [108, 106])
0	0.0	0.3291593445233312	([46], [46, 45])
0	0.0	0.3303479714426145	([27], [27, 26])
0	0.0	0.330637655046699	([186], [186, 185])
0	0.0	0.330953104905631	([78], [78, 77])
0	0.0	0.33101151316805455	([185], [185, 184])
0	0.0	0.3316073442943455	([340], [340, 339])
0	0.0	0.3316829730594088	([188], [188, 187])
0	0.0	0.33189038626430156	([229], [229, 227])
0	0.0	0.3321362259165131	([348], [348, 347])
0	0.0	0.3325717880432949	([99], [99, 98])
0	0.0	0.3332821572240273	([275], [281, 280])
1	0.3313472273315043	0.3333315654814608	([400, 397], [400, 399, 398])
0	0.0	0.33390460345814243	([192], [192, 191])
0	0.0	0.3343384869293748	([158], [158, 157])
1	0.3236091821427874	0.3343771258330116	([235, 231], [235, 234, 231])
0	0.0	0.3344695294366504	([73], [73, 72])
0	0.0	0.3344880710475309	([126], [126, 125])
0	0.0	0.33568052911333573	([115], [115, 114])
0	0.0	0.33579402208313325	([101], [101, 100])
0	0.0	0.33591510044189393	([122], [122, 121])
0	0.0	0.3365699780997367	([440], [440, 439])
0	0.0	0.3368018135462633	([103], [103, 102])
0	0.0	0.3370303773510193	([43], [43, 42])
0	0.0	0.3371156698121662	([135], [135, 134])
0	0.0	0.3400823808489772	([280], [275, 274])
0	0.0	0.34035166243107445	([55], [55, 54])
0	0.0	0.3406561101605009	([365], [365, 364])
0	0.0	0.3423266792750851	([134], [134, 133])
1	0.3108231098128471	0.34257121125126105	([369, 365], [369, 368, 365])
0	0.0	0.3428328953774715	([207], [207, 206])
0	0.0	0.34375151867467846	([63], [63, 62])
0	0.0	0.3440792288515721	([48], [48, 47])
0	0.0	0.344755455280323	([326], [326, 325])
0	0.0	0.34485434530717474	([264], [264, 263])
0	0.0	0.34495679257159184	([38], [38, 37])
0	0.0	0.3459143556229025	([231], [235, 230])
0	0.0	0.3461926225248078	([83], [83, 82])
0	0.0	0.34657432218436773	([328], [328, 327])
0	0.0	0.34746509614427934	([259], [259, 258])
0	0.0	0.34791740016240075	([243], [243, 242])
0	0.0	0.350097092854624	([223], [223, 222])
0	0.0	0.3503945317099072	([120], [120, 119])
0	0.0	0.3529009303181202	([213], [213, 212])
0	0.0	0.3535743399956322	([143], [143, 142])
0	0.0	0.3539764658006774	([28], [28, 27])
0	0.0	0.35444526391704445	([106], [106, 105])
0	0.0	0.35671037874578093	([187], [187, 186])
0	0.0	0.3569715146190156	([227], [227, 226])
0	0.0	0.3575016715780815	([212], [212, 211])
0	0.0	0.3584653144622732	([132], [132, 131])
0	0.0	0.35909450277909033	([226], [226, 225])
0	0.0	0.35966198372031627	([39], [39, 38])
0	0.0	0.35990679749812876	([47], [47, 46])
0	0.0	0.36060883377022984	([66], [66, 65])
0	0.0	0.3612520986364424	([89], [89, 88])
0	0.0	0.3629618340426108	([77], [77, 76])
0	0.0	0.36315596068603423	([228], [228, 227])
0	0.0	0.3633087027005916	([41], [41, 40])
0	0.0	0.3639245824789357	([42], [42, 41])
0	0.0	0.36528826872408104	([139], [139, 137])
0	0.0	0.36653173793252913	([242], [242, 241])
0	0.0	0.37145685903411846	([18], [18, 16])
0	0.0	0.3755074417580733	([131], [131, 130])
1	0.3731165133017414	0.37587915690517315	([358, 354], [358, 356, 355])
0	0.0	0.378619846173698	([144], [144, 143])
0	0.0	0.3787233771694382	([128], [128, 127])
0	0.0	0.38101139600997186	([138], [138, 137])
0	0.0	0.38402444911023786	([22], [22, 21])
0	0.0	0.38461058284080507	([168], [168, 167])
0	0.0	0.385505483046408	([40], [40, 38])
0	0.0	0.38817318543593277	([12], [12, 11])
0	0.0	0.38884512045757563	([20], [20, 19])
0	0.0	0.3926338175631534	([19], [19, 16])
0	0.0	0.39636498689258653	([16], [16, 13])
0	0.0	0.40330991930828547	([15], [15, 13])
0	0.0	0.4329360363867345	([21], [21, 19])
1	0.41458213388188747	0.43455200452149434	([42, 38], [42, 41, 40])
0	0.0	0.4410976985348046	([13], [20, 17])
1	0.5198184134524014	0.5343560109955099	([257, 244], [257, 251, 245])
0	0.0	0.534813571338854	([17], [39, 11])
1	0.5601505082826496	0.5603975411683083	([352, 329], [352, 346, 329])
1	0.565060562359231	0.5929167514893474	([40, 23], [40, 33, 22])
1	0.5929026088680945	0.6015252300109006	([145, 115], [145, 128, 116])
1	0.6085180588547576	0.6119552401733348	([355, 326], [355, 340, 327])
1	0.6093727291614165	0.6126519419721674	([249, 233], [249, 243, 238])
1	0.5681494057074843	0.6168190606019243	([39, 15], [39, 21, 18])
1	0.5800311346851835	0.6168190606019243	([42, 16], [42, 39, 18])
1	0.572737548604067	0.6351351410843296	([13, 12], [20, 13, 12])
1	0.5910077387407275	0.6381247309399682	([169, 145], [169, 167, 145])
1	0.5920609248224338	0.6395551562761597	([226, 11], [242, 227, 226])
1	0.5534163751754217	0.6462916005819039	([20, 11], [39, 20, 15])
1	0.6440511497873626	0.6476487456660877	([148, 114], [148, 133, 116])
0	0.0	0.6585250277045929	([11], [19, 0])
1	0.6577894129465215	0.6600820915022954	([255, 230], [255, 248, 230])
1	0.5963801764511155	0.6641928701433245	([212, 11], [226, 212, 211])
1	0.6615742759368158	0.6651713579049132	([26, 0], [26, 23, 0])
1	0.6663877431390953	0.6726656012218252	([225, 193], [225, 215, 193])
1	0.6641395321291894	0.6729235451456251	([304, 273], [304, 291, 273])
1	0.6140048405387645	0.6762790600673542	([66, 15], [66, 46, 45])
1	0.6700236053254032	0.6768954471481151	([417, 384], [417, 398, 384])
1	0.6802258047651982	0.6814279203250256	([298, 266], [298, 291, 266])
1	0.6674192421259326	0.6827124577292855	([362, 324], [362, 354, 324])
1	0.6747488790102246	0.6828449214305746	([368, 308], [368, 362, 308])
1	0.660933116556015	0.685765178123898	([96, 36], [75, 72, 36])
1	0.680459622861953	0.686702288086406	([436, 396], [436, 420, 418])
1	0.6880637234880266	0.6896161120409651	([445, 389], [445, 422, 421])
1	0.670097596567956	0.6914293502682833	([304, 243], [304, 264, 243])
1	0.6818665315179209	0.694898901665819	([79, 0], [79, 65, 46])
1	0.6928333916063646	0.6952102302615483	([373, 305], [373, 360, 327])
1	0.6725661026707648	0.6974575789597759	([374, 298], [374, 362, 308])
1	0.6732129581235	0.697457659734075	([376, 299], [376, 361, 307])
1	0.688624191812595	0.6976241963570468	([260, 211], [260, 241, 233])
1	0.6816811475377489	0.6993038275134976	([433, 377], [438, 421, 377])
1	0.6939686475913889	0.7036710187030566	([380, 304], [380, 367, 366])
1	0.6716254489957949	0.7039293210048054	([168, 94], [168, 142, 116])
1	0.6845077427942534	0.7053535761885071	([372, 273], [372, 305, 273])
1	0.6834801503023938	0.7062462231751624	([107, 41], [107, 89, 41])
1	0.7021687912035262	0.7079183841833849	([285, 242], [285, 268, 266])
1	0.7006838626965457	0.7085604183549061	([423, 373], [423, 390, 381])
1	0.6792221235208147	0.7089007827295964	([108, 64], [111, 96, 78])
1	0.7032539042438798	0.7091619370453639	([112, 45], [112, 108, 64])
1	0.6989172597815407	0.7092363084689965	([92, 40], [92, 90, 40])
1	0.583750921917691	0.7113336597681412	([66, 11], [66, 39, 15])
1	0.683142040482978	0.7136628033648217	([306, 265], [306, 288, 276])
1	0.7124533351380339	0.7138064950852369	([95, 24], [95, 72, 41])
1	0.6830879107250857	0.7139070483397002	([177, 141], [177, 166, 141])
1	0.709567775198201	0.7141310229911532	([214, 115], [183, 168, 147])
1	0.7078696471625817	0.7163510816686234	([377, 283], [377, 305, 283])
1	0.698995071693411	0.7163733317049116	([407, 355], [407, 378, 355])
1	0.6900314151865216	0.7164876701565017	([302, 261], [302, 298, 261])
1	0.6688481733489007	0.7176391185253077	([93, 26], [96, 93, 26])
1	0.7127475536478003	0.7196035649181826	([447, 375], [447, 437, 383])
1	0.7027974980218441	0.7200216261755765	([444, 372], [444, 419, 383])
1	0.7121318839448422	0.7204110372392107	([169, 104], [169, 145, 127])
1	0.7066886038190549	0.7212669658621141	([170, 74], [170, 116, 95])
1	0.7148883690203588	0.7215102144663154	([382, 300], [382, 368, 300])
1	0.6965412321437902	0.722254254532764	([445, 306], [447, 445, 306])
1	0.7005519909878376	0.7231882635231871	([265, 204], [265, 243, 219])
1	0.7199572570507559	0.7236750492101696	([115, 40], [115, 92, 76])
1	0.7140123370238576	0.7236848215903751	([263, 193], [263, 237, 211])
1	0.6910072204462959	0.7239220216432273	([106, 58], [106, 77, 75])
1	0.7236389471993562	0.724370251911604	([288, 213], [298, 288, 192])
1	0.7179976637693142	0.7245806839310857	([266, 192], [266, 245, 192])
1	0.721766656013068	0.7248028449881336	([348, 254], [348, 323, 309])
1	0.7165173957329761	0.7250664389836727	([378, 278], [378, 298, 278])
1	0.718360592048756	0.725710215655304	([399, 308], [399, 372, 308])
1	0.7102826464419573	0.7257379671423276	([408, 356], [408, 378, 375])
1	0.7145743222101824	0.7266160078851044	([164, 98], [164, 145, 110])
1	0.7231527794657242	0.7280097740696764	([284, 223], [284, 269, 223])
1	0.7121148406795389	0.7280420297483549	([387, 277], [387, 376, 301])
1	0.7256785148115888	0.7294437573988051	([421, 296], [421, 377, 373])
1	0.7201437956661292	0.7298712458439245	([213, 123], [213, 197, 123])
1	0.6835981712544125	0.7299864278260262	([454, 392], [454, 439, 392])
1	0.6933710575671229	0.7308184168785876	([274, 194], [274, 254, 217])
1	0.7132637459226163	0.7316298210910691	([212, 96], [212, 173, 172])
1	0.7314792768793998	0.7320099719555548	([309, 260], [309, 304, 260])
1	0.7282462616009767	0.7320793370112244	([454, 376], [454, 392, 376])
1	0.6957462673605106	0.7321491881555992	([436, 291], [436, 378, 291])
1	0.7188861877794008	0.7322425485539213	([433, 285], [434, 433, 292])
1	0.7074442299337333	0.7322703900259032	([308, 211], [308, 258, 211])
1	0.7293797372887417	0.7326339669872243	([252, 188], [252, 220, 219])
1	0.722164012877004	0.7330220084800497	([287, 13], [447, 443, 13])
1	0.7289463372747464	0.7330486553709656	([268, 195], [268, 245, 192])
1	0.7061446031039585	0.7337772133876559	([332, 255], [323, 320, 254])
1	0.7335722018451243	0.7341130655637219	([411, 13], [426, 407, 13])
1	0.732744098185982	0.7341611743278241	([423, 289], [433, 423, 285])
1	0.7072018351677302	0.7341627294297651	([311, 224], [311, 306, 224])
1	0.7266739371494672	0.734241875222674	([195, 75], [195, 169, 75])
1	0.678890248427031	0.7342794707225156	([434, 294], [423, 380, 373])
1	0.7075370982158423	0.7345125020682824	([454, 413], [454, 446, 413])
1	0.7244572267845473	0.7349969551368075	([420, 295], [440, 420, 295])
1	0.7160747388137795	0.7350107951628296	([169, 27], [169, 96, 27])
1	0.7289500715836047	0.7350772635203561	([284, 204], [284, 275, 204])
1	0.7231133272874929	0.7352435247167938	([184, 99], [184, 169, 75])
1	0.7317174101316568	0.7353814251680186	([199, 133], [199, 186, 133])
1	0.7235385698105629	0.7354897724480337	([294, 168], [294, 199, 168])
1	0.7295275564078699	0.735641428881012	([438, 308], [438, 381, 377])
1	0.7265019818055021	0.7356874681763945	([404, 306], [445, 404, 381])
1	0.7041144114928669	0.7356952968034444	([444, 40], [445, 411, 13])
1	0.7226847254573322	0.7359725360844269	([145, 53], [145, 96, 53])
1	0.7178248821723909	0.7364763352010604	([317, 248], [317, 307, 248])
1	0.7160714817405766	0.7365129118951477	([144, 73], [144, 116, 73])
1	0.7316601911806255	0.7367775006242155	([211, 106], [211, 168, 145])
1	0.7155105780478968	0.7368522582648759	([102, 29], [102, 65, 59])
1	0.7035262006877914	0.7369468830055111	([440, 296], [440, 421, 403])
1	0.7177564514694468	0.7370774815585717	([416, 263], [416, 377, 370])
1	0.7253471070590763	0.737272661443266	([367, 225], [367, 262, 248])
1	0.7358950885092745	0.7376172362529608	([451, 18], [451, 20, 18])
1	0.7181830297482691	0.7378647442251399	([159, 84], [159, 137, 126])
1	0.7337149296166037	0.7381469169285046	([448, 309], [448, 354, 331])
1	0.7031009490950526	0.7384467552097562	([254, 182], [254, 217, 188])
1	0.7227969441976945	0.7392364036182348	([431, 288], [445, 431, 288])
1	0.7312916502186194	0.7393783448146773	([322, 253], [327, 322, 253])
1	0.7388510325805285	0.7398525234355482	([293, 184], [293, 274, 194])
1	0.737554228118879	0.7406454479088252	([287, 195], [287, 237, 195])
1	0.7345049985238551	0.7409225841071787	([249, 13], [249, 213, 13])
1	0.7295500121217992	0.7409541330422815	([448, 378], [448, 447, 378])
1	0.7351738906497942	0.740956621928525	([443, 356], [443, 380, 375])
1	0.7240858740199997	0.7409945021227062	([241, 115], [241, 214, 194])
1	0.7345699159681228	0.7410489800240743	([262, 177], [262, 214, 169])
1	0.6638190927446441	0.7412944612104462	([323, 254], [322, 313, 255])
1	0.7359322624007151	0.741299072094569	([261, 170], [288, 258, 170])
1	0.6571427512772824	0.7415688611819709	([168, 35], [168, 94, 92])
1	0.728223952940372	0.7417723083725456	([217, 100], [191, 171, 100])
1	0.7371611576177366	0.7421780383013366	([420, 277], [420, 295, 277])
1	0.7336868297202505	0.742370960642389	([300, 244], [300, 274, 269])
1	0.7313458338807115	0.7423832957593923	([441, 268], [441, 394, 304])
1	0.7357408035537327	0.7428518755756748	([213, 34], [203, 170, 168])
1	0.6440338441560305	0.7429331568501985	([103, 15], [103, 72, 22])
1	0.7388696143465783	0.7429822140163275	([204, 124], [204, 124, 13])
1	0.7054149080206731	0.7429879271491574	([451, 12], [454, 451, 18])
1	0.7370071909562864	0.7434645018508671	([253, 149], [253, 231, 190])
1	0.7256290341301688	0.7444566386697198	([357, 246], [372, 357, 246])
1	0.7266300981388761	0.7446222644294351	([382, 260], [382, 284, 263])
1	0.7154795791409825	0.7446222644294351	([382, 284], [382, 381, 263])
1	0.7193980192006315	0.7455832171227372	([294, 199], [294, 265, 204])
1	0.7331651362736871	0.7457322438789079	([435, 267], [435, 423, 289])
1	0.7145672854585065	0.7457932674822104	([267, 171], [267, 244, 171])
1	0.7428039521700907	0.7458170606660085	([208, 153], [208, 174, 172])
1	0.7320646798386076	0.7459025225308252	([402, 287], [402, 374, 361])
1	0.7287960238149978	0.7461911453836155	([366, 245], [366, 273, 243])
1	0.743367831361483	0.7461922361635691	([364, 268], [364, 308, 268])
1	0.7119248587486766	0.7461963305507174	([234, 155], [234, 210, 155])
1	0.7450481270080849	0.7464704655153686	([254, 164], [254, 182, 154])
1	0.746227389224693	0.7464940938618313	([421, 276], [421, 296, 286])
1	0.6840932124527206	0.7467904713577713	([232, 0], [232, 214, 192])
1	0.7032927937768436	0.7468089441145599	([439, 287], [204, 161, 146])
1	0.672242438121402	0.746819140298468	([454, 13], [436, 428, 287])
1	0.7130386765205013	0.7468787112674774	([439, 26], [444, 439, 25])
1	0.7373050027145679	0.747084872299759	([420, 311], [420, 311, 296])
1	0.7410784608543336	0.7471311990414669	([426, 272], [426, 423, 285])
1	0.7351704061490829	0.7473388631898601	([272, 26], [304, 269, 26])
1	0.7328912121803213	0.747479424435432	([419, 297], [419, 392, 297])
1	0.743159395443694	0.7474888522354423	([322, 179], [356, 322, 307])
1	0.7113122695472806	0.7480275434805662	([209, 125], [209, 170, 147])
1	0.7444855524575833	0.7480436128132877	([294, 115], [294, 168, 115])
1	0.7059751000542278	0.7482099608036772	([440, 35], [440, 439, 35])
1	0.7377231542438555	0.7482199055101943	([216, 101], [254, 216, 101])
1	0.7280523166795909	0.7486631582143704	([184, 26], [264, 259, 184])
1	0.7373847469390663	0.7486932232583168	([224, 116], [224, 185, 183])
1	0.7114643569982223	0.748830407253951	([430, 301], [430, 387, 383])
1	0.7415137604998652	0.7488475873270092	([157, 80], [147, 123, 80])
1	0.7408326302593689	0.7488781668533733	([271, 177], [280, 262, 244])
1	0.7185367814582693	0.7489027809490114	([304, 26], [197, 184, 26])
1	0.7415111918961306	0.7490672194247471	([162, 59], [162, 104, 59])
1	0.6848491493455657	0.7493807690227422	([148, 0], [254, 154, 148])
1	0.7142971374344295	0.7494806317062562	([452, 22], [453, 446, 22])
1	0.7319306884617185	0.7495500624512988	([182, 72], [182, 129, 111])
1	0.6931729854573514	0.7496757459215718	([233, 161], [233, 199, 178])
1	0.7297932518865647	0.7497928481840423	([307, 195], [307, 305, 195])
1	0.7445179519417435	0.7500443782748405	([254, 53], [254, 101, 53])
1	0.7330399691607838	0.7501263147175814	([440, 262], [440, 296, 262])
1	0.7343074521215142	0.7501498274055473	([242, 93], [256, 242, 93])
1	0.7164950918343393	0.7503137699188954	([448, 358], [448, 378, 358])
1	0.7503006489442441	0.7505836179579896	([235, 163], [235, 188, 142])
1	0.7250786609595652	0.7507966762756662	([180, 77], [180, 164, 77])
1	0.5901276858804037	0.7508393410028144	([101, 11], [101, 66, 36])
1	0.73619235880016	0.751179166076512	([290, 93], [290, 243, 242])
1	0.7509368036572839	0.7513163832540292	([255, 165], [255, 216, 165])
1	0.7407585142157397	0.7513466149773997	([316, 275], [316, 304, 275])
1	0.7513163947807385	0.7514844709920526	([256, 162], [256, 255, 162])
1	0.6284749044363744	0.7515910546640892	([134, 15], [119, 103, 58])
1	0.7419551828993267	0.7516096659302635	([238, 153], [238, 211, 145])
1	0.7427775247553966	0.7516096659302635	([246, 145], [246, 238, 145])
1	0.7443941083922926	0.7516501381708984	([201, 105], [211, 201, 105])
1	0.7310145707271141	0.7516802973399757	([237, 156], [237, 174, 145])
1	0.706324118498615	0.7518877689374434	([454, 359], [454, 382, 359])
1	0.7303881849295001	0.7519574568955605	([305, 35], [440, 305, 262])
1	0.7366400703445739	0.7519574568955605	([435, 305], [440, 435, 305])
1	0.737421221922238	0.7519577647638039	([340, 274], [340, 307, 304])
1	0.7321877179187831	0.7519829713358678	([256, 95], [242, 169, 168])
1	0.7263508118328673	0.7519847535356847	([154, 70], [154, 107, 101])
1	0.7452787201310083	0.752109780477871	([309, 229], [309, 254, 229])
1	0.7460190483136275	0.7521983861240185	([388, 318], [388, 365, 327])
1	0.732619545358238	0.7523321342317204	([315, 250], [315, 306, 250])
1	0.7502677454114408	0.7527341211686905	([386, 270], [386, 376, 270])
1	0.7377845845315739	0.7527875215559423	([211, 90], [211, 105, 96])
1	0.7220016672685651	0.7530489798586985	([252, 139], [252, 250, 160])
1	0.7418976871245443	0.7530963830671086	([317, 213], [317, 305, 213])
1	0.7479714570442257	0.7531790803855538	([316, 232], [324, 316, 216])
1	0.6124341735611237	0.7535094240878584	([453, 16], [453, 451, 20])
1	0.7220019054334612	0.7535594209147185	([283, 208], [326, 283, 208])
1	0.7520696513019042	0.7536523261977239	([442, 260], [442, 292, 260])
1	0.7028015362468573	0.753731090083627	([330, 13], [367, 347, 13])
1	0.7317315769967145	0.7544723615650887	([192, 76], [192, 164, 98])
1	0.7387306194971398	0.754791017686186	([433, 36], [433, 304, 26])
1	0.734394243227308	0.7550480789138475	([183, 33], [183, 115, 26])
1	0.724785577725034	0.7554164862893538	([450, 19], [451, 450, 38])
1	0.7449687104090228	0.7554633445435934	([302, 196], [304, 302, 196])
1	0.7490760871703405	0.7554767615175799	([303, 200], [303, 271, 200])
1	0.7417464004162437	0.7558269472959201	([150, 39], [150, 116, 39])
1	0.7421895846710921	0.7559596562003393	([257, 92], [257, 211, 177])
1	0.7187627165392039	0.7559986552935639	([264, 36], [304, 264, 36])
1	0.7162243405632979	0.7559986552935639	([300, 36], [304, 300, 36])
1	0.7202486326669288	0.7561236446345118	([453, 360], [451, 362, 360])
1	0.7329497048731206	0.7561236446345118	([452, 362], [452, 451, 362])
1	0.7536589283371073	0.756267633377612	([431, 195], [438, 431, 195])
1	0.6786654122754102	0.7565076711532988	([214, 0], [338, 309, 254])
1	0.7523703827107817	0.7566472701747354	([321, 218], [323, 321, 251])
1	0.7542737272756312	0.7567023057331805	([122, 33], [122, 98, 33])
1	0.748967374067334	0.7568058546004567	([320, 177], [320, 308, 177])
1	0.7200522630472594	0.7568111727448359	([232, 136], [222, 162, 154])
1	0.7371602007180899	0.7568203802220077	([360, 251], [360, 319, 251])
1	0.7435940120134064	0.757380613659445	([319, 220], [319, 253, 220])
1	0.7421892631146411	0.7575169682571274	([268, 18], [441, 268, 27])
1	0.7470789274923644	0.75759670974525	([369, 194], [369, 355, 194])
1	0.754371093755963	0.7577982567586719	([316, 184], [316, 216, 210])
1	0.7505939220748797	0.7579431569430082	([239, 107], [239, 168, 166])
1	0.7422672055117147	0.7579477927411533	([429, 204], [436, 304, 285])
1	0.7491931761365577	0.7580651500186937	([454, 315], [454, 451, 320])
1	0.7501872194700415	0.7583262884784264	([350, 231], [362, 350, 231])
1	0.7490921871340166	0.759046648171062	([391, 196], [391, 274, 196])
1	0.7488890133362618	0.7592000212652913	([444, 211], [444, 283, 273])
1	0.7481728116206725	0.7597430464594733	([233, 35], [260, 233, 35])
1	0.7432957446427415	0.7601893447172605	([379, 184], [379, 290, 194])
1	0.7324208923893689	0.7601893447172605	([419, 194], [419, 379, 194])
1	0.7574242788147729	0.7602595216723383	([208, 86], [212, 208, 86])
1	0.7404386257450879	0.7604562314962313	([287, 31], [287, 31, 22])
1	0.748951627585399	0.7606331610127137	([231, 157], [237, 231, 157])
1	0.7468743295993228	0.7622341363901972	([407, 269], [407, 372, 305])
1	0.7441012138382372	0.7625651313436366	([299, 172], [299, 243, 199])
1	0.7288876943268132	0.7627576809110417	([356, 179], [356, 232, 207])
1	0.737632520080163	0.7629941809041176	([234, 119], [234, 155, 139])
1	0.7574792884975403	0.7631251122962298	([297, 182], [297, 227, 170])
1	0.7547070433756344	0.7634310465075205	([243, 74], [243, 186, 170])
1	0.7441865161614416	0.7634397692530005	([208, 18], [208, 86, 18])
1	0.6910809987704161	0.7636309954971068	([152, 18], [152, 149, 18])
1	0.7590475513186105	0.7638837252316247	([335, 201], [335, 316, 201])
1	0.7469106626028815	0.7639415484088429	([424, 170], [447, 398, 170])
1	0.7502556642875599	0.7640362448165221	([180, 45], [180, 77, 61])
1	0.7577079713704994	0.7643198001857827	([209, 58], [209, 102, 58])
1	0.7597457727902074	0.7650894263648435	([148, 21], [148, 119, 18])
1	0.6737705323351764	0.7661840541084944	([338, 0], [254, 65, 42])
1	0.7488408393546925	0.7663911344183332	([363, 214], [367, 363, 214])
1	0.7184066364849625	0.7667128989344185	([348, 169], [356, 348, 169])
1	0.7513171849831789	0.7667394513786698	([454, 274], [454, 316, 315])
1	0.753468888314616	0.7669260983955196	([312, 166], [312, 219, 218])
1	0.754567875190597	0.7673795686467562	([435, 168], [444, 435, 168])
1	0.7506593764075121	0.767509210719545	([301, 75], [301, 264, 75])
1	0.7546722442340608	0.76818119072043	([334, 215], [356, 334, 215])
1	0.7466881729382724	0.7685261201689055	([454, 129], [454, 129, 116])
1	0.7583075133709171	0.7687998808562917	([427, 196], [427, 302, 259])
1	0.758352076487352	0.7689027728113473	([265, 41], [265, 264, 36])
1	0.7642705907545005	0.768941233194736	([317, 156], [317, 237, 213])
1	0.7627414542498168	0.7689931606374472	([230, 120], [230, 207, 120])
1	0.7622221312979497	0.7690985774581095	([321, 189], [324, 321, 189])
1	0.7647103081327934	0.7692227444206599	([275, 94], [305, 275, 94])
1	0.744181579982774	0.7698981789231002	([278, 155], [278, 262, 155])
1	0.753357408858043	0.770033638757319	([188, 48], [188, 113, 98])
1	0.6325445821187373	0.7703994275475352	([185, 15], [185, 103, 80])
1	0.7700108202599123	0.7710710447840122	([249, 55], [249, 110, 80])
1	0.7679307456043308	0.7712671287726867	([434, 312], [434, 373, 312])
1	0.7709696283134574	0.7715061935704444	([418, 169], [418, 295, 286])
1	0.768523687603418	0.772168096126436	([318, 183], [318, 234, 220])
1	0.7529214594687516	0.7727054524436395	([299, 76], [308, 299, 76])
1	0.7677264152168685	0.773191234271425	([240, 114], [240, 197, 115])
1	0.7656074261991211	0.7733292098425063	([210, 77], [210, 180, 145])
1	0.7714838174502573	0.773749821096482	([423, 249], [423, 394, 249])
1	0.7700070655966006	0.7739684741776518	([391, 29], [391, 196, 29])
1	0.7554904154747496	0.7740001175869111	([384, 41], [384, 294, 41])
1	0.7658664900448475	0.7743961069734411	([236, 63], [236, 164, 107])
1	0.7725452106531492	0.7745953953643893	([315, 165], [320, 315, 165])
1	0.773522864879999	0.7747911354757457	([207, 22], [207, 125, 22])
1	0.7678502946132351	0.7750780964875028	([410, 315], [410, 357, 315])
1	0.5914359362381146	0.7753065793046301	([280, 11], [280, 242, 177])
1	0.7675960635175623	0.775503406273202	([283, 92], [283, 261, 92])
1	0.7719524136260865	0.775655046829089	([296, 141], [296, 141, 75])
1	0.7561389824298307	0.775655046829089	([296, 96], [296, 264, 75])
1	0.7630022389728006	0.775732319531453	([269, 176], [269, 204, 176])
1	0.77537856143544	0.7759233444643849	([334, 164], [334, 254, 252])
1	0.7698904167313856	0.7759826964439028	([361, 180], [362, 361, 180])
1	0.77185273188472	0.7765000014343197	([312, 110], [312, 166, 162])
1	0.7660046946554705	0.7774193609593991	([375, 73], [375, 209, 73])
1	0.7777306928244991	0.7780166490697097	([412, 199], [412, 386, 199])
1	0.7650473479822638	0.7780735367205837	([252, 49], [252, 138, 112])
1	0.7648379895183091	0.778702047565113	([219, 56], [219, 76, 56])
1	0.7776957886299829	0.778823623208865	([431, 34], [433, 431, 34])
1	0.7273228228924838	0.7790113333839289	([234, 51], [234, 154, 59])
1	0.7664689553838697	0.7793526983194075	([318, 106], [318, 183, 106])
1	0.7710726265940943	0.7795884076574011	([381, 190], [381, 263, 195])
1	0.771292286083796	0.7796108730613466	([369, 40], [369, 194, 40])
1	0.7767852988708275	0.7797786581075672	([346, 148], [346, 308, 302])
1	0.7729374510366185	0.7798272761648941	([357, 141], [357, 296, 246])
1	0.7786083245170053	0.7809214504827047	([316, 24], [348, 316, 24])
1	0.7061597096349495	0.7813636067186052	([104, 12], [104, 38, 22])
1	0.7674897352414433	0.7818242912218374	([438, 30], [438, 433, 27])
1	0.7803046063535654	0.7819551193905842	([399, 28], [435, 387, 28])
1	0.7693675576389806	0.7835855841743119	([309, 157], [309, 231, 209])
1	0.7824286693029541	0.7840117683178005	([349, 41], [373, 349, 41])
1	0.7710958445811565	0.7840117683178005	([373, 176], [384, 373, 41])
1	0.7618698049521645	0.7842567348990844	([347, 132], [347, 311, 132])
1	0.7753778946686285	0.7849583245389329	([320, 138], [320, 165, 138])
1	0.7612059395398716	0.7855503456162707	([421, 32], [426, 421, 32])
1	0.775672637682969	0.786488202457992	([410, 179], [410, 390, 179])
1	0.7845573006832922	0.7864914117938956	([401, 73], [401, 290, 34])
1	0.7635913593266386	0.7872453213857638	([225, 23], [225, 169, 23])
1	0.7806695112946321	0.7876843260092943	([383, 31], [371, 295, 31])
1	0.7116915323143732	0.790832794749762	([406, 18], [451, 406, 363])
1	0.6352492957845555	0.7917760497989553	([275, 15], [446, 285, 275])
1	0.7803574828005537	0.7918922794766133	([326, 50], [447, 326, 50])
1	0.7853821055245742	0.7921344647993042	([281, 49], [281, 177, 49])
1	0.7848422458003983	0.7924909721754325	([353, 69], [353, 174, 153])
1	0.6784384620765073	0.7929552302852206	([313, 0], [313, 254, 136])
1	0.7842032878832811	0.7931727139884822	([267, 42], [432, 267, 42])
1	0.7660479973517291	0.7943824222119245	([450, 179], [450, 145, 120])
1	0.775903309121407	0.7943969836663866	([330, 122], [330, 322, 151])
1	0.7897027721536932	0.7947764915287802	([327, 68], [362, 327, 68])
1	0.7865674361693441	0.795203340995411	([446, 159], [446, 295, 159])
1	0.767764994331494	0.7952469889598657	([364, 117], [364, 285, 117])
1	0.7700004223317258	0.7955343383457062	([351, 45], [351, 166, 110])
1	0.7811281331706231	0.7958443294537795	([453, 146], [453, 281, 161])
1	0.7712579570869975	0.7963499419919708	([355, 67], [355, 171, 73])
1	0.7945350648796504	0.7967875638019207	([372, 88], [372, 261, 88])
1	0.7880903765119476	0.7971685450036026	([342, 71], [353, 342, 69])
1	0.792259884926071	0.797531618386078	([437, 53], [437, 232, 204])
1	0.7892466888978642	0.7975514060431242	([434, 80], [434, 432, 80])
1	0.7780086073792392	0.7976951959038462	([309, 77], [309, 203, 110])
1	0.7677432581890222	0.799132261462151	([319, 18], [406, 319, 251])
1	0.670106914596412	0.8011292356626956	([55, 0], [79, 23, 21])
1	0.7901340293569395	0.8017700420576165	([404, 125], [404, 206, 125])
1	0.7903739725502434	0.8024586708257364	([395, 61], [395, 383, 61])
1	0.781378419454276	0.8032317732883273	([379, 48], [379, 332, 48])
1	0.795761937361402	0.8032559862225892	([325, 70], [325, 141, 114])
1	0.7963641923000174	0.8059654592326675	([440, 191], [440, 383, 191])
1	0.8044120261993343	0.8062819742411267	([452, 187], [452, 325, 254])
1	0.7814471620082664	0.8065471633672386	([393, 54], [393, 89, 35])
1	0.7761278804341234	0.8067869139662535	([279, 56], [279, 246, 56])
1	0.8049262893947944	0.8069112249622208	([409, 51], [443, 409, 21])
1	0.6128302287224745	0.8077047230824124	([187, 16], [187, 143, 78])
1	0.8071150852540288	0.8082903993696249	([421, 129], [421, 279, 129])
1	0.8063318967220053	0.8083526274854208	([341, 85], [387, 341, 85])
1	0.7834804394547554	0.8105194977267239	([413, 81], [413, 368, 81])
1	0.5597383379381151	0.8122006181916465	([138, 11], [138, 66, 29])
1	0.8087770165036049	0.8140705754772042	([410, 50], [447, 410, 357])
1	0.5794051803283363	0.8272115240799255	([242, 11], [242, 138, 85])
1	0.6084810249326094	0.8313107133767311	([440, 11], [440, 39, 18])
1	0.596991410724809	0.8331393501898758	([143, 16], [131, 27, 26])
1	0.6384393007546744	0.8361003496033469	([322, 15], [322, 119, 83])
1	0.7053881571098575	0.8453012679761588	([176, 12], [176, 38, 25])
1	0.5213225641447105	0.9049114935792434	([228, 17], [227, 22, 21])
0	0.0	0.9587595928503959	([0], [45, 44])
0	0.0	1.0	([1], [1, 0])
0	0.0	1.0	([2], [2, 0])
0	0.0	1.0	([3], [3, 0])
0	0.0	1.0	([4], [4, 0])
0	0.0	1.0	([5], [5, 0])
0	0.0	1.0	([6], [6, 0])
0	0.0	1.0	([7], [7, 0])
0	0.0	1.0	([8], [8, 0])
0	0.0	1.0	([9], [9, 0])
0	0.0	1.0	([10], [10, 0])
0	0.0	inf	([14], [])
