0	0.0	0.025075114555249123	([23], [23, 0])
0	0.0	0.22204530748127968	([715], [715, 714])
0	0.0	0.22771304100433085	([114], [114, 113])
0	0.0	0.23326713541726857	([723], [723, 722])
0	0.0	0.23421801432097158	([721], [721, 720])
0	0.0	0.2380281380219387	([714], [714, 713])
0	0.0	0.2413709563550732	([307], [307, 306])
0	0.0	0.2438048527388441	([720], [720, 719])
0	0.0	0.24664970277925882	([141], [141, 140])
0	0.0	0.24737370074271134	([213], [213, 212])
0	0.0	0.2482603104644723	([502], [502, 501])
0	0.0	0.2518112034018195	([261], [261, 260])
0	0.0	0.25252569803978	([238], [238, 237])
0	0.0	0.2530111750860629	([722], [722, 721])
0	0.0	0.2533391919304446	([206], [206, 205])
0	0.0	0.25407103929558145	([725], [725, 724])
0	0.0	0.25440937240454703	([717], [717, 716])
0	0.0	0.25486823701261385	([137], [137, 136])
0	0.0	0.25509452595091414	([157], [157, 156])
0	0.0	0.2550966261957606	([145], [145, 144])
0	0.0	0.2565590217090088	([635], [635, 634])
0	0.0	0.25670961974144163	([480], [480, 479])
0	0.0	0.2572730467353268	([331], [331, 330])
0	0.0	0.25764353229191234	([211], [211, 210])
0	0.0	0.25810724988567807	([528], [528, 527])
0	0.0	0.2585269359935698	([85], [85, 84])
0	0.0	0.2586621701993708	([209], [209, 208])
0	0.0	0.25948409668747463	([490], [490, 489])
0	0.0	0.2597152454349314	([598], [598, 597])
0	0.0	0.2602777698120916	([512], [512, 511])
0	0.0	0.2603852451800398	([6], [6, 5])
0	0.0	0.26047325267481647	([478], [478, 477])
0	0.0	0.26174723538748	([719], [719, 718])
0	0.0	0.2641859471133278	([3], [3, 2])
0	0.0	0.2643960815291044	([703], [703, 702])
0	0.0	0.26440936423179595	([305], [305, 304])
0	0.0	0.2646067008569127	([540], [540, 539])
0	0.0	0.2658165439194297	([718], [718, 717])
0	0.0	0.26601228691107276	([601], [601, 600])
0	0.0	0.266628079048821	([29], [29, 28])
0	0.0	0.26699222954471935	([667], [667, 666])
0	0.0	0.26751257612523427	([676], [676, 675])
0	0.0	0.26809159166479285	([190], [190, 189])
0	0.0	0.2681111622024876	([590], [590, 589])
0	0.0	0.26846299660468487	([334], [334, 333])
0	0.0	0.2686837944390947	([8], [8, 7])
0	0.0	0.26888182587507803	([510], [510, 509])
0	0.0	0.2691026436112119	([159], [159, 158])
0	0.0	0.26923324682573113	([692], [692, 691])
0	0.0	0.2693244500351713	([709], [709, 708])
0	0.0	0.2696264912130849	([367], [367, 366])
0	0.0	0.2697021820408138	([662], [662, 661])
0	0.0	0.26982040024553605	([371], [371, 370])
0	0.0	0.269857678685167	([338], [338, 337])
0	0.0	0.2702211960409472	([558], [558, 557])
0	0.0	0.2703912362284938	([204], [204, 203])
0	0.0	0.27047765621228403	([458], [458, 457])
0	0.0	0.27085515584995007	([152], [152, 151])
0	0.0	0.2709907876281447	([266], [266, 265])
0	0.0	0.2712339435936242	([704], [704, 703])
0	0.0	0.2712564929353752	([614], [614, 613])
0	0.0	0.2714806485315127	([210], [210, 209])
0	0.0	0.27153619675670915	([272], [272, 271])
0	0.0	0.2718366877652876	([724], [724, 723])
0	0.0	0.271845711151269	([565], [565, 564])
0	0.0	0.2721006329175689	([505], [505, 504])
0	0.0	0.27236807929838375	([658], [658, 657])
0	0.0	0.2727486640705031	([103], [103, 102])
0	0.0	0.27281248308923206	([699], [699, 698])
0	0.0	0.2728360571089136	([631], [631, 630])
0	0.0	0.2732186138848031	([197], [197, 196])
0	0.0	0.2737972100066513	([600], [600, 599])
0	0.0	0.2738084656812306	([526], [526, 525])
0	0.0	0.2738204730695543	([164], [164, 163])
0	0.0	0.2740150033305277	([700], [700, 699])
0	0.0	0.27407374069566703	([492], [492, 491])
0	0.0	0.2741118051577838	([237], [237, 236])
0	0.0	0.274275751628212	([244], [244, 243])
0	0.0	0.27469733045483696	([428], [428, 427])
0	0.0	0.2749437230952524	([347], [347, 346])
0	0.0	0.2750994317519922	([693], [693, 692])
0	0.0	0.27517173568423126	([516], [516, 515])
0	0.0	0.2752321579804967	([454], [454, 453])
0	0.0	0.2753510128034518	([341], [341, 340])
0	0.0	0.2755818889102925	([431], [431, 430])
0	0.0	0.2756067123487091	([337], [337, 336])
0	0.0	0.2757565394427347	([270], [270, 269])
0	0.0	0.27585845893629213	([707], [707, 706])
0	0.0	0.2763522212781125	([350], [350, 349])
0	0.0	0.2765298974005695	([485], [485, 484])
0	0.0	0.2769063830628	([536], [536, 535])
0	0.0	0.27695149184012985	([191], [191, 190])
0	0.0	0.27699897220000663	([647], [647, 646])
0	0.0	0.27745117542903186	([520], [520, 519])
0	0.0	0.2775241441828307	([402], [402, 401])
0	0.0	0.2775557290741855	([193], [193, 192])
0	0.0	0.2778244668789943	([716], [716, 715])
0	0.0	0.27790572484557025	([394], [394, 393])
0	0.0	0.2784693821873504	([289], [289, 288])
0	0.0	0.2786187807655236	([268], [268, 267])
0	0.0	0.2793853798972525	([424], [424, 423])
0	0.0	0.2796032313127771	([610], [610, 609])
0	0.0	0.27974842856313115	([298], [298, 297])
0	0.0	0.27975296588240434	([340], [340, 339])
0	0.0	0.2801055485559767	([54], [54, 53])
0	0.0	0.28036882392369905	([628], [628, 627])
0	0.0	0.28039666488132603	([509], [509, 508])
0	0.0	0.2804307558006293	([357], [357, 356])
0	0.0	0.2805971202873074	([474], [474, 473])
0	0.0	0.28070168457868994	([708], [708, 707])
0	0.0	0.28101064003153525	([548], [548, 547])
0	0.0	0.28126996576759455	([710], [710, 709])
0	0.0	0.28131309725967557	([500], [500, 499])
0	0.0	0.28162789226471635	([127], [127, 126])
0	0.0	0.28181728051352367	([373], [373, 372])
0	0.0	0.28185542017570386	([242], [242, 241])
0	0.0	0.28186598307119776	([2], [2, 1])
0	0.0	0.28221449013624406	([595], [595, 594])
0	0.0	0.28237017764061023	([489], [489, 488])
0	0.0	0.28239253245356344	([360], [360, 359])
0	0.0	0.28246273722196147	([581], [581, 580])
0	0.0	0.28249503661809494	([276], [276, 275])
0	0.0	0.2825111024606847	([389], [389, 388])
0	0.0	0.282529503224573	([98], [98, 97])
0	0.0	0.2826713635369855	([586], [586, 585])
0	0.0	0.2827353515650499	([355], [355, 354])
0	0.0	0.2828197054799215	([612], [612, 611])
0	0.0	0.28306903193035415	([682], [682, 681])
0	0.0	0.2834064357774411	([523], [523, 522])
0	0.0	0.2836241743842775	([504], [504, 503])
0	0.0	0.283958709727213	([345], [345, 344])
0	0.0	0.28404280869189585	([122], [122, 121])
0	0.0	0.2842518501417631	([251], [251, 250])
0	0.0	0.28430657894372535	([384], [384, 383])
0	0.0	0.2844865318258221	([537], [537, 536])
0	0.0	0.2849123137361549	([352], [352, 351])
0	0.0	0.2850027374425287	([396], [396, 395])
0	0.0	0.28504079194363857	([685], [685, 684])
0	0.0	0.28516508010490427	([546], [546, 545])
0	0.0	0.2852669172229441	([642], [642, 641])
0	0.0	0.28532831579478235	([111], [111, 110])
0	0.0	0.2853463624076099	([626], [626, 625])
0	0.0	0.2853775144641562	([627], [627, 626])
0	0.0	0.2854702377632098	([160], [160, 159])
0	0.0	0.2854840689642913	([553], [553, 552])
0	0.0	0.28548844783232724	([663], [663, 662])
0	0.0	0.28553550609734146	([575], [575, 574])
0	0.0	0.2855513356037142	([196], [196, 195])
0	0.0	0.2855577586908591	([542], [542, 541])
0	0.0	0.28560884786890406	([452], [452, 451])
0	0.0	0.2858580289103908	([376], [376, 375])
0	0.0	0.2860082822706942	([561], [561, 560])
0	0.0	0.28601949908950053	([88], [88, 87])
0	0.0	0.2864985998165702	([180], [180, 179])
0	0.0	0.28660240410706617	([301], [301, 300])
0	0.0	0.2866054914296713	([694], [694, 693])
0	0.0	0.2866645274170766	([346], [346, 345])
0	0.0	0.2866711856630604	([462], [462, 461])
0	0.0	0.28672301189366883	([435], [435, 434])
0	0.0	0.28679933047063355	([314], [314, 313])
0	0.0	0.28682576035288315	([609], [609, 608])
0	0.0	0.28686349871840405	([629], [629, 628])
0	0.0	0.28722820219805395	([243], [243, 242])
0	0.0	0.2873225110973856	([349], [349, 348])
0	0.0	0.28735141802941283	([451], [451, 450])
0	0.0	0.28740568924381227	([507], [507, 506])
0	0.0	0.28741649275033215	([650], [650, 649])
0	0.0	0.2874687919225022	([646], [646, 645])
0	0.0	0.28747161505501584	([597], [597, 596])
0	0.0	0.28753715283682996	([686], [686, 685])
0	0.0	0.2877540149140123	([637], [637, 636])
0	0.0	0.28790104734119376	([498], [498, 497])
0	0.0	0.2881300119043364	([543], [543, 542])
0	0.0	0.28813878357495454	([162], [162, 161])
0	0.0	0.28823523294269676	([119], [119, 118])
0	0.0	0.2882579251369894	([320], [320, 319])
0	0.0	0.2883319112431893	([483], [483, 482])
0	0.0	0.28841328613676087	([7], [7, 6])
0	0.0	0.28844457429908105	([411], [411, 410])
0	0.0	0.2884600552569739	([297], [297, 296])
0	0.0	0.2884708589394238	([422], [422, 421])
0	0.0	0.2885746908917885	([131], [131, 130])
0	0.0	0.288723269210419	([545], [545, 544])
0	0.0	0.2890594065334879	([668], [668, 667])
0	0.0	0.2890621748598985	([324], [324, 323])
0	0.0	0.2891259513866986	([282], [282, 281])
0	0.0	0.28916778051752645	([690], [690, 689])
0	0.0	0.2891818115673028	([465], [465, 464])
0	0.0	0.28936550361131996	([616], [616, 615])
0	0.0	0.2895126384733251	([425], [425, 424])
0	0.0	0.28955637635869486	([397], [397, 396])
0	0.0	0.2896872485975828	([278], [278, 277])
0	0.0	0.28976188239383366	([456], [456, 455])
0	0.0	0.289829875243167	([120], [120, 119])
0	0.0	0.2898541555119198	([596], [596, 595])
0	0.0	0.28986351415183537	([701], [701, 700])
0	0.0	0.28991706901490394	([603], [603, 602])
0	0.0	0.29005829787670734	([556], [556, 555])
0	0.0	0.29010568921312996	([407], [407, 406])
0	0.0	0.29013935793897055	([436], [436, 435])
0	0.0	0.2901567887143894	([549], [549, 548])
0	0.0	0.2903629194136854	([484], [484, 483])
0	0.0	0.29042514512354983	([165], [165, 164])
0	0.0	0.2904995797182604	([80], [80, 79])
0	0.0	0.2905605495213631	([482], [482, 481])
0	0.0	0.29071592317790274	([538], [538, 537])
0	0.0	0.2911924527260726	([82], [82, 81])
0	0.0	0.2913235081165667	([401], [401, 400])
0	0.0	0.29134173024454735	([125], [125, 124])
0	0.0	0.2915192519584173	([181], [181, 180])
0	0.0	0.2915231335606529	([569], [569, 568])
0	0.0	0.2916717397718606	([494], [494, 493])
0	0.0	0.2918127922952192	([362], [362, 361])
0	0.0	0.2919332755129911	([604], [604, 603])
0	0.0	0.29200033143384363	([588], [588, 587])
0	0.0	0.2920349191257178	([255], [255, 254])
0	0.0	0.2921184067215769	([669], [669, 668])
0	0.0	0.292269944347392	([653], [653, 652])
0	0.0	0.29227097810716557	([412], [412, 411])
0	0.0	0.2925483572723103	([208], [208, 207])
0	0.0	0.2925510911804579	([418], [418, 417])
0	0.0	0.2930947683999548	([182], [182, 181])
0	0.0	0.2931392424317713	([173], [173, 172])
0	0.0	0.2931469794957361	([277], [277, 276])
0	0.0	0.2933680741821914	([203], [203, 202])
0	0.0	0.29347567381731177	([525], [525, 524])
0	0.0	0.29408472163846683	([280], [280, 279])
0	0.0	0.29414407610425064	([579], [579, 578])
0	0.0	0.29425313519007196	([390], [390, 389])
0	0.0	0.29426252011002424	([68], [68, 67])
0	0.0	0.29429511578432016	([135], [135, 134])
0	0.0	0.2943898752857334	([531], [531, 530])
0	0.0	0.2944375408369578	([583], [583, 582])
0	0.0	0.29461379438679586	([313], [313, 312])
0	0.0	0.29468712110457346	([585], [585, 584])
0	0.0	0.2947373505533195	([333], [333, 332])
0	0.0	0.2948138034988105	([326], [326, 325])
0	0.0	0.2949911419842288	([284], [284, 283])
0	0.0	0.29506990376146985	([447], [447, 446])
0	0.0	0.2951310394200662	([415], [415, 414])
0	0.0	0.2952093048390276	([638], [638, 637])
0	0.0	0.295213403676529	([31], [31, 30])
0	0.0	0.2952334704372833	([321], [321, 320])
0	0.0	0.2953913561744973	([30], [30, 29])
0	0.0	0.2954463587784588	([380], [380, 379])
0	0.0	0.2954771350848964	([335], [335, 334])
0	0.0	0.2955023946079199	([672], [672, 671])
0	0.0	0.2955138443348277	([404], [404, 403])
0	0.0	0.29559591249769773	([414], [414, 413])
0	0.0	0.29577116043842366	([344], [344, 343])
0	0.0	0.29606712934594603	([477], [477, 476])
0	0.0	0.29614128221530245	([696], [696, 695])
0	0.0	0.29618482926064377	([683], [683, 682])
0	0.0	0.29697800010992387	([568], [568, 567])
0	0.0	0.29712529917820985	([138], [138, 137])
0	0.0	0.29726104234094025	([675], [675, 674])
0	0.0	0.29727386643878523	([644], [644, 643])
0	0.0	0.29730228604747533	([155], [155, 154])
0	0.0	0.29743888789330286	([570], [570, 569])
0	0.0	0.2974938787982427	([202], [202, 201])
0	0.0	0.2976768612030102	([437], [437, 436])
0	0.0	0.2977655771764094	([673], [673, 672])
0	0.0	0.29777780999843945	([473], [473, 472])
0	0.0	0.29808367120297313	([248], [248, 247])
0	0.0	0.2980887272700654	([521], [521, 520])
0	0.0	0.2981402505253246	([632], [632, 631])
0	0.0	0.2983002647569112	([688], [688, 687])
0	0.0	0.2983155986613502	([641], [641, 640])
0	0.0	0.29833065178197965	([161], [161, 160])
0	0.0	0.2983840788569055	([188], [188, 187])
0	0.0	0.298654340876307	([87], [87, 86])
0	0.0	0.2988033406656132	([615], [615, 614])
0	0.0	0.29903188490290467	([143], [143, 142])
0	0.0	0.29911271869426187	([241], [241, 240])
0	0.0	0.2994127679020259	([112], [112, 111])
0	0.0	0.29949286258255087	([429], [429, 427])
0	0.0	0.29963749152006824	([679], [679, 678])
0	0.0	0.2997266919007619	([116], [116, 115])
0	0.0	0.2998087702915908	([283], [283, 282])
0	0.0	0.2998389861511891	([379], [379, 378])
0	0.0	0.2999184084929445	([421], [421, 420])
0	0.0	0.300014023496017	([517], [517, 516])
0	0.0	0.3000431802156701	([551], [551, 550])
0	0.0	0.3000633557524982	([383], [383, 382])
0	0.0	0.3000861275813692	([445], [445, 444])
0	0.0	0.3001269932464641	([299], [299, 298])
0	0.0	0.3004720078536498	([444], [444, 443])
0	0.0	0.3005179576357289	([107], [107, 106])
0	0.0	0.30053610844900686	([441], [441, 440])
0	0.0	0.3005665868712716	([267], [267, 266])
0	0.0	0.3006562506868111	([81], [81, 80])
0	0.0	0.3006945594338169	([563], [563, 562])
0	0.0	0.3008338208034163	([295], [295, 294])
0	0.0	0.3009377665070055	([530], [530, 529])
0	0.0	0.30109128958813375	([207], [207, 206])
0	0.0	0.30112729471433863	([406], [406, 405])
0	0.0	0.3012097305164522	([594], [594, 593])
0	0.0	0.30124427837357926	([351], [352, 350])
0	0.0	0.3012723528484745	([293], [293, 292])
0	0.0	0.3013078029987564	([174], [174, 173])
0	0.0	0.3013410951271916	([443], [443, 442])
0	0.0	0.30142485862215557	([319], [319, 318])
0	0.0	0.30155750417864263	([296], [296, 295])
0	0.0	0.30169832947418096	([648], [648, 647])
0	0.0	0.3023836023894569	([399], [399, 398])
0	0.0	0.3024742105670419	([187], [187, 186])
0	0.0	0.3025041335973996	([461], [461, 460])
0	0.0	0.30252222696672626	([368], [368, 367])
0	0.0	0.3026483500466993	([312], [312, 311])
0	0.0	0.3026627914391204	([532], [532, 531])
0	0.0	0.30267803559726125	([250], [250, 249])
0	0.0	0.3027153566066181	([393], [393, 392])
0	0.0	0.30277661997738364	([93], [93, 91])
0	0.0	0.3028541324137965	([247], [247, 246])
0	0.0	0.30300143699977783	([26], [26, 25])
0	0.0	0.30300554339307845	([249], [249, 248])
0	0.0	0.30302374047667074	([522], [522, 521])
0	0.0	0.3030299467085721	([515], [515, 514])
0	0.0	0.3035215465923926	([541], [541, 540])
0	0.0	0.3035776544842973	([514], [514, 513])
0	0.0	0.3036485774219888	([645], [645, 644])
0	0.0	0.3038372014967258	([132], [132, 131])
0	0.0	0.30421255767097793	([555], [555, 554])
0	0.0	0.30437271775971075	([172], [172, 171])
0	0.0	0.30438665525535924	([689], [689, 688])
0	0.0	0.30439986946944064	([200], [200, 199])
0	0.0	0.3045062984191909	([591], [591, 590])
0	0.0	0.30458871522014064	([466], [466, 465])
0	0.0	0.3046357154606697	([358], [358, 357])
0	0.0	0.304813641037511	([713], [713, 712])
0	0.0	0.3049000829697433	([496], [496, 495])
0	0.0	0.30490519346852296	([479], [479, 478])
0	0.0	0.3052014864251274	([513], [513, 512])
0	0.0	0.30522605451433443	([503], [503, 502])
0	0.0	0.30546109485664336	([374], [374, 373])
0	0.0	0.3056526096543876	([126], [126, 125])
0	0.0	0.305694318347214	([674], [674, 673])
0	0.0	0.30580989243141826	([446], [446, 445])
0	0.0	0.30587821124989695	([310], [310, 309])
0	0.0	0.3059081112531386	([506], [506, 505])
0	0.0	0.30592262619888755	([158], [158, 157])
0	0.0	0.3060008601081691	([420], [420, 419])
0	0.0	0.30608679746453854	([291], [291, 290])
0	0.0	0.3061985643184758	([75], [75, 74])
0	0.0	0.3062411700914401	([51], [51, 49])
0	0.0	0.3062809047414047	([580], [580, 579])
0	0.0	0.30637247151249103	([343], [343, 342])
0	0.0	0.306386841086493	([661], [661, 660])
0	0.0	0.30640892269241016	([256], [256, 255])
0	0.0	0.306504126036798	([290], [291, 287])
0	0.0	0.3066939726579469	([578], [578, 577])
0	0.0	0.3068590617548306	([534], [534, 533])
0	0.0	0.30712858463075143	([630], [630, 629])
0	0.0	0.30720078991779426	([74], [74, 73])
0	0.0	0.30744351935112957	([342], [342, 341])
0	0.0	0.3078024902720366	([680], [680, 679])
0	0.0	0.3078759375763747	([271], [271, 270])
0	0.0	0.3079238520714473	([438], [438, 437])
0	0.0	0.30797928502059096	([449], [449, 448])
0	0.0	0.3080117033378636	([110], [110, 109])
0	0.0	0.3081324516262754	([144], [144, 143])
0	0.0	0.3082062271572744	([705], [705, 704])
0	0.0	0.30860974458268	([712], [712, 711])
0	0.0	0.3086296679909602	([633], [633, 632])
0	0.0	0.308774815791748	([354], [354, 353])
0	0.0	0.3088675910889619	([491], [491, 490])
0	0.0	0.3089239188298379	([192], [192, 191])
0	0.0	0.3090198329712807	([416], [416, 415])
0	0.0	0.3090440797440447	([311], [311, 310])
0	0.0	0.30912280138041476	([552], [552, 551])
0	0.0	0.30925160901891036	([547], [547, 546])
0	0.0	0.30932822035061747	([195], [195, 194])
0	0.0	0.30935574784415165	([611], [611, 610])
0	0.0	0.3094275548059638	([115], [115, 114])
0	0.0	0.30972606241291156	([621], [621, 620])
0	0.0	0.30978108914853647	([678], [678, 677])
0	0.0	0.30983099572829986	([262], [262, 261])
0	0.0	0.30998165581043696	([711], [711, 710])
0	0.0	0.3100390014891187	([499], [499, 498])
0	0.0	0.3103672611461398	([154], [154, 153])
0	0.0	0.31057622394344525	([95], [95, 94])
0	0.0	0.3107730356524464	([121], [121, 119])
0	0.0	0.311637915256374	([677], [677, 676])
0	0.0	0.31173497794024635	([136], [136, 135])
0	0.0	0.31196642631190663	([134], [134, 133])
0	0.0	0.3120368071928319	([288], [288, 287])
0	0.0	0.3121415352620268	([388], [388, 387])
0	0.0	0.31240878801517263	([643], [643, 642])
0	0.0	0.31251786275512794	([365], [365, 364])
0	0.0	0.3126732546370785	([518], [518, 517])
0	0.0	0.3127754071532896	([128], [128, 127])
0	0.0	0.31277776391035716	([560], [560, 559])
0	0.0	0.31282713738773055	([413], [413, 412])
0	0.0	0.3130032087866727	([584], [584, 583])
0	0.0	0.3130511562438237	([691], [691, 690])
0	0.0	0.31322123916460365	([124], [124, 122])
0	0.0	0.31322138458230186	([356], [356, 355])
0	0.0	0.31326194688362197	([566], [566, 565])
0	0.0	0.31335113438185885	([640], [640, 639])
0	0.0	0.3135838464023958	([448], [448, 446])
0	0.0	0.31363230530103225	([535], [535, 534])
0	0.0	0.3137873985410848	([664], [664, 663])
0	0.0	0.314143104458173	([269], [269, 268])
0	0.0	0.3144437760382273	([702], [702, 701])
0	0.0	0.314554186681558	([681], [681, 680])
0	0.0	0.31457028500632156	([377], [377, 376])
0	0.0	0.3147447699736532	([395], [395, 394])
0	0.0	0.3147651122589123	([593], [593, 592])
0	0.0	0.3147862918113597	([419], [419, 418])
0	0.0	0.3149691352247868	([400], [400, 399])
0	0.0	0.3149855664723033	([687], [687, 686])
0	0.0	0.31507371751096563	([654], [654, 653])
0	0.0	0.3151194464376107	([582], [582, 581])
0	0.0	0.31519366440618035	([306], [306, 305])
0	0.0	0.3152481241873411	([273], [273, 272])
0	0.0	0.315333800944615	([375], [375, 374])
0	0.0	0.3153575669844153	([386], [386, 385])
0	0.0	0.3156590437259902	([336], [336, 335])
0	0.0	0.3157091870594296	([318], [318, 317])
0	0.0	0.31579956356971856	([309], [309, 308])
0	0.0	0.3159155869954463	([364], [364, 362])
0	0.0	0.3160383054992503	([175], [175, 174])
0	0.0	0.31618606894808116	([695], [695, 694])
0	0.0	0.31639365527546975	([252], [252, 251])
0	0.0	0.31654404573605155	([602], [602, 601])
0	0.0	0.31671085018245226	([550], [550, 549])
0	0.0	0.3168891619177613	([361], [361, 360])
0	0.0	0.31697388768175244	([300], [300, 299])
0	0.0	0.3170102798511763	([171], [171, 170])
0	0.0	0.31702775011939627	([519], [519, 518])
0	0.0	0.3170373377791734	([571], [571, 570])
0	0.0	0.31728746467818086	([294], [294, 293])
0	0.0	0.31762504698165084	([94], [94, 93])
0	0.0	0.31770803546414894	([442], [442, 441])
0	0.0	0.31771663676937933	([366], [366, 365])
0	0.0	0.31771956874929513	([463], [463, 462])
0	0.0	0.3180664437642737	([576], [576, 575])
0	0.0	0.31817228434363426	([142], [142, 141])
0	0.0	0.3184025569757654	([198], [198, 197])
0	0.0	0.3184800412249282	([655], [655, 654])
0	0.0	0.3185329977061696	([508], [508, 507])
0	0.0	0.31863506514871187	([589], [589, 588])
0	0.0	0.31869432632479655	([20], [20, 19])
0	0.0	0.31880745337202476	([577], [577, 576])
1	0.31637078541350433	0.3197487396935355	([204, 201], [204, 203, 201])
0	0.0	0.32014395494519976	([671], [671, 669])
0	0.0	0.32028922503936297	([432], [432, 431])
0	0.0	0.32065547385533805	([130], [130, 127])
0	0.0	0.32066242303514364	([387], [387, 386])
0	0.0	0.3209966204564914	([417], [417, 416])
0	0.0	0.3210975716217436	([177], [177, 176])
0	0.0	0.32117056966372787	([281], [281, 280])
0	0.0	0.3212058078388265	([408], [408, 407])
0	0.0	0.3214746672677292	([467], [467, 466])
0	0.0	0.3215523613038837	([455], [455, 454])
0	0.0	0.32217134924867047	([89], [89, 88])
0	0.0	0.32217150151156215	([316], [316, 315])
0	0.0	0.3222760815518633	([265], [265, 264])
0	0.0	0.32235040901078227	([562], [562, 561])
0	0.0	0.32253332963633763	([433], [433, 432])
0	0.0	0.322610310467765	([430], [430, 429])
0	0.0	0.3226780139147778	([409], [409, 408])
0	0.0	0.32282248133344016	([385], [385, 384])
0	0.0	0.3230833055309812	([457], [457, 456])
0	0.0	0.32311045192582066	([133], [133, 132])
0	0.0	0.3233911836047338	([544], [544, 543])
0	0.0	0.32345203491892105	([410], [410, 409])
0	0.0	0.32357768458911085	([96], [96, 95])
0	0.0	0.3235883360530437	([554], [554, 553])
0	0.0	0.3237356645220073	([486], [486, 485])
0	0.0	0.3240355921594828	([274], [274, 273])
0	0.0	0.3242761322733308	([123], [123, 122])
0	0.0	0.3246706261415909	([493], [493, 492])
0	0.0	0.3249660041180199	([199], [199, 197])
0	0.0	0.325005915678757	([557], [557, 556])
0	0.0	0.3251112374372897	([607], [607, 606])
0	0.0	0.3251327660276787	([487], [487, 486])
0	0.0	0.3252612627000713	([527], [528, 526])
0	0.0	0.3256040421514147	([201], [201, 200])
0	0.0	0.32569286218955845	([706], [706, 705])
0	0.0	0.32579503785941144	([472], [472, 471])
0	0.0	0.326080385213726	([100], [100, 98])
0	0.0	0.32610654100157377	([652], [652, 650])
0	0.0	0.32619108471015495	([317], [317, 316])
0	0.0	0.326235709848328	([660], [660, 659])
0	0.0	0.3264553181096917	([315], [315, 314])
0	0.0	0.32646110960082336	([189], [189, 188])
0	0.0	0.32647612902354944	([622], [622, 621])
0	0.0	0.3266843186099539	([231], [231, 229])
1	0.3212419648881445	0.3267462449279608	([321, 317], [321, 320, 318])
0	0.0	0.3267604414947736	([391], [391, 390])
0	0.0	0.32683415144269923	([624], [624, 623])
0	0.0	0.32691167041286806	([659], [659, 655])
0	0.0	0.3270467962503792	([434], [434, 433])
0	0.0	0.32711864058157925	([459], [459, 458])
0	0.0	0.32733106319784616	([497], [497, 496])
0	0.0	0.3274279741311493	([649], [649, 648])
0	0.0	0.32765157817517104	([495], [495, 494])
0	0.0	0.3278430406634841	([22], [22, 21])
0	0.0	0.32816095843775656	([623], [624, 622])
0	0.0	0.3284722539413713	([625], [625, 624])
0	0.0	0.32870765744173575	([332], [332, 330])
0	0.0	0.32884471373595797	([176], [176, 175])
0	0.0	0.32893389571070974	([378], [378, 377])
0	0.0	0.3291465224144121	([339], [339, 338])
0	0.0	0.32938063524602584	([567], [567, 566])
0	0.0	0.3297039447983834	([453], [453, 452])
0	0.0	0.3298304553516295	([639], [639, 638])
0	0.0	0.3304813159538157	([636], [659, 658])
0	0.0	0.3305955668395076	([698], [698, 696])
0	0.0	0.3308241811916995	([684], [684, 683])
0	0.0	0.3308297484208417	([183], [183, 182])
0	0.0	0.3308984313603913	([559], [559, 558])
0	0.0	0.331297392400598	([166], [166, 165])
0	0.0	0.33137748368853254	([212], [212, 211])
0	0.0	0.33150197910626444	([501], [501, 500])
0	0.0	0.33167595386978843	([279], [279, 278])
0	0.0	0.3319063479486854	([353], [353, 352])
0	0.0	0.3320016518853646	([327], [327, 326])
0	0.0	0.33206039521940106	([163], [163, 162])
0	0.0	0.3320698169863148	([592], [592, 591])
0	0.0	0.33217516827106586	([524], [524, 523])
0	0.0	0.33221892082247434	([113], [113, 112])
0	0.0	0.33236539536408516	([475], [475, 474])
0	0.0	0.332379969050196	([657], [636, 635])
0	0.0	0.3325646425090538	([460], [460, 459])
0	0.0	0.3326621487737853	([533], [533, 532])
0	0.0	0.33273768803990733	([83], [83, 82])
0	0.0	0.3329127894715717	([92], [92, 91])
1	0.32214590696596346	0.3330390582962803	([628, 625], [628, 627, 625])
0	0.0	0.33344968168311145	([605], [605, 604])
0	0.0	0.33382798094386484	([372], [372, 371])
0	0.0	0.33406672647228375	([476], [476, 475])
0	0.0	0.33437669689049715	([90], [90, 89])
0	0.0	0.3346656993104745	([21], [21, 20])
0	0.0	0.3347858806053129	([205], [205, 204])
0	0.0	0.33511967809145504	([275], [275, 274])
0	0.0	0.3359721821428557	([86], [86, 85])
0	0.0	0.3361773409856369	([405], [405, 404])
0	0.0	0.3366617761841956	([308], [308, 307])
0	0.0	0.33673292469336474	([322], [322, 321])
0	0.0	0.33677447939880356	([464], [464, 463])
0	0.0	0.33693782411328443	([403], [403, 402])
0	0.0	0.33745689398172013	([67], [67, 66])
0	0.0	0.3375070616780521	([392], [392, 391])
0	0.0	0.3377438692537965	([156], [156, 155])
0	0.0	0.33883645355865294	([13], [13, 12])
0	0.0	0.33884670518734905	([59], [59, 57])
0	0.0	0.33906199079692045	([666], [666, 664])
0	0.0	0.3392292719467983	([574], [574, 573])
0	0.0	0.3397280684404661	([109], [109, 107])
0	0.0	0.3397299515917431	([91], [91, 90])
0	0.0	0.3398454459326143	([118], [118, 117])
0	0.0	0.34027260517796515	([52], [52, 51])
0	0.0	0.341206089212074	([606], [606, 605])
0	0.0	0.3416827036057407	([106], [106, 105])
0	0.0	0.34201348559760214	([28], [28, 26])
0	0.0	0.3420865754607449	([104], [104, 103])
1	0.317087483577642	0.3421218501097909	([290, 289], [291, 289, 288])
0	0.0	0.34229617838389625	([97], [97, 96])
1	0.3328362616114279	0.34242529661319404	([657, 655], [659, 658, 657])
0	0.0	0.3431176953155967	([564], [564, 563])
0	0.0	0.3433603927107439	([613], [613, 612])
0	0.0	0.34352341802418557	([179], [179, 178])
0	0.0	0.34387082116328466	([167], [167, 166])
0	0.0	0.34442554389743457	([608], [608, 607])
0	0.0	0.345777924901085	([16], [16, 15])
0	0.0	0.3464342692612233	([587], [587, 586])
0	0.0	0.3466275709266125	([471], [471, 469])
0	0.0	0.34752277905639195	([153], [153, 152])
0	0.0	0.3477035362285833	([511], [511, 510])
0	0.0	0.3477336689494458	([348], [348, 347])
0	0.0	0.3483375253622888	([481], [481, 480])
0	0.0	0.3483458120150709	([398], [398, 397])
0	0.0	0.34839236999160533	([292], [292, 291])
1	0.34262369688401234	0.3487156996296887	([570, 567], [570, 569, 567])
0	0.0	0.3488450639047861	([5], [5, 3])
0	0.0	0.34909687950245	([634], [671, 670])
0	0.0	0.3491305494200238	([178], [178, 177])
0	0.0	0.3498519934190025	([328], [328, 327])
0	0.0	0.35015763371344844	([264], [264, 262])
0	0.0	0.351024539455289	([599], [599, 598])
0	0.0	0.3512285896275007	([618], [618, 617])
0	0.0	0.35126791552949393	([58], [58, 57])
0	0.0	0.352276303171328	([27], [27, 26])
0	0.0	0.3528611608212455	([149], [149, 146])
0	0.0	0.3528731247335182	([529], [529, 528])
0	0.0	0.3529085834685256	([70], [70, 68])
0	0.0	0.35332537669966874	([76], [76, 75])
0	0.0	0.3535242912442611	([620], [620, 619])
0	0.0	0.3540478702855605	([670], [652, 651])
0	0.0	0.3544038912285678	([194], [194, 193])
0	0.0	0.35443640752707	([450], [450, 449])
0	0.0	0.35463384693337185	([49], [51, 50])
0	0.0	0.35485822480710155	([147], [147, 146])
0	0.0	0.3550578112550651	([370], [370, 368])
0	0.0	0.3556694177817978	([359], [359, 358])
0	0.0	0.35632363654530924	([46], [46, 45])
1	0.3492014787743733	0.3565983059344689	([592, 587], [591, 589, 587])
0	0.0	0.3575836238230371	([53], [53, 52])
0	0.0	0.357788670842753	([66], [66, 65])
0	0.0	0.3578455148002241	([381], [381, 380])
0	0.0	0.35803921184172444	([48], [48, 47])
0	0.0	0.3587117757477276	([254], [254, 252])
0	0.0	0.35873731747872734	([148], [148, 147])
0	0.0	0.35906036375680817	([539], [539, 538])
0	0.0	0.3603006545061825	([488], [488, 487])
1	0.3567208463810041	0.36035497881789863	([522, 518], [522, 521, 518])
0	0.0	0.3605567241331918	([151], [151, 150])
0	0.0	0.36061010903292556	([19], [19, 18])
0	0.0	0.3607893201104065	([65], [66, 64])
0	0.0	0.3611459141817304	([363], [363, 362])
0	0.0	0.36124064384240706	([47], [47, 45])
0	0.0	0.3612529085645201	([79], [79, 77])
0	0.0	0.3620703934086765	([84], [85, 83])
0	0.0	0.36207433635114733	([117], [117, 116])
0	0.0	0.36272570230633855	([77], [77, 76])
0	0.0	0.36319139439656056	([4], [4, 3])
0	0.0	0.3632210911501894	([105], [106, 102])
0	0.0	0.3632405723612914	([285], [285, 284])
0	0.0	0.3638862305665224	([330], [330, 328])
0	0.0	0.36392188892166266	([150], [150, 147])
0	0.0	0.3639282642185502	([257], [257, 256])
0	0.0	0.36408001699267023	([17], [17, 16])
0	0.0	0.36668102821289367	([246], [254, 253])
0	0.0	0.3667994741104686	([304], [304, 303])
0	0.0	0.36697802211717817	([617], [617, 616])
0	0.0	0.36719456931553207	([440], [440, 439])
0	0.0	0.36723082772128385	([102], [102, 101])
1	0.36620669074835555	0.3675699375485018	([612, 606], [611, 608, 606])
0	0.0	0.3680163426493433	([15], [15, 14])
0	0.0	0.3685936493679696	([170], [170, 169])
0	0.0	0.3693718585374096	([439], [440, 438])
0	0.0	0.37012576272209385	([9], [9, 8])
0	0.0	0.3735618946067005	([184], [184, 183])
0	0.0	0.37356399798489	([146], [146, 145])
0	0.0	0.3742033907686592	([73], [73, 72])
1	0.36622449642818294	0.3742577475562729	([105, 104], [106, 105, 104])
0	0.0	0.37489239282387204	([573], [573, 572])
0	0.0	0.3751159197941089	([697], [697, 696])
0	0.0	0.3757483766550775	([140], [140, 138])
0	0.0	0.3758189125882806	([665], [665, 664])
0	0.0	0.3771758211266938	([44], [44, 43])
0	0.0	0.3773457490755854	([57], [58, 56])
0	0.0	0.3773911375967067	([101], [140, 139])
0	0.0	0.3776597898002636	([185], [185, 184])
0	0.0	0.37802670824428103	([382], [382, 381])
0	0.0	0.37818507576350735	([426], [426, 425])
0	0.0	0.37851182782555026	([72], [100, 99])
0	0.0	0.3787939583440954	([619], [619, 618])
0	0.0	0.3793917293000213	([50], [49, 48])
0	0.0	0.3799971963195028	([423], [423, 422])
1	0.37013951477498724	0.38014453473184123	([359, 354], [359, 358, 354])
0	0.0	0.3803257671098773	([323], [324, 322])
0	0.0	0.38155439194985746	([55], [55, 54])
0	0.0	0.3820293975616118	([14], [15, 13])
0	0.0	0.3823108653194616	([43], [43, 41])
0	0.0	0.38297023920129586	([325], [327, 322])
0	0.0	0.3832766308279144	([129], [129, 128])
0	0.0	0.3840229949767569	([572], [572, 571])
0	0.0	0.38446751963186265	([186], [186, 184])
0	0.0	0.3844944497761824	([651], [634, 633])
1	0.38546143762295376	0.38611850859289715	([487, 481], [487, 485, 481])
0	0.0	0.38628096764511183	([24], [24, 21])
0	0.0	0.38632295834947944	([253], [246, 245])
0	0.0	0.3878602390404137	([245], [246, 244])
0	0.0	0.38790529116794015	([42], [42, 41])
0	0.0	0.3888377577384084	([25], [25, 24])
0	0.0	0.3891940543057009	([45], [45, 44])
0	0.0	0.39052756246264664	([469], [469, 468])
0	0.0	0.3912695533637042	([427], [427, 426])
0	0.0	0.391780151476807	([11], [11, 10])
0	0.0	0.39202430756352835	([64], [70, 69])
0	0.0	0.39387980676265744	([33], [33, 31])
1	0.3860597637645968	0.393902006320856	([325, 324], [327, 325, 324])
0	0.0	0.394272985626051	([18], [33, 32])
0	0.0	0.394829437874566	([12], [12, 11])
0	0.0	0.3950081193267546	([302], [302, 301])
0	0.0	0.3952181664312306	([32], [18, 16])
0	0.0	0.3955514329166833	([139], [101, 100])
0	0.0	0.3976710158858846	([369], [369, 368])
0	0.0	0.39775640236905924	([71], [71, 70])
0	0.0	0.39785212409897924	([69], [64, 63])
0	0.0	0.40067767433761514	([468], [471, 470])
0	0.0	0.40126600492821757	([470], [468, 467])
0	0.0	0.4026945072302818	([10], [10, 9])
0	0.0	0.4029768206429737	([108], [108, 107])
0	0.0	0.40317181547007125	([39], [39, 37])
0	0.0	0.4055215333926348	([303], [303, 302])
0	0.0	0.4058781980560843	([99], [74, 71])
0	0.0	0.4066603859987811	([56], [56, 54])
0	0.0	0.40800492991826903	([61], [61, 58])
0	0.0	0.41124099408620485	([78], [78, 77])
0	0.0	0.41224940363333545	([260], [264, 263])
0	0.0	0.4135867456534253	([258], [258, 257])
0	0.0	0.4136781691676341	([34], [34, 33])
0	0.0	0.4141638007753423	([287], [657, 656])
0	0.0	0.41588014879475305	([656], [287, 285])
0	0.0	0.41953735997008623	([329], [329, 328])
0	0.0	0.4202615726108095	([60], [60, 59])
0	0.0	0.4220458659510296	([286], [286, 285])
0	0.0	0.4220544655275587	([263], [260, 259])
0	0.0	0.4254642695385925	([259], [260, 258])
0	0.0	0.4255424634287167	([239], [239, 238])
0	0.0	0.4271604540566663	([240], [240, 239])
0	0.0	0.428729070901471	([218], [218, 215])
0	0.0	0.4305484027214245	([214], [214, 213])
0	0.0	0.43165201556105265	([169], [169, 167])
0	0.0	0.4402839159272387	([234], [234, 231])
0	0.0	0.444956180865021	([35], [35, 34])
0	0.0	0.4468990030456315	([222], [222, 218])
0	0.0	0.4482944506836667	([168], [168, 167])
0	0.0	0.4484149947398861	([236], [236, 231])
0	0.0	0.4533079113106621	([230], [230, 221])
0	0.0	0.4533108732073729	([63], [64, 62])
0	0.0	0.4538683642456668	([229], [236, 235])
0	0.0	0.4567105121242786	([36], [36, 34])
0	0.0	0.45751386486687917	([233], [233, 221])
0	0.0	0.457875855955776	([221], [233, 228])
0	0.0	0.45801405478056334	([224], [224, 217])
0	0.0	0.45828860387852227	([219], [219, 218])
0	0.0	0.4596539321680831	([62], [62, 36])
0	0.0	0.459692894179668	([226], [226, 216])
0	0.0	0.4614651849451419	([37], [37, 35])
0	0.0	0.4622673949990975	([217], [217, 216])
0	0.0	0.4624224377654903	([216], [216, 215])
0	0.0	0.4624334574535714	([1], [62, 42])
0	0.0	0.4641682178114041	([220], [220, 219])
0	0.0	0.4645072124294451	([228], [233, 225])
0	0.0	0.46464572189222136	([232], [232, 224])
0	0.0	0.4648406324688303	([215], [215, 214])
0	0.0	0.4655134074763282	([41], [43, 38])
0	0.0	0.4655423486377671	([225], [228, 217])
0	0.0	0.4691639515246059	([38], [232, 231])
0	0.0	0.47523835721805807	([223], [223, 214])
0	0.0	0.48001788763891534	([235], [235, 227])
1	0.46395588280421085	0.4930729112054579	([226, 219], [226, 219, 216])
1	0.4719352898027348	0.494297324953403	([234, 228], [234, 233, 231])
0	0.0	0.503053574243904	([227], [59, 40])
1	0.48527378527343074	0.5068409773208343	([235, 224], [235, 232, 231])
1	0.48219778524182777	0.5101261094710398	([233, 224], [233, 232, 225])
1	0.47007666691167127	0.5101261094710398	([233, 231], [233, 232, 231])
1	0.48190030179550947	0.5128589221024124	([233, 227], [235, 233, 227])
1	0.5113649377761356	0.5191244460389164	([724, 715], [724, 718, 715])
1	0.5198560986241811	0.5289626314240702	([55, 38], [55, 50, 38])
1	0.5299009495040239	0.5380674161967071	([60, 34], [62, 60, 34])
1	0.5040755011989644	0.5461746211587556	([62, 60], [60, 53, 47])
1	0.5090011771642653	0.54831860686287	([231, 218], [234, 228, 217])
1	0.5152104209133361	0.5493293294731187	([695, 671], [692, 690, 671])
1	0.4699845588707822	0.5562345155488052	([231, 230], [233, 230, 229])
1	0.4658178358308658	0.559899830778104	([232, 225], [235, 224, 216])
1	0.47587742971783714	0.5634791089377255	([60, 39], [60, 39, 35])
1	0.48599712254913696	0.5665455500192184	([230, 222], [230, 229, 218])
1	0.5778647564507198	0.5842235162469174	([55, 37], [55, 49, 42])
1	0.5478436949141965	0.5865740967758883	([72, 40], [72, 64, 63])
1	0.5399728279606764	0.5899478813106346	([48, 36], [62, 44, 41])
1	0.5768152816940478	0.5902974907095334	([694, 667], [694, 692, 668])
1	0.557296080389738	0.5911874455437706	([62, 11], [62, 34, 9])
1	0.5914200636559197	0.5959176969174479	([78, 39], [78, 72, 39])
1	0.5706763029290258	0.5964667108126525	([84, 62], [84, 72, 65])
1	0.5743082482782028	0.5969342749933134	([699, 666], [699, 692, 668])
1	0.50795831156987	0.6007058459779461	([61, 34], [61, 58, 34])
1	0.5705486830614261	0.6025259934419328	([39, 11], [39, 32, 11])
1	0.5347186944277481	0.6035951117428542	([42, 37], [56, 50, 39])
1	0.5411555781265617	0.6040771969660159	([65, 39], [64, 43, 39])
1	0.466107160807751	0.6059554170183497	([232, 226], [232, 226, 216])
1	0.5535997288032545	0.6065218197620689	([61, 14], [61, 34, 24])
1	0.5541192239009131	0.6066025920247634	([60, 9], [34, 32, 11])
1	0.5886884874600231	0.6081419962495265	([240, 214], [239, 238, 214])
1	0.5221174266819416	0.608445744526178	([40, 10], [40, 32, 10])
1	0.5488798231077315	0.6101582914709193	([61, 48], [61, 56, 48])
1	0.49061585537550306	0.613531719785174	([239, 223], [238, 231, 215])
1	0.5278092922766984	0.6140960004373902	([714, 696], [713, 709, 698])
1	0.5056911932839943	0.6246201565816248	([40, 32], [59, 40, 32])
1	0.5976369963896391	0.6263639165421879	([109, 62], [109, 99, 97])
1	0.5782335132158603	0.6322313218141626	([117, 38], [117, 111, 108])
1	0.6322176227765671	0.6327780925858114	([428, 406], [428, 419, 409])
1	0.5921280088591242	0.6331165150089503	([99, 39], [99, 89, 39])
1	0.5553698505463095	0.6351876384292344	([71, 38], [65, 41, 38])
1	0.5313984466325878	0.6398931080591698	([245, 224], [245, 235, 234])
1	0.6376964232610706	0.6410764716464742	([198, 172], [198, 190, 182])
1	0.6020001579148652	0.6414210892825494	([36, 3], [36, 20, 15])
1	0.6439992573465207	0.652497000505888	([189, 149], [189, 167, 149])
1	0.6439678330071964	0.6576941818485689	([129, 60], [129, 112, 60])
1	0.6547334230040202	0.6582880247845404	([90, 36], [104, 90, 60])
1	0.6339864082029797	0.6582880247845404	([90, 60], [104, 90, 88])
1	0.6183156310742266	0.6601246602978181	([106, 60], [90, 63, 60])
1	0.5737132676751154	0.6601246602978181	([108, 36], [90, 68, 63])
1	0.656113578432213	0.6612066352371208	([188, 36], [188, 167, 150])
1	0.6576680525727228	0.662803355204928	([75, 20], [75, 64, 36])
1	0.6436903642819447	0.6628084217049605	([141, 60], [141, 128, 112])
1	0.4765317641240122	0.6634966992859223	([230, 223], [239, 230, 223])
1	0.6546411990286385	0.6639830062011245	([133, 36], [133, 129, 36])
1	0.6622688683304025	0.6645886942427403	([280, 241], [280, 265, 241])
1	0.6319700312726787	0.6655930926375273	([334, 304], [334, 325, 316])
1	0.6623589022630515	0.6658233738916395	([547, 517], [547, 536, 517])
1	0.6420675814392449	0.6661667949935555	([123, 103], [123, 121, 103])
1	0.6664764691615037	0.6673361007094157	([167, 128], [167, 152, 128])
1	0.667489856124834	0.669098557432002	([142, 111], [142, 126, 116])
1	0.6583565378000875	0.6693875935456712	([511, 472], [511, 501, 472])
1	0.6691623478066622	0.6698634130586375	([419, 388], [419, 406, 396])
1	0.6690603867448475	0.6711525629237131	([69, 27], [69, 60, 27])
1	0.5852802871360644	0.6712074386588898	([101, 37], [104, 51, 41])
1	0.6538445033538989	0.6716592477777186	([57, 4], [59, 32, 9])
1	0.6500759105690732	0.6721436692447902	([519, 497], [519, 509, 497])
1	0.66268232412708	0.6721509991241484	([120, 92], [122, 120, 91])
1	0.665773481875236	0.6727091103716702	([101, 45], [101, 85, 84])
1	0.6663674994331489	0.6728898047114318	([115, 57], [115, 62, 57])
1	0.6594519965915709	0.67410252501049	([213, 62], [213, 187, 186])
1	0.5847543221110159	0.6750817318561123	([92, 38], [105, 94, 92])
1	0.6699505549196986	0.6751706912130577	([725, 667], [725, 697, 667])
1	0.673414925776637	0.6759019972761572	([94, 42], [94, 87, 42])
1	0.5523204092799223	0.676476880990298	([38, 9], [54, 50, 9])
1	0.5571489596811349	0.6783261525769939	([285, 61], [302, 285, 283])
1	0.6633552509811536	0.6785881676428617	([639, 36], [639, 624, 620])
1	0.6774222528894855	0.6793127169860587	([318, 36], [326, 318, 36])
1	0.6721028407759687	0.67979265839667	([504, 469], [504, 488, 474])
1	0.6416038463183871	0.6805049162153674	([189, 131], [189, 187, 131])
1	0.6762675843715312	0.6814211107287693	([295, 262], [295, 280, 275])
1	0.670057469911014	0.6823714089469554	([191, 145], [191, 167, 149])
1	0.6731250259834197	0.6830277606213517	([285, 247], [285, 275, 247])
1	0.6764779210087876	0.68319349242837	([93, 44], [93, 89, 44])
1	0.6730709676676717	0.6831980682351576	([593, 552], [593, 573, 568])
1	0.6779562664915061	0.6832234436859146	([154, 124], [154, 138, 131])
1	0.6117644440737968	0.6847804903305714	([150, 36], [146, 138, 133])
1	0.6698101910250159	0.6867038370580764	([85, 15], [85, 65, 32])
1	0.6799266949976395	0.6871486500195119	([525, 498], [525, 519, 497])
1	0.5590852798873381	0.6871671280795529	([139, 38], [139, 117, 111])
1	0.6557782779463477	0.6876036604734008	([177, 62], [144, 135, 62])
1	0.6862392909766062	0.688257565726448	([704, 623], [704, 664, 649])
1	0.6779011134037887	0.6888468454793872	([623, 586], [623, 606, 586])
1	0.6475575823111943	0.6891260325896509	([702, 629], [704, 702, 623])
1	0.6822838895558476	0.6892826319313952	([202, 36], [202, 188, 186])
1	0.6712435321473752	0.6895999527799505	([157, 135], [157, 150, 144])
1	0.6577122932944797	0.6896854038554571	([428, 358], [428, 375, 358])
1	0.6837155862258213	0.6904524720891397	([404, 366], [404, 390, 366])
1	0.6885902463727623	0.6909397630463446	([677, 648], [677, 662, 648])
1	0.6339147711869313	0.6920154759188598	([198, 37], [198, 183, 167])
1	0.6927703803453645	0.693030152610655	([87, 14], [87, 41, 16])
1	0.6863706141957685	0.6945770137057553	([82, 26], [82, 70, 29])
1	0.6678445980224893	0.694931537380452	([80, 29], [80, 75, 30])
1	0.682036924057139	0.6953670586286099	([206, 144], [206, 187, 152])
1	0.6848371308007193	0.6957051288019152	([86, 25], [86, 66, 25])
1	0.6888994664586843	0.696013917668507	([67, 21], [67, 39, 32])
1	0.6934495981032253	0.6968534237736979	([71, 22], [71, 66, 25])
1	0.687339591982042	0.6973462074363711	([377, 338], [377, 359, 353])
1	0.6897569936566398	0.6982790733179158	([690, 644], [690, 661, 659])
1	0.6784974497946284	0.6986112552751322	([401, 351], [401, 369, 351])
1	0.6911069912162824	0.6987997540254128	([192, 138], [192, 176, 152])
1	0.6914003215873848	0.6992717554424609	([344, 305], [344, 325, 305])
1	0.6944934211816133	0.6993496764151866	([193, 44], [193, 177, 62])
1	0.647824475507118	0.6993898884071688	([244, 62], [243, 215, 213])
1	0.6945798783766441	0.6994451682020657	([110, 47], [110, 95, 47])
1	0.5341042306430097	0.6998644786919277	([108, 38], [92, 67, 65])
1	0.6898930475383471	0.6998750295004266	([406, 357], [406, 390, 368])
1	0.6919699846499987	0.7013659091961482	([328, 271], [328, 301, 271])
1	0.7009585169390694	0.7020365890621099	([703, 631], [703, 699, 614])
1	0.6822643749095507	0.7029446732072906	([192, 110], [188, 117, 110])
1	0.5076461033310564	0.7029719861570536	([63, 40], [63, 59, 40])
1	0.6938740764612529	0.7036208055820238	([609, 558], [609, 590, 558])
1	0.6927822888751138	0.7038549453031236	([216, 180], [216, 200, 198])
1	0.6984310573403617	0.7044165028872578	([556, 496], [545, 537, 496])
1	0.7025958202514563	0.7044453881970448	([137, 56], [137, 56, 5])
1	0.6901400829749818	0.7046061787430545	([699, 614], [703, 658, 635])
1	0.7039420689035103	0.7046123561762527	([279, 208], [279, 240, 208])
1	0.7002435872245092	0.7056182034646626	([708, 36], [708, 695, 693])
1	0.6824578264329223	0.7063887237342114	([188, 60], [188, 143, 110])
1	0.703995359232161	0.7064157229944166	([125, 47], [128, 125, 47])
1	0.691298731771709	0.7074660021859024	([267, 209], [267, 242, 241])
1	0.685951546434911	0.709664628208824	([725, 617], [725, 667, 628])
1	0.6923831163509164	0.7100593702873236	([536, 480], [536, 512, 501])
1	0.6976631468650556	0.7100759561943576	([559, 514], [559, 536, 514])
1	0.7025367524050075	0.7104634666842045	([311, 245], [311, 291, 274])
1	0.7056726960244877	0.7104866343845616	([212, 115], [211, 188, 110])
1	0.6834116669097816	0.7111287666081589	([661, 604], [661, 658, 604])
1	0.7114113132337809	0.7115316808795472	([147, 88], [147, 112, 101])
1	0.6834842141700077	0.7120082255590471	([142, 44], [142, 125, 47])
1	0.6908196994001014	0.7124748534893747	([195, 134], [195, 164, 134])
1	0.6946828840426054	0.7128315232010772	([247, 198], [247, 239, 205])
1	0.5542231534453368	0.7131728574734558	([169, 61], [169, 146, 144])
1	0.7083587480811986	0.713322482516563	([667, 600], [667, 652, 600])
1	0.6963662948502897	0.7134907674208693	([561, 498], [561, 545, 496])
1	0.6848166740286054	0.7135215537569429	([155, 87], [155, 144, 87])
1	0.7086022153747839	0.7137308770246162	([124, 63], [124, 114, 63])
1	0.7096539501530549	0.7139017569054654	([486, 447], [486, 480, 447])
1	0.7101834247671162	0.7143333258977627	([399, 339], [399, 365, 351])
1	0.6981399494587575	0.7144985812700247	([649, 545], [649, 590, 558])
1	0.709116232314934	0.7156026284155907	([685, 640], [685, 654, 640])
1	0.7043753048915987	0.7157508628314101	([658, 592], [658, 608, 604])
1	0.6911845757181191	0.7161351201447523	([114, 10], [114, 59, 10])
1	0.7111116876837184	0.7165145731564032	([498, 437], [505, 498, 428])
1	0.7054208511093878	0.7166864343763029	([663, 599], [663, 635, 626])
1	0.712128548466343	0.7167871691840255	([94, 11], [94, 42, 35])
1	0.6924199347237069	0.7172407588968392	([339, 276], [339, 306, 276])
1	0.6976844930391677	0.7176155074792631	([194, 119], [194, 154, 145])
1	0.7082153638758686	0.7176803802307041	([167, 92], [167, 92, 65])
1	0.717106784814896	0.7177189839198823	([153, 86], [153, 116, 86])
1	0.6712346641272869	0.7182036325101498	([495, 36], [495, 477, 475])
1	0.6977403118729534	0.7183993153236012	([621, 509], [621, 546, 520])
1	0.711914984521598	0.7185343913689884	([471, 401], [471, 465, 409])
1	0.7167889148721791	0.718600566477332	([543, 477], [543, 516, 495])
1	0.7184517944705577	0.7187125141666407	([651, 584], [651, 614, 608])
1	0.6969664079421451	0.7195996423647997	([137, 5], [137, 117, 5])
1	0.6984482620442846	0.7198376619183406	([192, 55], [192, 138, 55])
1	0.6331218694587449	0.7202297786651529	([274, 37], [274, 247, 198])
1	0.7153297242179216	0.7203919047490865	([385, 322], [385, 357, 322])
1	0.632854434104445	0.7206003148749284	([705, 37], [705, 624, 623])
1	0.708835054560601	0.7209616568072089	([372, 310], [372, 330, 320])
1	0.7154981250540775	0.7213024324430084	([213, 127], [213, 127, 60])
1	0.6637508506710275	0.7213024324430084	([215, 60], [215, 213, 60])
1	0.7175223163242563	0.7213907340654422	([392, 318], [392, 360, 344])
1	0.7209083081395609	0.7220548775381156	([515, 440], [515, 482, 475])
1	0.7136728122466075	0.7222953338782168	([292, 215], [275, 244, 237])
1	0.7182192389985459	0.7223589353743461	([206, 58], [206, 186, 58])
1	0.7215869734214582	0.722958015224983	([607, 542], [607, 573, 542])
1	0.701828617778416	0.7231205093910829	([205, 137], [205, 154, 137])
1	0.7071408137211739	0.7234681514965536	([187, 57], [187, 145, 57])
1	0.7168521759739186	0.7235960059931369	([186, 7], [186, 58, 7])
1	0.7031660756689726	0.7237454940427975	([372, 291], [372, 310, 291])
1	0.7010419005094809	0.7239477145223449	([583, 515], [583, 544, 515])
1	0.6858174448189767	0.7246728601500213	([517, 428], [498, 466, 444])
1	0.7234341874038285	0.7250376968726479	([427, 349], [427, 396, 371])
1	0.7238216347139985	0.7252391332926844	([464, 410], [464, 436, 435])
1	0.7234315527326616	0.7256495773903423	([706, 60], [706, 705, 60])
1	0.7213187501612159	0.7258041829882541	([279, 162], [279, 208, 187])
1	0.7241590027371584	0.7261121948291016	([484, 411], [484, 433, 411])
1	0.7220380761986258	0.7263445352889436	([271, 192], [271, 236, 211])
1	0.7174633999128207	0.7266029161455376	([689, 609], [689, 664, 609])
1	0.7222778054724558	0.7268372067116863	([134, 70], [134, 121, 90])
1	0.7210547672527803	0.7268590751775962	([584, 502], [616, 584, 505])
1	0.7191461697717155	0.7270343329462583	([350, 279], [350, 309, 279])
1	0.7229251906670899	0.727212054099042	([682, 608], [682, 655, 651])
1	0.7136612137673607	0.7277667254570825	([256, 197], [256, 236, 229])
1	0.7059095028347518	0.7278943858030515	([347, 270], [347, 334, 270])
1	0.668105743421648	0.7281864866741341	([655, 36], [655, 639, 621])
1	0.7101590113985586	0.7282727672638433	([669, 573], [669, 645, 590])
1	0.7171155456030217	0.7286144211626108	([521, 460], [521, 503, 460])
1	0.7217812608277395	0.7287315063598391	([229, 154], [273, 231, 229])
1	0.7189695851213924	0.7288835987804557	([489, 406], [489, 449, 444])
1	0.7277188167838585	0.729167833150281	([327, 260], [327, 308, 269])
1	0.7148673683225127	0.7292631829162836	([480, 415], [480, 437, 431])
1	0.7116009755772134	0.7292914328870118	([336, 265], [336, 293, 269])
1	0.7078947906322125	0.7294275214110272	([616, 511], [584, 550, 515])
1	0.7270337288944604	0.7294663493910096	([686, 601], [686, 669, 601])
1	0.7148004260133204	0.7295672318616694	([589, 514], [589, 584, 502])
1	0.7224509438674577	0.729691148057757	([281, 218], [281, 245, 237])
1	0.7005128340579077	0.7297933358159766	([281, 62], [281, 244, 237])
1	0.7298722573722664	0.729995629198336	([588, 513], [618, 588, 582])
1	0.7161038181463852	0.7301701931101597	([496, 436], [496, 472, 454])
1	0.7180142241234847	0.7302399441046337	([597, 541], [597, 563, 560])
1	0.724634678710009	0.7304054889958831	([335, 240], [335, 325, 238])
1	0.7276982784126674	0.7305889532026549	([642, 562], [642, 608, 594])
1	0.7111758234628949	0.7307166606210332	([189, 34], [148, 145, 9])
1	0.7009812405963263	0.730743578060083	([131, 1], [131, 127, 11])
1	0.7152162361046437	0.7308911952957898	([212, 52], [212, 60, 52])
1	0.6965769417261007	0.7309842683143001	([159, 91], [159, 151, 93])
1	0.7109945925099254	0.7310513207725501	([208, 35], [208, 115, 112])
1	0.7171389808114826	0.7311120357392323	([623, 516], [623, 616, 505])
1	0.7210056633766733	0.7311120357392323	([703, 505], [705, 623, 505])
1	0.7267639397499318	0.7311453572374391	([251, 195], [261, 251, 195])
1	0.7287958495505565	0.7311453572374391	([293, 195], [293, 261, 195])
1	0.7252719025420113	0.7314799820902333	([237, 121], [237, 213, 121])
1	0.7075041838602738	0.7314832757529127	([685, 596], [685, 654, 596])
1	0.7280303341076513	0.7316361965352896	([410, 316], [410, 357, 316])
1	0.728279558365057	0.7320476608940568	([209, 92], [209, 132, 110])
1	0.7009133313429325	0.7321343590315251	([156, 81], [156, 151, 93])
1	0.7220639551706652	0.7323009356775717	([583, 487], [583, 515, 487])
1	0.7235034414742229	0.7324680352008096	([120, 26], [120, 75, 36])
1	0.723167480383269	0.7325281238547846	([442, 366], [442, 410, 366])
1	0.7237784505946429	0.7326017676549905	([681, 602], [681, 669, 602])
1	0.6878821280872204	0.7327242440481496	([213, 3], [213, 62, 3])
1	0.6870725792776827	0.7329062295933855	([531, 429], [531, 509, 429])
1	0.7176818683142617	0.733074370816869	([395, 319], [395, 355, 339])
1	0.7322011458484967	0.7331579112918619	([459, 392], [459, 455, 392])
1	0.6236091112091374	0.7334437423862699	([123, 37], [123, 104, 79])
1	0.710254965887352	0.733463830216854	([383, 313], [383, 344, 313])
1	0.731409898517586	0.7339810447457564	([395, 295], [395, 319, 295])
1	0.4900559703745791	0.734229081911977	([259, 227], [259, 236, 235])
1	0.7337739438347384	0.7347363830254268	([370, 289], [370, 349, 289])
1	0.7293630458103959	0.7350867994273425	([502, 438], [502, 469, 441])
1	0.7350140965044842	0.73521864762599	([207, 98], [207, 152, 142])
1	0.7127567849408093	0.7353141399111986	([377, 288], [377, 343, 300])
1	0.7251585140337773	0.735326116523775	([505, 399], [505, 486, 399])
1	0.7252303215605213	0.7357157092820317	([196, 75], [196, 172, 75])
1	0.7190558668341843	0.736109943284953	([624, 489], [626, 624, 489])
1	0.6904884211523052	0.7361135959861433	([673, 60], [705, 505, 60])
1	0.6919182814937409	0.7364423657137421	([210, 59], [210, 131, 113])
1	0.7307250780966067	0.7365052033136303	([206, 94], [206, 128, 94])
1	0.5409219055227271	0.736798192301012	([108, 40], [108, 57, 40])
1	0.7360971238338804	0.7368986523995719	([520, 414], [520, 498, 435])
1	0.7324400051820636	0.7368986523995719	([554, 435], [554, 520, 435])
1	0.7325832571776623	0.7369414447746752	([509, 363], [509, 505, 363])
1	0.7282340199337358	0.7371427201371278	([265, 152], [265, 203, 202])
1	0.7309716615731271	0.7376253152004487	([289, 151], [271, 240, 60])
1	0.7313914449499166	0.7376271378552931	([477, 390], [477, 425, 411])
1	0.7166432253481122	0.7378107167592485	([273, 154], [229, 204, 154])
1	0.7290883310411357	0.7382350374722227	([534, 462], [534, 496, 464])
1	0.7298913087919748	0.7383522007071507	([622, 486], [639, 614, 488])
1	0.735937999128772	0.738576678054584	([401, 60], [401, 399, 60])
1	0.6947204519619332	0.738576678054584	([379, 60], [505, 399, 60])
1	0.7319766914807209	0.7388729590018496	([636, 508], [636, 618, 513])
1	0.7233124250626581	0.7392551675388357	([704, 514], [704, 626, 489])
1	0.7229811784614113	0.7393627633765675	([200, 88], [213, 88, 60])
1	0.5414335975386071	0.7393909662638596	([303, 224], [323, 303, 289])
1	0.7151675092963544	0.7395404894913029	([681, 564], [681, 602, 564])
1	0.7302369285547639	0.739619473058167	([262, 155], [262, 211, 186])
1	0.7388948844648928	0.7398856798270416	([644, 60], [644, 614, 583])
1	0.7333591809792486	0.7399080460738933	([655, 547], [655, 626, 571])
1	0.721805909622665	0.7400260269140776	([542, 461], [526, 494, 493])
1	0.5565109490563864	0.7401908154992259	([71, 61], [71, 61, 24])
1	0.7101243295242172	0.7406541820614223	([502, 402], [502, 432, 402])
1	0.740561387499502	0.7407175791296811	([160, 78], [160, 156, 70])
1	0.7284883457640148	0.7408550121837406	([283, 201], [283, 245, 237])
1	0.7042293357376922	0.7410093543093547	([197, 82], [197, 156, 73])
1	0.7393095120949452	0.7410521511899668	([158, 20], [158, 122, 121])
1	0.7265863250552798	0.7412827065786184	([430, 336], [430, 352, 336])
1	0.7333699977229696	0.7413534106531999	([379, 254], [379, 254, 60])
1	0.6207528245681794	0.7413557500580965	([487, 37], [487, 470, 443])
1	0.7325780625898953	0.7414873947604076	([177, 79], [182, 156, 81])
1	0.725345262555613	0.7415259544852717	([692, 607], [692, 654, 607])
1	0.7382303765252823	0.7415379790675231	([646, 521], [646, 628, 521])
1	0.7317554119772346	0.7416150932349133	([170, 25], [170, 66, 36])
1	0.7151589484523926	0.7416223275759584	([279, 11], [279, 240, 60])
1	0.7291995773028227	0.7421658799176636	([658, 512], [658, 649, 533])
1	0.7214171741790919	0.7421964960504085	([237, 1], [237, 211, 1])
1	0.7336441922594852	0.7424688074880904	([199, 120], [199, 156, 154])
1	0.6853327476683343	0.7426438721411125	([472, 60], [401, 328, 60])
1	0.7188184493592368	0.7426613297927573	([639, 488], [614, 562, 558])
1	0.7407111947858318	0.7430263323260979	([353, 60], [353, 331, 60])
1	0.7370272552415059	0.7433212366618351	([405, 280], [399, 331, 308])
1	0.7371420887933909	0.7434068649613863	([704, 62], [718, 712, 62])
1	0.7432035759114264	0.7435352029705703	([428, 104], [428, 104, 35])
1	0.7398700836913117	0.7435585890980619	([174, 64], [174, 131, 64])
1	0.7342517609761072	0.7435921926388732	([412, 313], [412, 390, 313])
1	0.7176697666802212	0.7436081528136194	([666, 523], [666, 632, 523])
1	0.7315327458867045	0.7437126903939159	([521, 427], [521, 486, 460])
1	0.7155364162057282	0.7445683280064173	([523, 404], [512, 488, 404])
1	0.7148361818270985	0.7448091314333269	([474, 368], [505, 474, 368])
1	0.7441053629846172	0.7448681605017272	([371, 299], [371, 362, 299])
1	0.7253281294054239	0.7449012374930994	([143, 4], [143, 128, 4])
1	0.7266218871330288	0.7451196047940427	([163, 71], [172, 163, 71])
1	0.7226856680731544	0.7451457402032441	([119, 24], [119, 92, 79])
1	0.7370140238567706	0.7452296085124988	([627, 428], [632, 489, 428])
1	0.5941266311503244	0.7452906137236248	([139, 39], [139, 99, 98])
1	0.7392019779426799	0.7453846878792116	([169, 85], [169, 149, 97])
1	0.7201085606633997	0.7456675187947845	([611, 526], [611, 544, 526])
1	0.7402358439357244	0.7457924326019929	([638, 507], [638, 621, 520])
1	0.7309492799340995	0.7459980478620254	([627, 473], [627, 589, 502])
1	0.7279753229591277	0.7461336998279453	([688, 558], [688, 657, 653])
1	0.7313204736677066	0.7461443481555723	([473, 383], [473, 424, 404])
1	0.7420799278355845	0.7461502213201521	([551, 458], [551, 518, 458])
1	0.7200906413426311	0.7462647524884104	([360, 247], [341, 297, 291])
1	0.7115142444097478	0.7466192193269469	([402, 304], [402, 348, 325])
1	0.7340305515160847	0.7466522482479017	([245, 172], [245, 217, 195])
1	0.7312529887970998	0.7472657509212952	([385, 272], [385, 322, 295])
1	0.7353503477980052	0.7473988850884618	([401, 270], [401, 347, 319])
1	0.7468826465789298	0.7474713300389878	([363, 267], [363, 305, 290])
1	0.732361434487041	0.7474713300389878	([368, 290], [368, 363, 290])
1	0.7415802118364548	0.7475062130390927	([695, 594], [694, 654, 594])
1	0.7447973188822419	0.7475865466658752	([617, 495], [617, 589, 506])
1	0.6766876107276802	0.7478615106191515	([404, 36], [495, 407, 399])
1	0.7108429157999566	0.7479306027562492	([428, 317], [428, 374, 296])
1	0.7398643394695849	0.7479428509022668	([507, 101], [507, 498, 62])
1	0.7262173219420348	0.7479853485742647	([676, 549], [676, 614, 549])
1	0.7414446564778361	0.7479886306638532	([315, 169], [315, 247, 169])
1	0.742895306644878	0.7483826392298296	([701, 582], [701, 651, 582])
1	0.7486922461174508	0.7488522105241024	([246, 182], [246, 218, 197])
1	0.747007808940959	0.7489419195925152	([398, 279], [408, 398, 279])
1	0.691215319642454	0.7489886328318579	([428, 247], [428, 296, 266])
1	0.7296943087332527	0.7490034903747044	([678, 570], [678, 614, 594])
1	0.7422846769132454	0.7491814269222238	([365, 292], [365, 319, 304])
1	0.7436552038790669	0.749212897463086	([438, 346], [447, 438, 346])
1	0.7470537195899108	0.7492291355488423	([365, 244], [365, 292, 279])
1	0.7361506792403005	0.7493145656575029	([164, 69], [164, 159, 69])
1	0.7160596716548455	0.7494587228581042	([656, 536], [652, 644, 536])
1	0.738912620784006	0.7495329113260116	([535, 407], [518, 495, 474])
1	0.7417752787953268	0.7496623132379957	([725, 41], [725, 718, 115])
1	0.7385526395469451	0.7498434089871235	([562, 431], [562, 546, 431])
1	0.7429785076508669	0.7502654070569508	([238, 134], [238, 207, 115])
1	0.7502795062100072	0.7502826477445511	([176, 33], [176, 33, 20])
1	0.7501239924812594	0.7503169592536857	([252, 179], [252, 214, 198])
1	0.7244560465174569	0.7506089921676208	([134, 15], [134, 86, 70])
1	0.7014924592056679	0.7507985319568663	([450, 62], [498, 473, 62])
1	0.750005041891809	0.7508894048567964	([553, 422], [553, 520, 422])
1	0.6200290721239817	0.7509627481273864	([183, 37], [166, 90, 65])
1	0.7505601480822678	0.751283334967064	([353, 278], [353, 316, 304])
1	0.7417308789461876	0.7516377081396283	([463, 380], [477, 463, 380])
1	0.7413045754577012	0.7520181282160154	([209, 10], [209, 114, 92])
1	0.73982219344697	0.7520880553857028	([513, 403], [513, 469, 409])
1	0.736084627240209	0.7521599146828465	([608, 482], [608, 596, 482])
1	0.7373159337466978	0.7530245366077443	([510, 375], [510, 375, 60])
1	0.7217919395171808	0.7532188666502813	([376, 271], [367, 337, 279])
1	0.7010687050679345	0.7533919049252776	([402, 62], [402, 304, 62])
1	0.7436262615160769	0.7536062136739509	([659, 542], [659, 657, 542])
1	0.7357384009506873	0.7537052162952905	([594, 435], [594, 545, 521])
1	0.7538616586229518	0.7540704891069937	([383, 281], [383, 313, 281])
1	0.7445845066915293	0.754233743750676	([679, 576], [679, 650, 576])
1	0.7012086165444812	0.7543808696471739	([498, 62], [450, 366, 62])
1	0.7311757601057882	0.7550232436899091	([625, 474], [625, 621, 474])
1	0.7542171091462824	0.7551515769114806	([272, 121], [289, 272, 121])
1	0.7543718523829652	0.7551759470776631	([448, 351], [471, 448, 351])
1	0.7342483030951449	0.7553063681696479	([446, 343], [446, 424, 343])
1	0.725115993737457	0.7556062969754982	([464, 356], [462, 402, 392])
1	0.7508610485072809	0.7556938718983524	([514, 349], [488, 402, 349])
1	0.7556438398623881	0.7558460559004833	([583, 427], [583, 561, 427])
1	0.7484656710140907	0.7560081585008853	([320, 195], [320, 293, 271])
1	0.7463384249948243	0.756025844666739	([303, 152], [303, 270, 152])
1	0.7559042360085271	0.7560406843784205	([576, 428], [576, 556, 428])
1	0.7422888297680247	0.7560508349532773	([272, 140], [272, 194, 62])
1	0.7397647159602494	0.7561322438037235	([677, 544], [677, 636, 583])
1	0.7482069455413116	0.7566967309644248	([289, 178], [289, 178, 165])
1	0.747060079219179	0.7568491418951266	([530, 423], [530, 516, 423])
1	0.7557765758792234	0.7568908553804682	([298, 164], [298, 273, 164])
1	0.7537252941961846	0.7570190414458119	([650, 535], [651, 650, 535])
1	0.7493864101245569	0.7571397347276773	([557, 456], [557, 496, 475])
1	0.7477208912938156	0.7573434681799247	([693, 563], [693, 663, 598])
1	0.7409141327396233	0.7573624604068736	([590, 407], [590, 473, 428])
1	0.7543605134654919	0.7574265459152537	([332, 153], [332, 270, 153])
1	0.753191656930525	0.7577664832976178	([291, 163], [320, 291, 163])
1	0.7474092497472715	0.7580494508220259	([405, 189], [405, 213, 189])
1	0.7470192395239905	0.7580494508220259	([396, 213], [405, 396, 213])
1	0.7484485271962895	0.7580931114348433	([244, 82], [244, 82, 62])
1	0.7545380441014902	0.7582613507566011	([356, 248], [356, 304, 248])
1	0.7495313624887615	0.7584559247482212	([593, 478], [593, 560, 478])
1	0.7553335336220871	0.7585874502212729	([368, 208], [364, 208, 191])
1	0.7582887781697081	0.7586152765939063	([491, 352], [505, 491, 352])
1	0.7501662127081696	0.7586863335761539	([722, 8], [722, 709, 2])
1	0.7113707540676162	0.7586867250670052	([687, 428], [701, 650, 489])
1	0.7499497060478287	0.7587946655551538	([526, 420], [526, 485, 428])
1	0.7478798835140669	0.7589639985502837	([511, 35], [541, 511, 35])
1	0.7584140956751101	0.7591569043080424	([243, 131], [243, 131, 44])
1	0.7493638393280072	0.7592371107617881	([371, 238], [396, 371, 251])
1	0.7581888310867673	0.7594879895425966	([619, 399], [619, 511, 473])
1	0.7277849988461661	0.7596951552095309	([336, 112], [336, 271, 151])
1	0.6528110531205409	0.7597224466765171	([302, 36], [302, 212, 202])
1	0.7564587332801647	0.7597396194077102	([487, 369], [487, 456, 375])
1	0.7347222102777706	0.7597981316123372	([445, 285], [445, 412, 325])
1	0.7503831463454749	0.759950996093124	([281, 124], [290, 281, 124])
1	0.7599093913817114	0.7600590859296364	([538, 443], [538, 495, 428])
1	0.7560923207482826	0.7604129496944624	([620, 491], [620, 605, 491])
1	0.7526587437071631	0.7604143556513436	([670, 539], [670, 596, 539])
1	0.7398391657200872	0.760520423587547	([396, 253], [371, 316, 238])
1	0.7503123720183982	0.7606206767380075	([290, 180], [290, 256, 180])
1	0.7382881152221847	0.7606608021569935	([683, 556], [683, 642, 614])
1	0.7511344556436786	0.7606781490143258	([409, 267], [409, 399, 280])
1	0.7597764801535345	0.7606781490143258	([452, 280], [452, 409, 280])
1	0.7535182408510739	0.7607783593450578	([603, 409], [603, 507, 486])
1	0.758238877683035	0.7609079832460725	([498, 319], [498, 418, 392])
1	0.7578243904722143	0.7609923314429737	([431, 240], [431, 379, 240])
1	0.7463702315636026	0.7616100386257659	([681, 524], [685, 587, 561])
1	0.744501159267202	0.7620323707342571	([486, 192], [399, 210, 192])
1	0.5270385500114215	0.7620889091483909	([149, 61], [149, 61, 57])
1	0.7510405110640888	0.7624689796709864	([494, 339], [494, 393, 380])
1	0.7527062445928006	0.7628835891568341	([351, 134], [351, 303, 134])
1	0.7475145351095452	0.7630293436048786	([273, 45], [273, 243, 62])
1	0.7557419621738365	0.7630679696005336	([520, 356], [520, 396, 356])
1	0.755768323073557	0.7631952108536406	([490, 279], [490, 471, 62])
1	0.7606293716492427	0.7636824546552097	([424, 239], [428, 424, 239])
1	0.7582415909496744	0.7639458042010611	([483, 35], [541, 483, 427])
1	0.7598233034442325	0.7639460004520215	([704, 430], [704, 516, 430])
1	0.7445489239800964	0.7640229045106194	([380, 256], [380, 297, 285])
1	0.7639893216672068	0.7640376121203224	([581, 417], [581, 437, 417])
1	0.7634804253603299	0.7641838076217571	([492, 346], [492, 430, 400])
1	0.7501367481573631	0.764319850464454	([311, 79], [311, 262, 79])
1	0.7456091400344822	0.7643263870363735	([536, 416], [536, 482, 479])
1	0.7476713763851089	0.7643848900537694	([361, 242], [402, 361, 242])
1	0.7553655313862844	0.7644252953144521	([651, 351], [651, 558, 507])
1	0.6086795779866997	0.7646825123383201	([725, 1], [722, 710, 8])
1	0.6840160525647998	0.7647255067022487	([695, 36], [708, 655, 627])
1	0.7576087978021345	0.7651936660981777	([310, 166], [332, 310, 166])
1	0.7559621697736018	0.7652627215717184	([406, 212], [406, 399, 210])
1	0.7491105710196233	0.7652754169506901	([477, 288], [477, 380, 377])
1	0.7540460415054615	0.7653442829933836	([719, 53], [719, 711, 1])
1	0.7605606243018594	0.7655781962693942	([374, 135], [374, 202, 62])
1	0.7504793701609466	0.7655781962693942	([374, 202], [374, 294, 62])
1	0.7541741566076313	0.7660287113836306	([460, 382], [494, 460, 382])
1	0.7539742005842	0.7662898319608007	([441, 326], [472, 441, 326])
1	0.749545799718406	0.766388401256894	([514, 271], [449, 383, 271])
1	0.7626368308748444	0.7664325757359383	([314, 35], [314, 281, 62])
1	0.7501401404803965	0.7664912076145951	([428, 171], [428, 239, 218])
1	0.7625103476472713	0.7673097063701464	([452, 338], [471, 452, 338])
1	0.7479317681834292	0.7675331319479152	([575, 471], [575, 537, 518])
1	0.760276979964524	0.7680404589762926	([419, 246], [419, 355, 246])
1	0.7663901894984622	0.768084353050149	([644, 463], [644, 531, 476])
1	0.7676653948526303	0.7682495342268307	([552, 415], [552, 496, 464])
1	0.7234865149674669	0.7683170796913119	([354, 229], [354, 267, 247])
1	0.7635117152728269	0.7687377568770016	([725, 328], [725, 328, 288])
1	0.7638539084685516	0.7692603473878389	([369, 190], [369, 269, 240])
1	0.7421000428694786	0.7693811596962113	([534, 401], [534, 490, 462])
1	0.7645933590929713	0.7696454899334191	([501, 357], [501, 432, 357])
1	0.6404506177424142	0.7697197428644001	([620, 36], [623, 55, 37])
1	0.7683615863217916	0.7699715571014586	([455, 327], [455, 384, 334])
1	0.7654002510342479	0.7703409821688905	([448, 35], [483, 448, 427])
1	0.6081685787739104	0.7704578006200454	([618, 37], [695, 597, 62])
1	0.7475148026393095	0.770846998617491	([609, 454], [609, 506, 499])
1	0.7635607341292426	0.7708909240438957	([725, 436], [725, 505, 410])
1	0.691575499336544	0.7711315885918335	([696, 229], [723, 229, 212])
1	0.7397937123211941	0.7712069136780838	([358, 174], [371, 280, 174])
1	0.7643416620780423	0.7712090721387017	([717, 512], [717, 702, 512])
1	0.7540755130668111	0.7722198696326052	([357, 187], [357, 292, 187])
1	0.7512210212551614	0.772470593470756	([248, 77], [248, 159, 77])
1	0.7597517810014013	0.7726703302723934	([277, 92], [277, 270, 92])
1	0.7693759184089343	0.7727700472777005	([402, 146], [402, 147, 146])
1	0.754885246614546	0.7727752795230369	([301, 142], [301, 296, 142])
1	0.7132664924763263	0.772816112842432	([229, 50], [229, 211, 50])
1	0.7343843752001584	0.7728793200728782	([556, 372], [556, 498, 372])
1	0.7248405929224666	0.7728924229443325	([443, 248], [443, 371, 238])
1	0.7701541303598807	0.77337996217173	([417, 275], [417, 371, 250])
1	0.7499323369994223	0.7735050109801307	([326, 176], [326, 271, 186])
1	0.7583544201970261	0.7735220568356703	([581, 437], [581, 472, 417])
1	0.7715262419617365	0.7737479044149852	([493, 333], [493, 433, 333])
1	0.7521853848613729	0.7740272735350695	([626, 417], [626, 608, 417])
1	0.7734633437750098	0.7740481367309854	([686, 412], [686, 527, 412])
1	0.7544210525527569	0.7741797177645268	([541, 334], [541, 399, 397])
1	0.7435108703838478	0.7743666154023372	([363, 204], [363, 267, 240])
1	0.7577650619156628	0.7751937450158146	([266, 100], [266, 262, 100])
1	0.7739163902193047	0.7751943626895648	([332, 217], [332, 217, 201])
1	0.7570965960615176	0.775641766070174	([429, 215], [429, 354, 229])
1	0.7345483776412027	0.775641766070174	([411, 229], [429, 411, 229])
1	0.7642181412933665	0.7756510275018673	([713, 217], [713, 697, 231])
1	0.7609619660366123	0.7758867151916969	([434, 254], [447, 434, 254])
1	0.7446191910330866	0.7760786381535718	([293, 18], [293, 247, 18])
1	0.7718026326736651	0.7762474501730209	([251, 83], [251, 173, 83])
1	0.7749292393233058	0.7762497186692359	([306, 137], [306, 303, 137])
1	0.6941694315965289	0.7762504431218185	([714, 216], [714, 696, 229])
1	0.7528417335270202	0.7764025208617892	([703, 211], [718, 702, 211])
1	0.761228895871418	0.7764331075557381	([425, 194], [425, 283, 201])
1	0.7599123563352671	0.7764331075557381	([404, 201], [425, 404, 201])
1	0.7614821050915647	0.7764654264922717	([676, 425], [676, 537, 516])
1	0.7624486706630457	0.7765722451326951	([502, 134], [507, 502, 134])
1	0.7756054487718159	0.7766497647951787	([361, 66], [361, 316, 297])
1	0.7741616732303939	0.7769265867692222	([703, 9], [724, 703, 9])
1	0.7592635428989626	0.7769836966704844	([609, 366], [615, 609, 366])
1	0.7684537106068715	0.7770013781406347	([444, 312], [444, 420, 312])
1	0.7744534304176955	0.7770647710861357	([335, 34], [335, 213, 34])
1	0.7678111229879089	0.7773353915331119	([358, 97], [358, 174, 131])
1	0.7707226453844023	0.7779238019338572	([305, 41], [305, 178, 42])
1	0.7724636095988843	0.7779373158574626	([607, 384], [607, 532, 384])
1	0.7745262685678888	0.7782326148052762	([297, 123], [297, 287, 123])
1	0.7701682095437924	0.7782550474126625	([450, 255], [450, 324, 255])
1	0.767133453961481	0.7782764307619892	([550, 392], [550, 496, 392])
1	0.7510517284013281	0.7782926640730049	([365, 184], [365, 304, 151])
1	0.5498791106918479	0.7783479995082749	([302, 61], [285, 172, 149])
1	0.7722152002502604	0.7785725970891891	([284, 93], [284, 188, 120])
1	0.646776069310121	0.7787637636610042	([469, 36], [398, 326, 279])
1	0.7770146609739591	0.7787934533558578	([514, 4], [724, 514, 4])
1	0.751404821030011	0.7787934533558578	([707, 152], [724, 707, 4])
1	0.7643617131218979	0.7788244757977215	([369, 58], [369, 266, 240])
1	0.7778261647851553	0.7788670931156533	([245, 66], [316, 245, 156])
1	0.7675683777922501	0.7790244413443448	([497, 289], [497, 434, 421])
1	0.5521638057561407	0.7791754951058929	([363, 40], [363, 106, 57])
1	0.7562651119243737	0.7793330587869911	([335, 119], [335, 283, 119])
1	0.7722890144534329	0.7794557012958617	([720, 112], [721, 720, 112])
1	0.7701129299111448	0.7795537145783833	([477, 252], [477, 336, 265])
1	0.7633866789278674	0.7795562636581319	([725, 171], [725, 450, 324])
1	0.7428088329765437	0.7795569158981457	([512, 187], [512, 358, 270])
1	0.7546125158669588	0.7796262578611526	([694, 423], [694, 690, 423])
1	0.7733249367998922	0.7796692950728806	([376, 25], [402, 376, 65])
1	0.7573271032717026	0.7797558428597612	([316, 66], [316, 115, 66])
1	0.6186603727203132	0.7798880521619679	([178, 39], [178, 139, 42])
1	0.7710646392371963	0.7801258978725876	([345, 155], [345, 279, 155])
1	0.7699650674185247	0.7801330591817731	([635, 435], [635, 514, 435])
1	0.7780912136500288	0.7804746352967866	([700, 452], [700, 502, 472])
1	0.755812997705546	0.7806592219509172	([237, 41], [237, 125, 41])
1	0.7701946981767991	0.7808982794230163	([725, 83], [725, 83, 14])
1	0.773753309236042	0.7810000668772298	([320, 25], [376, 320, 265])
1	0.7629900233504959	0.7811832243705417	([475, 152], [475, 369, 349])
1	0.7807120555927817	0.781346020938768	([315, 67], [320, 315, 67])
1	0.7241104280320035	0.7813471809202432	([715, 231], [715, 671, 234])
1	0.7632803793158688	0.7813648531929226	([337, 138], [353, 337, 138])
1	0.7533614384089313	0.7813780453038943	([432, 131], [512, 489, 187])
1	0.7750089094379383	0.7813791547332226	([704, 12], [704, 62, 53])
1	0.7812637542688705	0.7813823040544428	([519, 313], [519, 432, 277])
1	0.7309314864881782	0.7816574510518189	([434, 11], [392, 274, 248])
1	0.7620812808034373	0.7816665862991937	([521, 243], [521, 512, 243])
1	0.7759982946271226	0.7819128737927322	([622, 240], [622, 511, 35])
1	0.7570599887546149	0.7821719846644173	([428, 83], [428, 266, 83])
1	0.7751586833816506	0.7824362408808454	([518, 266], [518, 367, 349])
1	0.7826007723071806	0.7827965767318527	([437, 256], [437, 372, 346])
1	0.7730128664899292	0.7829534848438987	([351, 41], [351, 120, 55])
1	0.7722035146051202	0.783219910219384	([370, 127], [370, 333, 127])
1	0.7829143901047699	0.7833798975688171	([317, 82], [317, 151, 66])
1	0.7562223790159386	0.7835828861075439	([503, 248], [503, 248, 11])
1	0.7521598289413842	0.7835828861075439	([347, 11], [503, 347, 11])
1	0.7738208018180571	0.7835855448657836	([440, 196], [440, 296, 283])
1	0.75709810444683	0.7836487161972693	([626, 365], [626, 506, 365])
1	0.7796780030031714	0.7841669974030913	([512, 322], [512, 322, 304])
1	0.7836346632391101	0.7844201162043359	([436, 126], [436, 325, 126])
1	0.7772870590247216	0.7847877343585911	([575, 344], [575, 436, 433])
1	0.7840088904199182	0.7848019910307992	([615, 4], [707, 615, 614])
1	0.780655241491248	0.7848806743435526	([659, 207], [659, 537, 505])
1	0.7621945160445088	0.784886227839943	([723, 188], [723, 188, 41])
1	0.7665591746927789	0.7850109460349426	([646, 383], [635, 435, 375])
1	0.7849324977437442	0.7854185347307603	([488, 229], [696, 633, 488])
1	0.781556575668243	0.7855294306944506	([527, 262], [527, 372, 297])
1	0.7768749980618411	0.7856953620092889	([469, 165], [469, 301, 244])
1	0.779037307207957	0.7859557095505066	([581, 358], [581, 469, 358])
1	0.7541048506648134	0.7859963383802699	([357, 22], [409, 399, 22])
1	0.7436867357298675	0.7860955566287836	([626, 210], [626, 402, 365])
1	0.7375660864919956	0.7862187363194645	([447, 198], [447, 362, 198])
1	0.7766991818292321	0.7862254024593495	([307, 27], [307, 261, 27])
1	0.7832079215694451	0.7863127230471745	([648, 398], [648, 609, 398])
1	0.5598970530206592	0.7864320819336216	([148, 40], [148, 108, 40])
1	0.7846666843303972	0.7867437629570795	([423, 264], [423, 292, 288])
1	0.7499004832181525	0.7867484818691888	([619, 63], [725, 619, 63])
1	0.7749718194606768	0.7867619089439205	([404, 145], [404, 240, 201])
1	0.7842069791688284	0.7868291549106051	([644, 393], [644, 558, 393])
1	0.5058246770146133	0.7870177421099727	([323, 224], [303, 245, 224])
1	0.5810755721052351	0.7870864720525141	([239, 39], [239, 64, 39])
1	0.6790504552685637	0.7871365755508227	([532, 36], [532, 475, 411])
1	0.7863257160506575	0.7873867572437077	([389, 161], [389, 326, 294])
1	0.7750748347038107	0.787534736612655	([684, 455], [684, 555, 519])
1	0.7813930358941935	0.7875396596866415	([433, 259], [433, 431, 259])
1	0.7779451408490119	0.7875794449836547	([439, 150], [502, 439, 406])
1	0.756307763579385	0.7875988576523854	([540, 354], [540, 433, 396])
1	0.7833724142129733	0.7876450234994307	([656, 424], [656, 571, 429])
1	0.7765458724221037	0.7879919423924553	([590, 41], [512, 243, 41])
1	0.787456137799078	0.7882285808165017	([689, 419], [689, 609, 392])
1	0.7774785351282838	0.7883607599935311	([557, 339], [557, 429, 339])
1	0.7637861380869014	0.788388426604556	([401, 149], [410, 389, 161])
1	0.5627257723175231	0.7883983809528098	([257, 38], [257, 218, 198])
1	0.7766159357946083	0.7885264647895188	([619, 335], [619, 514, 473])
1	0.7788449005160223	0.7885407375336283	([457, 273], [457, 331, 309])
1	0.7700947736077993	0.7885446479130707	([703, 305], [703, 305, 128])
1	0.7856911703620354	0.7886559137809752	([420, 169], [420, 246, 197])
1	0.7802506772262188	0.788726437344446	([415, 76], [415, 289, 76])
1	0.7795385699459378	0.7889801966676951	([368, 116], [368, 208, 116])
1	0.7864505648982456	0.789044595752458	([630, 371], [630, 513, 375])
1	0.7702215292188973	0.7891233593659932	([388, 19], [414, 388, 19])
1	0.7865842448025293	0.7892249214642323	([617, 12], [699, 616, 12])
1	0.7820958645400493	0.7892629562812183	([539, 306], [539, 394, 306])
1	0.7786729430200209	0.7894948245465035	([563, 377], [563, 451, 437])
1	0.778496766546672	0.7896300868805319	([449, 56], [383, 315, 131])
1	0.774981274190234	0.7898809008053087	([427, 45], [427, 271, 45])
1	0.777046020712311	0.7898985816786999	([654, 372], [654, 519, 372])
1	0.7726267038517497	0.7900520882415877	([431, 216], [431, 240, 210])
1	0.7232177972016118	0.7900813173088289	([428, 35], [428, 424, 35])
1	0.7691495380090727	0.790134689689917	([461, 196], [461, 440, 383])
1	0.7810288787794458	0.790473766855033	([467, 213], [467, 410, 356])
1	0.7703072967878589	0.7913811027924632	([626, 42], [626, 140, 53])
1	0.7915179461875697	0.7915885205702403	([560, 271], [560, 510, 271])
1	0.7754008331407393	0.7916685970577014	([451, 147], [488, 451, 147])
1	0.7910804106599698	0.7918560601862916	([502, 266], [518, 502, 401])
1	0.7893266414150257	0.7918602553474425	([524, 147], [524, 489, 147])
1	0.7516785074490244	0.7919452761779198	([400, 126], [400, 356, 126])
1	0.763678193630526	0.7919876604318087	([429, 30], [429, 242, 215])
1	0.7905927380315618	0.7920532397958647	([295, 59], [295, 200, 159])
1	0.7893779941016986	0.7924225271272958	([349, 73], [349, 198, 191])
1	0.792006120131513	0.7925622869789476	([474, 145], [474, 400, 145])
1	0.7760197645765465	0.7925987390564428	([405, 14], [350, 194, 56])
1	0.7864518889169752	0.7928335905054072	([521, 160], [521, 520, 160])
1	0.7881927750992458	0.793024099331186	([355, 128], [355, 189, 128])
1	0.7561588695262313	0.7932481144056659	([451, 122], [451, 278, 122])
1	0.7902307107235976	0.7934635058261593	([493, 171], [493, 333, 171])
1	0.7931042700883496	0.7935807223775488	([651, 146], [651, 351, 271])
1	0.7657404460769035	0.7936777751823226	([367, 98], [367, 350, 56])
1	0.7733661110966314	0.7938177972534285	([430, 102], [430, 280, 195])
1	0.7859389671941918	0.7943317164818249	([306, 7], [306, 137, 2])
1	0.7698943507571967	0.7944449929443191	([482, 33], [482, 424, 5])
1	0.7885238277389832	0.794471828418396	([496, 211], [505, 496, 211])
1	0.7578152705993298	0.7945207528201091	([406, 1], [388, 196, 19])
1	0.7945892081731789	0.7947593455493356	([429, 106], [429, 106, 33])
1	0.7585698882882452	0.7948491065333274	([725, 265], [725, 288, 265])
1	0.7692541508083507	0.7951553829166915	([674, 237], [703, 674, 237])
1	0.759687639242208	0.795880755632912	([472, 2], [472, 212, 60])
1	0.791883845737873	0.7959020102894121	([424, 181], [424, 351, 181])
1	0.77226734885241	0.795950517675553	([487, 84], [487, 406, 17])
1	0.7876293735113343	0.7963388301810509	([594, 30], [618, 594, 1])
1	0.7835906798262154	0.7963439932639343	([458, 172], [394, 318, 297])
1	0.7943586477509325	0.7965123765653548	([555, 348], [555, 348, 313])
1	0.7964246844883794	0.797275934102942	([716, 399], [716, 503, 473])
1	0.7784908958897176	0.7974122193879171	([616, 160], [627, 616, 142])
1	0.7779508129010102	0.7975459533594677	([628, 373], [628, 512, 404])
1	0.7849803545645998	0.7975922143220288	([393, 7], [408, 393, 7])
1	0.7682765961764539	0.7976281975034837	([345, 92], [345, 315, 92])
1	0.7694440169071919	0.7976921173220204	([460, 137], [489, 460, 137])
1	0.780466560788444	0.7976921173220204	([518, 137], [518, 489, 137])
1	0.7950217584999087	0.7978297237385573	([471, 12], [471, 460, 12])
1	0.77388549659614	0.7978411556895015	([504, 52], [512, 504, 46])
1	0.7970650433751127	0.7985161081136504	([447, 110], [473, 404, 110])
1	0.5250107034390427	0.7986052485097593	([226, 185], [226, 216, 185])
1	0.7591463417987426	0.7986538247098709	([421, 163], [421, 373, 163])
1	0.5812723203590283	0.7988711587952124	([619, 38], [651, 619, 489])
1	0.7933870237619447	0.7990084530365644	([593, 336], [593, 477, 442])
1	0.6336046073653032	0.7990737786227302	([327, 39], [617, 327, 62])
1	0.7982295004836973	0.799173477395389	([492, 141], [514, 492, 141])
1	0.7765485652438917	0.799173477395389	([615, 116], [615, 514, 141])
1	0.7911746929787792	0.7993911799315371	([661, 356], [661, 356, 333])
1	0.7852003144265916	0.7994140820062102	([487, 125], [487, 125, 84])
1	0.787248204840934	0.7995542778790363	([488, 100], [488, 429, 100])
1	0.7721145420696139	0.7996470035413974	([599, 148], [639, 599, 148])
1	0.7912626740464888	0.7997525175668081	([590, 281], [590, 502, 281])
1	0.7895087929268333	0.7998938838153145	([472, 117], [472, 117, 114])
1	0.7903174492156539	0.7999669765034881	([417, 73], [417, 371, 73])
1	0.7670023779653811	0.8003827964168685	([586, 370], [586, 571, 370])
1	0.7931274110753463	0.8005841445757294	([587, 357], [587, 513, 475])
1	0.7801594267285026	0.800687979973263	([576, 248], [576, 478, 248])
1	0.7961313589722453	0.800703631662356	([321, 122], [321, 186, 175])
1	0.7754409335151053	0.8009694639111031	([699, 346], [677, 641, 505])
1	0.7741229230174743	0.8010628669723052	([613, 290], [613, 334, 290])
1	0.7923644563788691	0.801151446028492	([644, 198], [644, 561, 198])
1	0.7861992583728454	0.8012265808289794	([388, 80], [388, 80, 19])
1	0.7879315592357741	0.801698609777233	([628, 57], [628, 626, 57])
1	0.7999646212274826	0.8017092225157302	([624, 124], [624, 481, 176])
1	0.7710504887069024	0.8017215555223546	([393, 180], [393, 282, 180])
1	0.7639344622855195	0.8017660515433183	([403, 44], [403, 280, 44])
1	0.5098616384830276	0.8018738723827031	([223, 69], [223, 214, 69])
1	0.7936858036928188	0.8019528435883975	([713, 416], [713, 635, 401])
1	0.7961633376282429	0.8021221083087515	([662, 13], [662, 624, 13])
1	0.7941357643751981	0.8025068672472274	([666, 278], [666, 513, 472])
1	0.792869278417076	0.802927432379128	([494, 130], [494, 488, 130])
1	0.8029895385274307	0.8031628509335204	([452, 32], [452, 240, 32])
1	0.7807555781122781	0.8033234227008454	([623, 173], [623, 503, 472])
1	0.5281959198764753	0.8033766109088769	([258, 222], [258, 222, 215])
1	0.8022232073845765	0.8034848972501036	([418, 91], [423, 418, 91])
1	0.7986686466569911	0.8036235607987945	([622, 307], [622, 399, 307])
1	0.7850438821050106	0.8036378442131816	([635, 136], [635, 472, 210])
1	0.7738935255745905	0.8037564737211459	([678, 238], [678, 401, 238])
1	0.7854292493267444	0.803838612178972	([495, 197], [495, 344, 298])
1	0.5745849223798888	0.8040003022226547	([651, 38], [619, 399, 9])
1	0.7947134779893513	0.8043791091405834	([535, 95], [535, 366, 63])
1	0.8021203555387761	0.8045072327776919	([531, 31], [531, 407, 351])
1	0.7939647569470758	0.8046819116865992	([559, 77], [644, 559, 77])
1	0.7885951586075667	0.8047879938238243	([540, 163], [540, 354, 163])
1	0.7951762522198634	0.8051224388373165	([664, 244], [664, 546, 513])
1	0.7814018789504802	0.8053135989838177	([688, 324], [688, 480, 324])
1	0.7996347350634907	0.805348377656523	([719, 350], [719, 350, 114])
1	0.8044391134453125	0.8054980077023776	([523, 18], [523, 478, 18])
1	0.7853057883210074	0.8056540440005439	([716, 302], [716, 302, 216])
1	0.7931273688231489	0.8057008510787956	([569, 163], [569, 323, 320])
1	0.7848165956452813	0.8057764380748426	([681, 319], [681, 566, 524])
1	0.7950093938855571	0.8060670978536943	([599, 85], [599, 148, 4])
1	0.7988653919120161	0.8063356432370099	([445, 26], [445, 349, 26])
1	0.7935289613572285	0.8064908302189707	([523, 76], [523, 76, 18])
1	0.7941259427195686	0.8065180594434616	([678, 172], [678, 238, 172])
1	0.8042489205454958	0.8066259790978612	([621, 31], [621, 418, 407])
1	0.787712000464644	0.8068326386608363	([621, 331], [621, 512, 331])
1	0.7937940741849923	0.8074929230715207	([585, 197], [644, 585, 197])
1	0.8021805290901877	0.8075187101549788	([581, 18], [581, 478, 343])
1	0.7951235456513931	0.8076649322306148	([479, 162], [479, 386, 192])
1	0.7913992008036131	0.8078122042535837	([717, 117], [717, 117, 114])
1	0.7970024693076955	0.8080512341230776	([716, 102], [718, 716, 115])
1	0.8062022836299091	0.8082220208894672	([669, 248], [669, 657, 248])
1	0.7949781094335633	0.8083642878525595	([578, 291], [578, 353, 326])
1	0.7985558344133034	0.8092662294833418	([595, 306], [595, 372, 306])
1	0.7917076544826838	0.8095337470028113	([684, 133], [684, 608, 133])
1	0.7801769140491581	0.8097962834281002	([677, 256], [677, 336, 303])
1	0.7816797138404739	0.8099478715761601	([621, 274], [621, 570, 473])
1	0.8047923101547718	0.8102677756175076	([546, 90], [546, 513, 90])
1	0.7986358263452852	0.8105352494050216	([443, 24], [443, 63, 20])
1	0.8083680437343415	0.810556733265521	([595, 155], [595, 491, 438])
1	0.7999595392650948	0.8106870453316708	([668, 213], [725, 668, 213])
1	0.8101093259438701	0.8109708611596463	([568, 302], [568, 386, 371])
1	0.7899242791944068	0.811185953664486	([465, 80], [465, 285, 243])
1	0.8096285162780549	0.811973405083422	([634, 84], [634, 428, 84])
1	0.79497174036841	0.8120705626735621	([682, 111], [691, 682, 106])
1	0.7917067898717136	0.81270090965034	([549, 199], [549, 521, 199])
1	0.7982325698020202	0.8128574198119133	([607, 17], [607, 545, 120])
1	0.7706457634763089	0.8130932095333875	([562, 67], [666, 562, 67])
1	0.8131009786427748	0.813491601280922	([591, 34], [624, 591, 34])
1	0.8117396046203595	0.813584736944752	([687, 219], [687, 219, 215])
1	0.5262882748400116	0.8137926875366449	([218, 38], [257, 38, 9])
1	0.5599218391466292	0.814042793619234	([439, 40], [439, 363, 204])
1	0.8138990884414412	0.8143931603779623	([565, 202], [565, 363, 202])
1	0.8100857376156088	0.8149713170442577	([441, 21], [441, 387, 276])
1	0.813747003453419	0.8158891322602614	([637, 272], [637, 613, 290])
1	0.7967936557677162	0.8163073846811879	([690, 160], [690, 521, 423])
1	0.8163675895798133	0.8165812042128829	([556, 185], [556, 397, 362])
1	0.8129977257068584	0.8169019226698675	([647, 83], [647, 591, 83])
1	0.8122265617380553	0.8176587033620806	([697, 26], [697, 646, 26])
1	0.8087704564390796	0.8178887909083262	([433, 27], [433, 325, 27])
1	0.8041029787830878	0.817921378552524	([438, 75], [438, 424, 75])
1	0.8160934548332476	0.818114760533127	([551, 25], [582, 551, 25])
1	0.7827375627326386	0.8184914226528669	([590, 175], [590, 549, 175])
1	0.7853903368520545	0.8193163024589738	([606, 88], [606, 546, 88])
1	0.524463093483607	0.8201425170096754	([222, 99], [222, 215, 99])
1	0.8108316635101492	0.8201670273150029	([637, 87], [637, 210, 192])
1	0.8162433802320156	0.8208201247600261	([543, 216], [543, 346, 216])
1	0.5879117448115535	0.8213965018682711	([470, 37], [470, 37, 35])
1	0.8219396332226272	0.8222906435008422	([645, 29], [661, 645, 29])
1	0.7873032548391795	0.8228958245792118	([494, 44], [494, 401, 44])
1	0.8097462889621501	0.8234212547531343	([710, 352], [710, 352, 242])
1	0.5856120862599659	0.825406672743213	([617, 39], [327, 89, 62])
1	0.8215421698455201	0.8258241788099816	([581, 92], [581, 396, 229])
1	0.8092322626513412	0.8275538930635907	([619, 107], [713, 619, 107])
1	0.5016372996733742	0.830385505027453	([369, 227], [369, 259, 227])
1	0.5867031778024957	0.8342977973025655	([381, 38], [381, 257, 158])
1	0.6277529889315175	0.8377145725486023	([475, 39], [617, 475, 53])
1	0.55646183873938	0.8418360710185463	([670, 224], [670, 234, 217])
1	0.5576415911653989	0.843145741190372	([224, 4], [303, 224, 4])
1	0.48936518502837173	0.8538548928452333	([263, 220], [263, 220, 219])
1	0.4749476568135143	0.8655468599982938	([220, 168], [263, 220, 168])
1	0.5021191502257487	0.8681893501943978	([665, 223], [665, 239, 223])
1	0.5119033107462643	0.8683715608252287	([227, 129], [259, 227, 129])
1	0.5307612570478544	0.8716349684892127	([656, 40], [656, 59, 40])
1	0.477789842580937	0.8737673757079719	([470, 228], [470, 238, 233])
1	0.5263086729501215	0.8795284648754735	([697, 226], [697, 468, 226])
1	0.48590400833731645	0.8823801581291413	([286, 221], [286, 230, 221])
1	0.5233995244332302	0.8914072306308716	([656, 222], [656, 222, 218])
1	0.519549671688694	0.8936098967528073	([468, 226], [697, 226, 216])
1	0.5516257460532692	0.896349634436426	([426, 222], [426, 222, 99])
1	0.5536878765378227	0.8984813282605154	([572, 224], [572, 323, 224])
1	0.48621538479676585	0.9118751285874003	([329, 225], [330, 328, 225])
1	0.5085567182640025	0.9191100353021501	([225, 78], [328, 225, 77])
0	0.0	0.9649703597322106	([0], [23, 22])
0	0.0	inf	([40], [])
