0	0.0	0.21263336768485433	([665], [665, 664])
0	0.0	0.22082644701012802	([78], [78, 77])
0	0.0	0.22554140890756985	([621], [621, 620])
0	0.0	0.22634210469162813	([619], [619, 618])
0	0.0	0.23000705584279327	([495], [495, 494])
0	0.0	0.23022100906413934	([358], [358, 357])
0	0.0	0.2335006502469955	([26], [26, 25])
0	0.0	0.2335026166860567	([3], [3, 2])
0	0.0	0.23444702312407753	([616], [616, 615])
0	0.0	0.2355133124550583	([580], [580, 579])
0	0.0	0.2365333777657681	([179], [179, 178])
0	0.0	0.2373631654831527	([456], [456, 455])
0	0.0	0.23778248984780836	([452], [452, 451])
0	0.0	0.23939537034024766	([434], [434, 433])
0	0.0	0.2408088688547673	([664], [664, 663])
0	0.0	0.24136713003182356	([408], [408, 407])
0	0.0	0.24217642424787097	([666], [666, 665])
0	0.0	0.24273455871651828	([90], [90, 89])
0	0.0	0.2427517080763744	([138], [138, 137])
0	0.0	0.24387077026764004	([353], [353, 352])
0	0.0	0.24421626736219107	([17], [17, 16])
0	0.0	0.24563374911988198	([2], [2, 1])
0	0.0	0.24619936727861544	([387], [387, 386])
0	0.0	0.24653457905574583	([603], [603, 602])
0	0.0	0.24678388250947333	([648], [648, 647])
0	0.0	0.24889480921279686	([614], [614, 613])
0	0.0	0.2493535381400595	([521], [521, 520])
0	0.0	0.24944368979734896	([644], [644, 643])
0	0.0	0.24968246274066858	([526], [526, 525])
0	0.0	0.24973085926013694	([82], [82, 81])
0	0.0	0.25006996084673416	([100], [100, 99])
0	0.0	0.250091880061416	([388], [388, 387])
0	0.0	0.25043697817773386	([486], [486, 485])
0	0.0	0.250601824642401	([368], [368, 367])
0	0.0	0.2507385981976691	([393], [393, 392])
0	0.0	0.2512695813343216	([25], [25, 24])
0	0.0	0.2514940952636744	([548], [548, 547])
0	0.0	0.2517465836016371	([438], [438, 437])
0	0.0	0.25206087958739043	([14], [14, 13])
0	0.0	0.25258909543761116	([626], [626, 625])
0	0.0	0.2526247399620593	([628], [628, 627])
0	0.0	0.25267476787774573	([132], [132, 131])
0	0.0	0.25277272833620584	([484], [484, 483])
0	0.0	0.2529375533166228	([67], [67, 66])
0	0.0	0.25316669747868653	([367], [367, 366])
0	0.0	0.25331075524407326	([404], [404, 403])
0	0.0	0.2536061368435296	([657], [657, 656])
0	0.0	0.25363325378152646	([658], [658, 657])
0	0.0	0.25368772532628686	([41], [41, 40])
0	0.0	0.2546043772527495	([660], [660, 659])
0	0.0	0.2548521751583383	([107], [107, 106])
0	0.0	0.2550118600817236	([127], [127, 126])
0	0.0	0.2554531019999807	([297], [297, 296])
0	0.0	0.2554563507302841	([527], [527, 526])
0	0.0	0.25652028786240466	([561], [561, 560])
0	0.0	0.25685090243044345	([617], [617, 616])
0	0.0	0.2572300724326861	([514], [514, 513])
0	0.0	0.25740014945628903	([546], [546, 545])
0	0.0	0.25750951112048764	([642], [642, 641])
0	0.0	0.2576829691780911	([406], [406, 405])
0	0.0	0.25781471793736216	([66], [66, 65])
0	0.0	0.25788145645014865	([513], [513, 512])
0	0.0	0.25788999286101283	([471], [471, 470])
0	0.0	0.25826751267852305	([56], [56, 55])
0	0.0	0.2582744671875312	([524], [524, 523])
0	0.0	0.25876170934796777	([428], [428, 427])
0	0.0	0.2589772383501069	([38], [38, 37])
0	0.0	0.2591393662287888	([612], [612, 611])
0	0.0	0.2596852276229898	([575], [575, 574])
0	0.0	0.25978320673996164	([519], [519, 518])
0	0.0	0.2604127558091482	([535], [535, 534])
0	0.0	0.26054728113444137	([507], [507, 506])
0	0.0	0.26054767227464315	([611], [611, 610])
0	0.0	0.2605785209960685	([134], [134, 133])
0	0.0	0.2606195043703614	([381], [381, 380])
0	0.0	0.26067031507554567	([83], [83, 82])
0	0.0	0.26074984511154015	([650], [650, 649])
0	0.0	0.2610172233652533	([346], [346, 345])
0	0.0	0.261050973360571	([659], [659, 658])
0	0.0	0.2615183008635702	([631], [631, 630])
0	0.0	0.2616960757671461	([441], [441, 440])
0	0.0	0.2619372054851284	([654], [654, 653])
0	0.0	0.26295060050043956	([630], [630, 629])
0	0.0	0.2629940783211709	([581], [581, 580])
0	0.0	0.26301696477721487	([577], [577, 576])
0	0.0	0.2630957007289475	([45], [45, 44])
0	0.0	0.26346752718219085	([370], [370, 369])
0	0.0	0.2636727219523887	([613], [613, 612])
0	0.0	0.2638500452556536	([163], [163, 162])
0	0.0	0.2642372847204482	([597], [597, 596])
0	0.0	0.2644943632834464	([636], [636, 635])
0	0.0	0.26455018964645965	([450], [450, 449])
0	0.0	0.26465290756644355	([28], [28, 27])
0	0.0	0.26520479480107906	([445], [445, 444])
0	0.0	0.26527494132297597	([114], [114, 113])
0	0.0	0.26557982269809577	([44], [44, 43])
0	0.0	0.26580604724069024	([96], [96, 95])
0	0.0	0.26584244602754614	([510], [510, 509])
0	0.0	0.26585821586238356	([506], [506, 505])
0	0.0	0.2659816829605321	([588], [588, 587])
0	0.0	0.26602798060215466	([599], [599, 598])
0	0.0	0.2663477535814582	([427], [427, 426])
0	0.0	0.2663817282086246	([378], [378, 377])
0	0.0	0.26663620776483693	([646], [646, 645])
0	0.0	0.2670502959516719	([323], [323, 322])
0	0.0	0.26711247295383167	([661], [661, 660])
0	0.0	0.267184152069947	([607], [607, 606])
0	0.0	0.2672950593548164	([340], [340, 339])
0	0.0	0.26750652879750153	([528], [528, 527])
0	0.0	0.2678203608567567	([23], [23, 22])
0	0.0	0.2681443351939282	([474], [474, 473])
0	0.0	0.26825774160180066	([8], [8, 7])
0	0.0	0.2683673018689258	([295], [295, 294])
0	0.0	0.26849715671042534	([458], [458, 457])
0	0.0	0.2685531381197854	([58], [58, 57])
0	0.0	0.26872363852464975	([557], [557, 556])
0	0.0	0.2687926868871313	([634], [634, 633])
0	0.0	0.2687966556569534	([382], [382, 381])
0	0.0	0.26894259489112854	([554], [554, 553])
0	0.0	0.26900135975276024	([130], [130, 129])
0	0.0	0.26920298196486464	([481], [481, 480])
0	0.0	0.2695362847227572	([158], [158, 157])
0	0.0	0.2697147855197238	([181], [181, 180])
0	0.0	0.2698920785079703	([623], [623, 622])
0	0.0	0.269964915113739	([20], [20, 19])
0	0.0	0.27005989446264	([649], [649, 648])
0	0.0	0.2701284323797061	([542], [542, 541])
0	0.0	0.27013903540602474	([604], [604, 603])
0	0.0	0.2701844335206621	([6], [6, 5])
0	0.0	0.2702834243200461	([656], [656, 655])
0	0.0	0.2703583022180865	([475], [475, 474])
0	0.0	0.2705643283767042	([455], [455, 454])
0	0.0	0.2705682220504123	([585], [585, 584])
0	0.0	0.2707985899434195	([460], [460, 459])
0	0.0	0.2708707641699438	([122], [122, 121])
0	0.0	0.2709859981011686	([426], [426, 425])
0	0.0	0.27128956419268635	([647], [647, 646])
0	0.0	0.27167908363392124	([51], [51, 50])
0	0.0	0.2719056915453038	([70], [70, 69])
0	0.0	0.2720330012248212	([140], [140, 139])
0	0.0	0.2721779434379957	([540], [540, 539])
0	0.0	0.27282022923219346	([182], [182, 181])
0	0.0	0.2728691136010922	([95], [95, 94])
0	0.0	0.27302458554714515	([558], [558, 557])
0	0.0	0.273202597128782	([508], [508, 507])
0	0.0	0.2732747445520648	([48], [48, 47])
0	0.0	0.27329785625989794	([85], [85, 84])
0	0.0	0.27363894782275083	([157], [157, 156])
0	0.0	0.27369728254100256	([15], [15, 14])
0	0.0	0.2737301660538279	([470], [470, 469])
0	0.0	0.27375126851173115	([608], [608, 607])
0	0.0	0.27380645820952343	([11], [11, 10])
0	0.0	0.2739879190378795	([112], [112, 111])
0	0.0	0.27409752262003334	([144], [144, 143])
0	0.0	0.2741175640685627	([398], [398, 397])
0	0.0	0.2741642633344269	([668], [668, 667])
0	0.0	0.2743163507742183	([440], [440, 439])
0	0.0	0.2745492748726795	([36], [36, 35])
0	0.0	0.27462488547367536	([472], [472, 471])
0	0.0	0.27473693520791753	([5], [5, 4])
0	0.0	0.27480039100578274	([111], [111, 110])
0	0.0	0.27481561590301434	([435], [435, 434])
0	0.0	0.27487626732572895	([637], [637, 636])
0	0.0	0.2751275071838884	([469], [469, 468])
0	0.0	0.2754114128027279	([606], [608, 605])
0	0.0	0.2755331838059441	([578], [578, 577])
0	0.0	0.2755470741197501	([54], [54, 53])
0	0.0	0.27595690757236296	([655], [655, 654])
0	0.0	0.2759646016041074	([126], [126, 125])
0	0.0	0.27612356003245797	([593], [593, 592])
0	0.0	0.27628464485931165	([523], [523, 522])
0	0.0	0.27642018465590784	([164], [164, 163])
0	0.0	0.2764411494856332	([49], [49, 48])
0	0.0	0.27654307291974933	([59], [59, 58])
0	0.0	0.2767119810735647	([106], [106, 105])
0	0.0	0.27679607895760444	([328], [328, 327])
0	0.0	0.2769820657763332	([76], [76, 75])
0	0.0	0.2771391295774187	([161], [161, 160])
0	0.0	0.2771954498594876	([43], [43, 42])
0	0.0	0.27719609005223195	([503], [503, 502])
0	0.0	0.2772088051907897	([50], [50, 49])
0	0.0	0.27727868693634766	([480], [480, 479])
0	0.0	0.27741922738391556	([86], [86, 84])
0	0.0	0.277482218796346	([369], [369, 368])
0	0.0	0.27786510002344794	([125], [125, 123])
0	0.0	0.27800014355147523	([550], [550, 549])
0	0.0	0.278062078769971	([482], [482, 481])
0	0.0	0.2781422454425833	([442], [442, 441])
0	0.0	0.278177940689503	([496], [496, 495])
0	0.0	0.2782703511374856	([102], [102, 101])
0	0.0	0.27830439341642604	([334], [334, 333])
0	0.0	0.2783685080301613	([292], [292, 291])
0	0.0	0.27856124557891726	([594], [594, 593])
0	0.0	0.278585066393325	([35], [35, 34])
0	0.0	0.27859133273734166	([559], [559, 558])
0	0.0	0.2786335334515733	([279], [279, 278])
0	0.0	0.2786520151290255	([55], [55, 54])
0	0.0	0.27868971821209776	([386], [386, 385])
0	0.0	0.2787138441285111	([485], [485, 484])
0	0.0	0.2788241887210418	([361], [361, 360])
0	0.0	0.27886975640646233	([360], [360, 359])
0	0.0	0.2788848844260466	([283], [283, 282])
0	0.0	0.2793880886293193	([146], [146, 145])
0	0.0	0.27980871253451184	([522], [522, 521])
0	0.0	0.2798114967897722	([532], [532, 531])
0	0.0	0.27985570351952405	([273], [273, 272])
0	0.0	0.2799151818123123	([564], [564, 563])
0	0.0	0.28040430939613653	([289], [289, 288])
0	0.0	0.28044407209619	([605], [605, 604])
0	0.0	0.2805046501250687	([52], [52, 51])
0	0.0	0.28056104877132854	([293], [293, 292])
0	0.0	0.2807513828137981	([640], [640, 639])
0	0.0	0.2808256733999584	([290], [290, 289])
0	0.0	0.2809858226946724	([156], [156, 155])
0	0.0	0.28124246779353024	([632], [632, 631])
0	0.0	0.2813636137853986	([103], [103, 102])
0	0.0	0.2814098789700151	([635], [635, 634])
0	0.0	0.2814224824133839	([410], [410, 409])
0	0.0	0.28155277499006925	([349], [349, 348])
0	0.0	0.2816959089914103	([357], [357, 356])
0	0.0	0.28175477180842384	([419], [419, 418])
0	0.0	0.2818283553190448	([430], [430, 429])
0	0.0	0.28199492750505234	([504], [504, 502])
0	0.0	0.28201220906312013	([552], [552, 551])
0	0.0	0.2821174835802933	([494], [494, 493])
0	0.0	0.2821814666332952	([643], [643, 642])
0	0.0	0.28228947939719234	([457], [457, 456])
0	0.0	0.28240264400546117	([69], [69, 68])
0	0.0	0.2825706417935768	([74], [74, 72])
0	0.0	0.2828683420808646	([124], [124, 123])
0	0.0	0.28290629170395587	([576], [576, 575])
0	0.0	0.2829719887405445	([418], [418, 417])
0	0.0	0.28300323373025416	([591], [591, 590])
0	0.0	0.2831513786995132	([280], [280, 279])
0	0.0	0.28323681913739646	([429], [429, 428])
0	0.0	0.2833668583142818	([451], [451, 450])
0	0.0	0.28339369740996934	([570], [570, 569])
0	0.0	0.2834806158397769	([287], [287, 286])
0	0.0	0.28364420195405776	([639], [639, 638])
0	0.0	0.2838372129112306	([350], [350, 349])
0	0.0	0.28385776231278526	([42], [42, 41])
0	0.0	0.283906893065091	([276], [276, 275])
0	0.0	0.28391392226925777	([541], [541, 540])
0	0.0	0.2842229675546745	([490], [490, 489])
0	0.0	0.2842302569913094	([638], [638, 637])
0	0.0	0.28427499738699763	([487], [487, 486])
0	0.0	0.28431226113480296	([592], [592, 591])
0	0.0	0.2843232977186103	([332], [332, 331])
0	0.0	0.28453553787848485	([105], [105, 104])
0	0.0	0.28453911662810516	([454], [454, 453])
0	0.0	0.28456081477870016	([633], [633, 632])
0	0.0	0.2846561122529206	([288], [288, 287])
0	0.0	0.28513245570974277	([87], [87, 86])
0	0.0	0.28517158707891344	([4], [4, 3])
0	0.0	0.2852454481914017	([177], [177, 176])
0	0.0	0.28530883781834593	([579], [581, 578])
0	0.0	0.2853635533735441	([73], [73, 72])
0	0.0	0.2854429244772545	([352], [352, 351])
0	0.0	0.2855319010058754	([275], [275, 274])
0	0.0	0.2856029518858915	([551], [551, 550])
0	0.0	0.28592447138682897	([538], [538, 537])
0	0.0	0.28596360401171345	([574], [574, 573])
0	0.0	0.2861806891998808	([286], [286, 285])
0	0.0	0.2861826139002656	([329], [329, 328])
0	0.0	0.2862404499655185	([587], [587, 586])
0	0.0	0.28630489639454443	([40], [40, 39])
0	0.0	0.28630502265203284	([562], [562, 561])
0	0.0	0.28643111413870137	([131], [131, 130])
0	0.0	0.28643433795571493	([165], [165, 164])
0	0.0	0.28667520940485813	([407], [407, 406])
0	0.0	0.28673151211100817	([121], [121, 120])
0	0.0	0.28678232013139027	([108], [108, 107])
0	0.0	0.2869158476734136	([520], [520, 519])
0	0.0	0.28732598952822286	([327], [327, 326])
0	0.0	0.2873954759310084	([326], [326, 325])
0	0.0	0.28747779093196346	([652], [652, 651])
0	0.0	0.28755410225522476	([101], [101, 100])
0	0.0	0.2876136157614315	([518], [518, 517])
0	0.0	0.2878661523106781	([618], [618, 617])
0	0.0	0.2879180183727242	([515], [515, 514])
0	0.0	0.287967033985358	([81], [81, 80])
0	0.0	0.2881431681542171	([560], [560, 559])
0	0.0	0.28825510796428855	([29], [29, 28])
0	0.0	0.2883949552461064	([384], [384, 383])
0	0.0	0.28848892958021594	([274], [274, 273])
0	0.0	0.2885866071135255	([416], [416, 415])
0	0.0	0.28871805804554157	([155], [155, 154])
0	0.0	0.28887667782484	([629], [629, 628])
0	0.0	0.28913824562428353	([341], [341, 339])
0	0.0	0.2893825771310735	([584], [584, 583])
0	0.0	0.28949548724577523	([88], [88, 87])
0	0.0	0.28969166194354307	([281], [281, 280])
0	0.0	0.2896999781743693	([663], [663, 662])
0	0.0	0.2897634638725513	([537], [537, 536])
0	0.0	0.2900466998570918	([466], [466, 465])
0	0.0	0.2900518016432758	([22], [22, 21])
0	0.0	0.2902600965491018	([425], [425, 424])
0	0.0	0.290295342281587	([493], [493, 492])
0	0.0	0.2904618983476121	([595], [595, 594])
0	0.0	0.2905083859084035	([543], [543, 542])
0	0.0	0.2905387930687612	([53], [53, 52])
0	0.0	0.29056714573840026	([317], [317, 316])
0	0.0	0.2909584854495547	([359], [359, 358])
0	0.0	0.2909911540595695	([627], [627, 626])
0	0.0	0.2911785492291383	([116], [116, 115])
0	0.0	0.29136525041209743	([571], [571, 570])
0	0.0	0.2917359671146417	([530], [530, 529])
0	0.0	0.2917390657263887	([9], [9, 8])
0	0.0	0.29182405535066364	([583], [583, 582])
0	0.0	0.2918860012212755	([139], [140, 138])
0	0.0	0.2919419207402476	([80], [80, 79])
0	0.0	0.29219016538961545	([433], [433, 432])
0	0.0	0.2923735958876407	([118], [118, 116])
0	0.0	0.29245467396166486	([479], [479, 478])
0	0.0	0.2925619322145027	([7], [7, 6])
0	0.0	0.2928985917865906	([141], [141, 138])
0	0.0	0.29323983340763515	([569], [569, 568])
0	0.0	0.2933034813264074	([622], [622, 621])
0	0.0	0.2933701139418249	([31], [31, 30])
0	0.0	0.2933885092928542	([602], [602, 601])
0	0.0	0.2934461659596472	([30], [30, 29])
0	0.0	0.29348918695556536	([645], [645, 644])
0	0.0	0.29374965395213276	([383], [383, 382])
0	0.0	0.2938896947854038	([662], [662, 661])
0	0.0	0.29404808202006927	([531], [531, 530])
0	0.0	0.29409435502823805	([415], [415, 414])
0	0.0	0.29410950645528966	([109], [109, 108])
0	0.0	0.29421403263609575	([573], [573, 572])
0	0.0	0.294219177020372	([596], [596, 595])
0	0.0	0.2942802979657539	([468], [468, 467])
0	0.0	0.294343466004711	([351], [351, 350])
0	0.0	0.29439354018742075	([653], [653, 652])
0	0.0	0.29442266331828565	([176], [176, 175])
0	0.0	0.2948001958804755	([291], [291, 290])
0	0.0	0.2949939975092315	([397], [397, 396])
0	0.0	0.29507667696963397	([166], [166, 165])
0	0.0	0.295186852864994	([356], [356, 355])
0	0.0	0.29521473833323053	([372], [372, 371])
0	0.0	0.2952187181245084	([536], [536, 535])
0	0.0	0.29541921555883666	([133], [133, 132])
0	0.0	0.29564242482412173	([417], [417, 416])
0	0.0	0.2957326206301267	([392], [392, 391])
0	0.0	0.2958767086516022	([525], [525, 524])
0	0.0	0.2959224826911403	([223], [223, 222])
0	0.0	0.2959282198661772	([483], [483, 482])
0	0.0	0.2961543707370934	([488], [488, 487])
0	0.0	0.29619728721799565	([492], [492, 491])
0	0.0	0.29620204586669163	([459], [459, 458])
0	0.0	0.2964549505866853	([465], [465, 464])
0	0.0	0.29646653109379567	([333], [333, 332])
0	0.0	0.296479505287734	([405], [405, 404])
0	0.0	0.29649103916974495	([68], [68, 67])
0	0.0	0.29702536939871466	([113], [113, 112])
0	0.0	0.2971000035949416	([301], [301, 300])
0	0.0	0.29725004614939093	([461], [461, 460])
0	0.0	0.29736145150861576	([477], [477, 476])
0	0.0	0.2975622425302004	([462], [462, 460])
0	0.0	0.2981006038269246	([94], [94, 93])
0	0.0	0.2981661465686314	([89], [89, 88])
1	0.2845718651653227	0.2989265980234298	([606, 605], [608, 607, 606])
0	0.0	0.2991150031981474	([476], [476, 475])
0	0.0	0.2991248659430189	([491], [491, 490])
0	0.0	0.2992930239195856	([567], [567, 566])
0	0.0	0.2995322685462318	([145], [145, 143])
0	0.0	0.2995428315241989	([135], [135, 134])
0	0.0	0.29992300598377314	([598], [598, 597])
0	0.0	0.3002362738080406	([412], [412, 411])
0	0.0	0.30056580145419065	([306], [306, 304])
0	0.0	0.3007070709710058	([375], [375, 374])
0	0.0	0.30089136784866943	([431], [431, 430])
0	0.0	0.301054189847152	([568], [568, 567])
0	0.0	0.3014050454314256	([624], [624, 623])
0	0.0	0.3016218238134878	([282], [282, 281])
0	0.0	0.3016293015832652	([565], [565, 564])
0	0.0	0.30166521341305086	([128], [128, 127])
0	0.0	0.3017007256805095	([337], [337, 335])
0	0.0	0.3017194437466375	([294], [294, 293])
0	0.0	0.3019174785997488	([563], [563, 562])
0	0.0	0.301965682321308	([601], [601, 600])
0	0.0	0.30198105496720107	([79], [79, 78])
0	0.0	0.30199189809689625	([509], [509, 508])
0	0.0	0.3022300651053823	([325], [325, 324])
0	0.0	0.3023916855388243	([489], [489, 488])
0	0.0	0.30253252211383674	([57], [57, 56])
0	0.0	0.3028454628932046	([409], [409, 408])
0	0.0	0.3033147203287887	([97], [97, 96])
0	0.0	0.3033485121845408	([308], [308, 307])
0	0.0	0.3034914897052123	([129], [129, 128])
0	0.0	0.3035390123960034	([338], [338, 337])
0	0.0	0.30376270786727866	([391], [391, 390])
0	0.0	0.303802963937797	([37], [37, 36])
0	0.0	0.30383194531653807	([539], [539, 538])
0	0.0	0.3040705340617807	([463], [463, 462])
0	0.0	0.30408082927026375	([547], [547, 545])
0	0.0	0.3042102554774329	([21], [21, 20])
0	0.0	0.3042286346954355	([324], [324, 323])
0	0.0	0.3044269477562885	([401], [401, 400])
0	0.0	0.30455580719012604	([400], [400, 399])
0	0.0	0.30463884123747287	([162], [162, 161])
0	0.0	0.3048079524609435	([154], [154, 153])
0	0.0	0.3048427166728073	([444], [444, 443])
0	0.0	0.3048861998623266	([136], [136, 135])
0	0.0	0.30511728515357195	([65], [65, 64])
0	0.0	0.30512715641837646	([467], [467, 466])
0	0.0	0.3053004767322057	([464], [464, 463])
0	0.0	0.3055956554095162	([363], [363, 362])
0	0.0	0.30571926932535076	([399], [399, 398])
0	0.0	0.30592500557746183	([98], [98, 97])
0	0.0	0.3059779542282662	([304], [306, 305])
0	0.0	0.30607567846042966	([420], [420, 419])
0	0.0	0.30659712677934503	([534], [534, 533])
0	0.0	0.30679744994366825	([217], [217, 216])
0	0.0	0.3068705805828124	([590], [590, 588])
0	0.0	0.30689041426497665	([302], [302, 301])
0	0.0	0.3069259786241817	([511], [511, 510])
0	0.0	0.30726668303714855	([403], [403, 402])
0	0.0	0.3075148699485412	([339], [339, 338])
0	0.0	0.30756691294856237	([318], [318, 317])
0	0.0	0.30759011517196017	([348], [348, 347])
0	0.0	0.3079662530931512	([307], [307, 306])
0	0.0	0.30798597965628555	([311], [311, 310])
0	0.0	0.3082248596584276	([625], [625, 624])
0	0.0	0.3089129188065315	([394], [394, 393])
0	0.0	0.309147031628595	([168], [168, 167])
0	0.0	0.30949175840681015	([180], [180, 179])
0	0.0	0.309555484244157	([512], [512, 511])
0	0.0	0.3095721203218463	([300], [300, 299])
0	0.0	0.30967231568347664	([303], [303, 302])
0	0.0	0.30969666654201666	([502], [502, 501])
0	0.0	0.3099845144488807	([148], [148, 147])
0	0.0	0.3100842786071833	([256], [256, 255])
0	0.0	0.31064057533013484	([446], [446, 445])
0	0.0	0.31070916905214296	([600], [601, 599])
0	0.0	0.31089041138900614	([75], [75, 74])
0	0.0	0.31094962154485	([478], [478, 477])
0	0.0	0.31125145978443874	([379], [379, 378])
0	0.0	0.31161252344849427	([422], [422, 421])
0	0.0	0.3118091807354333	([374], [374, 373])
0	0.0	0.3121517266380873	([411], [411, 410])
0	0.0	0.3122621754728424	([413], [413, 412])
0	0.0	0.3126069050450586	([373], [373, 372])
0	0.0	0.3126573118386571	([211], [211, 210])
0	0.0	0.3129493698262507	([365], [365, 364])
0	0.0	0.3129583162410907	([345], [345, 344])
0	0.0	0.31300812992014476	([572], [572, 571])
0	0.0	0.3130684154701512	([364], [364, 361])
0	0.0	0.3130983692066729	([151], [151, 150])
0	0.0	0.31333403936019805	([620], [620, 619])
0	0.0	0.3137941716223299	([10], [10, 9])
0	0.0	0.3138246234549093	([253], [253, 251])
0	0.0	0.31389456206628813	([167], [167, 166])
0	0.0	0.31409170185630503	([667], [667, 666])
0	0.0	0.3141244061187457	([424], [424, 423])
0	0.0	0.3141310838831888	([173], [173, 172])
0	0.0	0.3141413375242818	([330], [330, 329])
0	0.0	0.31415291837339115	([443], [443, 442])
0	0.0	0.314513095572994	([296], [296, 294])
0	0.0	0.31536281713513875	([321], [321, 320])
0	0.0	0.3154296596193427	([262], [262, 261])
0	0.0	0.3154841968148654	([355], [355, 354])
0	0.0	0.3155102271850811	([335], [335, 334])
0	0.0	0.315530353877463	([380], [380, 379])
0	0.0	0.31568301011476707	([277], [277, 276])
0	0.0	0.3157383933765982	([609], [609, 608])
0	0.0	0.3158704150629467	([27], [27, 26])
0	0.0	0.3163428592428429	([582], [582, 581])
0	0.0	0.31638459989073464	([641], [641, 640])
0	0.0	0.31669544990289583	([47], [47, 46])
0	0.0	0.3169097229512154	([344], [344, 342])
0	0.0	0.31759667016642773	([354], [354, 353])
0	0.0	0.3176539157840638	([64], [64, 63])
0	0.0	0.31766353118854246	([615], [615, 614])
0	0.0	0.31768509050953153	([63], [63, 61])
0	0.0	0.31794409398158513	([46], [46, 45])
0	0.0	0.31802109651509386	([320], [320, 319])
0	0.0	0.3181607638733217	([39], [39, 38])
0	0.0	0.31833232374803133	([285], [285, 284])
0	0.0	0.3183414415920545	([529], [529, 528])
0	0.0	0.31871474551016127	([32], [32, 31])
0	0.0	0.3187633733943994	([228], [228, 227])
0	0.0	0.3188925280485604	([439], [439, 438])
0	0.0	0.31890314005775183	([72], [72, 71])
0	0.0	0.3189557452784133	([453], [453, 451])
0	0.0	0.31900752003839367	([336], [336, 335])
1	0.3165949608368628	0.3192376467281321	([374, 371], [374, 373, 371])
0	0.0	0.3192523082500162	([347], [364, 363])
0	0.0	0.31966110994331576	([395], [395, 394])
0	0.0	0.3198265302003744	([316], [318, 315])
0	0.0	0.32036962394023	([586], [590, 589])
0	0.0	0.32066956376492256	([402], [402, 401])
0	0.0	0.32092202975901596	([501], [501, 500])
0	0.0	0.32105529388944704	([473], [473, 472])
0	0.0	0.32109963001931335	([265], [265, 264])
0	0.0	0.3212154365686759	([247], [247, 246])
0	0.0	0.321298953546999	([553], [553, 552])
0	0.0	0.3213376272185268	([366], [366, 365])
0	0.0	0.32134425070116773	([497], [497, 496])
0	0.0	0.32152026627033004	([77], [77, 76])
0	0.0	0.3218704921986452	([610], [610, 609])
0	0.0	0.3220019126026225	([313], [313, 312])
0	0.0	0.32202832294593614	([62], [62, 61])
0	0.0	0.3228427559679092	([115], [115, 114])
0	0.0	0.3230634383130752	([71], [72, 70])
0	0.0	0.3234988664123847	([315], [315, 312])
0	0.0	0.32354727090097984	([505], [505, 504])
0	0.0	0.3243022975804272	([342], [342, 341])
0	0.0	0.32431916373506486	([18], [18, 17])
0	0.0	0.32436631149832545	([343], [343, 342])
0	0.0	0.32465231147872947	([137], [137, 136])
0	0.0	0.32489226190017745	([533], [533, 532])
0	0.0	0.3250259077697531	([284], [284, 283])
0	0.0	0.3252266355624603	([259], [259, 257])
0	0.0	0.325564554220011	([414], [414, 413])
0	0.0	0.32579606258920807	([269], [269, 268])
0	0.0	0.3260685498351368	([254], [254, 253])
0	0.0	0.3263802044677535	([153], [153, 152])
1	0.3241543326959433	0.32665931089494504	([157, 153], [157, 155, 153])
0	0.0	0.32695325746617504	([245], [245, 244])
0	0.0	0.3269701062601397	([651], [651, 650])
0	0.0	0.3271810748169493	([194], [194, 193])
0	0.0	0.32719570271927484	([91], [91, 90])
0	0.0	0.3272007438039545	([260], [260, 259])
0	0.0	0.32743124582801836	([246], [246, 245])
0	0.0	0.3276445601311748	([218], [218, 217])
0	0.0	0.32781440621658026	([566], [566, 565])
0	0.0	0.3279679947569634	([252], [252, 251])
0	0.0	0.32805040668501606	([449], [449, 448])
0	0.0	0.328309911827171	([278], [278, 277])
0	0.0	0.3283665915741348	([390], [390, 389])
0	0.0	0.3284381848709966	([423], [423, 422])
0	0.0	0.3285685147192227	([244], [245, 243])
0	0.0	0.32866966504880246	([376], [376, 375])
0	0.0	0.32919687235586925	([385], [385, 384])
0	0.0	0.3294351585028673	([119], [119, 118])
0	0.0	0.3295383488436575	([556], [556, 555])
0	0.0	0.3299023164997615	([261], [261, 260])
0	0.0	0.32991442302403884	([13], [13, 10])
0	0.0	0.33009012669838017	([147], [147, 146])
0	0.0	0.3303070508715447	([389], [389, 388])
0	0.0	0.3306901712412743	([191], [191, 190])
0	0.0	0.3307751760919909	([149], [149, 148])
0	0.0	0.33081371742897037	([120], [120, 119])
0	0.0	0.33145273528324876	([310], [310, 309])
1	0.3125451964552404	0.3314571062115824	([591, 587], [591, 590, 587])
0	0.0	0.3315659772810638	([516], [516, 515])
0	0.0	0.3318187959206343	([498], [498, 497])
0	0.0	0.3319459442121469	([432], [432, 431])
0	0.0	0.3320947854839379	([319], [319, 318])
0	0.0	0.33236667290952715	([312], [312, 311])
0	0.0	0.3324037050060971	([362], [347, 346])
0	0.0	0.332483721002304	([1], [1, 0])
0	0.0	0.3329872980647205	([19], [19, 18])
0	0.0	0.3339963298111425	([309], [309, 308])
0	0.0	0.3340244552528654	([299], [299, 298])
0	0.0	0.3346331529072985	([221], [221, 220])
0	0.0	0.3348970365909097	([267], [267, 266])
0	0.0	0.3351052712253799	([170], [170, 168])
0	0.0	0.3357158388807731	([396], [396, 395])
0	0.0	0.33613820717559284	([549], [549, 548])
0	0.0	0.3361740633006754	([271], [271, 269])
0	0.0	0.33628330856201444	([236], [236, 235])
0	0.0	0.33668702717182347	([235], [235, 234])
0	0.0	0.33695643689531257	([60], [60, 59])
0	0.0	0.3387004132481782	([272], [272, 271])
0	0.0	0.33959024370246743	([331], [331, 330])
0	0.0	0.3397817165818789	([219], [219, 218])
0	0.0	0.33991489408139686	([188], [188, 186])
0	0.0	0.3399236793383298	([589], [586, 585])
0	0.0	0.340177579306995	([187], [187, 186])
0	0.0	0.34061823778084305	([110], [110, 109])
0	0.0	0.34100991475825854	([545], [545, 543])
0	0.0	0.34137955435449596	([229], [229, 227])
0	0.0	0.34170264180723214	([104], [104, 103])
0	0.0	0.3417292559564359	([322], [322, 321])
0	0.0	0.3423206296396305	([517], [545, 544])
0	0.0	0.3423994694276992	([298], [298, 297])
0	0.0	0.3424655552371764	([371], [371, 370])
0	0.0	0.3427430913140687	([263], [263, 262])
0	0.0	0.34277931833518965	([500], [500, 499])
0	0.0	0.34330671922231354	([266], [266, 265])
0	0.0	0.343706952928942	([61], [61, 60])
0	0.0	0.3442830344833424	([152], [152, 151])
0	0.0	0.3442930012341674	([169], [169, 168])
0	0.0	0.34436910474985155	([377], [377, 376])
0	0.0	0.3444618405917281	([268], [268, 267])
0	0.0	0.3453375970224863	([172], [172, 170])
0	0.0	0.34580972817037153	([255], [255, 254])
0	0.0	0.3465933919838522	([421], [421, 420])
0	0.0	0.34739411284279614	([305], [304, 303])
0	0.0	0.3476686323712526	([220], [220, 219])
0	0.0	0.34772660202176	([264], [271, 270])
0	0.0	0.3478108832150761	([257], [257, 256])
0	0.0	0.34823106630495976	([195], [195, 194])
0	0.0	0.34833352054415617	([270], [315, 314])
1	0.34665499308366077	0.3483733983818389	([20, 17], [20, 19, 18])
0	0.0	0.3486722566423093	([142], [142, 141])
0	0.0	0.3486935709258648	([99], [99, 98])
1	0.3458614954676781	0.34907504108616005	([19, 16], [19, 18, 16])
0	0.0	0.3494698999503977	([183], [183, 182])
0	0.0	0.34966685100772127	([143], [143, 142])
0	0.0	0.34997590105542364	([93], [118, 117])
0	0.0	0.35112033323083075	([0], [13, 12])
0	0.0	0.3512382597981558	([123], [123, 122])
0	0.0	0.351306086582373	([178], [178, 177])
0	0.0	0.35133841735492255	([222], [222, 221])
0	0.0	0.35244135141958854	([175], [175, 173])
0	0.0	0.35251345473980866	([24], [24, 23])
1	0.3492415377527654	0.3531322737402574	([259, 255], [259, 257, 255])
0	0.0	0.3552301005267761	([544], [517, 516])
0	0.0	0.35608564726353786	([555], [555, 554])
0	0.0	0.3562588594112789	([160], [172, 171])
0	0.0	0.3562727219160647	([212], [212, 211])
1	0.35709844357290144	0.35810347078765625	([396, 392], [396, 395, 393])
0	0.0	0.358142851681424	([258], [258, 257])
1	0.3582379140704345	0.3588926236783395	([103, 98], [103, 100, 99])
0	0.0	0.35900099391003065	([33], [33, 32])
0	0.0	0.3590398410478255	([190], [191, 188])
1	0.3575756659787269	0.3593248841092341	([46, 39], [46, 44, 39])
0	0.0	0.36005556847921855	([16], [16, 15])
0	0.0	0.3602046170030293	([150], [150, 148])
0	0.0	0.3609317213432858	([237], [237, 236])
0	0.0	0.36109241138775255	([189], [189, 188])
0	0.0	0.36183383529207225	([224], [224, 223])
0	0.0	0.36270463483616827	([242], [242, 241])
0	0.0	0.36454076666891516	([499], [500, 498])
0	0.0	0.3664628078486092	([34], [34, 32])
0	0.0	0.3668834599148727	([448], [448, 447])
0	0.0	0.36717769950396156	([213], [213, 212])
1	0.36407490646192986	0.3684725305447845	([269, 264], [269, 268, 266])
0	0.0	0.37041331844761255	([314], [264, 263])
0	0.0	0.3712173765809833	([186], [186, 185])
0	0.0	0.37165738153088196	([243], [243, 242])
0	0.0	0.37197609765217016	([193], [195, 191])
1	0.34557280558431464	0.37248689683709585	([23, 16], [23, 20, 17])
0	0.0	0.3739261066914433	([185], [193, 192])
0	0.0	0.37420609257670445	([436], [436, 435])
0	0.0	0.3749510324833638	([447], [447, 446])
0	0.0	0.3750510574093286	([84], [84, 83])
0	0.0	0.3757289149916501	([92], [92, 91])
0	0.0	0.3764132090226835	([230], [230, 229])
0	0.0	0.37809596646203203	([216], [216, 215])
0	0.0	0.37866192722615005	([437], [438, 436])
0	0.0	0.38254012685603334	([215], [215, 214])
0	0.0	0.3826443711861991	([251], [251, 250])
0	0.0	0.3831637119471203	([232], [232, 231])
0	0.0	0.383832179232141	([214], [215, 213])
1	0.37956218158276	0.3879916649932012	([448, 445], [448, 447, 446])
0	0.0	0.388083491172445	([227], [229, 225])
0	0.0	0.3881619103939687	([174], [174, 173])
0	0.0	0.38887762305335516	([171], [160, 158])
0	0.0	0.38955046927561604	([226], [226, 225])
0	0.0	0.3904138070810736	([206], [206, 201])
0	0.0	0.39136208795933447	([117], [93, 92])
0	0.0	0.3929787896277291	([225], [225, 224])
0	0.0	0.3933123613829051	([238], [238, 236])
0	0.0	0.3935336778169823	([248], [248, 247])
0	0.0	0.3969191798490292	([210], [210, 209])
0	0.0	0.39760458991717934	([241], [241, 240])
0	0.0	0.39847924347630986	([12], [160, 159])
1	0.3927220283955544	0.3985845937994071	([104, 97], [104, 103, 97])
0	0.0	0.3988138373164979	([202], [202, 200])
0	0.0	0.40246579976090124	([249], [249, 248])
1	0.39485855837178063	0.40378565584436205	([193, 190], [193, 192, 191])
0	0.0	0.4043442303851402	([231], [231, 229])
0	0.0	0.40663669524566826	([204], [204, 199])
0	0.0	0.4135498793661318	([207], [207, 203])
0	0.0	0.4182334164646185	([250], [250, 247])
0	0.0	0.42188373699128984	([196], [196, 195])
0	0.0	0.4221857505255055	([192], [185, 184])
0	0.0	0.4241778521551807	([234], [234, 232])
0	0.0	0.4243475822675421	([233], [233, 230])
0	0.0	0.42737754643547887	([209], [209, 208])
0	0.0	0.428519652197328	([208], [210, 193])
0	0.0	0.4308283250372954	([184], [184, 183])
1	0.4260781501180681	0.430991485788028	([238, 232], [238, 236, 234])
0	0.0	0.43919044926531337	([240], [240, 239])
0	0.0	0.4457749393691827	([159], [208, 198])
0	0.0	0.4470878538903215	([197], [197, 195])
0	0.0	0.4484118328902846	([239], [241, 232])
0	0.0	0.47486726166701176	([203], [203, 197])
1	0.43454618666821193	0.4768481773734224	([238, 233], [233, 232, 230])
0	0.0	0.47729904193796685	([199], [204, 200])
1	0.4748064261034593	0.4775285589006925	([235, 231], [235, 234, 232])
0	0.0	0.4855724123607241	([200], [199, 197])
0	0.0	0.490366324231962	([198], [207, 206])
1	0.4748244986854819	0.49269248169179125	([240, 234], [241, 240, 234])
0	0.0	0.49490423594371197	([205], [205, 196])
1	0.43075701941157374	0.49623599595200263	([209, 194], [210, 209, 194])
1	0.5241467557448178	0.5255256667404024	([212, 188], [212, 209, 195])
1	0.46685284127670856	0.5374015624041535	([239, 237], [240, 239, 236])
1	0.5191023223743183	0.5383782954605937	([208, 199], [208, 199, 197])
1	0.5237573149546424	0.5446124927888674	([58, 37], [58, 47, 46])
1	0.5446728563935864	0.5455846025758804	([213, 189], [213, 212, 190])
1	0.5273444437151367	0.5579813835609231	([209, 207], [209, 208, 204])
1	0.5504240637172342	0.5628543299934046	([250, 238], [250, 245, 234])
1	0.5563716986120824	0.5644659233813278	([557, 548], [557, 555, 548])
1	0.5763433907876641	0.579461441460688	([215, 199], [215, 209, 204])
1	0.5731092826657922	0.5832783698010597	([212, 202], [212, 202, 197])
1	0.5746270090730724	0.5907040881617762	([342, 316], [342, 339, 316])
1	0.5164939765050637	0.5956121077660127	([667, 651], [667, 663, 659])
1	0.5882483921435935	0.5967075809580776	([118, 95], [118, 116, 95])
1	0.6093653892073637	0.6101625901087925	([550, 519], [550, 532, 521])
1	0.6028341502544255	0.6118615308607498	([429, 408], [429, 421, 420])
1	0.6094119876793996	0.6168108385491425	([73, 55], [73, 62, 55])
1	0.6095344754945007	0.617513148895535	([59, 28], [60, 59, 29])
1	0.5643110198413158	0.619502727162573	([250, 229], [250, 236, 234])
1	0.6120840372822246	0.6196646967508589	([215, 177], [215, 214, 177])
1	0.5970727640528255	0.6212814761961519	([258, 233], [258, 252, 233])
1	0.519391810247882	0.6215952743106986	([205, 174], [205, 189, 174])
1	0.5135190218441543	0.6254066064922628	([202, 197], [213, 200, 197])
1	0.5776141974414776	0.6262243184443379	([436, 398], [436, 432, 401])
1	0.5906156822018575	0.6297822849960508	([201, 183], [201, 196, 183])
1	0.6262951793435133	0.6298379981459549	([482, 461], [482, 476, 467])
1	0.6001164667663209	0.631237858005556	([473, 457], [473, 468, 457])
1	0.6236482090317996	0.6312887444742039	([637, 616], [637, 626, 621])
1	0.6200755179203468	0.6314787536096509	([436, 230], [436, 242, 230])
1	0.6262058212242408	0.6315457106235832	([365, 346], [365, 355, 346])
1	0.6202020416280594	0.6346373399197031	([216, 176], [216, 214, 177])
1	0.6325871515050896	0.6366491467472075	([256, 238], [256, 251, 247])
1	0.6298366810600425	0.6368759936400389	([239, 219], [239, 219, 214])
1	0.6279992886041417	0.6384008036853991	([173, 148], [177, 163, 158])
1	0.6258299586552607	0.6394074850644681	([487, 466], [487, 479, 466])
1	0.6254263332676722	0.6407621413461048	([436, 389], [436, 398, 394])
1	0.6332969842603388	0.6422203120167339	([214, 161], [214, 179, 177])
1	0.6410309209215358	0.6424427611554571	([589, 233], [609, 600, 233])
1	0.6418888645967022	0.6427258541891193	([366, 344], [366, 355, 345])
1	0.5926504580580321	0.6452897105556148	([201, 169], [201, 183, 169])
1	0.502012815843169	0.6461728822004681	([206, 200], [207, 206, 194])
1	0.5885089125638809	0.647525086341669	([239, 174], [239, 214, 174])
1	0.6350961753059465	0.64787182208258	([462, 434], [462, 454, 446])
1	0.641103857445868	0.6489162011552132	([511, 233], [511, 498, 487])
1	0.6405730031845169	0.6497014541816327	([261, 237], [261, 253, 237])
1	0.617442970102542	0.6510860640420036	([233, 60], [233, 60, 33])
1	0.6518824070052828	0.6540435671312047	([124, 87], [124, 110, 106])
1	0.6503157406069147	0.656471381027469	([384, 233], [373, 365, 362])
1	0.6266158511133879	0.6574303782545015	([363, 233], [363, 354, 349])
1	0.6515503567818539	0.65792257538345	([492, 436], [504, 492, 485])
1	0.6409210432857002	0.6586689864322235	([518, 497], [518, 511, 497])
1	0.6490976178979357	0.6588078106851544	([229, 172], [229, 216, 178])
1	0.5894365688527996	0.6588402424801741	([258, 202], [258, 249, 242])
1	0.6584913181043558	0.6600273299295917	([75, 4], [75, 60, 4])
1	0.6228362324951601	0.6604067670755116	([595, 552], [595, 585, 552])
1	0.6532660867698802	0.6614561792594372	([316, 204], [343, 316, 313])
1	0.6421352265753133	0.6621229372477864	([240, 218], [240, 231, 218])
1	0.6620062900113759	0.6634651967727795	([443, 238], [464, 461, 238])
1	0.6584093594126685	0.6636959191087058	([312, 238], [312, 301, 238])
1	0.6555442293158675	0.6648248731443773	([389, 346], [389, 368, 365])
1	0.6318578201568068	0.6648823132024078	([566, 522], [566, 551, 549])
1	0.6291186282822828	0.6650308375004149	([250, 210], [250, 222, 210])
1	0.5817913957174407	0.6655984827602186	([239, 214], [239, 231, 214])
1	0.6500906195910995	0.6657192410546869	([436, 344], [436, 362, 342])
1	0.6652681143508878	0.6669367817419254	([436, 261], [436, 262, 261])
1	0.6219342871557534	0.6685114452380448	([225, 206], [249, 230, 225])
1	0.6589044600031627	0.6689208296709839	([477, 437], [484, 477, 435])
1	0.6677470176043793	0.6700457316803659	([638, 601], [638, 624, 614])
1	0.6566155691991412	0.6702490020872948	([484, 435], [477, 461, 437])
1	0.6424648113080178	0.6706836746102794	([474, 440], [474, 468, 457])
1	0.6496153472752036	0.6715153329790932	([204, 167], [204, 190, 167])
1	0.6516762692761813	0.6722317308512585	([238, 119], [238, 136, 124])
1	0.6703089031977312	0.6733925736172145	([223, 183], [223, 213, 191])
1	0.63779957959447	0.6733925736172145	([234, 191], [234, 223, 191])
1	0.6689355712253412	0.6736439183963244	([390, 348], [390, 374, 367])
1	0.6716832501833949	0.6753295773236677	([147, 112], [147, 132, 112])
1	0.669928709018744	0.675462749528694	([156, 126], [162, 156, 126])
1	0.6504136724139815	0.6754806058128285	([107, 69], [107, 86, 75])
1	0.6683564471734967	0.6763497718573853	([391, 238], [391, 377, 376])
1	0.6697891085207434	0.6767220049273847	([162, 127], [162, 157, 127])
1	0.6740327787808346	0.6771062140449923	([436, 298], [436, 298, 295])
1	0.6645862140007072	0.6771535082175306	([660, 624], [660, 658, 624])
1	0.4895356769552185	0.677317471169974	([207, 204], [207, 203, 197])
1	0.6673250173648806	0.6785168208119129	([659, 597], [659, 623, 597])
1	0.6584219795933809	0.6786491233375845	([467, 436], [467, 456, 436])
1	0.6775706654299042	0.6786552548371627	([666, 621], [666, 662, 621])
1	0.6704732669343458	0.6798602638796952	([158, 125], [158, 142, 130])
1	0.6369617183373456	0.6804739699409793	([499, 435], [499, 484, 483])
1	0.6748732174536255	0.6815389589178946	([75, 44], [75, 60, 58])
1	0.5427019782571648	0.6815429701948698	([226, 205], [248, 226, 222])
1	0.627384975250361	0.681927958412768	([436, 362], [436, 379, 374])
1	0.5275080753702909	0.6819634057784262	([201, 196], [206, 201, 196])
1	0.6511640050390145	0.6820202335420711	([299, 238], [301, 285, 277])
1	0.667130223964234	0.6821737115957756	([395, 358], [395, 380, 370])
1	0.6777654378154091	0.682483110683686	([84, 52], [84, 78, 52])
1	0.6596674696050011	0.682995713002374	([436, 174], [436, 172, 142])
1	0.6390401234133781	0.6832662603699456	([504, 436], [491, 479, 436])
1	0.6818238235519054	0.6838768619448525	([485, 446], [485, 466, 462])
1	0.6220381938333459	0.684988860451257	([233, 11], [233, 33, 11])
1	0.5808462753468946	0.685011267040859	([436, 240], [436, 342, 337])
1	0.6843173110575065	0.6856779515033671	([435, 367], [435, 389, 367])
1	0.6826949734937703	0.6863545186476797	([76, 16], [76, 35, 16])
1	0.6691058349629527	0.6870085303444257	([82, 47], [81, 75, 47])
1	0.6824670231241394	0.6870359045286291	([234, 17], [234, 32, 16])
1	0.6623668644231104	0.6873460408872176	([206, 148], [206, 171, 148])
1	0.6796924494576494	0.6874816861835777	([148, 62], [148, 135, 73])
1	0.6824531868884823	0.6877900635954977	([222, 0], [222, 213, 0])
1	0.6878717988141467	0.6883735092803687	([90, 50], [90, 85, 50])
1	0.6877302916424389	0.6887624546422126	([578, 528], [578, 554, 528])
1	0.6779296468562921	0.6888153237989648	([151, 113], [151, 137, 129])
1	0.6508371772767005	0.689101278345621	([386, 350], [386, 367, 364])
1	0.6626983149777355	0.6895524014189487	([68, 1], [68, 54, 29])
1	0.674853815899017	0.6895862397772093	([238, 108], [238, 124, 108])
1	0.6546786645773569	0.6895973560060655	([250, 180], [250, 234, 180])
1	0.6848432351794815	0.6898296617420852	([383, 347], [383, 369, 347])
1	0.6834981865297661	0.6898631291137286	([415, 372], [415, 398, 397])
1	0.682018765478744	0.6898713001168364	([360, 234], [364, 345, 342])
1	0.6849162748501976	0.690253443556067	([564, 500], [564, 521, 500])
1	0.6484129261776524	0.6902803184122517	([228, 207], [228, 217, 207])
1	0.672039997098751	0.6905356354703938	([478, 234], [462, 461, 234])
1	0.6879177696477494	0.6907619169316377	([638, 234], [640, 638, 234])
1	0.5862233829533573	0.6911549048742863	([233, 174], [233, 220, 174])
1	0.6301672252928364	0.6915918593075345	([238, 171], [238, 230, 171])
1	0.6722047913409777	0.6917348631501145	([238, 21], [238, 30, 21])
1	0.6847426677184306	0.6918771764319882	([86, 53], [86, 68, 53])
1	0.6871438745588095	0.6920687326180182	([436, 93], [436, 93, 86])
1	0.6856371211629645	0.6923982749922707	([589, 520], [589, 567, 520])
1	0.6826673979250466	0.6924270622045958	([436, 7], [436, 59, 29])
1	0.5850983827860217	0.6931698546376219	([249, 206], [218, 206, 188])
1	0.68825238689329	0.6932109560085514	([348, 231], [348, 347, 240])
1	0.6714016697673463	0.6933017702913672	([589, 436], [625, 598, 436])
1	0.6520396837722913	0.6934221676072678	([449, 414], [449, 445, 414])
1	0.6610497021303855	0.6936890776156937	([436, 188], [436, 188, 176])
1	0.6555895918487948	0.6936890776156937	([436, 142], [436, 221, 176])
1	0.6879325832481135	0.6940606787624791	([387, 231], [390, 387, 348])
1	0.6699258258388519	0.694098403806917	([394, 352], [394, 366, 354])
1	0.6496920045070547	0.694117079196965	([379, 239], [379, 369, 362])
1	0.6743255244107752	0.6941227802886792	([342, 250], [342, 340, 229])
1	0.6931909757669683	0.6943609594776986	([137, 76], [137, 112, 104])
1	0.6930872029508389	0.6949718505391813	([324, 250], [342, 324, 315])
1	0.6767649555585316	0.6953345002355311	([81, 26], [81, 47, 45])
1	0.670655403097046	0.6953345002355311	([80, 45], [81, 80, 45])
1	0.6912542674396166	0.6953946349753163	([83, 48], [83, 78, 48])
1	0.6770793076790366	0.6955573912758599	([347, 240], [399, 362, 348])
1	0.6900531901276816	0.6957447920894816	([317, 262], [317, 297, 291])
1	0.6411097034695542	0.6960714243953322	([238, 146], [238, 234, 128])
1	0.6706960475333162	0.6962370166787004	([144, 107], [147, 144, 107])
1	0.6663918831198065	0.6964436796833888	([135, 73], [135, 111, 106])
1	0.6939463605075795	0.6969380958569099	([506, 471], [506, 486, 471])
1	0.6859894947954381	0.6971335780436647	([595, 516], [595, 552, 515])
1	0.6855897051610905	0.6975088931020532	([660, 596], [660, 622, 596])
1	0.6558217560067644	0.6979362586636475	([597, 511], [597, 596, 518])
1	0.5663960741512584	0.6983345773844386	([205, 117], [205, 117, 92])
1	0.6336101164945416	0.6984637018608383	([234, 159], [234, 217, 148])
1	0.5093240898846872	0.6986125886998132	([198, 184], [208, 198, 184])
1	0.675460226998854	0.6988840550277302	([667, 611], [667, 649, 641])
1	0.6619244728054193	0.6990090988759872	([340, 229], [324, 309, 302])
1	0.6590909049701789	0.6993402319272004	([546, 436], [563, 551, 436])
1	0.6902775521974757	0.6995211155464006	([390, 234], [412, 400, 234])
1	0.6647904790896716	0.7001793811722634	([488, 238], [488, 465, 459])
1	0.6939520039166209	0.7005739130873426	([141, 68], [141, 109, 76])
1	0.638324446609053	0.7006321509214536	([422, 233], [447, 422, 419])
1	0.6666656915338194	0.700926970366092	([132, 75], [132, 113, 75])
1	0.6618298070328493	0.7009775935371869	([515, 238], [515, 488, 486])
1	0.694815223027016	0.7009807141357717	([398, 340], [398, 336, 302])
1	0.676103172011776	0.7021468523763158	([160, 124], [160, 142, 135])
1	0.6988672011616136	0.7021820780282737	([583, 234], [583, 552, 234])
1	0.693311242851948	0.7027584261348546	([453, 399], [453, 425, 414])
1	0.7003827690949159	0.7035517777488083	([351, 242], [351, 350, 242])
1	0.6968315958177138	0.7039368513009772	([595, 498], [595, 516, 498])
1	0.700837344546831	0.7039962687829683	([95, 49], [95, 94, 49])
1	0.7028872805983157	0.7043345589504962	([466, 398], [466, 453, 434])
1	0.6986522753618146	0.7050013786238251	([552, 434], [552, 500, 434])
1	0.691879572833395	0.7050492192735204	([503, 434], [552, 499, 435])
1	0.6871936297790245	0.7058422587638743	([161, 108], [150, 144, 108])
1	0.6822390744804081	0.7059922402994333	([250, 134], [250, 238, 136])
1	0.6847655508705731	0.7064733155976846	([591, 513], [623, 595, 591])
1	0.7026382024901093	0.7067176427481792	([560, 494], [560, 531, 522])
1	0.6991277507741444	0.7070153133670928	([625, 572], [625, 596, 569])
1	0.7018087496240983	0.70724371576754	([508, 389], [508, 485, 483])
1	0.6936552542039156	0.7074665387706122	([607, 550], [607, 583, 550])
1	0.7018944055652492	0.7083553899222697	([380, 340], [380, 363, 340])
1	0.6886129760334259	0.7083553899222697	([398, 302], [398, 363, 340])
1	0.7061360764621354	0.7083930073473514	([513, 396], [552, 513, 396])
1	0.6111018816982724	0.7085832841397873	([233, 33], [238, 108, 62])
1	0.6934347032783481	0.7088965572993381	([475, 425], [475, 452, 406])
1	0.7052901047351297	0.7090552855172733	([346, 232], [364, 346, 232])
1	0.7005654088839771	0.7093670841375352	([94, 43], [94, 76, 48])
1	0.7012119085379318	0.7097843359050393	([353, 237], [353, 349, 237])
1	0.7010432033742711	0.7099231978134257	([108, 6], [108, 75, 28])
1	0.6944898214753285	0.7101653189760923	([615, 505], [615, 596, 505])
1	0.7092518145172023	0.7106962342602631	([147, 67], [147, 129, 71])
1	0.7097668162363455	0.7106962342602631	([150, 71], [150, 147, 71])
1	0.7065721340274632	0.7118822092867751	([84, 24], [85, 84, 24])
1	0.6134090704827887	0.7119580341245256	([242, 204], [242, 216, 215])
1	0.702352986201143	0.7119744754994012	([129, 71], [147, 111, 76])
1	0.7070868956760855	0.7121450428892042	([170, 109], [170, 152, 109])
1	0.6693475132636738	0.712230645298532	([623, 519], [623, 597, 512])
1	0.6677944329225296	0.7122933471171636	([298, 229], [337, 325, 229])
1	0.6485498599401767	0.7123710123160615	([465, 238], [463, 461, 390])
1	0.6879461841458226	0.7125950222521676	([425, 336], [425, 408, 336])
1	0.7093768304011212	0.7128898136096767	([249, 142], [249, 230, 160])
1	0.7027312641870852	0.7129514984846772	([144, 72], [144, 108, 72])
1	0.7095557364142059	0.7130398736387055	([291, 207], [338, 309, 207])
1	0.7002611707811068	0.7133566208603587	([435, 317], [435, 367, 344])
1	0.6363664081015097	0.7133719526450252	([343, 239], [363, 343, 340])
1	0.6838113653293029	0.7140607303429979	([665, 607], [665, 629, 628])
1	0.6854106072134333	0.7141011958032482	([518, 400], [518, 477, 400])
1	0.6934649692356903	0.7142194945511733	([175, 106], [175, 134, 117])
1	0.6367338671810636	0.7144388129759709	([264, 239], [264, 250, 232])
1	0.7138993942113362	0.714721148682225	([622, 508], [622, 597, 512])
1	0.7082486875816015	0.7149086300764745	([635, 586], [635, 605, 593])
1	0.7058966342790629	0.7149455308292824	([488, 355], [503, 488, 355])
1	0.6985549730471639	0.7152318977609201	([517, 229], [517, 488, 486])
1	0.7056725437186446	0.7152490776787624	([516, 352], [516, 389, 352])
1	0.7055611311978539	0.7155754434982841	([493, 450], [493, 469, 455])
1	0.6926662342025534	0.7157426891591173	([349, 244], [391, 349, 237])
1	0.6889359745793344	0.715867372651175	([124, 58], [124, 82, 74])
1	0.6978278212900937	0.716046727341946	([519, 240], [519, 461, 234])
1	0.7025165663827865	0.716046727341946	([530, 234], [530, 519, 234])
1	0.7020718757957737	0.716187288581515	([229, 113], [229, 228, 140])
1	0.6970495000183609	0.716264805264453	([148, 4], [148, 65, 0])
1	0.7064874915096703	0.7163249449280898	([461, 346], [461, 433, 346])
1	0.6932554456625329	0.71633898964102	([432, 250], [432, 369, 250])
1	0.7163633532601835	0.7165329418073668	([665, 518], [665, 607, 596])
1	0.7127753210745424	0.7169530234582926	([666, 598], [666, 628, 598])
1	0.7141190664035577	0.717322751933204	([593, 508], [593, 568, 508])
1	0.6872035273593751	0.7178351706477154	([149, 74], [149, 147, 67])
1	0.7092984649849559	0.7178613862972938	([619, 509], [622, 619, 509])
1	0.6419926511436769	0.7179057612076245	([376, 238], [354, 353, 245])
1	0.7131212643979369	0.71813209826162	([668, 570], [668, 570, 549])
1	0.7039436696981072	0.7187083375842312	([463, 343], [463, 390, 389])
1	0.7155283791415885	0.7187264374810794	([517, 367], [517, 510, 367])
1	0.6989359854613655	0.7189156630487391	([231, 112], [232, 231, 112])
1	0.7129751658657065	0.7190529667198076	([123, 53], [124, 123, 58])
1	0.7048509383860496	0.7192274378704692	([598, 514], [598, 564, 521])
1	0.718709437400724	0.7192274378704692	([603, 521], [603, 598, 521])
1	0.7082945145432852	0.7200684717064426	([526, 475], [526, 473, 425])
1	0.7005698535216741	0.7202275128730429	([466, 367], [466, 435, 398])
1	0.7029745677487671	0.7207371703021922	([526, 441], [526, 494, 479])
1	0.707046760694272	0.7207371703021922	([532, 479], [532, 526, 479])
1	0.6853484305265702	0.7217777734814369	([465, 206], [490, 465, 463])
1	0.6970390385230651	0.7218782543407036	([634, 571], [624, 599, 552])
1	0.6177138754583826	0.7219899227532829	([336, 233], [303, 284, 282])
1	0.6181354513034183	0.722020366315825	([347, 233], [372, 369, 250])
1	0.652615855364129	0.7220281810850949	([266, 200], [261, 229, 213])
1	0.7208429174435965	0.72211663172595	([627, 565], [627, 600, 591])
1	0.7005113458859168	0.72213114853918	([155, 77], [155, 123, 118])
1	0.7051110225194159	0.7229200372715275	([487, 368], [488, 487, 359])
1	0.703818917903659	0.7229200372715275	([514, 359], [514, 487, 359])
1	0.7134806767280862	0.7230314116534771	([237, 141], [237, 174, 141])
1	0.6939490764261304	0.7232675727367764	([526, 494], [525, 517, 515])
1	0.7095732751127013	0.7236569452786181	([616, 561], [616, 594, 561])
1	0.6468008091705173	0.7237650848366596	([625, 436], [551, 513, 511])
1	0.6813756078038901	0.7240076113807555	([498, 234], [498, 472, 459])
1	0.6911294540103031	0.7240960732541405	([397, 341], [463, 397, 341])
1	0.7182325126944112	0.7242000023991261	([506, 360], [506, 485, 360])
1	0.7214702865507473	0.7242552424376274	([563, 468], [563, 520, 468])
1	0.6705175047775642	0.7245245221760899	([240, 151], [240, 230, 144])
1	0.7078549560466817	0.7247832495642256	([666, 517], [666, 598, 517])
1	0.7205872206765526	0.7249554653417813	([403, 317], [403, 397, 317])
1	0.694274496475181	0.725531714217374	([586, 485], [589, 586, 485])
1	0.7241166301525687	0.7255486231429017	([565, 446], [565, 520, 514])
1	0.6574767047481174	0.7255536313101074	([436, 59], [436, 135, 74])
1	0.7251925115846001	0.7255665448245567	([550, 432], [552, 550, 432])
1	0.7177244968375033	0.7255810253891232	([321, 269], [321, 303, 291])
1	0.7224201881410807	0.7256883684566875	([248, 146], [248, 231, 146])
1	0.7202341797410952	0.7261734678609812	([325, 271], [332, 325, 271])
1	0.7119614490210291	0.7262167728160392	([110, 37], [110, 75, 37])
1	0.6737169101344062	0.7266569126356655	([313, 249], [313, 279, 260])
1	0.7223587242718555	0.7267619070562081	([140, 39], [140, 75, 51])
1	0.72511053088902	0.7269260386898235	([523, 439], [550, 523, 432])
1	0.7026599533082923	0.7270133656522036	([328, 253], [319, 300, 253])
1	0.713455800742101	0.7270895302476745	([575, 493], [575, 526, 493])
1	0.6935261294676541	0.7271560999046772	([508, 350], [511, 503, 361])
1	0.7130035854481879	0.7280237677742152	([441, 338], [441, 435, 317])
1	0.6686097248065145	0.7281452692197503	([368, 249], [368, 317, 240])
1	0.6806719958135489	0.7281452692197503	([371, 240], [371, 368, 240])
1	0.7253856679069328	0.7281636544202831	([625, 490], [625, 497, 490])
1	0.6811815111571178	0.7282975328360758	([234, 32], [234, 152, 32])
1	0.6792446058840445	0.7284308674738205	([476, 229], [476, 436, 432])
1	0.7225906269035979	0.7285109627008409	([528, 457], [528, 526, 475])
1	0.7190164096638043	0.7286944783826764	([161, 60], [161, 150, 60])
1	0.6869944306514054	0.728862839629795	([139, 61], [139, 105, 75])
1	0.7281229260048449	0.7289005043664009	([614, 495], [614, 506, 505])
1	0.7115470399604077	0.7289005043664009	([614, 506], [614, 596, 505])
1	0.7265926668469154	0.7293844331997468	([661, 586], [661, 639, 586])
1	0.7273244190103787	0.7295304982540644	([450, 331], [450, 441, 338])
1	0.7145983072539612	0.729534148824903	([505, 353], [505, 487, 359])
1	0.7281252592587488	0.7295713548534889	([458, 250], [476, 458, 436])
1	0.7022280299287034	0.7295758477280991	([234, 92], [234, 128, 101])
1	0.6712778672614341	0.7298666131198509	([239, 80], [239, 80, 62])
1	0.7274816284779193	0.729900097163823	([163, 25], [163, 119, 25])
1	0.7118738969197728	0.7300436283937294	([517, 388], [517, 388, 367])
1	0.7180861879256492	0.7301023142629209	([114, 5], [114, 72, 5])
1	0.7294350639161185	0.7306549612618971	([231, 27], [234, 231, 19])
1	0.7289706008529508	0.7307386240912664	([603, 483], [603, 510, 483])
1	0.7294025635191014	0.7308808031896995	([520, 382], [520, 435, 382])
1	0.7211061570660713	0.731084028035819	([598, 460], [598, 509, 460])
1	0.7278800618140969	0.7311495454006217	([522, 398], [586, 562, 398])
1	0.7307972289568742	0.7311916107981241	([143, 78], [154, 143, 78])
1	0.5729803226879131	0.7314335825425872	([199, 0], [188, 177, 0])
1	0.7261255002979081	0.7316475171285989	([346, 148], [346, 232, 148])
1	0.7095473529968354	0.7319491341209245	([90, 1], [90, 72, 45])
1	0.7160714084907339	0.7320667891982778	([545, 474], [577, 527, 451])
1	0.6980285090737088	0.7321869029860714	([488, 229], [488, 470, 459])
1	0.7129262682951555	0.7322059113298476	([232, 71], [232, 148, 67])
1	0.7221879466608718	0.7323154897726682	([464, 361], [488, 464, 361])
1	0.7164670992576128	0.7323833873474033	([522, 469], [522, 519, 480])
1	0.7089327906487228	0.73248492196931	([622, 207], [638, 622, 601])
1	0.7014980402168532	0.7327516159260566	([338, 207], [344, 338, 228])
1	0.7129503762365936	0.7327874605190825	([460, 380], [487, 460, 380])
1	0.6674176738780828	0.732823573515841	([529, 238], [529, 515, 495])
1	0.727821809071971	0.7328433025067543	([146, 37], [146, 74, 58])
1	0.7076700799654507	0.7330523269417605	([250, 95], [250, 134, 125])
1	0.7300722208827266	0.7334658259528505	([524, 449], [524, 523, 439])
1	0.6999845762524869	0.7338612215670521	([588, 491], [588, 584, 491])
1	0.5370158478938173	0.7340380470482883	([249, 202], [249, 216, 212])
1	0.7176814586103797	0.7340950702470227	([462, 384], [462, 459, 384])
1	0.732257187735623	0.7342853068731048	([211, 135], [227, 211, 135])
1	0.6093032147866634	0.7344947206557648	([233, 151], [233, 221, 151])
1	0.7133887432782978	0.7345175254701777	([603, 510], [603, 521, 498])
1	0.7279458823165447	0.7346528267784981	([175, 27], [231, 175, 160])
1	0.7261442940240123	0.7347892083770218	([596, 396], [596, 552, 500])
1	0.7050944953573643	0.7348197122195518	([527, 451], [543, 528, 474])
1	0.7228853566302539	0.7350842787047583	([178, 100], [178, 162, 100])
1	0.717586522569498	0.7351444714908869	([530, 415], [530, 418, 415])
1	0.7324685134966157	0.7351444714908869	([530, 429], [530, 429, 418])
1	0.712020341384397	0.7356370970596207	([514, 395], [514, 395, 359])
1	0.7203993607431685	0.7357806736403544	([563, 237], [563, 519, 514])
1	0.6566417375749235	0.7357883750182573	([206, 171], [224, 206, 171])
1	0.7330820808257484	0.7358353278419237	([583, 437], [583, 551, 437])
1	0.7143179122758252	0.7359583116026843	([406, 329], [406, 398, 336])
1	0.6932845043752065	0.7359631363527592	([292, 219], [292, 250, 210])
1	0.7348631967223107	0.7360002071514232	([306, 230], [306, 251, 230])
1	0.7185829801089836	0.7360409049415787	([251, 162], [251, 213, 162])
1	0.7214690955860364	0.7363128082788871	([486, 342], [486, 463, 342])
1	0.7265967338724062	0.7364507374453604	([93, 13], [93, 50, 41])
1	0.7271888005469809	0.7367637968544171	([426, 308], [452, 450, 308])
1	0.7202768642473362	0.7370324044434856	([553, 401], [553, 550, 432])
1	0.7170917879106433	0.7371375718318445	([241, 72], [250, 140, 72])
1	0.7315208176452627	0.7372610817042007	([401, 318], [401, 349, 343])
1	0.7362358792024891	0.7374447164505022	([561, 475], [561, 547, 475])
1	0.7034479513528743	0.7376557352405889	([608, 484], [608, 598, 484])
1	0.7192224160970846	0.7376970637381043	([428, 328], [428, 426, 310])
1	0.722124679036593	0.7377912790685729	([647, 567], [647, 596, 588])
1	0.7211169814658783	0.7379505530060866	([489, 401], [489, 460, 459])
1	0.7314564217457162	0.7380255185836186	([474, 327], [474, 445, 407])
1	0.7239666616873308	0.7383201393269109	([559, 450], [559, 450, 445])
1	0.7256700040196441	0.7383500144278997	([662, 463], [662, 593, 508])
1	0.7144236447801234	0.7392242381129358	([506, 386], [519, 435, 386])
1	0.7266437564092313	0.7392429122603343	([610, 502], [610, 519, 502])
1	0.7048182231347228	0.7392429122603343	([611, 240], [610, 550, 519])
1	0.7367935611811783	0.7398194287400959	([435, 267], [458, 435, 267])
1	0.739254848961582	0.7398194287400959	([450, 267], [458, 450, 267])
1	0.7251570794412447	0.739938715676127	([554, 459], [554, 517, 437])
1	0.721539709209924	0.7400567863598089	([564, 381], [564, 435, 369])
1	0.7268738233327576	0.7400567863598089	([512, 369], [564, 512, 369])
1	0.7108999312773525	0.740148922836658	([191, 33], [191, 33, 0])
1	0.736916606313822	0.7402831331574589	([663, 503], [663, 660, 503])
1	0.719674803812999	0.7405182263771236	([180, 83], [180, 119, 77])
1	0.7181563509562358	0.7406383453619587	([586, 398], [522, 469, 460])
1	0.7174563210835855	0.7406385578183051	([210, 59], [210, 121, 0])
1	0.7038166614269249	0.741343932303505	([240, 52], [240, 75, 59])
1	0.7309174366446232	0.7413674217980463	([240, 6], [240, 59, 4])
1	0.7362709283860396	0.7414336753459708	([405, 335], [411, 405, 335])
1	0.7362534743593195	0.7414336753459708	([411, 325], [436, 411, 335])
1	0.6004799273651692	0.7415123945506705	([362, 239], [363, 347, 240])
1	0.7283655360123927	0.7417041831604736	([349, 258], [349, 258, 241])
1	0.7181303857432552	0.7417041831604736	([394, 241], [394, 349, 241])
1	0.6421702713851659	0.7417884053762321	([395, 239], [395, 349, 241])
1	0.7408618128602119	0.7418558252359233	([513, 246], [513, 361, 240])
1	0.6980969247296492	0.7419042563513463	([352, 214], [394, 352, 214])
1	0.6887341729323774	0.7421982160644157	([520, 232], [520, 516, 232])
1	0.7192632004759194	0.7422668466466157	([407, 295], [407, 383, 295])
1	0.742370423814097	0.7424723043032779	([566, 438], [566, 516, 438])
1	0.739721778450854	0.7426430545100257	([417, 309], [417, 404, 309])
1	0.7194376745987754	0.7427258444938938	([317, 214], [317, 240, 217])
1	0.7422676213458818	0.7427540418118225	([373, 301], [373, 348, 340])
1	0.7350782430599042	0.7427650079061274	([480, 373], [480, 436, 362])
1	0.7387260487839113	0.7428506454103032	([640, 507], [660, 640, 507])
1	0.7361812455940413	0.7428767022958311	([531, 411], [531, 530, 411])
1	0.66254827894038	0.7428859340799937	([245, 200], [245, 215, 209])
1	0.6207605824409932	0.7430364789529946	([309, 199], [298, 223, 213])
1	0.6771937611036828	0.7431398884053102	([616, 234], [616, 561, 552])
1	0.7170325269576514	0.7433805372600617	([622, 237], [622, 597, 240])
1	0.7407954401670804	0.7436769847467253	([437, 283], [437, 403, 250])
1	0.7263284836756209	0.7443749781442079	([388, 253], [360, 350, 253])
1	0.6925584485990187	0.7443756360766662	([569, 206], [569, 544, 521])
1	0.7325454401298545	0.7444879869410125	([228, 86], [228, 139, 86])
1	0.742299338607799	0.7451540778721989	([448, 330], [448, 403, 317])
1	0.7369254801755701	0.745168746119308	([532, 419], [532, 451, 429])
1	0.740659233255257	0.7454188701915617	([427, 311], [427, 426, 310])
1	0.7448162727104354	0.7455343561119591	([413, 304], [435, 413, 382])
1	0.7376103525634629	0.7457587147956602	([493, 384], [493, 440, 384])
1	0.7448556777723491	0.7458823588981538	([541, 417], [541, 524, 417])
1	0.734855052630445	0.7459883557296462	([564, 403], [564, 435, 403])
1	0.734768456336247	0.7460751348887302	([473, 387], [473, 459, 440])
1	0.7460366190233941	0.7462495039008854	([164, 54], [164, 124, 54])
1	0.7326993638034669	0.7464201792964075	([382, 292], [382, 350, 267])
1	0.7450870486214051	0.7464845187843091	([659, 377], [659, 551, 377])
1	0.7295805435191114	0.7467222898076217	([181, 23], [181, 94, 23])
1	0.746346735477234	0.7467387876906473	([136, 5], [136, 135, 5])
1	0.7463125731132302	0.7470459558315484	([144, 36], [144, 74, 69])
1	0.7445132135411939	0.7471085294729934	([540, 421], [550, 540, 421])
1	0.7299114063942174	0.7471568374846501	([126, 46], [126, 108, 77])
1	0.725390234584562	0.7474469031799283	([601, 477], [601, 477, 240])
1	0.5528625000017217	0.7474792568096816	([214, 201], [214, 201, 183])
1	0.7311217909002458	0.7476068554055959	([399, 69], [399, 362, 69])
1	0.7385593011819245	0.7477848577683541	([383, 248], [391, 383, 248])
1	0.7438644420902263	0.7479290374451428	([541, 496], [541, 538, 496])
1	0.7431532729320033	0.7479471485734711	([481, 364], [490, 476, 350])
1	0.734436951408558	0.7479471485734711	([476, 350], [503, 490, 350])
1	0.743533542547603	0.7480542468148829	([643, 384], [643, 384, 240])
1	0.7186890834278317	0.7488117144318085	([645, 237], [648, 563, 517])
1	0.7326717977122612	0.7489088309466796	([569, 455], [569, 552, 472])
1	0.7397109688912717	0.7490487945164641	([491, 365], [491, 463, 365])
1	0.7279267528405586	0.7490619631532168	([285, 154], [285, 249, 154])
1	0.7299149874763655	0.749072105082999	([567, 399], [567, 521, 399])
1	0.7448876069878764	0.7492932467776816	([372, 282], [372, 331, 295])
1	0.7252934473542146	0.7492932467776816	([372, 331], [383, 372, 295])
1	0.7433801078099848	0.7493623529413923	([253, 19], [253, 231, 135])
1	0.7359136726163326	0.7493966783286763	([480, 393], [480, 393, 373])
1	0.7400101839194747	0.7494121432771665	([613, 489], [600, 514, 508])
1	0.600238534477101	0.7496555600500681	([498, 233], [511, 363, 361])
1	0.7173416268816183	0.7496555600500681	([511, 372], [511, 372, 363])
1	0.7499402338837313	0.7500003609471441	([548, 455], [548, 545, 455])
1	0.7356205827091258	0.7501907193258622	([599, 365], [597, 365, 350])
1	0.7369079695917159	0.7502345076371152	([316, 161], [316, 262, 161])
1	0.7310686585324215	0.7504798171231445	([153, 6], [153, 75, 6])
1	0.7476172986929943	0.750627373137887	([363, 134], [436, 363, 145])
1	0.7399385575310837	0.750779938743492	([565, 393], [565, 395, 393])
1	0.653779432067062	0.750779938743492	([572, 239], [565, 514, 395])
1	0.7425441668090784	0.75085937957054	([457, 339], [457, 446, 303])
1	0.7283662831181006	0.7508871856840298	([402, 321], [402, 346, 341])
1	0.7461600535055162	0.7509448970382436	([667, 189], [667, 213, 189])
1	0.7463506526418069	0.7509786053770517	([355, 60], [346, 148, 142])
1	0.7396828799892745	0.7509786053770517	([318, 142], [346, 318, 142])
1	0.7327756708465578	0.7509786053770517	([369, 142], [369, 346, 142])
1	0.7496425999931174	0.7511036001742661	([553, 344], [553, 517, 344])
1	0.7303560374736012	0.7512751174736768	([381, 230], [381, 350, 230])
1	0.7473393322847556	0.7513026601391446	([306, 140], [306, 285, 140])
1	0.7433365336333666	0.7513159322133868	([362, 177], [362, 239, 235])
1	0.7272988206552758	0.7513392211661559	([128, 2], [128, 113, 2])
1	0.746430692640534	0.7513928191613384	([291, 175], [291, 257, 178])
1	0.7371683753195114	0.7515458388010788	([574, 404], [574, 539, 404])
1	0.7488785103416952	0.7519932802520769	([580, 420], [580, 523, 519])
1	0.7234347297702444	0.7520479083601299	([435, 134], [435, 370, 134])
1	0.748540923947702	0.7521495141133	([174, 28], [215, 174, 28])
1	0.7466077671099692	0.752162591452581	([237, 65], [237, 150, 30])
1	0.6053462605800666	0.7522814407045602	([447, 233], [422, 402, 321])
1	0.7213100505117973	0.7524499665080329	([586, 250], [586, 464, 458])
1	0.7458433828763288	0.7524984344134196	([607, 359], [607, 586, 398])
1	0.7120261038205565	0.7525472360800733	([661, 229], [666, 661, 229])
1	0.7446580753168324	0.7526137378792164	([255, 182], [255, 232, 212])
1	0.7290266997320797	0.7529234828662386	([442, 288], [442, 329, 305])
1	0.7501399805015553	0.7529234828662386	([455, 305], [455, 442, 305])
1	0.7298002182457113	0.7529352904742938	([567, 478], [567, 516, 478])
1	0.7456906993777198	0.7529982367485947	([420, 259], [420, 339, 301])
1	0.7385315501053367	0.7530964515767816	([582, 413], [582, 527, 413])
1	0.733605394794039	0.7531128382739269	([539, 250], [539, 519, 497])
1	0.5886809352607546	0.7533304227418205	([201, 149], [201, 169, 149])
1	0.7419160301609273	0.7535243900094337	([405, 280], [405, 336, 295])
1	0.6616910230724968	0.7536483957347377	([667, 545], [668, 625, 557])
1	0.7265709657721607	0.7537093440303435	([481, 315], [481, 463, 353])
1	0.753771842883064	0.7542177215281802	([460, 318], [460, 400, 367])
1	0.7529385771116914	0.7542446760366516	([576, 407], [576, 535, 407])
1	0.7268414101593891	0.7542781399346378	([336, 162], [311, 288, 162])
1	0.7140944866778891	0.7543125044666331	([368, 73], [368, 346, 60])
1	0.7509513003503364	0.7544789639076558	([589, 366], [589, 586, 366])
1	0.6929081738788667	0.7544800959280996	([474, 200], [489, 474, 458])
1	0.7470707720666069	0.7544817626429463	([483, 230], [520, 483, 230])
1	0.7411601259885245	0.7546598422716594	([256, 193], [256, 249, 193])
1	0.7516669345845854	0.754740753636483	([242, 0], [242, 231, 0])
1	0.6603297825344076	0.755005827652621	([497, 206], [490, 350, 240])
1	0.7538233401751389	0.7551240280736549	([666, 360], [666, 511, 360])
1	0.6595090297250692	0.7552271464562748	([566, 238], [566, 515, 491])
1	0.7377088696190172	0.7552476334803999	([600, 351], [600, 514, 367])
1	0.7541019406157595	0.7553141713386113	([398, 235], [398, 395, 235])
1	0.75362913660519	0.755316762792321	([659, 496], [659, 585, 551])
1	0.737483432788588	0.7557710755553063	([661, 516], [661, 586, 518])
1	0.7460551273371919	0.7558092015591856	([507, 373], [507, 463, 362])
1	0.7362748183086962	0.7558312207257007	([264, 146], [264, 248, 220])
1	0.7202129043037028	0.7558779013591636	([397, 279], [401, 397, 279])
1	0.6863189400963063	0.7559310719409609	([668, 212], [668, 638, 225])
1	0.7557102718754471	0.7560459359720598	([546, 416], [546, 436, 427])
1	0.7558096201701733	0.7561071128620153	([640, 368], [668, 658, 368])
1	0.7471147268793271	0.7561698255309051	([393, 227], [393, 350, 230])
1	0.7399933785769086	0.7570483627670997	([475, 306], [475, 455, 306])
1	0.7520358449156893	0.7570537455545986	([427, 365], [427, 400, 387])
1	0.7371285533542502	0.7571962360754111	([393, 328], [409, 393, 383])
1	0.7430148792178519	0.7573539222805239	([424, 292], [441, 424, 292])
1	0.7102627448632116	0.7573934834577909	([591, 229], [610, 591, 229])
1	0.7384515559077466	0.757404629178294	([551, 317], [551, 481, 317])
1	0.7386503813688032	0.7579177130654084	([297, 164], [311, 297, 164])
1	0.7556499040353825	0.7581202203198638	([658, 484], [658, 639, 484])
1	0.7478080550627636	0.7581316231004807	([228, 1], [228, 86, 28])
1	0.6354726559215635	0.7587099589122084	([609, 233], [589, 498, 485])
1	0.738362659092473	0.7589052048786854	([534, 231], [521, 500, 231])
1	0.7305000097500077	0.7590050585150687	([618, 349], [609, 589, 349])
1	0.748759136254287	0.7590168526836369	([639, 473], [639, 594, 484])
1	0.6392079393569049	0.7590819672531901	([233, 91], [233, 151, 91])
1	0.7457511893121626	0.7594322345654516	([417, 273], [417, 310, 309])
1	0.7554197138224229	0.75943910606947	([518, 316], [518, 364, 342])
1	0.7117715974733118	0.7594573901293621	([229, 5], [229, 76, 66])
1	0.7324431003505646	0.7597386858409853	([367, 216], [367, 346, 231])
1	0.7556113197102938	0.7599927951365493	([634, 399], [634, 604, 399])
1	0.7352362421001803	0.7606968138513361	([531, 308], [531, 452, 444])
1	0.7170733616778276	0.7609392702681841	([631, 499], [631, 610, 499])
1	0.75316054156576	0.7609594386088722	([655, 549], [655, 651, 549])
1	0.5409888451183195	0.7613090554563896	([668, 0], [668, 185, 0])
1	0.7574163025749465	0.7619210889380094	([398, 3], [398, 235, 231])
1	0.7392238079952794	0.7624318771811159	([668, 368], [668, 513, 369])
1	0.7443080441185399	0.7624980676831838	([665, 350], [665, 511, 503])
1	0.7376856457684612	0.7625195810774389	([345, 64], [345, 231, 225])
1	0.7438488266767873	0.7625308939121955	([377, 219], [377, 316, 262])
1	0.6955777325465387	0.7626411780188204	([668, 283], [668, 283, 222])
1	0.7151962385858844	0.7627346444215913	([429, 207], [429, 297, 292])
1	0.7340719006466917	0.7627461400046234	([342, 4], [342, 229, 4])
1	0.7617504241477009	0.7628249253805767	([299, 152], [299, 241, 152])
1	0.7415375415601728	0.7628975171341729	([301, 167], [301, 225, 167])
1	0.6500652935123297	0.7630528527954276	([662, 233], [662, 609, 583])
1	0.7104948868501495	0.763139527801865	([207, 97], [207, 169, 97])
1	0.7445298827421752	0.7633067722031125	([453, 266], [453, 384, 240])
1	0.6305667581860934	0.7642176377422631	([239, 62], [241, 239, 62])
1	0.7561958760109643	0.7643608260331911	([399, 118], [435, 399, 134])
1	0.7268362196497121	0.7646770794842818	([646, 560], [667, 646, 542])
1	0.7608632090672462	0.7646837770356754	([435, 159], [435, 175, 159])
1	0.7170361999584293	0.7647296508195497	([668, 102], [668, 102, 73])
1	0.5758139948817416	0.7647541425727385	([205, 12], [205, 33, 12])
1	0.7477994492110892	0.7650382216868685	([162, 12], [162, 85, 43])
1	0.7625987250107725	0.7652096478948169	([580, 454], [580, 565, 454])
1	0.7511687794322296	0.7652724724182912	([402, 266], [402, 266, 257])
1	0.7617366759325043	0.7652724724182912	([414, 257], [414, 402, 257])
1	0.750552035824451	0.7653043071738375	([536, 331], [536, 425, 404])
1	0.7628934334254842	0.7656117824580254	([603, 363], [603, 483, 363])
1	0.760792913794355	0.765652196741669	([626, 464], [611, 589, 464])
1	0.7388011916699102	0.7657209998167711	([473, 284], [473, 425, 284])
1	0.7525755051732655	0.7658888998524791	([193, 26], [193, 119, 24])
1	0.7187755825459887	0.7658979154976374	([668, 453], [668, 474, 453])
1	0.7504680588036016	0.7659591652089792	([310, 129], [310, 289, 129])
1	0.7534748769380054	0.7660367908963897	([616, 356], [616, 591, 229])
1	0.7641634262488809	0.7662682090571593	([584, 368], [584, 518, 347])
1	0.7569023896864499	0.7662944139689101	([409, 288], [409, 326, 324])
1	0.754512819228236	0.7669880288324402	([494, 172], [494, 488, 229])
1	0.6239212457103847	0.7671873666170188	([199, 119], [199, 119, 0])
1	0.7316883690758258	0.7672787241365927	([480, 193], [480, 228, 193])
1	0.6177107208475902	0.7672838465997939	([199, 71], [215, 199, 71])
1	0.7476564385037094	0.7673041670395027	([398, 66], [366, 345, 66])
1	0.7499501708609374	0.767449079960684	([298, 11], [298, 147, 0])
1	0.7604893293257311	0.7676555797421193	([358, 153], [358, 247, 148])
1	0.7656535155147843	0.767784734785397	([367, 14], [367, 216, 59])
1	0.74488877196072	0.767894927533297	([543, 210], [543, 494, 492])
1	0.7477941610146125	0.7680739351102621	([557, 332], [557, 427, 332])
1	0.7344121513311622	0.768090349912393	([360, 143], [360, 316, 253])
1	0.762246003250913	0.7686343074097334	([449, 249], [449, 335, 309])
1	0.7676499288256953	0.7688091979269269	([502, 4], [502, 370, 4])
1	0.7477983287084378	0.7688622573450726	([361, 70], [361, 347, 3])
1	0.7667175538214571	0.7688948826485501	([331, 212], [331, 309, 212])
1	0.7604132739443039	0.769217615534333	([467, 313], [467, 362, 350])
1	0.7651840480514849	0.7692183445335146	([386, 291], [497, 452, 291])
1	0.7626180178082669	0.7692425728005634	([584, 452], [584, 488, 476])
1	0.7271025886750694	0.7695428422129348	([250, 50], [250, 231, 50])
1	0.7695439019215096	0.7697748392124187	([371, 296], [407, 371, 296])
1	0.7466019905979282	0.769852175313304	([486, 160], [486, 350, 160])
1	0.7417265800898634	0.7701887378361087	([350, 67], [350, 152, 143])
1	0.7631797428893619	0.7703285056233254	([618, 153], [618, 349, 153])
1	0.7687691426157415	0.7703457995226326	([550, 340], [550, 507, 340])
1	0.7637247398502759	0.7707479141028041	([527, 339], [527, 412, 406])
1	0.7478523659834446	0.7710944216472801	([499, 60], [499, 240, 142])
1	0.7648796139451686	0.7711762267669972	([528, 294], [528, 426, 308])
1	0.7436717997805897	0.771247331492498	([661, 354], [661, 610, 354])
1	0.7679509130560596	0.771300221263254	([383, 191], [383, 362, 345])
1	0.7544503613690929	0.7713824080996335	([368, 146], [668, 368, 163])
1	0.7700823785075656	0.7713950476007092	([420, 213], [420, 310, 213])
1	0.7701535738500517	0.7714241870204923	([654, 366], [654, 598, 584])
1	0.7669489890655827	0.7714474793499224	([495, 332], [495, 440, 332])
1	0.7629408112909729	0.7714533873248197	([570, 378], [570, 436, 398])
1	0.7499598231705406	0.7721320939959714	([464, 249], [464, 361, 249])
1	0.7575869469726564	0.7722760018934983	([514, 28], [506, 229, 28])
1	0.76502220034942	0.7723394431778497	([547, 188], [668, 547, 188])
1	0.7541325026678782	0.7725985584083594	([651, 433], [662, 651, 433])
1	0.7716329121836165	0.7732523526926015	([622, 382], [622, 615, 382])
1	0.7453030553598374	0.7732784546395599	([300, 156], [435, 304, 156])
1	0.770641582958463	0.7733364906724483	([558, 252], [558, 493, 475])
1	0.7700617790170508	0.7734396066475525	([571, 379], [571, 404, 402])
1	0.766669457668489	0.7736420475560871	([372, 141], [372, 250, 229])
1	0.7706092888615217	0.7737079850886104	([614, 242], [638, 614, 242])
1	0.7643134095178402	0.7742258015061246	([511, 136], [511, 241, 233])
1	0.7689979774714216	0.7742404568269331	([548, 187], [548, 547, 188])
1	0.7573577846889361	0.7742986518421879	([545, 193], [545, 436, 188])
1	0.7557160486502936	0.7745969769380792	([625, 361], [625, 461, 391])
1	0.7614857395039003	0.7745969769380792	([606, 391], [625, 606, 391])
1	0.7602944624587886	0.7751767961344604	([248, 16], [248, 150, 16])
1	0.7490273881826445	0.7752059144437332	([209, 114], [209, 167, 157])
1	0.7727083191256378	0.7752541173688015	([344, 57], [344, 341, 75])
1	0.7683547393393917	0.7753744900102206	([631, 380], [635, 631, 380])
1	0.7604438523201571	0.7754087942495866	([627, 347], [631, 627, 347])
1	0.745704911411931	0.7760134064052635	([490, 31], [490, 350, 229])
1	0.7751915196696646	0.7761349557452389	([359, 87], [359, 240, 140])
1	0.7413630484867424	0.7761408252896346	([653, 395], [653, 599, 395])
1	0.739782837712705	0.7762358247175163	([275, 43], [275, 213, 156])
1	0.7698256157854908	0.7763218936634985	([398, 39], [398, 114, 39])
1	0.7139583757097383	0.7764401034771505	([398, 114], [398, 39, 3])
1	0.7433240400202773	0.7766379101506584	([646, 232], [646, 512, 232])
1	0.763980094364714	0.7767639198662285	([360, 62], [562, 487, 62])
1	0.7691277396782028	0.776785473654857	([510, 299], [510, 344, 343])
1	0.7718209840686104	0.7768828575177926	([532, 323], [532, 440, 323])
1	0.7583873549970744	0.7771317631174841	([268, 102], [252, 156, 123])
1	0.7679543702729351	0.7771317631174841	([309, 123], [309, 252, 123])
1	0.7570441686200604	0.7772217089111841	([663, 6], [663, 567, 0])
1	0.6960989442724801	0.7772217089111841	([567, 210], [663, 630, 0])
1	0.7711598587830676	0.777248293300767	([389, 285], [389, 341, 301])
1	0.7690218224124917	0.777368897775466	([365, 144], [365, 230, 229])
1	0.7652346045551381	0.777546756171088	([552, 176], [552, 511, 176])
1	0.7669253454308949	0.7778530023550309	([380, 74], [397, 380, 74])
1	0.7689123519036255	0.7781138204407381	([508, 32], [508, 350, 71])
1	0.7701283076823985	0.7781643075254364	([357, 61], [357, 342, 142])
1	0.77663483065027	0.7784269427174937	([629, 250], [629, 610, 250])
1	0.7708002818777112	0.7784485407208427	([479, 247], [479, 309, 293])
1	0.7174723224997671	0.7791834528985763	([492, 210], [492, 488, 214])
1	0.7410639779405613	0.7794708535864991	([608, 374], [608, 484, 374])
1	0.7631518791960976	0.7795734385589653	([325, 180], [325, 280, 180])
1	0.7613958801141989	0.7796047770009226	([389, 215], [389, 343, 243])
1	0.6395435222717754	0.7798133134531118	([501, 239], [565, 501, 393])
1	0.7728826045323559	0.780222995854344	([578, 328], [578, 535, 328])
1	0.7584178781791527	0.7803777693849581	([537, 249], [537, 490, 457])
1	0.770095672256982	0.7805543038009337	([571, 246], [571, 463, 351])
1	0.7460952260349496	0.7805710269510673	([562, 62], [360, 230, 214])
1	0.7478509357167842	0.7817006172531789	([352, 27], [352, 232, 27])
1	0.7682908982886388	0.7819097020221657	([629, 147], [629, 465, 147])
1	0.7806330812743385	0.7819612245524408	([576, 260], [576, 307, 289])
1	0.7779820893908689	0.7822451195306088	([476, 65], [487, 476, 65])
1	0.7580261439030718	0.7822807721180197	([358, 5], [358, 241, 230])
1	0.5329269901932836	0.7829574248802874	([248, 205], [226, 205, 189])
1	0.7728875600664972	0.7829858227007418	([466, 40], [466, 250, 143])
1	0.7675973808422986	0.7829858227007418	([500, 143], [500, 466, 143])
1	0.6404083737366447	0.7831104119197209	([343, 204], [343, 242, 204])
1	0.7803123333856402	0.7831157164992806	([628, 249], [628, 601, 249])
1	0.7754504698522429	0.7832904974977981	([475, 30], [475, 313, 30])
1	0.7786476960227094	0.783948937097809	([322, 20], [322, 107, 20])
1	0.7791679202341687	0.7843111122218442	([343, 31], [343, 243, 70])
1	0.7842399719355263	0.7845245474140166	([466, 190], [466, 190, 134])
1	0.7527841264961634	0.7845396773276381	([375, 150], [375, 232, 225])
1	0.7780587577254057	0.7850556085965277	([624, 62], [624, 609, 62])
1	0.7809606461641462	0.7851828303274466	([437, 149], [437, 250, 243])
1	0.7794223174645181	0.7852441806037437	([659, 152], [659, 355, 353])
1	0.7674188466953193	0.7853579084907271	([497, 139], [497, 206, 148])
1	0.7834968533878632	0.7853579084907271	([595, 148], [595, 497, 148])
1	0.7824915317539083	0.7854226022400383	([297, 26], [297, 229, 219])
1	0.7801656892208918	0.7854407558537436	([458, 133], [458, 252, 133])
1	0.6514333346793227	0.7856936389907155	([431, 204], [431, 348, 316])
1	0.7409192207677291	0.7857753296686139	([468, 168], [468, 240, 176])
1	0.7858338038245521	0.7859690823376089	([299, 42], [299, 229, 134])
1	0.7823885900938666	0.7863804257344165	([568, 139], [568, 508, 139])
1	0.7845282874451345	0.7864125321537752	([540, 322], [540, 417, 405])
1	0.7838899839338986	0.7864626945568084	([432, 17], [483, 432, 6])
1	0.7862465057200719	0.7870279946338593	([271, 5], [271, 100, 5])
1	0.7839462158112481	0.7871338369936544	([288, 24], [288, 162, 24])
1	0.7851656890267347	0.7874500830306669	([303, 66], [303, 229, 147])
1	0.7731906510733775	0.7876718390629719	([304, 89], [304, 229, 89])
1	0.6519557108906501	0.7880674223068566	([413, 204], [431, 413, 324])
1	0.7784814686139684	0.7887572007716273	([281, 94], [281, 213, 94])
1	0.7761859982403514	0.7889059648100185	([483, 6], [432, 243, 237])
1	0.7886345044312858	0.7889252616359465	([649, 59], [649, 595, 352])
1	0.7851909532315636	0.7889707276441278	([525, 283], [525, 425, 403])
1	0.7748823116424111	0.7890222048877011	([437, 34], [437, 243, 41])
1	0.7812746568522894	0.7890536524285358	([418, 102], [418, 252, 234])
1	0.7880704705391528	0.789096837024887	([515, 43], [515, 437, 43])
1	0.7736883027406909	0.789411373003736	([312, 106], [344, 312, 106])
1	0.7806886330182887	0.7901675856850319	([634, 143], [634, 616, 143])
1	0.7809317087361753	0.7903528405298109	([664, 3], [664, 517, 3])
1	0.7901012041154518	0.7903588844933196	([627, 75], [627, 511, 75])
1	0.7878893944243104	0.7906110714486874	([631, 146], [631, 615, 146])
1	0.7821086145541479	0.7910549564657761	([321, 101], [321, 230, 66])
1	0.7909931786967358	0.7914887416247379	([550, 274], [550, 384, 274])
1	0.7905885520254224	0.7915320121450382	([477, 82], [477, 443, 1])
1	0.7880801794993717	0.7917506080577644	([393, 121], [393, 230, 62])
1	0.7596190608636267	0.7918036745694427	([577, 296], [577, 556, 296])
1	0.7707915591838179	0.7918509241303798	([542, 279], [580, 404, 279])
1	0.7731593992429425	0.7918771295704383	([620, 281], [620, 610, 227])
1	0.7739295455701248	0.7919165703448711	([383, 30], [383, 366, 30])
1	0.7845219528852734	0.7920133699322099	([494, 275], [494, 307, 275])
1	0.6129987592177649	0.7924700159034236	([202, 18], [249, 202, 18])
1	0.5736410608661002	0.7925657987977028	([447, 201], [447, 232, 214])
1	0.7585607285060412	0.7925762282493465	([636, 357], [636, 624, 357])
1	0.7814084804218088	0.7926560123662464	([423, 160], [423, 343, 313])
1	0.7727300644546446	0.7927659780163452	([322, 107], [437, 322, 149])
1	0.7639161165407479	0.7932451949366283	([595, 59], [595, 148, 29])
1	0.7850593897426185	0.7933271008266093	([614, 69], [614, 242, 69])
1	0.7895610522588014	0.7938507229857439	([292, 80], [292, 240, 98])
1	0.7937878690586093	0.7939455133180888	([584, 266], [584, 266, 257])
1	0.7618566125894134	0.7940866424184132	([555, 338], [555, 430, 423])
1	0.7864865313552964	0.7941556884845501	([402, 107], [402, 377, 107])
1	0.739882690131368	0.7943129630077314	([628, 220], [628, 594, 488])
1	0.7744338668396128	0.7943970596063207	([639, 5], [649, 639, 5])
1	0.7728236260112089	0.7947000273830956	([605, 31], [652, 605, 31])
1	0.7856374966078947	0.7947760961249314	([460, 68], [460, 225, 154])
1	0.7230002857396924	0.7950573195494071	([654, 231], [654, 467, 231])
1	0.7751823982890346	0.795579604618594	([486, 76], [486, 369, 76])
1	0.7930086543980626	0.7962310746665878	([569, 141], [569, 513, 141])
1	0.7899348160480976	0.7963261704786188	([555, 243], [555, 272, 243])
1	0.7913538556904636	0.7965624516925983	([337, 117], [337, 229, 102])
1	0.7830168247549882	0.796594342940908	([570, 75], [570, 490, 422])
1	0.793853399469935	0.7966837948498535	([495, 32], [495, 488, 32])
1	0.7340602825508428	0.7966983935831943	([378, 0], [378, 350, 210])
1	0.7810306495601412	0.7970280460480428	([555, 272], [555, 528, 243])
1	0.7884612944579172	0.7972262464443182	([473, 162], [473, 162, 113])
1	0.7858801291493663	0.7973086407316615	([660, 172], [660, 648, 172])
1	0.7931623430638974	0.797329323138554	([559, 211], [667, 559, 211])
1	0.7617207545741169	0.7976329499260435	([443, 1], [477, 468, 82])
1	0.7855471762836134	0.7986738912264536	([637, 154], [637, 235, 228])
1	0.7701632782097196	0.7988160801812602	([396, 63], [396, 63, 7])
1	0.7961978804826193	0.7988160801812602	([643, 63], [643, 63, 7])
1	0.7959934820575907	0.7988701541472603	([620, 51], [620, 227, 18])
1	0.7835286797874775	0.7990109596886675	([656, 9], [666, 656, 58])
1	0.7830133485521288	0.7990534171056402	([326, 84], [326, 167, 152])
1	0.7784954027867155	0.7990854983536708	([495, 121], [512, 495, 121])
1	0.7847523444439466	0.7997951649647141	([646, 8], [646, 639, 5])
1	0.795815573296926	0.7998572163413719	([327, 21], [327, 283, 21])
1	0.7110803676476137	0.8000653681599881	([502, 207], [502, 346, 174])
1	0.7981500248398596	0.8002168403011561	([331, 113], [331, 309, 113])
1	0.7955689076002789	0.8002602543324102	([438, 87], [438, 254, 87])
1	0.7983465876879381	0.8004586142503389	([614, 20], [614, 69, 57])
1	0.6798077392550026	0.800660077903818	([489, 200], [474, 261, 250])
1	0.7850189410685074	0.8007375247109495	([600, 21], [600, 134, 71])
1	0.7979671338911167	0.8011801288056455	([644, 145], [647, 644, 157])
1	0.7958025339357094	0.8014174932364929	([279, 39], [279, 210, 39])
1	0.7950056274159675	0.8018228218961554	([491, 269], [491, 469, 269])
1	0.7953439355860044	0.8025045191356424	([269, 104], [269, 267, 104])
1	0.7957700653908361	0.8025180318740758	([596, 36], [649, 596, 36])
1	0.793621095902453	0.8044389977846612	([454, 110], [454, 250, 249])
1	0.7998782677595679	0.8046169605569664	([653, 15], [653, 588, 15])
1	0.7651325144199188	0.8051686902419032	([573, 1], [617, 575, 1])
1	0.5689891737921096	0.8051742091847617	([205, 33], [205, 92, 12])
1	0.7922852741227836	0.8051956897456001	([576, 132], [576, 307, 132])
1	0.7902537862428595	0.8056079098563976	([615, 65], [615, 385, 362])
1	0.7801681736618917	0.8056265224928082	([645, 88], [645, 356, 88])
1	0.7719113461296786	0.8056318138446483	([583, 85], [583, 229, 145])
1	0.7992986259832335	0.8057591631508643	([606, 76], [606, 435, 76])
1	0.805542450387512	0.805770056567715	([424, 12], [424, 383, 12])
1	0.7910176243705054	0.8060765695143303	([534, 128], [534, 182, 128])
1	0.8008065062823836	0.8061425064799672	([593, 165], [635, 593, 165])
1	0.6789900428938356	0.8065620561403826	([544, 206], [569, 497, 216])
1	0.7793368148018721	0.8073750084684201	([562, 113], [562, 113, 69])
1	0.7901701785307235	0.807952659105685	([587, 40], [587, 229, 176])
1	0.8040392745589574	0.8079888619553288	([470, 161], [470, 306, 229])
1	0.8074467300964178	0.8080451182094924	([589, 13], [589, 349, 13])
1	0.7984756964940822	0.8082670771928409	([406, 154], [406, 285, 250])
1	0.7064503824183197	0.8087564749333136	([638, 207], [638, 225, 209])
1	0.7980083738496562	0.808796220114464	([621, 107], [621, 107, 54])
1	0.793321224491047	0.8090851060291306	([455, 83], [455, 250, 83])
1	0.8035473988143735	0.8092967657245856	([485, 8], [485, 394, 8])
1	0.7895594240752648	0.8096698219060605	([408, 67], [408, 181, 179])
1	0.8005808848613281	0.8097774756717794	([577, 164], [577, 285, 164])
1	0.8087775674312678	0.8097973559842699	([546, 219], [668, 546, 208])
1	0.7984546180936054	0.8100672563438921	([531, 8], [531, 425, 296])
1	0.7852593287599053	0.8103659546039848	([662, 133], [662, 133, 59])
1	0.8075576670591916	0.810436665353907	([491, 20], [491, 135, 20])
1	0.8062836992742131	0.8109391504589505	([602, 183], [602, 514, 209])
1	0.7562059378579374	0.8117588506277662	([612, 302], [612, 495, 422])
1	0.8044424897407011	0.8122419278876195	([664, 268], [664, 484, 252])
1	0.7875066065259817	0.8125233811293948	([399, 192], [399, 192, 174])
1	0.7995804941818273	0.8125464791228632	([522, 45], [522, 302, 229])
1	0.7896563869144486	0.8128437807914921	([647, 27], [647, 508, 75])
1	0.7907747875889616	0.8143589847536661	([538, 137], [538, 466, 137])
1	0.81395963140209	0.814448646550435	([481, 33], [481, 134, 93])
1	0.8104718869842156	0.8146222320011662	([556, 81], [571, 556, 81])
1	0.8087733275403247	0.8147641087776804	([415, 195], [415, 195, 177])
1	0.811122662911898	0.8149357160096111	([524, 95], [524, 283, 249])
1	0.8015241142980012	0.8149759614954276	([426, 38], [426, 250, 46])
1	0.810883327693955	0.8153258582361257	([410, 90], [410, 220, 191])
1	0.8156464452331303	0.8157049988116015	([581, 92], [627, 581, 92])
1	0.8152524978068877	0.8167295213831071	([456, 51], [456, 413, 51])
1	0.8059814857853487	0.8168181154094246	([622, 84], [622, 237, 60])
1	0.7930436121200476	0.8172110972202182	([423, 49], [439, 423, 49])
1	0.8127969094773301	0.8172110972202182	([471, 49], [471, 439, 49])
1	0.8121007436998958	0.8179125376547439	([548, 38], [548, 408, 38])
1	0.5861881536931317	0.8230059590223779	([555, 203], [555, 516, 418])
1	0.8181101781494119	0.8233218085090637	([527, 78], [527, 323, 78])
1	0.7993217931272569	0.8247389686574632	([525, 94], [525, 439, 94])
1	0.818295605994405	0.8249335428039865	([529, 9], [529, 510, 9])
1	0.825676709604605	0.8266224347518877	([583, 195], [583, 249, 211])
1	0.5456740981859695	0.8301823980887816	([205, 92], [205, 171, 92])
1	0.6709740744841339	0.839373502035164	([652, 238], [652, 529, 238])
1	0.5927763673349046	0.8395515923684541	([314, 202], [314, 212, 202])
1	0.5767175040976047	0.8432761491054213	([516, 203], [516, 203, 192])
1	0.5473364323770619	0.8536209688055618	([499, 205], [499, 226, 205])
1	0.5924292498910902	0.8545024781549311	([544, 205], [544, 499, 212])
1	0.5788003467636884	0.8635929905674475	([270, 203], [270, 203, 192])
1	0.5112727188566365	0.8709814777031823	([198, 159], [198, 184, 159])
0	0.0	inf	([201], [])
