0	0.0	0.02015379559998855	([218], [218, 120])
0	0.0	0.02101604240437738	([225], [225, 80])
0	0.0	0.02157604751755535	([353], [353, 220])
0	0.0	0.023486484299339607	([354], [354, 311])
0	0.0	0.23244755099451653	([668], [668, 667])
0	0.0	0.233234797192897	([685], [685, 684])
0	0.0	0.24454351510914948	([644], [644, 643])
0	0.0	0.2446357713588283	([681], [681, 680])
0	0.0	0.24718984913241243	([680], [680, 679])
0	0.0	0.251130734767415	([623], [623, 622])
0	0.0	0.254447205401377	([571], [571, 570])
0	0.0	0.25526849991879585	([656], [656, 655])
0	0.0	0.2559816586479226	([672], [672, 671])
0	0.0	0.2563373095837966	([108], [108, 107])
0	0.0	0.26021437791730645	([492], [492, 491])
0	0.0	0.2611994653239735	([639], [639, 638])
0	0.0	0.2621706952979483	([667], [667, 666])
0	0.0	0.2637057396277715	([495], [495, 494])
0	0.0	0.2650788504142488	([640], [640, 639])
0	0.0	0.26531649755023456	([658], [658, 657])
0	0.0	0.2656073673149676	([682], [682, 681])
0	0.0	0.26745890484350165	([377], [377, 376])
0	0.0	0.27194637618507445	([628], [628, 627])
0	0.0	0.2719974913212961	([651], [651, 650])
0	0.0	0.2734796147466465	([657], [657, 656])
0	0.0	0.2744512263403232	([75], [75, 74])
0	0.0	0.2750515201110463	([93], [93, 92])
0	0.0	0.2759168319658886	([475], [475, 474])
0	0.0	0.2771969933423777	([453], [453, 451])
0	0.0	0.277590176971903	([480], [480, 479])
0	0.0	0.27817304833117223	([611], [611, 610])
0	0.0	0.28103618101124783	([440], [440, 439])
0	0.0	0.2812272108891961	([641], [641, 640])
0	0.0	0.28141390053756604	([673], [673, 672])
0	0.0	0.28146662992344135	([434], [434, 433])
0	0.0	0.2817563247252228	([569], [569, 568])
0	0.0	0.2829337898391054	([546], [546, 545])
0	0.0	0.2831840133904365	([451], [453, 452])
0	0.0	0.28328982157547106	([563], [563, 562])
0	0.0	0.28386989830731385	([439], [439, 438])
0	0.0	0.2845477769725392	([565], [565, 564])
0	0.0	0.2850169041083507	([395], [395, 394])
0	0.0	0.2854563811232069	([456], [456, 455])
0	0.0	0.28601056834166394	([607], [607, 606])
0	0.0	0.2869396288822001	([15], [15, 14])
0	0.0	0.2877690525955467	([625], [625, 624])
0	0.0	0.28786950222589697	([645], [645, 644])
0	0.0	0.2880374514139902	([506], [506, 505])
0	0.0	0.2881207252345552	([570], [570, 569])
0	0.0	0.2888339727798526	([596], [596, 595])
0	0.0	0.2889496035047319	([650], [650, 649])
0	0.0	0.29004405926088006	([438], [438, 437])
0	0.0	0.2900754578635498	([7], [7, 6])
0	0.0	0.2903872371639179	([171], [171, 170])
0	0.0	0.2909252920812237	([613], [613, 612])
0	0.0	0.29163161072395066	([61], [61, 60])
0	0.0	0.2921190066858156	([88], [88, 87])
0	0.0	0.29267331626522347	([474], [475, 473])
0	0.0	0.293716250815327	([577], [577, 576])
0	0.0	0.29415187729531156	([676], [676, 675])
0	0.0	0.29428737071394945	([652], [652, 651])
0	0.0	0.2952955203732415	([471], [471, 470])
0	0.0	0.29592710980630704	([653], [653, 652])
0	0.0	0.2960564628227258	([585], [585, 584])
0	0.0	0.29693368466811626	([505], [506, 503])
0	0.0	0.2969547685718505	([638], [638, 637])
0	0.0	0.2989915096782629	([534], [534, 533])
0	0.0	0.2992093282120214	([533], [533, 532])
0	0.0	0.29977073873772936	([576], [576, 575])
0	0.0	0.29994277829719346	([646], [646, 645])
0	0.0	0.3006193926426459	([47], [47, 46])
0	0.0	0.3020323599172123	([501], [501, 500])
0	0.0	0.3023821562289158	([436], [436, 435])
0	0.0	0.30254737544042404	([350], [350, 349])
0	0.0	0.30268115567785536	([48], [48, 47])
0	0.0	0.3031792960064626	([626], [626, 625])
0	0.0	0.3034613371020748	([674], [674, 673])
0	0.0	0.30351899839482854	([6], [6, 5])
0	0.0	0.3038109880449785	([457], [457, 456])
0	0.0	0.3042489113784432	([406], [406, 405])
0	0.0	0.3043414678876108	([666], [666, 665])
0	0.0	0.30447195145801303	([370], [370, 369])
0	0.0	0.3049266613258537	([444], [444, 443])
0	0.0	0.3050398169408071	([624], [624, 623])
0	0.0	0.3052520534539952	([40], [40, 39])
0	0.0	0.3054332598756269	([608], [608, 607])
0	0.0	0.3054834020014602	([631], [631, 630])
0	0.0	0.305567458576748	([525], [525, 524])
0	0.0	0.3066088976187332	([92], [92, 91])
0	0.0	0.30935675468013507	([642], [642, 641])
0	0.0	0.30948789770278873	([671], [671, 670])
0	0.0	0.30958233461193263	([437], [437, 436])
0	0.0	0.3097684269820203	([46], [46, 45])
0	0.0	0.3098142379538371	([529], [529, 528])
0	0.0	0.3101914371315098	([26], [26, 25])
0	0.0	0.3106181574220814	([460], [460, 459])
0	0.0	0.3106868806456103	([679], [679, 678])
0	0.0	0.31072356565342857	([535], [535, 534])
0	0.0	0.31114762081208797	([87], [87, 85])
0	0.0	0.31117873957656156	([677], [677, 676])
0	0.0	0.3111993552979666	([8], [8, 7])
0	0.0	0.31153751868453156	([49], [49, 48])
0	0.0	0.31188146410888345	([643], [643, 642])
0	0.0	0.31215487976432094	([64], [64, 63])
0	0.0	0.3124136214233208	([528], [528, 527])
0	0.0	0.31249840102001974	([654], [654, 653])
0	0.0	0.313072641847443	([119], [119, 118])
0	0.0	0.3132120201980529	([447], [447, 446])
0	0.0	0.313310650526637	([442], [442, 440])
0	0.0	0.3140788521314544	([655], [655, 654])
0	0.0	0.3142990341434169	([678], [678, 677])
0	0.0	0.3144413221290214	([396], [396, 395])
0	0.0	0.3148176526507333	([521], [521, 520])
0	0.0	0.31565880439245236	([648], [648, 645])
0	0.0	0.3161960491401498	([600], [600, 599])
0	0.0	0.3162678302968959	([409], [409, 408])
0	0.0	0.316349155853822	([60], [60, 59])
0	0.0	0.3167076892874105	([59], [59, 58])
0	0.0	0.31697533509426284	([55], [55, 54])
0	0.0	0.31777477847793695	([675], [675, 674])
0	0.0	0.3177959502898877	([417], [417, 416])
0	0.0	0.3180606838733654	([586], [586, 585])
0	0.0	0.3187082931905351	([351], [351, 350])
0	0.0	0.318998406930937	([433], [433, 432])
0	0.0	0.31921908891749573	([665], [665, 664])
0	0.0	0.319448037595585	([164], [164, 163])
0	0.0	0.319826873793796	([462], [462, 461])
0	0.0	0.3199009715950624	([661], [661, 660])
0	0.0	0.3201447827451063	([479], [479, 478])
0	0.0	0.3201537129544577	([637], [637, 636])
0	0.0	0.320157584443423	([42], [42, 41])
0	0.0	0.32021772303408574	([431], [431, 430])
0	0.0	0.32065142588403833	([582], [582, 581])
0	0.0	0.32124597207874467	([435], [435, 434])
0	0.0	0.32148686075957533	([649], [649, 648])
0	0.0	0.3215937426065404	([601], [601, 600])
0	0.0	0.3218954614343872	([449], [449, 448])
0	0.0	0.3221323542422226	([167], [167, 166])
0	0.0	0.3224265395064171	([115], [115, 114])
0	0.0	0.3227356286963415	([630], [630, 628])
0	0.0	0.32279717852736567	([367], [367, 366])
0	0.0	0.32298510187792	([690], [690, 689])
0	0.0	0.3235001681149152	([455], [455, 454])
0	0.0	0.3235476512182988	([489], [489, 488])
0	0.0	0.3254402099572342	([689], [689, 688])
0	0.0	0.32545463645862865	([58], [58, 57])
0	0.0	0.3258347001918069	([454], [454, 453])
0	0.0	0.3273637568258459	([41], [41, 40])
0	0.0	0.3275221969584173	([486], [486, 485])
0	0.0	0.3275938679931076	([566], [566, 565])
0	0.0	0.3286251780122905	([414], [414, 412])
0	0.0	0.32876318407597505	([82], [82, 81])
0	0.0	0.32879784269892004	([450], [450, 448])
0	0.0	0.3289671481816392	([550], [550, 549])
0	0.0	0.3293800660859836	([122], [122, 121])
0	0.0	0.3294056250129787	([532], [532, 531])
0	0.0	0.32944522681414834	([691], [691, 688])
0	0.0	0.3295391445891192	([2], [2, 1])
0	0.0	0.32967196900909246	([110], [110, 109])
0	0.0	0.3299172815006189	([35], [35, 34])
0	0.0	0.32994092520908463	([587], [587, 586])
0	0.0	0.3299899409270768	([481], [481, 480])
0	0.0	0.3300710676276972	([389], [389, 388])
0	0.0	0.33070173346845344	([56], [56, 55])
0	0.0	0.33109115530295946	([483], [483, 482])
0	0.0	0.33114826854751384	([13], [13, 12])
0	0.0	0.3312094730954896	([612], [612, 611])
0	0.0	0.33130627529780726	([502], [502, 501])
0	0.0	0.33131985337289427	([3], [3, 2])
0	0.0	0.33144125935524915	([446], [446, 445])
0	0.0	0.3317133174689185	([383], [383, 382])
0	0.0	0.33171441516223815	([36], [36, 35])
0	0.0	0.3320160680058819	([664], [664, 662])
0	0.0	0.33217249491257833	([461], [461, 460])
0	0.0	0.33253880130700186	([405], [405, 404])
0	0.0	0.3325522650230026	([564], [564, 563])
0	0.0	0.33296957853614545	([463], [463, 462])
0	0.0	0.33329536879257354	([609], [609, 608])
0	0.0	0.3333321482167296	([547], [547, 546])
0	0.0	0.3333853237223781	([404], [404, 403])
0	0.0	0.3335651076215232	([518], [518, 517])
0	0.0	0.3336512790457018	([477], [477, 476])
0	0.0	0.3336934669348409	([12], [12, 11])
0	0.0	0.33402864353931405	([91], [91, 90])
0	0.0	0.33454027502958705	([660], [660, 658])
0	0.0	0.3347076747664958	([90], [90, 88])
0	0.0	0.3347308609986184	([57], [57, 56])
0	0.0	0.33492808011534847	([627], [627, 626])
1	0.3309367530343119	0.33525553798276186	([436, 432], [436, 435, 432])
0	0.0	0.3357625419529687	([476], [476, 475])
0	0.0	0.33651399655056513	([11], [11, 10])
0	0.0	0.3366656145340314	([96], [96, 95])
0	0.0	0.3367516859735464	([443], [443, 442])
0	0.0	0.3368731723272151	([662], [662, 661])
0	0.0	0.3369657325062086	([111], [111, 110])
0	0.0	0.3369738641813436	([591], [591, 590])
0	0.0	0.3370083450524876	([482], [482, 481])
0	0.0	0.3371693802066757	([416], [416, 415])
0	0.0	0.3374421679469712	([130], [130, 129])
0	0.0	0.3376002523224486	([424], [424, 422])
0	0.0	0.3376331606952105	([555], [555, 553])
0	0.0	0.3378497878093924	([485], [485, 484])
0	0.0	0.3383173646769288	([619], [619, 617])
0	0.0	0.33832464197685846	([4], [4, 1])
0	0.0	0.33839866609310515	([575], [575, 573])
0	0.0	0.33875755926586704	([162], [162, 161])
0	0.0	0.3388373429968418	([484], [484, 483])
0	0.0	0.3388732727365138	([684], [684, 683])
0	0.0	0.3389347495127622	([597], [597, 596])
0	0.0	0.3390726613936219	([605], [605, 604])
0	0.0	0.33907425517756645	([369], [369, 368])
0	0.0	0.33918201775328044	([134], [134, 133])
0	0.0	0.3398073399936673	([349], [349, 348])
0	0.0	0.339905544393546	([116], [116, 115])
0	0.0	0.3399584154390189	([131], [131, 130])
0	0.0	0.3404549929210519	([105], [105, 104])
0	0.0	0.34046107662591557	([602], [602, 601])
0	0.0	0.3408008512938661	([647], [647, 646])
1	0.3320427091494702	0.340868744635812	([691, 690], [691, 690, 688])
0	0.0	0.3409145521263236	([398], [398, 397])
0	0.0	0.34120296438070963	([33], [33, 32])
0	0.0	0.34136674967554254	([629], [629, 628])
0	0.0	0.3415783948832622	([568], [568, 567])
0	0.0	0.34202600649437537	([69], [69, 68])
0	0.0	0.34203298526441145	([45], [45, 44])
0	0.0	0.34263269708615585	([448], [450, 447])
0	0.0	0.342693853749983	([567], [567, 566])
0	0.0	0.3427501621593643	([24], [24, 23])
0	0.0	0.3434249692423546	([683], [683, 682])
0	0.0	0.3434489443051372	([373], [373, 372])
0	0.0	0.34367761321046825	([458], [458, 457])
0	0.0	0.3437492483990948	([123], [123, 122])
0	0.0	0.343807637592094	([117], [117, 116])
0	0.0	0.3441564532026525	([604], [604, 603])
0	0.0	0.34417836383675265	([540], [540, 539])
0	0.0	0.3443966133052646	([176], [176, 175])
0	0.0	0.34467967269519345	([452], [451, 450])
0	0.0	0.3449868617493999	([599], [599, 597])
0	0.0	0.3455036669181064	([574], [574, 573])
0	0.0	0.3457173287949588	([478], [478, 477])
0	0.0	0.3458644758420808	([581], [581, 580])
0	0.0	0.34688712494005797	([459], [459, 458])
0	0.0	0.34745965708693155	([636], [636, 634])
0	0.0	0.34760141081631635	([418], [418, 417])
0	0.0	0.3476243690476167	([511], [511, 510])
0	0.0	0.34780826569846646	([415], [415, 414])
0	0.0	0.3490106704595755	([21], [21, 20])
0	0.0	0.3491329971715092	([553], [553, 552])
0	0.0	0.3493281810355072	([9], [9, 8])
0	0.0	0.34940976041565047	([472], [472, 471])
0	0.0	0.34953038387143487	([128], [128, 127])
0	0.0	0.34967216434481996	([14], [14, 13])
0	0.0	0.3497994147876612	([445], [445, 443])
0	0.0	0.35014211178813975	([5], [5, 4])
0	0.0	0.35022200846870266	([382], [383, 381])
0	0.0	0.3505059857980139	([397], [397, 396])
0	0.0	0.35098634479868873	([161], [161, 159])
0	0.0	0.351009321242078	([25], [25, 24])
0	0.0	0.35101859537939334	([44], [44, 42])
0	0.0	0.3515114091156848	([107], [107, 106])
0	0.0	0.35335792641570757	([39], [39, 38])
0	0.0	0.35350285491977546	([634], [664, 663])
0	0.0	0.3535719364634059	([663], [660, 659])
0	0.0	0.35361520446160916	([10], [10, 9])
0	0.0	0.3536991095316158	([141], [141, 140])
0	0.0	0.35370768222590904	([507], [507, 506])
0	0.0	0.353901006340918	([68], [68, 67])
0	0.0	0.35391622377668686	([371], [371, 370])
0	0.0	0.35450783045863954	([402], [402, 401])
0	0.0	0.35509071491947747	([163], [163, 162])
0	0.0	0.35525770366183795	([1], [1, 0])
0	0.0	0.35551624399657444	([129], [129, 128])
0	0.0	0.35588150249501277	([670], [670, 668])
0	0.0	0.35607397964677395	([473], [473, 472])
0	0.0	0.35609245829951336	([580], [580, 579])
0	0.0	0.35630969103334975	([34], [34, 33])
0	0.0	0.3564399483418748	([531], [531, 529])
0	0.0	0.3566156510278689	([71], [71, 70])
0	0.0	0.3566963118906124	([556], [556, 555])
0	0.0	0.356805889707926	([493], [493, 492])
0	0.0	0.35701070196978907	([508], [508, 507])
0	0.0	0.3571101009705362	([497], [497, 496])
0	0.0	0.3577003150718677	([419], [419, 418])
0	0.0	0.3582992752103986	([659], [634, 633])
0	0.0	0.35873195656507784	([579], [580, 578])
0	0.0	0.35901197149194386	([549], [549, 548])
0	0.0	0.3595524514327782	([135], [135, 134])
0	0.0	0.3595969382937708	([70], [70, 69])
0	0.0	0.35963593403974603	([52], [52, 51])
0	0.0	0.3598882147725942	([149], [149, 148])
0	0.0	0.36043071451358794	([606], [606, 605])
0	0.0	0.36049025643819477	([552], [552, 551])
0	0.0	0.3606221104868808	([527], [527, 524])
0	0.0	0.3607720318495855	([148], [148, 146])
0	0.0	0.36092907293636195	([372], [372, 368])
0	0.0	0.3612571269543696	([385], [385, 383])
0	0.0	0.3614752634321794	([104], [104, 103])
0	0.0	0.36180241551947273	([400], [400, 399])
0	0.0	0.3623026830166547	([548], [549, 547])
0	0.0	0.3634295968058789	([491], [491, 490])
0	0.0	0.36345551629107853	([403], [403, 402])
0	0.0	0.36359214131529477	([166], [166, 165])
0	0.0	0.36366849342920393	([133], [133, 132])
0	0.0	0.36384369412385537	([173], [173, 172])
0	0.0	0.36405764951594816	([530], [530, 529])
0	0.0	0.3641602332027656	([29], [29, 28])
0	0.0	0.36422982374951923	([539], [539, 537])
0	0.0	0.36431691374767305	([388], [388, 387])
0	0.0	0.36458439399039533	([146], [148, 147])
1	0.363471872168915	0.3646274529537642	([372, 371], [372, 370, 369])
0	0.0	0.3651263260866861	([669], [669, 668])
0	0.0	0.36515337046892693	([422], [424, 423])
0	0.0	0.36537685581135343	([603], [603, 602])
0	0.0	0.365695962912519	([541], [541, 540])
0	0.0	0.36579744454462676	([37], [37, 36])
0	0.0	0.3659356539693424	([519], [519, 517])
0	0.0	0.36631301902446695	([633], [633, 632])
0	0.0	0.36645430950568586	([632], [632, 631])
0	0.0	0.36655488301992406	([368], [368, 367])
0	0.0	0.36666863166008207	([106], [106, 105])
0	0.0	0.36679656684401596	([72], [72, 71])
0	0.0	0.3669046687427256	([394], [394, 392])
0	0.0	0.3670058508308227	([617], [617, 616])
0	0.0	0.36734731931504827	([99], [99, 97])
0	0.0	0.3677352042948491	([578], [578, 577])
0	0.0	0.36812804771526	([503], [503, 502])
0	0.0	0.36815567823876794	([67], [68, 66])
0	0.0	0.3686150602277459	([86], [86, 85])
0	0.0	0.36867336532756867	([181], [181, 179])
0	0.0	0.3689523834805068	([109], [109, 108])
0	0.0	0.36907743062321846	([554], [554, 553])
0	0.0	0.3692074002744266	([399], [399, 398])
0	0.0	0.3699514809852203	([136], [136, 135])
0	0.0	0.3699555524057342	([401], [401, 400])
0	0.0	0.37044434402287385	([147], [146, 144])
0	0.0	0.3707242611578441	([360], [360, 358])
0	0.0	0.3714294950376936	([616], [616, 615])
0	0.0	0.3715005429249811	([467], [467, 466])
0	0.0	0.3716833010673855	([363], [363, 360])
0	0.0	0.3719001257944184	([515], [515, 514])
0	0.0	0.372050226806497	([32], [32, 31])
0	0.0	0.372130565002868	([381], [381, 376])
0	0.0	0.3722141845277288	([172], [172, 171])
0	0.0	0.37221765280477176	([551], [551, 550])
0	0.0	0.37238202479834054	([180], [180, 179])
0	0.0	0.3726672079973183	([145], [145, 144])
0	0.0	0.3736918555544957	([124], [124, 123])
0	0.0	0.37392631575730145	([615], [619, 618])
0	0.0	0.373971452185079	([496], [496, 495])
0	0.0	0.37407085958965675	([421], [421, 419])
0	0.0	0.3743372459400965	([520], [520, 518])
0	0.0	0.37444825667426634	([97], [97, 96])
0	0.0	0.37453317692606314	([432], [432, 431])
0	0.0	0.374676484797885	([73], [73, 72])
0	0.0	0.3752687444065412	([23], [23, 22])
0	0.0	0.3753993590928923	([538], [538, 537])
0	0.0	0.37549894001816864	([573], [573, 572])
0	0.0	0.37553927191843645	([112], [112, 111])
0	0.0	0.37561604088657685	([22], [22, 21])
0	0.0	0.3757416388452827	([393], [393, 392])
0	0.0	0.376196014233521	([132], [132, 131])
0	0.0	0.37645455642003883	([466], [467, 465])
0	0.0	0.37652700597264444	([151], [151, 149])
0	0.0	0.37665341481962183	([179], [179, 178])
0	0.0	0.3768398654199763	([526], [526, 525])
0	0.0	0.3769005821464846	([95], [99, 98])
0	0.0	0.3772510261171786	([376], [381, 380])
0	0.0	0.3774009490012951	([524], [524, 523])
0	0.0	0.3774439951675174	([465], [465, 464])
0	0.0	0.377447544248732	([66], [66, 65])
0	0.0	0.3779401060548873	([183], [183, 181])
0	0.0	0.37836236136365325	([390], [390, 389])
0	0.0	0.37837007235948616	([175], [175, 174])
0	0.0	0.37861465490935303	([428], [428, 427])
0	0.0	0.3786383985764316	([542], [542, 541])
0	0.0	0.3787957762746445	([584], [584, 583])
0	0.0	0.37912861579618146	([118], [118, 117])
0	0.0	0.3792303048233053	([614], [614, 613])
0	0.0	0.3795650873812904	([514], [514, 513])
0	0.0	0.3795808505797247	([174], [175, 173])
0	0.0	0.37961428470496456	([523], [523, 520])
0	0.0	0.3797376784835702	([610], [610, 608])
0	0.0	0.37989385751410115	([38], [38, 37])
0	0.0	0.3806185100337506	([187], [187, 186])
0	0.0	0.38077318307590485	([27], [27, 26])
0	0.0	0.38088954876125514	([152], [152, 151])
0	0.0	0.38111622148294716	([618], [616, 614])
1	0.3808035388785704	0.38124532149900087	([542, 537], [542, 541, 540])
0	0.0	0.38133089358245836	([153], [153, 151])
0	0.0	0.38136527873112464	([512], [512, 511])
0	0.0	0.3814407544806966	([51], [51, 50])
0	0.0	0.38161833044113574	([386], [386, 385])
0	0.0	0.3818131717250151	([517], [517, 516])
0	0.0	0.38206481822633676	([85], [85, 84])
0	0.0	0.38208560001834646	([54], [54, 51])
0	0.0	0.38261150913397196	([513], [513, 511])
0	0.0	0.382677259938333	([31], [31, 29])
0	0.0	0.38276533644151595	([595], [595, 594])
0	0.0	0.383098675343121	([500], [500, 499])
0	0.0	0.38388194937980874	([184], [184, 183])
0	0.0	0.38432851127118656	([464], [464, 463])
0	0.0	0.38474419691246714	([412], [412, 409])
0	0.0	0.38474936229466855	([127], [127, 126])
0	0.0	0.3850992484362173	([20], [20, 19])
0	0.0	0.38551175968052354	([557], [557, 556])
0	0.0	0.385783739341438	([392], [392, 391])
0	0.0	0.3858770842978813	([594], [599, 598])
0	0.0	0.3859381013137748	([358], [358, 356])
0	0.0	0.38596522169822317	([425], [425, 424])
0	0.0	0.3860134586039554	([28], [28, 26])
0	0.0	0.38617194466877874	([510], [510, 508])
0	0.0	0.3862702904318313	([53], [53, 52])
0	0.0	0.38655919067341377	([84], [84, 82])
0	0.0	0.3868304474695581	([98], [95, 93])
0	0.0	0.38701760313073585	([635], [635, 634])
0	0.0	0.38722994094624286	([504], [504, 503])
0	0.0	0.38738217685894677	([688], [688, 687])
0	0.0	0.3874549107308916	([572], [573, 571])
0	0.0	0.38760054037401276	([356], [356, 355])
0	0.0	0.38765834611760674	([103], [104, 102])
0	0.0	0.3879808111560223	([19], [20, 17])
0	0.0	0.38810681698558264	([499], [500, 496])
0	0.0	0.38879888191473083	([177], [177, 176])
0	0.0	0.3889824551137877	([494], [511, 509])
0	0.0	0.38907938253153457	([65], [66, 64])
0	0.0	0.38908862106763736	([620], [620, 619])
0	0.0	0.3891612839626466	([30], [30, 29])
1	0.3873795736896043	0.3891755884012467	([54, 53], [54, 53, 52])
0	0.0	0.38956147920823503	([588], [588, 587])
0	0.0	0.3897804554683341	([487], [487, 486])
0	0.0	0.3899273079601801	([352], [352, 351])
1	0.3892966909045474	0.39000073223978843	([509, 508], [511, 510, 509])
0	0.0	0.3902792711682564	([126], [126, 125])
0	0.0	0.3908714960150676	([74], [74, 72])
0	0.0	0.39088880072194504	([144], [151, 150])
0	0.0	0.3911135242031801	([125], [125, 124])
0	0.0	0.39128036667280264	([170], [170, 169])
0	0.0	0.3912830920346549	([559], [559, 558])
0	0.0	0.39179735226706175	([430], [442, 441])
0	0.0	0.3920600590936933	([490], [490, 489])
0	0.0	0.39214075110666435	([186], [186, 184])
0	0.0	0.392769626726644	([427], [427, 426])
0	0.0	0.3929187089771746	([407], [407, 406])
0	0.0	0.3933793210491662	([583], [583, 582])
0	0.0	0.39364735586351823	([391], [391, 390])
0	0.0	0.3941380384882777	([359], [359, 358])
0	0.0	0.39423082208929777	([100], [100, 99])
0	0.0	0.3943429293337193	([558], [559, 557])
0	0.0	0.3947494430653652	([156], [156, 155])
0	0.0	0.3952259005452372	([121], [121, 119])
0	0.0	0.3955854736582291	([331], [331, 202])
0	0.0	0.3959915256776952	([408], [408, 407])
0	0.0	0.3960335566559063	([468], [468, 467])
0	0.0	0.39639899287824437	([178], [178, 175])
0	0.0	0.39708698604450177	([50], [51, 49])
0	0.0	0.3977325686923382	([114], [114, 113])
0	0.0	0.3982669792301815	([361], [361, 360])
0	0.0	0.39860414820762485	([302], [302, 222])
0	0.0	0.39977722448222724	([342], [342, 341])
0	0.0	0.4003306428488377	([426], [426, 425])
0	0.0	0.40059684861767497	([113], [114, 112])
0	0.0	0.40059804616091815	([366], [366, 365])
0	0.0	0.40090478453758016	([159], [159, 158])
0	0.0	0.40102876907753565	([590], [590, 588])
0	0.0	0.40133409104413603	([364], [364, 363])
0	0.0	0.40165541327462784	([17], [44, 43])
0	0.0	0.40194278768703495	([488], [488, 487])
0	0.0	0.40234983648843875	([169], [186, 185])
0	0.0	0.40248478905597174	([102], [104, 99])
0	0.0	0.40286759994200405	([140], [140, 139])
0	0.0	0.4030291290741513	([413], [413, 412])
0	0.0	0.40360584305223807	([365], [365, 363])
0	0.0	0.40414052681724755	([305], [305, 212])
0	0.0	0.40425292865998885	([562], [563, 559])
0	0.0	0.40438021492853155	([158], [158, 156])
0	0.0	0.4045576475753845	([83], [83, 82])
0	0.0	0.4055002551718238	([516], [517, 515])
0	0.0	0.40612164720308996	([318], [318, 308])
0	0.0	0.4064150115172944	([139], [140, 138])
0	0.0	0.40646564234287424	([545], [590, 589])
1	0.40568840097725906	0.4067413553828915	([72, 66], [72, 71, 66])
0	0.0	0.4068134357860017	([160], [160, 159])
0	0.0	0.4071954582654051	([423], [422, 421])
0	0.0	0.40748874238229577	([81], [102, 101])
0	0.0	0.4076690860463558	([621], [621, 620])
0	0.0	0.4078840629561438	([185], [183, 182])
0	0.0	0.40807684349512446	([420], [420, 419])
1	0.40491841301208537	0.40822851897381907	([178, 177], [178, 177, 176])
0	0.0	0.4082637261087594	([355], [358, 357])
0	0.0	0.40853228341717923	([592], [592, 591])
0	0.0	0.4087955477992902	([94], [94, 93])
0	0.0	0.4092402217189212	([379], [379, 376])
0	0.0	0.4092684558013021	([157], [157, 156])
0	0.0	0.4094326160385941	([79], [79, 78])
0	0.0	0.4096399929942046	([687], [687, 686])
1	0.4081239842698892	0.41019217126190954	([101, 100], [102, 101, 99])
0	0.0	0.41025422281214674	([598], [594, 590])
0	0.0	0.4107425077745858	([537], [537, 536])
0	0.0	0.4109819788656393	([378], [378, 377])
0	0.0	0.4115552775874531	([380], [376, 375])
0	0.0	0.41172217814614614	([509], [523, 522])
0	0.0	0.4121320213471334	([150], [144, 143])
0	0.0	0.41225917936555934	([543], [543, 542])
0	0.0	0.4124312433543263	([522], [494, 493])
0	0.0	0.41293408566320877	([387], [388, 386])
0	0.0	0.4135007462022815	([346], [346, 345])
0	0.0	0.4135042970745324	([155], [155, 153])
0	0.0	0.4151047193596728	([374], [374, 373])
0	0.0	0.4151191972718435	([357], [363, 362])
0	0.0	0.4155058933768459	([62], [62, 61])
0	0.0	0.4158202145172552	([622], [622, 621])
0	0.0	0.4161499201655651	([469], [469, 468])
0	0.0	0.4165619135887156	([375], [375, 373])
0	0.0	0.4168464541284189	([410], [410, 409])
0	0.0	0.41694737168327445	([142], [142, 141])
0	0.0	0.4179514242004684	([63], [63, 62])
0	0.0	0.41906369667444154	([686], [686, 685])
0	0.0	0.4194338430118423	([470], [470, 468])
0	0.0	0.4205706958487825	([78], [78, 75])
0	0.0	0.42057469517599766	([339], [339, 337])
0	0.0	0.42061831501683206	([589], [594, 593])
0	0.0	0.4209641427439069	([143], [144, 141])
0	0.0	0.42185129724280046	([101], [81, 79])
0	0.0	0.4219751527088904	([165], [165, 164])
1	0.41646005160446414	0.42232128922460227	([594, 592], [594, 592, 591])
0	0.0	0.4227567979963181	([190], [190, 189])
0	0.0	0.42432941672962216	([191], [191, 190])
0	0.0	0.4247484906006355	([314], [314, 206])
0	0.0	0.4249359445650462	([362], [355, 351])
0	0.0	0.42559955187719645	([348], [385, 384])
0	0.0	0.42635168903703885	([345], [345, 342])
0	0.0	0.42655318277122684	([43], [21, 15])
0	0.0	0.42693637432240594	([337], [337, 194])
0	0.0	0.42773108984509983	([536], [536, 535])
0	0.0	0.4281802818241597	([441], [430, 428])
0	0.0	0.429033840134273	([137], [137, 136])
0	0.0	0.4292206705974597	([189], [189, 187])
0	0.0	0.4295143012022844	([16], [16, 15])
0	0.0	0.4315672859181091	([313], [313, 207])
0	0.0	0.43164949404539477	([168], [168, 167])
0	0.0	0.4331311183787128	([560], [560, 559])
0	0.0	0.4331964648803894	([322], [322, 214])
0	0.0	0.43415545189022164	([209], [209, 197])
0	0.0	0.4343287861437706	([0], [90, 89])
0	0.0	0.435038851799223	([498], [498, 497])
0	0.0	0.4358966347352566	([214], [322, 213])
0	0.0	0.43658790382276164	([343], [343, 342])
0	0.0	0.4369480211935712	([210], [210, 209])
0	0.0	0.4374297711591541	([138], [138, 136])
0	0.0	0.43749480089723275	([384], [348, 345])
1	0.43405122163798665	0.43793319597534436	([143, 142], [144, 143, 142])
0	0.0	0.43845226779805796	([217], [217, 215])
0	0.0	0.4385131248295357	([319], [319, 206])
0	0.0	0.43871069059854645	([327], [327, 326])
0	0.0	0.4395718375661027	([303], [303, 192])
0	0.0	0.4406774562206911	([308], [318, 317])
0	0.0	0.4431806422370347	([89], [78, 77])
0	0.0	0.44332631917099835	([325], [325, 202])
0	0.0	0.4437523618744784	([18], [18, 17])
0	0.0	0.4451531545300291	([208], [208, 207])
1	0.4449258274644264	0.4452217083607082	([17, 16], [21, 17, 15])
0	0.0	0.44686817629904807	([182], [169, 168])
0	0.0	0.44711768923627826	([196], [196, 192])
0	0.0	0.4471542277820262	([192], [303, 193])
0	0.0	0.44774922369775144	([341], [341, 205])
0	0.0	0.4497967089675473	([344], [344, 343])
0	0.0	0.44993924533470236	([205], [498, 223])
0	0.0	0.4508614149218215	([76], [76, 75])
0	0.0	0.45224456416354525	([326], [327, 308])
0	0.0	0.4525732821522147	([593], [545, 544])
0	0.0	0.45337285539755345	([223], [430, 429])
0	0.0	0.45505739321136857	([213], [214, 200])
0	0.0	0.4575794928141405	([544], [562, 561])
0	0.0	0.4580375996250539	([201], [201, 76])
1	0.4466830877246068	0.4580730852601855	([523, 508], [523, 520, 508])
0	0.0	0.458212789328325	([347], [347, 307])
0	0.0	0.45825325755014906	([333], [333, 211])
0	0.0	0.46020883612859226	([429], [429, 312])
0	0.0	0.46143815573287994	([561], [561, 196])
0	0.0	0.46233392784376653	([193], [560, 223])
0	0.0	0.4626913111894753	([324], [324, 320])
0	0.0	0.4637924920908799	([222], [222, 204])
0	0.0	0.46398403665743626	([154], [154, 153])
0	0.0	0.4649261252871231	([334], [334, 197])
0	0.0	0.46681023476004446	([188], [188, 187])
0	0.0	0.46711545195330434	([312], [412, 411])
0	0.0	0.46718388913901565	([411], [344, 316])
0	0.0	0.4671965177734609	([310], [310, 195])
0	0.0	0.46839311266555694	([215], [215, 203])
0	0.0	0.46911618455856596	([316], [411, 336])
0	0.0	0.46922323621650075	([307], [307, 154])
0	0.0	0.4698250091968086	([198], [198, 188])
0	0.0	0.47015368843683203	([336], [303, 188])
0	0.0	0.471810947928484	([216], [216, 213])
0	0.0	0.47192120107307717	([206], [319, 313])
0	0.0	0.4720966854509776	([194], [339, 320])
0	0.0	0.4742704945639633	([338], [338, 195])
0	0.0	0.47442229663120106	([211], [211, 208])
0	0.0	0.4745117160733228	([306], [306, 195])
0	0.0	0.4787760065076185	([321], [321, 168])
0	0.0	0.4791051811789226	([204], [204, 203])
0	0.0	0.4793231248983847	([77], [536, 310])
0	0.0	0.4806844636726302	([195], [593, 335])
0	0.0	0.4807200602547007	([320], [324, 204])
0	0.0	0.4847404302463847	([335], [347, 305])
0	0.0	0.4848474652624269	([317], [317, 216])
0	0.0	0.4855153918208889	([207], [333, 195])
0	0.0	0.4858860980171329	([200], [216, 215])
0	0.0	0.4866596807696657	([203], [194, 193])
0	0.0	0.4892285875714205	([330], [330, 204])
0	0.0	0.490749040974339	([212], [420, 323])
0	0.0	0.49084050446413935	([323], [344, 199])
0	0.0	0.4934927068798773	([197], [210, 205])
0	0.0	0.500675825174342	([199], [357, 309])
1	0.5009721527740542	0.5026534866342193	([333, 190], [333, 190, 188])
1	0.5057005288971239	0.513776778091651	([216, 204], [324, 320, 204])
1	0.5169763437588614	0.532240827681001	([216, 211], [216, 213, 211])
1	0.5197843969462018	0.535836158578953	([330, 185], [330, 191, 185])
1	0.5380640889901541	0.5408841793728227	([378, 203], [384, 378, 376])
1	0.5384690777531422	0.541520075839819	([333, 184], [333, 190, 184])
1	0.5075375382544574	0.5426779283801978	([318, 302], [319, 308, 302])
0	0.0	0.5487511875001241	([202], [325, 320])
1	0.5228471062461911	0.5536658534133834	([195, 193], [209, 197, 195])
1	0.5377524725691366	0.5546062127430781	([305, 150], [305, 150, 142])
1	0.5558927581488002	0.5571903320229755	([22, 0], [22, 15, 0])
1	0.557833023923027	0.5578444193055853	([208, 169], [208, 173, 169])
1	0.5347336418347007	0.5585296753443637	([208, 182], [208, 187, 186])
1	0.5514778360618883	0.5589990340246519	([425, 335], [429, 425, 424])
0	0.0	0.559021422070768	([309], [345, 328])
1	0.5396310907826238	0.5619618123976609	([386, 335], [386, 380, 378])
1	0.5371987573869619	0.5631059308729898	([320, 318], [320, 318, 204])
1	0.5289517362204396	0.5635458875454075	([334, 188], [334, 197, 191])
1	0.5531373257828643	0.5681883671207332	([208, 173], [208, 181, 179])
1	0.5542851673813375	0.568443887119317	([351, 314], [351, 346, 314])
1	0.5528623026454987	0.5702361804971954	([681, 668], [681, 675, 670])
1	0.49244577584858296	0.5739089567256856	([193, 189], [303, 192, 188])
0	0.0	0.576581564870159	([329], [329, 100])
1	0.505855835992712	0.5780008870635923	([319, 204], [317, 302, 204])
1	0.5794035265967427	0.5796354523544832	([422, 324], [429, 423, 422])
1	0.5041578273639875	0.5822203229010572	([339, 215], [339, 320, 215])
1	0.5754421497893286	0.5992574238407611	([308, 214], [319, 308, 214])
1	0.5914954845578316	0.6016650099808486	([598, 331], [598, 589, 585])
1	0.5904184699423667	0.6038188819297056	([359, 334], [359, 351, 348])
1	0.5720020743958464	0.6059418251344229	([208, 119], [208, 142, 134])
1	0.5960241718700002	0.609757454771396	([407, 334], [407, 401, 334])
1	0.6117734281797939	0.6132656007828893	([401, 324], [401, 392, 391])
1	0.6161743306472174	0.6187063803227354	([184, 167], [184, 175, 167])
1	0.5429347195596446	0.6194688734343888	([214, 205], [216, 214, 204])
1	0.5016441436636769	0.6194688734343888	([320, 216], [322, 214, 204])
1	0.6176288569461621	0.6196744512169495	([206, 195], [211, 206, 193])
1	0.5421183046241979	0.6196744512169495	([211, 206], [314, 206, 193])
1	0.6110444582996237	0.626490095356202	([324, 132], [324, 140, 132])
1	0.5911119282886255	0.6266547476359856	([361, 324], [374, 362, 361])
1	0.6085091173636561	0.6275848448297163	([54, 33], [54, 48, 33])
1	0.6201740188753527	0.6278576194305991	([209, 163], [209, 163, 154])
1	0.6072284068547628	0.6281489554288693	([208, 38], [208, 52, 38])
1	0.6057529503620642	0.6286535525756419	([567, 208], [574, 567, 566])
1	0.6236106740684753	0.6299642213409403	([194, 128], [194, 128, 113])
1	0.6039450093387819	0.6310512129829383	([496, 209], [496, 490, 488])
1	0.6191331760374952	0.6332671165392266	([603, 334], [616, 604, 603])
1	0.6144906805288896	0.6371517113086105	([117, 0], [117, 106, 0])
1	0.6253743687097335	0.6373330044901713	([47, 0], [47, 37, 0])
1	0.5599934833391003	0.6381037772041666	([214, 212], [319, 206, 204])
1	0.6297058619295646	0.6388189815773246	([603, 326], [614, 603, 602])
1	0.6156897245195287	0.640844768643436	([317, 137], [317, 137, 126])
1	0.6370731331662403	0.6420213265717313	([71, 0], [71, 65, 0])
1	0.5607780211807064	0.642131860040278	([393, 203], [393, 384, 377])
1	0.594113162467149	0.6435887742028428	([314, 138], [314, 162, 138])
1	0.6433031484603552	0.6441959204982519	([604, 572], [604, 584, 581])
1	0.6091757470628242	0.6449913336179776	([197, 180], [197, 191, 180])
1	0.640385225674377	0.6451661262804842	([666, 647], [666, 655, 645])
1	0.6052444044538905	0.6452821407293028	([209, 132], [209, 139, 132])
1	0.6414192321126446	0.645431479747974	([612, 600], [612, 607, 606])
1	0.5503736507872924	0.6466776458071538	([209, 189], [210, 197, 187])
1	0.6392491210756431	0.6467441195268833	([375, 0], [375, 363, 359])
1	0.635346187770798	0.6479401853185696	([373, 317], [384, 374, 373])
1	0.5256304855275397	0.648320266394629	([359, 203], [359, 346, 334])
1	0.5409082378237662	0.6491704914839967	([346, 209], [346, 334, 197])
1	0.5151303764454003	0.6498711961275102	([197, 191], [333, 211, 190])
1	0.6168721189633165	0.6500774020737315	([477, 208], [488, 479, 477])
1	0.634967131815057	0.6507910410787195	([391, 0], [391, 381, 375])
1	0.6244872939085747	0.6513006200240202	([580, 209], [592, 580, 579])
1	0.6517944400959681	0.6519671243492057	([355, 197], [355, 345, 197])
1	0.6503527480942958	0.6520068926840268	([670, 0], [670, 665, 0])
1	0.5606793000700833	0.6521328218555772	([322, 124], [322, 136, 124])
1	0.6516146358310874	0.6523016018418368	([466, 445], [466, 462, 445])
1	0.5961147129894466	0.6525378791828059	([194, 102], [194, 113, 104])
1	0.6333076275073661	0.6528804586246211	([334, 129], [334, 129, 110])
1	0.5707158234488271	0.6530556766331702	([324, 180], [324, 190, 180])
1	0.5464097028398762	0.6531627733656705	([330, 152], [330, 152, 139])
1	0.519269366325645	0.6542687305044788	([323, 143], [323, 157, 143])
1	0.6139188624203168	0.6543214946510669	([356, 205], [356, 348, 341])
1	0.6389042555752695	0.65471030948329	([484, 341], [484, 476, 341])
1	0.6237991378154527	0.6551812139981413	([197, 164], [210, 197, 164])
1	0.6560101227577655	0.6575133838562063	([206, 28], [206, 28, 22])
1	0.5604814789123419	0.6576611486607994	([322, 158], [322, 147, 136])
1	0.5528664066962705	0.6582816146604763	([365, 335], [378, 366, 365])
1	0.5558586053371485	0.659773296801221	([330, 84], [330, 98, 84])
1	0.6436262881283996	0.6600745533323878	([682, 639], [682, 666, 665])
1	0.6588302243578626	0.6608753612344408	([672, 654], [672, 664, 654])
1	0.6415339895826553	0.6615581759400856	([629, 0], [629, 620, 617])
1	0.6457028272702086	0.6621071234130129	([419, 386], [419, 408, 389])
1	0.658291371175629	0.6627525977913625	([89, 0], [103, 90, 89])
1	0.6011493581878334	0.6630504232328174	([210, 168], [197, 174, 165])
1	0.6219723864189134	0.6632034065829253	([194, 81], [194, 97, 81])
1	0.6182689969444584	0.6634345243914765	([574, 334], [592, 582, 579])
1	0.6479881706988674	0.663704227185521	([205, 195], [319, 206, 195])
1	0.6589643969618919	0.664391639378322	([605, 566], [605, 604, 566])
1	0.6590574194322347	0.6644292109133085	([481, 206], [481, 470, 206])
1	0.5720458907881465	0.6647128333834617	([209, 139], [197, 165, 139])
1	0.5851176642759378	0.6658073845510681	([324, 114], [324, 132, 114])
1	0.659808900108533	0.6661525681580389	([612, 515], [620, 612, 0])
1	0.653178124285333	0.6667222965354672	([210, 57], [210, 55, 29])
1	0.6273995865547359	0.6668272061954821	([403, 194], [419, 403, 400])
1	0.6090025719039687	0.6670015710500581	([616, 334], [603, 592, 584])
1	0.6244815405334203	0.6670038859693452	([145, 0], [182, 170, 166])
1	0.6515437799221291	0.6676702051573644	([397, 341], [425, 416, 341])
1	0.6102426320466289	0.6687646836757698	([208, 70], [208, 70, 52])
1	0.656476883161732	0.6695198505394533	([341, 149], [341, 165, 158])
1	0.6353720817023796	0.670405259274239	([465, 341], [465, 449, 446])
1	0.5641424787157557	0.6711246998794289	([335, 102], [335, 102, 86])
1	0.6050974216765447	0.6711627651168308	([550, 208], [550, 542, 534])
1	0.6596697128384242	0.6712755885459951	([206, 166], [206, 166, 134])
1	0.6697438702469275	0.671541611667106	([213, 167], [213, 167, 159])
1	0.6626443787273625	0.6717049443638871	([576, 546], [576, 569, 546])
1	0.6617823904750333	0.6722588209622478	([205, 178], [205, 191, 184])
1	0.6103525458373628	0.6724123032985244	([194, 18], [194, 32, 18])
1	0.6019264534464563	0.672743015835783	([634, 208], [634, 621, 619])
1	0.665328660336006	0.6729316943677784	([197, 12], [197, 32, 21])
1	0.6271111776985238	0.6729316943677784	([210, 29], [334, 197, 21])
1	0.6010770051416144	0.6733942241810479	([197, 79], [197, 122, 114])
1	0.6723656629446642	0.6741412474011775	([668, 640], [668, 666, 640])
1	0.6732188559645365	0.6743716599780447	([444, 197], [465, 446, 197])
1	0.6540094843472043	0.6750458161472569	([211, 133], [211, 197, 146])
1	0.6740788874012043	0.6753037037855797	([689, 314], [689, 677, 676])
1	0.5973754328835934	0.6754384655579774	([208, 52], [208, 38, 24])
1	0.574797791533417	0.6755254562528435	([357, 328], [357, 345, 341])
1	0.5949426055297116	0.6759895177249895	([197, 125], [197, 146, 130])
1	0.6032279252614812	0.6761383988086608	([189, 0], [146, 126, 123])
1	0.6734080909992903	0.6771638726233418	([207, 121], [207, 159, 135])
1	0.6311338317141562	0.6773800153252436	([502, 197], [523, 511, 197])
1	0.53219970355611	0.6776258856605459	([208, 187], [211, 208, 187])
1	0.5789491418384771	0.6778260281347316	([334, 19], [210, 197, 57])
1	0.6634680150861665	0.6783904881336208	([649, 210], [649, 638, 637])
1	0.6454357409742735	0.6784708226114674	([341, 169], [341, 205, 169])
1	0.6777041375932941	0.6788576920337707	([135, 96], [135, 110, 108])
1	0.6497993609224771	0.6790862534001404	([216, 156], [317, 216, 160])
1	0.6658258790207454	0.6791055663142039	([491, 464], [491, 480, 464])
1	0.666715980228731	0.6805029253815214	([404, 197], [407, 404, 197])
1	0.6056217016693999	0.6808500431473201	([552, 209], [552, 539, 528])
1	0.5749540156854471	0.6810624263103026	([395, 334], [396, 385, 197])
1	0.6691990694094969	0.6810666320839055	([216, 71], [216, 81, 77])
1	0.6797208337394752	0.6811234791807926	([683, 648], [683, 665, 656])
1	0.6745723879549206	0.6816037803149607	([386, 342], [386, 362, 355])
1	0.6682058588608859	0.6827332075685908	([631, 341], [631, 620, 618])
1	0.6511441397520691	0.6828230476174121	([542, 341], [542, 534, 341])
1	0.6593593290504745	0.6831932866196794	([572, 206], [572, 564, 206])
1	0.6753273782687508	0.6834817444143289	([380, 216], [380, 359, 355])
1	0.6651235859756133	0.6838747305003982	([383, 206], [418, 391, 390])
1	0.6677160862403813	0.6839047323475864	([612, 565], [610, 604, 565])
1	0.6265308692105297	0.6842192138661374	([210, 126], [210, 164, 135])
1	0.5568754284047188	0.684313254550773	([632, 200], [632, 620, 619])
1	0.595971542975313	0.6848017071473457	([391, 324], [391, 378, 375])
1	0.6396767918768428	0.6849777916762706	([194, 3], [194, 18, 3])
1	0.6639274077316861	0.6850615980233543	([608, 567], [608, 603, 568])
1	0.6258388441799732	0.6852199256610615	([428, 341], [397, 385, 205])
1	0.6820438027034555	0.6853376471333221	([318, 187], [318, 187, 182])
1	0.676811950078591	0.6858810237793583	([577, 550], [577, 568, 557])
1	0.677092273412956	0.6858891450784174	([429, 197], [444, 436, 197])
1	0.6621513507630045	0.6861419356302897	([206, 52], [206, 43, 28])
1	0.6857103255055447	0.6866272170236147	([52, 2], [52, 34, 2])
1	0.662302017594	0.6870056524610032	([404, 206], [404, 390, 387])
1	0.6270213245596045	0.6870079158197321	([216, 128], [216, 113, 98])
1	0.6159965219619683	0.6876159156361606	([205, 151], [210, 205, 140])
1	0.5655145080491422	0.6876688686549969	([205, 191], [205, 169, 141])
1	0.6680358635142645	0.6883032040269352	([519, 320], [613, 517, 320])
1	0.5231663813449939	0.6885309475551409	([384, 203], [384, 359, 355])
1	0.5921274821182035	0.6885770476952712	([559, 334], [574, 559, 558])
1	0.6874541939586776	0.6887376132718734	([205, 123], [205, 140, 136])
1	0.6612784395811665	0.6887883785187398	([314, 41], [314, 41, 33])
1	0.6461899822764952	0.688988966489097	([206, 156], [314, 206, 166])
1	0.6036657900361542	0.6891875874105293	([334, 172], [334, 191, 172])
1	0.6031650125929526	0.6892218366701734	([364, 194], [379, 364, 360])
1	0.6846670983811671	0.6894334338961949	([459, 314], [472, 459, 443])
1	0.6822701478873375	0.6895220818944019	([205, 81], [205, 81, 78])
1	0.6725040050410893	0.6900020095271813	([470, 441], [470, 460, 441])
1	0.662030910954701	0.6901028350741417	([216, 81], [216, 98, 81])
1	0.6353211155516209	0.6902125924215458	([314, 20], [314, 182, 33])
1	0.6494676379863192	0.6905314478398559	([326, 11], [326, 36, 11])
1	0.6508123763401964	0.6906085398858404	([210, 2], [210, 32, 2])
1	0.6241824606037161	0.6906987134149797	([194, 71], [194, 81, 71])
1	0.6700798728826493	0.6907763002446082	([510, 216], [517, 510, 320])
1	0.6859497071489506	0.6907770209909772	([145, 104], [145, 133, 104])
1	0.6790177932471043	0.6907866388424508	([123, 79], [123, 107, 92])
1	0.6603047987326183	0.6909988985500792	([482, 197], [482, 468, 461])
1	0.6164999338508281	0.6915454686717325	([317, 160], [317, 160, 137])
1	0.5983317053072881	0.691801360494817	([194, 143], [194, 143, 128])
1	0.6775392441164233	0.6920013381519505	([427, 205], [427, 417, 205])
1	0.6678623651554623	0.6923546054552069	([613, 514], [517, 509, 205])
1	0.6586529575617821	0.692604661419447	([205, 63], [205, 122, 109])
1	0.6131543855328281	0.6928246575654663	([385, 205], [383, 372, 205])
1	0.641312737096582	0.6928499603563291	([629, 210], [629, 616, 614])
1	0.6923938098875015	0.6930347047429942	([586, 554], [586, 554, 548])
1	0.6733650956785602	0.6930347047429942	([586, 341], [586, 581, 548])
1	0.6315985069457879	0.6936544328954852	([206, 4], [314, 206, 4])
1	0.6714340143082334	0.6937877347566119	([521, 206], [540, 524, 521])
1	0.6669054719247819	0.6947143453076038	([454, 206], [468, 459, 454])
1	0.6450939632610481	0.6957516895177591	([613, 320], [612, 515, 205])
1	0.6642100144635212	0.6957516895177591	([619, 205], [612, 608, 205])
1	0.6243258675516404	0.6960634096261474	([358, 210], [358, 344, 343])
1	0.6378878425884962	0.6963074441158339	([314, 124], [314, 138, 124])
1	0.6952194074171019	0.6963433694243044	([671, 625], [671, 657, 625])
1	0.6932915717869294	0.6963779961504354	([594, 205], [608, 584, 205])
1	0.6027805789485914	0.696640484524422	([472, 209], [488, 472, 467])
1	0.698130757573639	0.6986392487626515	([638, 605], [638, 624, 605])
1	0.6978169644977263	0.6987492495335061	([318, 113], [318, 113, 96])
1	0.682250306320662	0.69879370484916	([211, 3], [211, 206, 22])
1	0.6009640451977155	0.69879370484916	([103, 0], [211, 208, 22])
1	0.6954404791007336	0.6991669456103663	([463, 428], [463, 449, 446])
1	0.6808364317827227	0.6992537528017615	([491, 447], [491, 464, 449])
1	0.547172836680144	0.6997841252517485	([659, 306], [669, 659, 649])
1	0.6736140585517618	0.7000795182634222	([500, 216], [510, 501, 500])
1	0.6646359227529363	0.70013099550345	([206, 90], [206, 77, 51])
1	0.6860536936481204	0.7009440058592297	([654, 623], [654, 639, 637])
1	0.5015255094790011	0.7010353838252887	([205, 204], [343, 319, 314])
1	0.6719616746299204	0.7014290375978692	([79, 15], [79, 71, 28])
1	0.5351160012394657	0.7014718780404882	([344, 334], [345, 314, 191])
1	0.6559121580491333	0.7019317446400956	([418, 206], [390, 370, 342])
1	0.6883746205454697	0.7022186439437843	([486, 443], [486, 470, 467])
1	0.5621638987937905	0.703137342780377	([208, 142], [211, 208, 118])
1	0.6672233747487518	0.7034598659568225	([472, 314], [468, 451, 314])
1	0.6042307103515508	0.7038606672785679	([574, 208], [567, 550, 545])
1	0.6609873591708134	0.7039445271279836	([216, 30], [216, 71, 38])
1	0.659756783778593	0.7041398932892731	([660, 341], [660, 633, 631])
1	0.5758135111305218	0.7044025836762081	([208, 22], [197, 114, 32])
1	0.6574759717223437	0.7045415279436471	([690, 613], [689, 613, 612])
1	0.676321325395932	0.7048497740720644	([428, 314], [459, 434, 314])
1	0.655019588095076	0.7048710521778102	([540, 206], [521, 501, 314])
1	0.6980208297334739	0.7051512348707638	([110, 64], [110, 88, 78])
1	0.6740500274347458	0.7055375757155616	([689, 318], [689, 612, 318])
1	0.6627845971701697	0.70554393294325	([341, 10], [341, 33, 10])
1	0.5191698195631494	0.7056125186460283	([309, 62], [309, 62, 43])
1	0.7055789767124084	0.7057220215398462	([151, 91], [155, 151, 78])
1	0.6819880178473511	0.7057714254905498	([612, 206], [612, 320, 314])
1	0.6389691866330262	0.7057714254905498	([515, 0], [618, 612, 314])
1	0.6691630203843758	0.7057714254905498	([676, 314], [689, 612, 314])
1	0.6383403873268008	0.7059760975913817	([210, 106], [210, 205, 98])
1	0.7009557170765603	0.7062812466698484	([596, 553], [596, 575, 553])
1	0.6882983787789593	0.7066765996485237	([591, 541], [596, 591, 553])
1	0.705223163324161	0.7069009204004779	([582, 314], [582, 579, 314])
1	0.7035184771020776	0.7071695803736026	([406, 314], [428, 391, 314])
1	0.7008868736456552	0.7073119672652306	([59, 10], [59, 41, 25])
1	0.520512633073581	0.7075816642018163	([362, 316], [384, 362, 355])
1	0.6583404690264081	0.7077708064989137	([216, 4], [216, 211, 5])
1	0.6966391823830945	0.7081325866155747	([318, 95], [318, 147, 135])
1	0.6283305227631454	0.708295419216513	([515, 205], [509, 508, 205])
1	0.6940407911497662	0.7086684791070355	([318, 156], [318, 79, 64])
1	0.7052244130131897	0.7091233100547932	([362, 318], [388, 369, 355])
1	0.692593465149591	0.7092398040330423	([545, 490], [545, 507, 502])
1	0.6771687163891495	0.7095573566068937	([318, 175], [318, 187, 96])
1	0.6568002638371186	0.7095707267494057	([468, 206], [391, 377, 314])
1	0.499499032742929	0.7098463308993382	([321, 160], [321, 168, 160])
1	0.6407704162953146	0.7100189971347335	([507, 314], [517, 507, 314])
1	0.6477189703217459	0.7101244609240857	([591, 318], [612, 591, 585])
1	0.6965025913254802	0.7104145991483226	([169, 32], [169, 167, 32])
1	0.6638171737088971	0.710469634208028	([341, 69], [341, 69, 8])
1	0.6390903516112643	0.7108030970295828	([662, 0], [662, 629, 626])
1	0.6676130324048526	0.7109190587549828	([381, 308], [381, 350, 314])
1	0.6848086308649625	0.7113727781204077	([167, 30], [167, 30, 29])
1	0.6392055967926032	0.7117184763992249	([326, 36], [326, 62, 36])
1	0.6835263902868283	0.7121007310422058	([576, 524], [576, 546, 524])
1	0.6490923237071471	0.7122845064846979	([341, 33], [341, 169, 33])
1	0.6072417176839157	0.7125545837831166	([194, 29], [194, 71, 29])
1	0.687207536455831	0.7126132789654706	([465, 318], [486, 465, 455])
1	0.6993627463778553	0.7129180856605876	([211, 82], [211, 118, 104])
1	0.6744834193248028	0.7131755580778197	([538, 216], [576, 536, 524])
1	0.7116606812763926	0.7132754162364406	([511, 318], [511, 510, 318])
1	0.6337593427933528	0.7135695534877275	([483, 334], [483, 466, 465])
1	0.6982538506655793	0.7137892774231025	([569, 502], [569, 546, 545])
1	0.6907117174883214	0.7138066960281545	([581, 525], [581, 548, 546])
1	0.713764847500982	0.7138239239783083	([471, 421], [471, 462, 421])
1	0.6987070266527711	0.7139422751373518	([163, 24], [197, 163, 8])
1	0.7023310442449553	0.7143947631170524	([566, 495], [566, 545, 490])
1	0.6982646863558623	0.7145648448988348	([84, 31], [84, 75, 31])
1	0.6923523197738143	0.7150165886065001	([559, 318], [549, 530, 318])
1	0.6950724523155873	0.7150387917550163	([456, 205], [456, 436, 419])
1	0.7000971184961867	0.7154070540855295	([165, 77], [165, 96, 77])
1	0.688156734597194	0.7154241921474114	([488, 440], [488, 467, 452])
1	0.7074681082755356	0.7159464888727607	([81, 36], [81, 36, 2])
1	0.7122698714173301	0.7165221707185716	([308, 178], [308, 212, 173])
1	0.6964428411014494	0.7165672124965116	([95, 21], [95, 75, 31])
1	0.6777459913079815	0.7165908541571137	([212, 173], [212, 189, 187])
1	0.6683642653235671	0.7169880438978568	([603, 207], [603, 563, 557])
1	0.7076488001772838	0.7171311009016311	([320, 179], [320, 308, 171])
1	0.7014911187582721	0.7173048400016876	([116, 60], [116, 93, 81])
1	0.7051765511285747	0.7175674938848645	([619, 497], [619, 604, 497])
1	0.6853931626535236	0.7175815776945556	([664, 314], [676, 652, 645])
1	0.613606859065616	0.7176472176930323	([216, 98], [216, 30, 4])
1	0.5518414868519134	0.7183400050780706	([407, 335], [407, 387, 386])
1	0.6784747838097283	0.7187906727220934	([675, 216], [675, 650, 636])
1	0.5913005495374304	0.718861573924608	([317, 126], [216, 151, 128])
1	0.6325153297728873	0.718878055147628	([642, 328], [642, 632, 629])
1	0.5852102842725001	0.7191731669295404	([324, 89], [324, 115, 89])
1	0.71087943733963	0.7194009595377597	([570, 492], [565, 546, 537])
1	0.7180081043260684	0.7194628205303418	([547, 485], [563, 547, 485])
1	0.6770096201706323	0.719473309044958	([207, 78], [207, 164, 78])
1	0.7166840369746871	0.7195183963928466	([587, 551], [587, 575, 553])
1	0.5352262565448049	0.7198984118228072	([378, 335], [425, 407, 388])
1	0.6307209038543534	0.7200127602385946	([632, 314], [612, 565, 564])
1	0.7088118536496039	0.7203661679267727	([471, 387], [471, 421, 387])
1	0.5592342216587872	0.7204069205459716	([691, 663], [691, 663, 647])
1	0.7170148783632956	0.7205242839831429	([598, 537], [598, 577, 542])
1	0.6769046068064035	0.7207548968878471	([308, 157], [318, 308, 157])
1	0.5929389149405471	0.7208318153905955	([384, 194], [364, 342, 341])
1	0.6162937669228131	0.7210531881797084	([209, 9], [209, 31, 9])
1	0.6154872650035332	0.7210531881797084	([331, 9], [331, 31, 9])
1	0.7090669400516256	0.72132514950437	([474, 430], [474, 448, 430])
1	0.7198762966014813	0.7216415243325537	([170, 22], [170, 167, 30])
1	0.5589707018612581	0.721696000734174	([691, 647], [691, 688, 663])
1	0.7111475764039507	0.7219207254057646	([564, 486], [569, 564, 486])
1	0.704306723196219	0.7219971614471299	([611, 550], [611, 582, 572])
1	0.7016184790422125	0.7223471543905314	([651, 622], [651, 638, 635])
1	0.6260102417083698	0.7225389789737108	([689, 0], [689, 670, 639])
1	0.7097586757271139	0.7229003461471676	([578, 531], [578, 554, 552])
1	0.6634536228273457	0.7229917218202021	([213, 159], [213, 208, 186])
1	0.7160336923965996	0.7230214308214209	([74, 21], [95, 74, 72])
1	0.7147487858122152	0.723047171010767	([563, 489], [570, 563, 489])
1	0.5692860008888229	0.7232568743291813	([215, 206], [215, 213, 211])
1	0.7189170638899632	0.7232931832816364	([478, 433], [478, 477, 433])
1	0.5435140096711518	0.7235586208448134	([330, 174], [330, 185, 174])
1	0.7202842070307516	0.723678664685928	([623, 526], [623, 604, 525])
1	0.5858493200843168	0.7241969910669273	([334, 156], [334, 156, 129])
1	0.6660885331212884	0.7245586055902015	([409, 207], [419, 411, 207])
1	0.687056721292186	0.724849652323931	([608, 485], [608, 570, 489])
1	0.7214967361343437	0.7255546692049891	([594, 538], [603, 594, 538])
1	0.7130362978939504	0.7256137161344455	([503, 348], [503, 388, 348])
1	0.7110572435110266	0.725655658164316	([211, 69], [211, 82, 69])
1	0.6402622234454453	0.7257416440706953	([601, 194], [601, 565, 547])
1	0.5901849219288443	0.7259894095537273	([194, 113], [194, 189, 32])
1	0.7054520619372715	0.7260204349408947	([430, 352], [421, 391, 382])
1	0.7035362474264738	0.7265267682552048	([388, 318], [362, 342, 320])
1	0.6717142968810637	0.7268079321608694	([620, 197], [610, 590, 574])
1	0.5576433617249786	0.7268402431807456	([430, 334], [430, 407, 406])
1	0.5656908122011471	0.7274062293202486	([541, 203], [541, 516, 506])
1	0.7263780323014009	0.7274121412122799	([166, 95], [167, 166, 95])
1	0.7138753122003925	0.7277098385376309	([93, 4], [93, 77, 4])
1	0.6545395052174389	0.7279158316981479	([465, 197], [502, 485, 482])
1	0.7075884581552658	0.7280876605399028	([132, 48], [197, 125, 50])
1	0.7218429413618767	0.7282284399576526	([559, 491], [559, 552, 491])
1	0.5088079710957976	0.7287039930528241	([314, 193], [344, 314, 189])
1	0.7202242975995268	0.7288944598715915	([134, 31], [134, 82, 29])
1	0.5614265175642601	0.7289294241854459	([322, 100], [322, 126, 100])
1	0.5630013392191802	0.729196763514293	([330, 112], [330, 112, 98])
1	0.7236794746215301	0.7294229196434842	([136, 65], [136, 88, 65])
1	0.6189405868524835	0.7302439322925341	([209, 69], [209, 132, 69])
1	0.7278703258738429	0.7303789491150374	([569, 308], [614, 603, 308])
1	0.6668749706096971	0.7307142445008192	([318, 5], [314, 308, 11])
1	0.728987916524169	0.730798948986696	([78, 7], [78, 52, 7])
1	0.6671214395048426	0.7308774220474991	([587, 216], [538, 524, 510])
1	0.7243962096507198	0.7314878906725711	([489, 308], [501, 489, 308])
1	0.7242976745496875	0.7315455078459238	([605, 488], [605, 566, 488])
1	0.6920559372991637	0.7316350752325961	([320, 6], [320, 314, 8])
1	0.5791673505124048	0.7318328051028331	([324, 152], [320, 171, 162])
1	0.7308374657651184	0.7318505247284496	([569, 213], [569, 550, 213])
1	0.7309348584570553	0.7322006286348616	([623, 490], [623, 525, 490])
1	0.5736783766304466	0.7324995780474298	([374, 324], [427, 391, 386])
1	0.6716018430250456	0.7329939514462368	([590, 197], [660, 630, 625])
1	0.666464960424703	0.7331125738546294	([555, 197], [548, 523, 314])
1	0.7291390883100731	0.7332563884666904	([145, 42], [145, 135, 42])
1	0.7297221594088488	0.7333233408956074	([634, 485], [634, 622, 485])
1	0.6681486839082238	0.7334440737631904	([557, 207], [562, 542, 505])
1	0.7193265322112244	0.7334799695947762	([473, 308], [489, 473, 462])
1	0.7160114060055348	0.7334863444445902	([649, 608], [649, 626, 625])
1	0.6489825652339348	0.7339633827402041	([205, 13], [205, 151, 15])
1	0.718419752641208	0.7340302535783071	([100, 35], [108, 100, 35])
1	0.7241123005014345	0.734333247589322	([614, 308], [603, 495, 308])
1	0.6938059718831733	0.7344918528598195	([213, 15], [213, 59, 15])
1	0.6061072966828294	0.7346224775724463	([382, 209], [382, 345, 344])
1	0.7333741897451616	0.7346224775724463	([422, 345], [422, 382, 345])
1	0.7057410945966763	0.7347597894416529	([500, 437], [500, 467, 437])
1	0.720241886314968	0.7349658769867864	([91, 20], [91, 70, 60])
1	0.6271557123684603	0.7353468734285052	([518, 341], [468, 463, 308])
1	0.7284031610417419	0.7357029139005041	([638, 213], [653, 638, 633])
1	0.5858474292515998	0.7357113207618409	([334, 101], [334, 172, 162])
1	0.6426142091949536	0.7357656935107332	([207, 13], [207, 78, 11])
1	0.6495257845264502	0.7359483312513989	([593, 210], [614, 586, 568])
1	0.6992388421558668	0.736055709610103	([452, 348], [452, 424, 348])
1	0.7186013439536794	0.736224431363549	([606, 501], [606, 605, 501])
1	0.733314689928882	0.7362671189940853	([619, 539], [619, 584, 539])
1	0.5969051256408539	0.7365406420771823	([542, 208], [569, 501, 308])
1	0.7343415133764872	0.7371304433636082	([171, 109], [171, 165, 109])
1	0.7167000041298306	0.7371622692648918	([614, 521], [614, 612, 521])
1	0.6709092468512993	0.7376211315881921	([213, 108], [213, 156, 107])
1	0.6032832010648591	0.7376436285731854	([392, 208], [392, 367, 362])
1	0.6659058735141493	0.7378420131867107	([341, 110], [341, 149, 110])
1	0.7327397427213124	0.738263609923605	([521, 395], [521, 395, 374])
1	0.7301089361312125	0.7383415801976179	([485, 352], [485, 382, 352])
1	0.5542427480176865	0.7385791283747178	([322, 136], [322, 100, 78])
1	0.7352228254542095	0.7386642899691863	([619, 474], [619, 492, 486])
1	0.5859499761061294	0.738750045419648	([428, 194], [419, 415, 343])
1	0.5308895065647002	0.7387861138230002	([303, 177], [303, 193, 177])
1	0.7209921910118898	0.7393885744096257	([128, 39], [128, 103, 84])
1	0.5629292330083197	0.739539883005124	([328, 182], [345, 328, 182])
1	0.5843788269945016	0.7398205865144631	([515, 324], [515, 324, 320])
1	0.739639263197361	0.7398626249665473	([487, 345], [487, 474, 345])
1	0.7288255848451414	0.7399068132265411	([637, 461], [637, 619, 461])
1	0.7320321983311241	0.74006966829529	([630, 573], [630, 603, 575])
1	0.7185897111819819	0.7402213136215435	([554, 487], [558, 505, 487])
1	0.7139283874579252	0.7402894098635097	([144, 63], [144, 119, 63])
1	0.7399057910799656	0.7410318578821434	([325, 71], [325, 109, 71])
1	0.736894757574939	0.7413452101455714	([489, 343], [489, 440, 343])
1	0.5483126524433215	0.7413635440640438	([691, 615], [691, 689, 615])
1	0.6974948201741573	0.7413688226844042	([567, 459], [567, 495, 494])
1	0.5772180981616574	0.7414438060082458	([343, 194], [342, 314, 186])
1	0.5225253912248649	0.741725193442656	([379, 309], [379, 357, 355])
1	0.7348799862040452	0.74174350720716	([500, 349], [500, 479, 382])
1	0.7373715328939447	0.7417843291613483	([549, 419], [549, 488, 473])
1	0.7304965307519158	0.7417843291613483	([549, 473], [549, 536, 488])
1	0.713567863370992	0.7418514950595838	([378, 211], [389, 378, 211])
1	0.617493748471993	0.7418514950595838	([523, 197], [427, 389, 211])
1	0.5553118006564187	0.7424603040836217	([335, 53], [335, 86, 53])
1	0.7125690801731948	0.7425248264402909	([503, 388], [503, 501, 370])
1	0.7370012283088015	0.7428414114643366	([623, 462], [623, 608, 447])
1	0.602173977762275	0.7429141105589286	([488, 209], [539, 496, 495])
1	0.5607997658245792	0.7430343747674083	([489, 208], [527, 523, 211])
1	0.6629865609720929	0.7430682593535682	([636, 216], [675, 661, 639])
1	0.7304129309692523	0.7430798166698175	([633, 467], [626, 619, 497])
1	0.5856751556037855	0.7436927594517965	([427, 209], [427, 411, 391])
1	0.7389457125943352	0.7439640255846949	([471, 212], [471, 444, 211])
1	0.7246757340405459	0.7440439016777725	([438, 350], [438, 434, 350])
1	0.6622004270561077	0.7441648067118218	([402, 216], [402, 389, 211])
1	0.70461555895971	0.7441932852678753	([485, 382], [521, 502, 374])
1	0.681411115927101	0.7445252998186167	([487, 205], [473, 436, 435])
1	0.6567581377858491	0.7445272774670515	([661, 197], [590, 555, 552])
1	0.7220921290053036	0.744624720085931	([525, 430], [525, 495, 422])
1	0.5649862177498839	0.744703956375969	([621, 208], [621, 567, 545])
1	0.7356942909388382	0.7447123091850268	([628, 558], [628, 616, 558])
1	0.7143134947758477	0.744736939969423	([494, 389], [507, 500, 382])
1	0.7167211959984365	0.7447579654760506	([562, 474], [562, 559, 474])
1	0.7377548184502379	0.7449892567676328	([444, 363], [444, 428, 363])
1	0.7376700337668676	0.7450299297440827	([568, 449], [570, 568, 449])
1	0.594695855786549	0.7452594885809807	([539, 209], [539, 507, 382])
1	0.7410505783790047	0.7456953505276118	([647, 571], [654, 647, 571])
1	0.6218956632135637	0.7459083651197701	([449, 208], [567, 459, 449])
1	0.7236078073954609	0.7464604681095472	([344, 318], [362, 344, 318])
1	0.5067512108437451	0.7464604681095472	([384, 316], [362, 344, 341])
1	0.6458324982107976	0.7464870176618126	([566, 210], [586, 566, 545])
1	0.7368350873511964	0.7466989113678338	([136, 23], [136, 38, 29])
1	0.7356263077244307	0.7467451349198347	([608, 447], [623, 490, 446])
1	0.6245308630856566	0.746881691918777	([207, 159], [211, 207, 78])
1	0.7349554413961654	0.7468952828815891	([108, 6], [107, 70, 2])
1	0.7296309513352163	0.747132139769963	([687, 213], [687, 653, 649])
1	0.6408138231220576	0.7471420939926854	([415, 326], [415, 372, 357])
1	0.7452144686433503	0.7472193557667786	([505, 400], [505, 400, 375])
1	0.7333373525543238	0.7474410874828368	([508, 327], [508, 327, 320])
1	0.5966537528284581	0.7480574924025739	([509, 209], [509, 497, 496])
1	0.6308881936726194	0.7481825432974345	([485, 0], [665, 646, 485])
1	0.7260251913577904	0.7483328814804224	([568, 481], [568, 494, 478])
1	0.7388000142643381	0.7483507100879234	([325, 109], [325, 71, 67])
1	0.524102912130359	0.7483549427009608	([316, 169], [316, 169, 19])
1	0.7370885922196164	0.748623722185542	([491, 409], [502, 491, 409])
1	0.6115997767504375	0.7486663556591935	([384, 317], [373, 348, 308])
1	0.7227823616872866	0.7488571467151572	([575, 462], [623, 575, 525])
1	0.742573938942666	0.7490057725052989	([497, 383], [505, 497, 383])
1	0.7428568019479387	0.7490780803358749	([496, 211], [496, 484, 211])
1	0.7426329290282766	0.749166973994163	([437, 170], [467, 437, 171])
1	0.7170352384263722	0.7492813429217015	([606, 452], [606, 491, 439])
1	0.7489507717697296	0.7494889259375442	([635, 570], [635, 615, 607])
1	0.7446811562998514	0.7495240698446168	([627, 471], [627, 572, 470])
1	0.6330962594160714	0.7495248799161761	([547, 194], [615, 547, 545])
1	0.655732555029282	0.7496050725739166	([359, 216], [510, 380, 370])
1	0.7195097123881656	0.7499210546079464	([435, 320], [435, 421, 382])
1	0.6603872317641694	0.7502878070436888	([350, 326], [372, 350, 342])
1	0.7325395114284459	0.7504779753090461	([565, 448], [565, 480, 465])
1	0.7496997477957603	0.7505797837168152	([346, 176], [346, 191, 176])
1	0.6616268007680074	0.7507193829664309	([400, 308], [400, 362, 348])
1	0.7197643637945352	0.7507945403173357	([454, 320], [454, 342, 320])
1	0.7437054976782533	0.7508327287732545	([609, 487], [609, 565, 563])
1	0.7424086807530618	0.7509621364968789	([492, 346], [492, 470, 459])
1	0.701660731842231	0.7511989984724707	([179, 1], [179, 169, 96])
1	0.7490173225109399	0.7512883798440813	([123, 45], [123, 79, 45])
1	0.5698642239878142	0.7513227502738584	([421, 339], [421, 370, 352])
1	0.7456851112935987	0.7514522214388039	([193, 110], [193, 176, 167])
1	0.5983610247255857	0.7514522214388039	([326, 176], [326, 193, 176])
1	0.749550895523247	0.7515000614298544	([611, 520], [613, 611, 520])
1	0.7328745086739388	0.751618181388906	([557, 471], [557, 502, 493])
1	0.5007642001988345	0.7517682440023299	([319, 318], [402, 380, 369])
1	0.7386939102695834	0.7521064330938957	([474, 342], [474, 458, 345])
1	0.6723766817878494	0.7522131023342442	([486, 318], [559, 490, 470])
1	0.7502220911871591	0.7522553931020801	([113, 14], [113, 56, 24])
1	0.686353177803006	0.7523000187825453	([662, 327], [662, 646, 327])
1	0.5764220677502628	0.7527203092866801	([328, 101], [328, 142, 106])
1	0.4936003836612425	0.753902738181374	([322, 204], [215, 206, 204])
1	0.6495547135454678	0.7541701762196165	([524, 326], [551, 524, 495])
1	0.7516581463017697	0.754307677463467	([432, 362], [432, 417, 391])
1	0.5943302559510953	0.7544142877515813	([209, 31], [209, 69, 9])
1	0.7487721541735319	0.7548424126887793	([648, 476], [648, 634, 476])
1	0.7409206718308042	0.7548608893346646	([180, 2], [172, 162, 33])
1	0.753320540202199	0.7551133932924652	([550, 463], [608, 550, 447])
1	0.5717894464670585	0.7551891055252345	([330, 67], [330, 84, 67])
1	0.7458793497514351	0.7553682940794918	([633, 346], [633, 567, 346])
1	0.7524353619916866	0.755393740163765	([459, 400], [459, 431, 422])
1	0.741362060333814	0.7554915196749996	([622, 465], [622, 465, 182])
1	0.7331997385100626	0.7557345704858667	([571, 346], [564, 492, 486])
1	0.7204309155150345	0.7558041368489781	([506, 418], [506, 505, 418])
1	0.5624074133287611	0.7562400958752468	([326, 193], [327, 326, 175])
1	0.7183112855645692	0.7562642732978297	([138, 1], [138, 121, 1])
1	0.7556103088144348	0.7563581517754637	([548, 437], [548, 525, 430])
1	0.6431339765992353	0.7565407911509366	([678, 334], [678, 654, 639])
1	0.7478312639749819	0.7567854910240709	([506, 351], [523, 506, 351])
1	0.7565110705133475	0.7567854910240709	([549, 351], [549, 523, 351])
1	0.5574139563667924	0.7568045653856177	([333, 101], [333, 211, 101])
1	0.5439445192725951	0.7570563442831849	([333, 50], [333, 79, 50])
1	0.7370004661298772	0.7571460978369589	([530, 414], [553, 502, 414])
1	0.6013341091854824	0.7571927447884623	([466, 334], [466, 430, 428])
1	0.7427306603672619	0.7576448928393612	([614, 442], [636, 485, 482])
1	0.7383057765405916	0.7576448928393612	([658, 482], [658, 636, 482])
1	0.7388273247695116	0.7577464838465875	([641, 481], [641, 625, 481])
1	0.7396546758406883	0.7580706832212943	([622, 182], [622, 485, 473])
1	0.5455022828251695	0.758124820183632	([330, 98], [330, 152, 98])
1	0.7404956507871575	0.7581391116607142	([511, 386], [511, 417, 386])
1	0.7426497833387478	0.7583127714125069	([666, 319], [666, 642, 319])
1	0.7577646663408394	0.7583163622569067	([607, 190], [607, 567, 189])
1	0.583235171722512	0.7583517484596859	([209, 101], [209, 132, 101])
1	0.5352552453585481	0.7584484006653328	([324, 193], [324, 190, 140])
1	0.7470204000683486	0.7585173641641546	([617, 440], [631, 617, 437])
1	0.742950418833958	0.7586861098077619	([156, 47], [156, 101, 12])
1	0.7284652999858043	0.7588530962450786	([470, 346], [492, 431, 346])
1	0.5852776196717786	0.7593240788423844	([371, 333], [371, 352, 342])
1	0.7515632879608536	0.7596632220334557	([540, 408], [562, 526, 389])
1	0.7443636125165337	0.7596655151437157	([534, 373], [534, 521, 379])
1	0.5840939254449805	0.7597092110618837	([592, 334], [633, 616, 346])
1	0.7559534083111883	0.7597328831882166	([547, 426], [547, 488, 426])
1	0.7561429741998271	0.7600851666169697	([448, 319], [491, 448, 319])
1	0.7563302427355019	0.7606537232562561	([123, 9], [123, 93, 9])
1	0.7528363169090142	0.7608995091788961	([530, 355], [530, 505, 375])
1	0.6538489337162443	0.7610881108390251	([620, 341], [690, 660, 642])
1	0.737811627339895	0.7611599240256517	([631, 494], [631, 485, 480])
1	0.6519791905410056	0.7611599240256517	([690, 341], [631, 622, 485])
1	0.7530409315481147	0.7613683090878364	([524, 398], [524, 502, 398])
1	0.5590428060655903	0.7615096471087376	([429, 324], [514, 502, 409])
1	0.7489413779938565	0.7615746448865868	([569, 404], [569, 548, 437])
1	0.7606338726227647	0.7618341767723215	([632, 460], [632, 615, 460])
1	0.7488132804136298	0.7619336405146454	([541, 451], [541, 494, 451])
1	0.6154898490254894	0.7621685458156285	([326, 158], [326, 193, 158])
1	0.7324743249567702	0.7622108665344463	([640, 183], [640, 622, 182])
1	0.5311474454251112	0.7622707167048787	([572, 306], [621, 572, 545])
1	0.7433090369298871	0.7623280675397694	([160, 46], [164, 160, 46])
1	0.7413474305778093	0.7625772768501016	([650, 464], [650, 634, 464])
1	0.7576574069723505	0.7626576691371424	([171, 31], [171, 109, 95])
1	0.7423274271961362	0.7627129890958887	([656, 319], [673, 666, 319])
1	0.6219957168774565	0.7627162624085492	([334, 71], [334, 71, 19])
1	0.7530121868690235	0.7627539140163176	([682, 178], [641, 633, 178])
1	0.7565109660740086	0.7631571789250639	([685, 563], [685, 648, 605])
1	0.7575609073581298	0.7633867702726463	([567, 189], [567, 489, 208])
1	0.7581799276845143	0.7634408422834126	([666, 480], [684, 666, 480])
1	0.7144888165368942	0.7634452674138561	([538, 319], [563, 538, 319])
1	0.7530690213273808	0.7634830951903587	([446, 375], [446, 422, 375])
1	0.7297429382401747	0.7634941590790073	([593, 319], [608, 593, 571])
1	0.7565671772442513	0.7635004704675634	([545, 431], [545, 491, 431])
1	0.7598304010237983	0.7635744094694388	([176, 49], [176, 49, 32])
1	0.7356128312509977	0.763802108704737	([668, 568], [668, 627, 568])
1	0.6232431041353751	0.7639114469838916	([551, 326], [614, 524, 326])
1	0.7369580575875567	0.764014230043089	([574, 425], [574, 534, 506])
1	0.6144248152423704	0.7641027999201729	([578, 329], [578, 510, 506])
1	0.7624723604839748	0.7642926374746389	([350, 164], [350, 345, 164])
1	0.7172906464238282	0.7645544710537407	([653, 308], [640, 620, 473])
1	0.575033513617349	0.764816266671133	([592, 209], [592, 552, 525])
1	0.73401100586762	0.7649312604328367	([350, 213], [508, 350, 320])
1	0.7569291461211469	0.7652462010381328	([556, 348], [582, 550, 348])
1	0.7649163994702887	0.7653905895352675	([445, 357], [445, 418, 357])
1	0.7592556329442028	0.7654284471703454	([551, 357], [586, 551, 357])
1	0.7452316995030105	0.765434149384908	([687, 442], [687, 680, 442])
1	0.7625070348002195	0.7654433107119046	([565, 350], [565, 487, 350])
1	0.7290152017647877	0.7655540004071828	([491, 174], [491, 464, 174])
1	0.761550643383519	0.7655678494725545	([553, 377], [553, 414, 377])
1	0.6593924784113264	0.7656002525111165	([653, 326], [653, 327, 326])
1	0.6860798589641404	0.7656002525111165	([646, 318], [653, 638, 327])
1	0.6257928952615693	0.7658957828629298	([620, 0], [689, 314, 2])
1	0.7559036255652913	0.7660628888691524	([440, 180], [440, 348, 343])
1	0.7476369102328746	0.7661076125124398	([607, 477], [607, 477, 449])
1	0.5787557902009663	0.7661864171055035	([536, 324], [536, 515, 324])
1	0.7173903857595593	0.7661957900689286	([555, 383], [582, 555, 383])
1	0.533058860386304	0.7662049449304184	([390, 338], [390, 344, 338])
1	0.7650848811353074	0.7664775662067155	([680, 180], [680, 644, 180])
1	0.7546697042132255	0.7668261768570515	([644, 440], [644, 636, 442])
1	0.7023258479137817	0.7668824962336868	([446, 327], [658, 482, 327])
1	0.7668756555357747	0.7669848368874165	([635, 439], [635, 571, 494])
1	0.7669424756752901	0.767235887241622	([626, 167], [644, 626, 180])
1	0.7543763535077831	0.7673711041462296	([557, 186], [569, 557, 186])
1	0.7647102373856639	0.7673733534401155	([603, 421], [603, 502, 424])
1	0.7383611225164278	0.7676914613538958	([672, 465], [672, 665, 465])
1	0.7614457147013579	0.7677362262155819	([508, 378], [511, 508, 378])
1	0.5572059677421818	0.7679108707990617	([556, 316], [588, 556, 532])
1	0.7530025830661364	0.7682952260171212	([555, 452], [555, 545, 452])
1	0.7596710945906482	0.7691305988703105	([501, 399], [501, 399, 388])
1	0.6873055053283861	0.7693277189183328	([673, 206], [659, 642, 319])
1	0.7522954896936269	0.7697286895309862	([684, 477], [684, 638, 480])
1	0.7610991711611422	0.7698948514585119	([168, 74], [168, 114, 81])
1	0.763956126433881	0.7704955594884219	([493, 359], [524, 493, 359])
1	0.6363977092598719	0.7705458368610606	([372, 326], [524, 359, 350])
1	0.7594993229217898	0.7705526986706501	([531, 416], [529, 511, 416])
1	0.7610850203065829	0.7705619236171773	([631, 190], [631, 619, 190])
1	0.761996913569909	0.7706250005696611	([556, 365], [556, 365, 348])
1	0.732954002001674	0.7706345396046755	([686, 562], [686, 633, 562])
1	0.740091271682656	0.7708636671724449	([641, 170], [634, 633, 172])
1	0.759088182159549	0.7710652360287398	([649, 456], [649, 623, 462])
1	0.7631387074728642	0.7714924677134283	([214, 192], [214, 207, 193])
1	0.5430525542195187	0.7714924677134283	([214, 207], [216, 214, 193])
1	0.7538728599186864	0.7716720169614139	([662, 449], [662, 616, 484])
1	0.7593626685171981	0.7722080680613883	([532, 394], [532, 507, 407])
1	0.7625005751301192	0.772340752842614	([584, 352], [603, 584, 421])
1	0.7668695942486701	0.7724929911551809	([441, 366], [441, 388, 366])
1	0.7422574615978371	0.772881042026743	([463, 179], [471, 463, 179])
1	0.5604629182635792	0.7732168674840508	([609, 333], [609, 430, 352])
1	0.7646497193062041	0.7734441171390969	([546, 358], [581, 546, 358])
1	0.7416614656027039	0.7737182110245445	([417, 213], [417, 363, 342])
1	0.7567469288568601	0.7741589528716755	([319, 3], [319, 107, 28])
1	0.7734171451084014	0.7745374057112951	([606, 187], [606, 562, 187])
1	0.5092220773710517	0.7753216080898644	([504, 310], [538, 504, 492])
1	0.7667609315701669	0.7754892884790977	([688, 462], [688, 606, 500])
1	0.7718846718122472	0.7755122528018646	([648, 320], [689, 648, 637])
1	0.7735565337760351	0.7758190629502592	([572, 191], [572, 319, 206])
1	0.773183692002777	0.7759982003389249	([618, 173], [618, 606, 173])
1	0.5434178737489762	0.7764868082796508	([588, 316], [556, 496, 487])
1	0.740047974842839	0.7764911506429154	([689, 185], [689, 185, 2])
1	0.7419263477539406	0.7766706674328748	([679, 471], [679, 630, 471])
1	0.7755333210717464	0.7767365602632099	([345, 1], [345, 186, 1])
1	0.7712943706455438	0.7767765360525032	([558, 417], [558, 464, 437])
1	0.5811880091059297	0.7771702237608143	([411, 209], [488, 427, 419])
1	0.7766663536043933	0.7772087170541917	([369, 161], [385, 369, 161])
1	0.7701503526691228	0.7777375357058056	([360, 74], [360, 122, 74])
1	0.7533990060073079	0.7777492082247857	([504, 212], [504, 489, 467])
1	0.6135088070907706	0.7785640533630969	([614, 326], [603, 327, 326])
1	0.7383480731456118	0.7786779091923653	([638, 419], [646, 638, 419])
1	0.5447274961763969	0.7787549516578288	([199, 27], [199, 73, 27])
1	0.7590655666570202	0.7788743346914273	([650, 175], [650, 643, 175])
1	0.5683516845205718	0.7788789179439815	([330, 37], [330, 67, 37])
1	0.5543433626871362	0.7789658015460629	([499, 335], [499, 440, 429])
1	0.7768790849905801	0.7789691256625262	([563, 167], [623, 563, 489])
1	0.5123602820841596	0.7789830234281543	([209, 195], [333, 195, 190])
1	0.7771660539619133	0.7791807058146796	([678, 599], [678, 634, 622])
1	0.7774024370976467	0.779210801731888	([423, 3], [423, 352, 319])
1	0.7597680110532323	0.7793276670518673	([438, 178], [444, 438, 176])
1	0.7652953641345063	0.7800363811890294	([575, 172], [575, 348, 172])
1	0.6082283763539821	0.780145103177885	([514, 334], [514, 407, 391])
1	0.7755755308101963	0.780173337061548	([504, 362], [507, 504, 362])
1	0.7666437807909823	0.7805978826314	([658, 557], [658, 652, 557])
1	0.7529492325774249	0.7806981711844274	([478, 176], [485, 478, 176])
1	0.7641398764807557	0.7807758310286804	([355, 46], [355, 145, 46])
1	0.714482680904986	0.7807778694311532	([327, 126], [327, 126, 82])
1	0.6231409904695853	0.7809236928956703	([368, 331], [368, 345, 342])
1	0.7679654836978297	0.7811698690580803	([590, 367], [590, 530, 386])
1	0.5423445733306306	0.7815641789192139	([493, 338], [493, 468, 447])
1	0.7475953688330271	0.7816654474466352	([430, 165], [430, 424, 165])
1	0.779501284085251	0.7819361146463975	([443, 2], [443, 166, 2])
1	0.540327370304363	0.7822426683519963	([335, 86], [335, 165, 102])
1	0.7565411679126384	0.7823593369779714	([659, 492], [659, 615, 611])
1	0.7531822769162337	0.7826885246630583	([579, 392], [579, 530, 392])
1	0.7421979576896642	0.7830156011573981	([579, 356], [580, 579, 356])
1	0.7671476564213453	0.7831428794898916	([598, 396], [598, 562, 396])
1	0.6042129145238586	0.7835009327237997	([331, 96], [331, 145, 96])
1	0.7703500004859861	0.7836067225674477	([685, 478], [678, 599, 566])
1	0.7808752276987343	0.7836291816060439	([558, 1], [571, 558, 1])
1	0.5915320590097317	0.783717042161491	([458, 203], [458, 346, 319])
1	0.7580310777965332	0.783994317231743	([518, 446], [518, 446, 434])
1	0.7728439179132094	0.784413660634392	([641, 431], [641, 481, 431])
1	0.7776813906836371	0.7847293650430963	([639, 12], [639, 177, 12])
1	0.772145117647637	0.7847542726060552	([578, 432], [578, 496, 431])
1	0.5289323331227751	0.7847618020734486	([669, 306], [659, 621, 611])
1	0.7730443265270605	0.7848646193747716	([349, 118], [349, 167, 107])
1	0.5672800733717321	0.7852121823475005	([490, 322], [490, 466, 322])
1	0.7202644555883545	0.7852502517982108	([653, 213], [653, 488, 461])
1	0.7828914270423556	0.7853679910977888	([643, 441], [643, 632, 441])
1	0.7748812960159771	0.7854341357636399	([352, 59], [352, 59, 12])
1	0.5382993294289933	0.7854659510517783	([487, 316], [588, 533, 378])
1	0.5453766248686511	0.7856270935462473	([526, 200], [526, 380, 355])
1	0.6182833191537542	0.785944561851661	([359, 0], [482, 375, 345])
1	0.7680495098204453	0.7860323347001433	([685, 177], [685, 633, 178])
1	0.5650917165403465	0.7865439968750624	([328, 142], [328, 178, 103])
1	0.7803650901483913	0.7866792875156141	([656, 211], [656, 211, 175])
1	0.635226300341404	0.7868207554032612	([326, 62], [350, 326, 36])
1	0.7722450651579623	0.786994927288137	([414, 190], [414, 349, 167])
1	0.7861551226528952	0.7871191913910119	([369, 125], [369, 161, 125])
1	0.7797628817574064	0.7873377418401569	([566, 33], [576, 566, 33])
1	0.7866815502224385	0.7874847443738745	([595, 412], [595, 525, 412])
1	0.7828229601491631	0.7874945037554606	([421, 187], [421, 345, 320])
1	0.7773687248216071	0.7876706039609027	([485, 127], [485, 168, 137])
1	0.544562159952295	0.7878309835488452	([464, 333], [464, 333, 211])
1	0.7717734680051301	0.7881607249935276	([358, 103], [358, 167, 103])
1	0.7860040572442983	0.7883873414372999	([626, 214], [626, 464, 212])
1	0.5260671512932267	0.7886703542135112	([593, 306], [593, 572, 319])
1	0.5479686096210808	0.7886790324587791	([583, 199], [583, 554, 497])
1	0.7695658898671317	0.7888097717165067	([602, 342], [603, 491, 455])
1	0.7675331023093971	0.7892227138592584	([670, 181], [670, 187, 181])
1	0.5347550850407022	0.7892584122145255	([335, 165], [386, 335, 165])
1	0.7812613021917584	0.7894346702939504	([491, 134], [491, 350, 342])
1	0.4954387228495713	0.7894759959125582	([429, 335], [592, 386, 355])
1	0.7669587223051886	0.7897137443344683	([642, 169], [642, 615, 610])
1	0.7868778737989586	0.7899854225535395	([428, 173], [428, 194, 183])
1	0.7251772619864973	0.7900104496656547	([325, 169], [325, 320, 169])
1	0.5937970311227054	0.7900721485833478	([331, 31], [331, 96, 31])
1	0.5023158592761813	0.7901028827525153	([321, 83], [321, 168, 83])
1	0.5286083291046777	0.7901363070305346	([330, 139], [330, 191, 98])
1	0.5548969539996191	0.7901911614340136	([530, 316], [530, 387, 355])
1	0.5126850993615207	0.7902104258276084	([352, 333], [352, 333, 190])
1	0.5349336936672967	0.7902459466951293	([333, 79], [333, 101, 79])
1	0.7720482982959801	0.7903921065346009	([672, 179], [680, 672, 179])
1	0.6695765791940624	0.7907152727685187	([443, 213], [443, 213, 107])
1	0.7838719083117694	0.7908274093260182	([595, 114], [595, 412, 320])
1	0.6032878429661304	0.7910458915643606	([496, 331], [496, 345, 331])
1	0.7787501528374434	0.7910890749539096	([617, 137], [617, 485, 476])
1	0.5330690187210927	0.7914194767650798	([509, 203], [509, 346, 209])
1	0.7905967470496793	0.7916506255918866	([659, 447], [659, 616, 567])
1	0.7342621039869329	0.792153301565175	([325, 36], [325, 169, 99])
1	0.781988285302349	0.7925848766196294	([193, 6], [327, 193, 6])
1	0.7427107319167237	0.7926386793273138	([214, 9], [214, 187, 33])
1	0.6328209451933616	0.7930319435194115	([461, 324], [461, 424, 370])
1	0.4994092672986768	0.793325330701524	([343, 203], [356, 205, 204])
1	0.7890086357383645	0.7934772809029779	([382, 156], [382, 359, 156])
1	0.7810519016806295	0.793477486183056	([351, 68], [351, 85, 68])
1	0.7654270910171799	0.7936506793325521	([480, 96], [480, 176, 172])
1	0.6275009966518454	0.7938229650100346	([430, 317], [430, 317, 211])
1	0.7709351932047516	0.794237444560589	([351, 23], [351, 314, 181])
1	0.6210960343009705	0.7943644754583554	([499, 210], [566, 499, 459])
1	0.7908967127926927	0.7943647191726614	([568, 169], [568, 430, 170])
1	0.7850219458889948	0.7944356347069574	([462, 19], [462, 172, 167])
1	0.6424715550186545	0.7948928983766445	([478, 317], [478, 430, 421])
1	0.6524051343108721	0.7952545640998722	([450, 210], [499, 450, 320])
1	0.6621267524157551	0.795379957551429	([661, 216], [661, 614, 214])
1	0.7901156888445328	0.7957720706027193	([574, 3], [574, 481, 435])
1	0.7610787324514774	0.7958551397210214	([453, 31], [459, 453, 31])
1	0.6201743679439433	0.7965524423072761	([629, 328], [642, 328, 182])
1	0.6313883569220742	0.7966081570470916	([419, 207], [562, 419, 359])
1	0.7932261518723025	0.7966683895226736	([690, 1], [690, 664, 1])
1	0.7824379446208375	0.7969179334047957	([687, 190], [687, 667, 190])
1	0.5616386426020878	0.797004043284943	([374, 208], [542, 377, 374])
1	0.7596271031072794	0.7975717027666643	([376, 151], [376, 320, 151])
1	0.7338761830633016	0.7979975311420247	([385, 325], [385, 325, 320])
1	0.660763961166935	0.7980042528530534	([468, 216], [500, 468, 423])
1	0.7741807915469013	0.7982225342389986	([524, 168], [567, 524, 168])
1	0.7482419314283739	0.7984491336417698	([325, 142], [325, 142, 99])
1	0.794933911357632	0.7985695421492012	([408, 19], [501, 408, 19])
1	0.632821748209756	0.7986270366108331	([516, 210], [516, 499, 320])
1	0.7783827491473368	0.798634667600963	([426, 114], [426, 314, 162])
1	0.794027349835577	0.798717654154129	([420, 12], [420, 352, 342])
1	0.798200957394519	0.7987710124248462	([407, 185], [407, 346, 197])
1	0.7963120607236144	0.7993490671804927	([398, 74], [398, 366, 74])
1	0.7978927445010433	0.7994130773591566	([470, 113], [470, 113, 11])
1	0.7910292241426057	0.7994314447397036	([469, 165], [488, 427, 170])
1	0.5959758799975	0.7998137816719915	([465, 331], [463, 345, 331])
1	0.7692170439053017	0.8008674498292848	([558, 184], [558, 184, 1])
1	0.8006219443855022	0.8008907282999252	([477, 97], [477, 191, 172])
1	0.7944100219510665	0.801073916781075	([400, 47], [400, 320, 47])
1	0.5853840706128591	0.8011784419336909	([407, 328], [407, 345, 328])
1	0.5850280177233141	0.8012712406897852	([331, 158], [496, 331, 96])
1	0.7282381741020902	0.801381260880337	([214, 95], [214, 95, 11])
1	0.7903080360160932	0.8016460035228418	([616, 165], [616, 346, 190])
1	0.7901240357582855	0.8017165756121772	([388, 152], [377, 360, 152])
1	0.7937270801678477	0.80180769246452	([549, 31], [549, 351, 31])
1	0.7924867407637006	0.8023163303151286	([428, 91], [428, 183, 91])
1	0.549385900777901	0.8023245775726603	([426, 200], [426, 374, 314])
1	0.6168457207571733	0.8023362826169445	([614, 210], [614, 345, 211])
1	0.7956737592805135	0.8024412557193178	([681, 29], [681, 178, 171])
1	0.7966034005549677	0.802588815760192	([370, 113], [370, 172, 28])
1	0.801584120643643	0.8032072957263	([486, 140], [486, 171, 170])
1	0.7427151414903888	0.803728502617797	([398, 140], [486, 398, 343])
1	0.7974498775709039	0.8042396822410713	([617, 30], [617, 137, 30])
1	0.7986946934645455	0.8045391508435205	([557, 125], [557, 176, 125])
1	0.5889365876273253	0.8048685968083382	([589, 331], [589, 532, 368])
1	0.6066158427847534	0.8049157868258952	([615, 194], [601, 584, 403])
1	0.7923437783704108	0.8055646651529474	([356, 160], [356, 346, 170])
1	0.5657641096850515	0.805791671483043	([592, 339], [592, 502, 320])
1	0.5861343940617486	0.8058546228380625	([513, 339], [513, 339, 320])
1	0.8027789762981126	0.805869767482971	([506, 20], [535, 506, 20])
1	0.7969263603738311	0.8059738533741497	([564, 32], [564, 534, 32])
1	0.7981450599784369	0.8067754634316684	([642, 533], [642, 571, 551])
1	0.7947031065469328	0.8068657787309632	([392, 143], [392, 370, 130])
1	0.8003438338451296	0.8070192639910219	([409, 157], [405, 402, 145])
1	0.7701427249483681	0.8075852226599105	([361, 54], [361, 355, 54])
1	0.5472831172511887	0.8078304898018102	([209, 204], [209, 204, 195])
1	0.8018428154183943	0.8082640292722809	([645, 427], [645, 464, 388])
1	0.6238232360130731	0.8084023178273994	([445, 202], [605, 445, 396])
1	0.7950601999454147	0.8084670888680124	([688, 393], [688, 500, 393])
1	0.8015801349010728	0.8087205513804322	([505, 13], [505, 346, 13])
1	0.5419988890353784	0.8088731900018009	([322, 78], [322, 214, 78])
1	0.7988395351538811	0.8090339304992045	([495, 101], [495, 186, 3])
1	0.7775932822210064	0.8094245121220502	([685, 420], [685, 605, 420])
1	0.8045285180058326	0.8094848135242307	([559, 139], [595, 559, 139])
1	0.72851600840759	0.8095872191680729	([576, 325], [582, 385, 325])
1	0.8091427558513107	0.8095900685814678	([357, 65], [357, 117, 74])
1	0.7893709119763952	0.8095900685814678	([357, 117], [357, 348, 74])
1	0.7962551947430638	0.809679298598425	([413, 20], [413, 372, 355])
1	0.8050553582412632	0.8098466078044008	([611, 25], [611, 167, 6])
1	0.7957945088424819	0.8100368120160355	([563, 18], [616, 563, 18])
1	0.807909838639601	0.8103349525493331	([688, 36], [688, 633, 610])
1	0.8008455260649129	0.810880846848938	([461, 9], [461, 179, 96])
1	0.8105704996107992	0.8111488103109386	([581, 123], [581, 437, 346])
1	0.7973552652764915	0.8112899289007351	([592, 119], [592, 355, 153])
1	0.8070725779449853	0.8113154498193375	([502, 39], [597, 502, 39])
1	0.8022012002229357	0.811613619037584	([409, 96], [437, 390, 96])
1	0.8076683325432185	0.8119998900684471	([499, 136], [499, 350, 71])
1	0.7943289971458471	0.8120636318751641	([505, 139], [505, 363, 139])
1	0.7944324242259315	0.8124366992382872	([533, 121], [555, 121, 57])
1	0.8058252778819661	0.8125639161813774	([517, 117], [517, 205, 98])
1	0.8104880979349753	0.8132263047393559	([528, 61], [528, 392, 130])
1	0.810792832793388	0.8132263047393559	([527, 130], [528, 527, 130])
1	0.7982781323537583	0.8132465685144366	([417, 53], [417, 114, 53])
1	0.808410984632221	0.813488511436171	([519, 79], [519, 506, 79])
1	0.8067819716351332	0.8135775244500115	([532, 144], [532, 355, 349])
1	0.5015378332357889	0.8138243897014222	([323, 157], [323, 143, 89])
1	0.811340102878006	0.8140939741451858	([533, 24], [533, 421, 212])
1	0.8070687451682663	0.814322524637681	([483, 69], [483, 475, 54])
1	0.8048005014391632	0.8143921172931436	([500, 108], [500, 186, 96])
1	0.6439437257716498	0.8145430314394633	([389, 337], [586, 389, 341])
1	0.8049286598615931	0.8160304268637478	([660, 19], [660, 193, 178])
1	0.776660777720305	0.8163219733781149	([667, 78], [667, 617, 13])
1	0.7955771789084316	0.8163502272553694	([371, 111], [371, 352, 111])
1	0.8067554631249381	0.8165109379937828	([399, 81], [567, 399, 346])
1	0.7984876459830273	0.8166335603826432	([668, 10], [645, 176, 174])
1	0.6414688523632817	0.8168033630724653	([591, 337], [617, 389, 337])
1	0.8123437585433687	0.8168364937777693	([644, 97], [644, 211, 97])
1	0.49926520471921687	0.817051697589021	([211, 210], [335, 195, 165])
1	0.5495949782674988	0.818024879502739	([203, 113], [359, 203, 113])
1	0.806994023140317	0.8180470948953199	([637, 19], [637, 182, 178])
1	0.7748484501714714	0.8180921630262339	([552, 109], [552, 482, 109])
1	0.8162892396931016	0.8182537316287591	([690, 88], [690, 88, 69])
1	0.7883799695325738	0.8186207422960521	([442, 75], [442, 214, 87])
1	0.8152575776519826	0.8187765339107927	([474, 105], [474, 166, 105])
1	0.8062241878445578	0.818898265385928	([471, 132], [471, 350, 132])
1	0.7946360217744355	0.8192178503375422	([473, 115], [473, 205, 109])
1	0.8107372035615583	0.8197118606677138	([540, 56], [540, 408, 20])
1	0.81791755749364	0.8199076275774688	([586, 84], [586, 563, 84])
1	0.8150442518573527	0.8202459938130787	([654, 70], [654, 175, 3])
1	0.8021102372404447	0.8203453510346507	([403, 41], [403, 167, 158])
1	0.8092486590385022	0.8204213934668144	([577, 50], [577, 345, 12])
1	0.8179354026910307	0.8205316353650159	([551, 83], [551, 346, 107])
1	0.7974393221224254	0.820765658323771	([625, 31], [625, 181, 1])
1	0.5289057950290772	0.8207702651423295	([375, 306], [572, 375, 344])
1	0.7902430770024673	0.8212385269501853	([364, 45], [364, 342, 45])
1	0.5305356223837543	0.8216338058184472	([687, 199], [687, 618, 500])
1	0.4953571108718424	0.821689243007167	([303, 137], [303, 177, 137])
1	0.6057219401364901	0.821689243007167	([317, 177], [317, 177, 137])
1	0.8118783007127621	0.821868725674807	([455, 195], [455, 388, 195])
1	0.8076367569734212	0.8227881244728366	([419, 26], [419, 359, 26])
1	0.5402215168200533	0.8228911938500274	([554, 199], [618, 583, 459])
1	0.8194583956919604	0.8228956122627367	([653, 38], [653, 558, 1])
1	0.7985332976814088	0.8234521223162555	([601, 93], [601, 598, 93])
1	0.8056893026017244	0.8237466235348547	([482, 67], [482, 67, 33])
1	0.8238234940087081	0.8242399120839475	([404, 58], [404, 81, 58])
1	0.8246568793276103	0.8250222861306786	([686, 119], [686, 606, 107])
1	0.5377528891048635	0.8255011477634282	([598, 338], [598, 493, 355])
1	0.6265163725580476	0.8259164733788601	([417, 331], [417, 331, 153])
1	0.8134115020925716	0.8260613927722394	([552, 73], [552, 491, 73])
1	0.8065040206967429	0.8260759492324343	([595, 15], [595, 114, 25])
1	0.4710566350824826	0.8260905249078533	([411, 312], [429, 411, 355])
1	0.8082766390689534	0.8261490963079726	([591, 145], [591, 370, 349])
1	0.8151007995687789	0.8270437116906366	([579, 90], [579, 575, 90])
1	0.5033016967698647	0.8274882179682829	([316, 19], [387, 316, 169])
1	0.5306410147230486	0.8277328923332916	([468, 338], [598, 390, 338])
1	0.5973781918219397	0.8282800479017396	([691, 579], [691, 615, 579])
1	0.8206450059421119	0.8293487480091585	([517, 38], [551, 517, 38])
1	0.8151911949322419	0.829851689090133	([578, 59], [578, 174, 32])
1	0.5274568238854086	0.8299909873044294	([306, 138], [306, 195, 138])
1	0.827468069572347	0.8303706206673692	([536, 110], [536, 359, 110])
1	0.5803824646871838	0.8311003304892051	([399, 313], [399, 362, 313])
1	0.8250201117361923	0.832213384673742	([445, 18], [563, 445, 170])
1	0.817573425340151	0.832669507416874	([465, 56], [465, 166, 95])
1	0.6406635425251973	0.833210678189738	([654, 334], [678, 483, 450])
1	0.7921357087575301	0.833930610773308	([655, 24], [655, 625, 24])
1	0.8188629155239052	0.8343345996114351	([657, 35], [657, 167, 81])
1	0.5183081845084724	0.8343987863844119	([558, 338], [558, 468, 338])
1	0.8072327424990212	0.8352226868348457	([672, 155], [672, 179, 155])
1	0.5615614885018488	0.8358655886436606	([313, 155], [313, 189, 155])
1	0.8304785744730254	0.8361743500588017	([666, 50], [666, 647, 50])
1	0.8295798365729916	0.8382858697911115	([659, 49], [659, 319, 31])
1	0.8358512975795043	0.8386538208730435	([445, 302], [445, 348, 302])
1	0.5570176358121783	0.8390944118338337	([423, 330], [423, 330, 112])
1	0.6569713174588004	0.8413003146432798	([690, 207], [690, 603, 207])
1	0.5011422140602131	0.8414605800613604	([347, 335], [365, 347, 342])
1	0.49730982906328886	0.8422164956856505	([522, 336], [544, 522, 369])
1	0.8297603349231016	0.8433804174123866	([645, 302], [645, 302, 11])
1	0.5252633484297906	0.8437251981750507	([338, 30], [344, 338, 30])
1	0.5029097183150948	0.8440806512768699	([544, 330], [544, 330, 112])
1	0.8356681570231999	0.8449121074454525	([677, 195], [677, 627, 195])
1	0.8430293917350286	0.844995461344098	([685, 111], [685, 183, 101])
1	0.4971945719694584	0.8458454238628296	([330, 191], [330, 204, 112])
1	0.5212479437152073	0.8459251049181988	([200, 182], [374, 200, 182])
1	0.6245726123036374	0.8480307848728053	([531, 202], [531, 445, 343])
1	0.5305823808032586	0.8482214375696178	([199, 73], [199, 89, 73])
1	0.505271721942296	0.8510876809695652	([441, 309], [441, 379, 309])
1	0.5251620940625474	0.8544646159478702	([618, 199], [554, 199, 27])
1	0.5153628355417269	0.8554976270742222	([364, 310], [538, 364, 319])
1	0.5072960499730506	0.8560875434993936	([361, 312], [429, 361, 312])
1	0.6554988264482385	0.8585296836690578	([674, 317], [674, 430, 317])
1	0.5140924460589459	0.8607101825329914	([212, 210], [347, 305, 212])
1	0.5333545097985818	0.8634495767860291	([593, 330], [593, 330, 67])
1	0.497171728124223	0.8644151350761166	([344, 338], [558, 338, 195])
1	0.5428388329257046	0.8649190600749078	([620, 200], [620, 380, 200])
1	0.48481272752815785	0.8654561243129969	([335, 195], [504, 310, 195])
1	0.498386327458123	0.8687983110462811	([199, 89], [618, 344, 199])
1	0.5976973249351376	0.8690801787638784	([605, 202], [531, 378, 202])
1	0.6330032690908765	0.8713285751765888	([617, 337], [389, 337, 189])
1	0.5452615036193382	0.8741458522573119	([306, 65], [306, 138, 65])
1	0.5762721224837377	0.8743602377584115	([548, 313], [548, 313, 189])
1	0.49091978773158695	0.8764438627184997	([323, 89], [420, 323, 143])
1	0.5564625101563335	0.8775496984236624	([466, 322], [466, 322, 136])
1	0.583844115118493	0.8785624412856529	([378, 202], [531, 204, 202])
1	0.520331959174395	0.8790545010769599	([621, 306], [593, 306, 195])
1	0.5763846175016943	0.8828280707233038	([515, 322], [515, 322, 204])
1	0.48310760458329677	0.883004045561673	([544, 543], [560, 498, 223])
1	0.5155492062466849	0.8838842878434143	([686, 303], [686, 303, 177])
1	0.5406088223584502	0.8846731024629305	([362, 313], [399, 313, 155])
1	0.49896645996647115	0.8853523058046736	([635, 323], [635, 634, 323])
1	0.49749347029422375	0.8897207296673353	([347, 330], [347, 330, 191])
1	0.4904480227926348	0.8923593711748413	([333, 188], [339, 337, 320])
1	0.4734252705006383	0.8972204209728172	([544, 336], [522, 411, 336])
1	0.492887024038506	0.8989851914660552	([336, 16], [544, 336, 16])
1	0.4970183733209016	0.9023280829605569	([342, 314], [319, 313, 207])
1	0.5167458765196714	0.9036238538309305	([217, 94], [412, 217, 94])
1	0.49443583241083927	0.9063649606336217	([589, 201], [590, 409, 201])
1	0.48730149500277675	0.906666283764546	([213, 208], [561, 196, 192])
1	0.5063647302625731	0.907763734037084	([309, 43], [357, 309, 44])
1	0.4901001529352284	0.908222192085946	([410, 201], [590, 201, 75])
1	0.47584392923577523	0.9086075203022258	([312, 77], [361, 312, 77])
1	0.5381542909774124	0.9093255791279496	([313, 189], [319, 313, 206])
1	0.49670437880040497	0.9096981489774749	([469, 321], [469, 321, 167])
1	0.4787537328564153	0.9112860577777179	([198, 18], [198, 188, 18])
1	0.484319292702019	0.9184158390166623	([543, 198], [543, 198, 188])
1	0.5299225586520779	0.9228746229613192	([305, 142], [305, 211, 210])
1	0.48917322041707295	0.925706767707237	([348, 347], [347, 307, 154])
1	0.5159735307450619	0.9288356480961968	([374, 200], [214, 200, 183])
1	0.5271864542763579	0.9345126281439504	([339, 137], [421, 339, 137])
1	0.6036342616636421	0.9365467185145705	([510, 329], [578, 329, 100])
1	0.4999951378288123	0.9369624670057649	([413, 217], [413, 217, 215])
1	0.5681402301351708	0.9613079167262673	([345, 331], [331, 204, 202])
0	0.0	0.9671727601315024	([328], [355, 354])
0	0.0	0.9701868312853562	([80], [80, 79])
0	0.0	0.9727854916634187	([311], [355, 353])
0	0.0	0.9744965181443631	([120], [120, 119])
1	0.5664770406321745	0.9914378897980185	([204, 202], [325, 320, 202])
1	0.9752396345243906	0.9943681475317901	([354, 335], [360, 354, 349])
0	0.0	1.0	([219], [219, 0])
0	0.0	1.0	([221], [221, 0])
0	0.0	1.0	([224], [224, 0])
0	0.0	1.0	([226], [226, 0])
0	0.0	1.0	([227], [227, 0])
0	0.0	1.0	([228], [228, 0])
0	0.0	1.0	([229], [229, 0])
0	0.0	1.0	([230], [230, 0])
0	0.0	1.0	([231], [231, 0])
0	0.0	1.0	([232], [232, 0])
0	0.0	1.0	([233], [233, 0])
0	0.0	1.0	([234], [234, 0])
0	0.0	1.0	([235], [235, 0])
0	0.0	1.0	([236], [236, 0])
0	0.0	1.0	([237], [237, 0])
0	0.0	1.0	([238], [238, 0])
0	0.0	1.0	([239], [239, 0])
0	0.0	1.0	([240], [240, 0])
0	0.0	1.0	([241], [241, 0])
0	0.0	1.0	([242], [242, 0])
0	0.0	1.0	([243], [243, 0])
0	0.0	1.0	([244], [244, 0])
0	0.0	1.0	([245], [245, 0])
0	0.0	1.0	([246], [246, 0])
0	0.0	1.0	([247], [247, 0])
0	0.0	1.0	([248], [248, 0])
0	0.0	1.0	([249], [249, 0])
0	0.0	1.0	([250], [250, 0])
0	0.0	1.0	([251], [251, 0])
0	0.0	1.0	([252], [252, 0])
0	0.0	1.0	([253], [253, 0])
0	0.0	1.0	([254], [254, 0])
0	0.0	1.0	([255], [255, 0])
0	0.0	1.0	([256], [256, 0])
0	0.0	1.0	([257], [257, 0])
0	0.0	1.0	([258], [258, 0])
0	0.0	1.0	([259], [259, 0])
0	0.0	1.0	([260], [260, 0])
0	0.0	1.0	([261], [261, 0])
0	0.0	1.0	([262], [262, 0])
0	0.0	1.0	([263], [263, 0])
0	0.0	1.0	([264], [264, 0])
0	0.0	1.0	([265], [265, 0])
0	0.0	1.0	([266], [266, 0])
0	0.0	1.0	([267], [267, 0])
0	0.0	1.0	([268], [268, 0])
0	0.0	1.0	([269], [269, 0])
0	0.0	1.0	([270], [270, 0])
0	0.0	1.0	([271], [271, 0])
0	0.0	1.0	([272], [272, 0])
0	0.0	1.0	([273], [273, 0])
0	0.0	1.0	([274], [274, 0])
0	0.0	1.0	([275], [275, 0])
0	0.0	1.0	([276], [276, 0])
0	0.0	1.0	([277], [277, 0])
0	0.0	1.0	([278], [278, 0])
0	0.0	1.0	([279], [279, 0])
0	0.0	1.0	([280], [280, 0])
0	0.0	1.0	([281], [281, 0])
0	0.0	1.0	([282], [282, 0])
0	0.0	1.0	([283], [283, 0])
0	0.0	1.0	([284], [284, 0])
0	0.0	1.0	([285], [285, 0])
0	0.0	1.0	([286], [286, 0])
0	0.0	1.0	([287], [287, 0])
0	0.0	1.0	([288], [288, 0])
0	0.0	1.0	([289], [289, 0])
0	0.0	1.0	([290], [290, 0])
0	0.0	1.0	([291], [291, 0])
0	0.0	1.0	([292], [292, 0])
0	0.0	1.0	([293], [293, 0])
0	0.0	1.0	([294], [294, 0])
0	0.0	1.0	([295], [295, 0])
0	0.0	1.0	([296], [296, 0])
0	0.0	1.0	([297], [297, 0])
0	0.0	1.0	([298], [298, 0])
0	0.0	1.0	([299], [299, 0])
0	0.0	1.0	([300], [300, 0])
0	0.0	1.0	([301], [301, 0])
0	0.0	1.0	([304], [304, 0])
0	0.0	1.0	([315], [315, 0])
0	0.0	1.0	([332], [332, 0])
0	0.0	1.0	([340], [340, 0])
0	0.0	inf	([220], [])
