0	0.0	0.22112874926396145	([60], [60, 59])
0	0.0	0.22621832121577826	([61], [61, 60])
0	0.0	0.22809621217051926	([28], [28, 27])
0	0.0	0.228675847831857	([59], [59, 58])
0	0.0	0.23098757853525206	([12], [12, 11])
0	0.0	0.23339490056795487	([13], [13, 12])
0	0.0	0.23378477756921348	([26], [26, 25])
0	0.0	0.23719743806516827	([25], [25, 24])
0	0.0	0.2390061765659299	([301], [301, 300])
0	0.0	0.23979831027740728	([24], [24, 23])
0	0.0	0.24008067420708035	([27], [27, 26])
0	0.0	0.2406593090936518	([44], [44, 43])
0	0.0	0.24185021240341628	([57], [57, 56])
0	0.0	0.2425113126863727	([42], [42, 41])
0	0.0	0.24445761410055175	([300], [300, 299])
0	0.0	0.24529404528025392	([302], [302, 301])
0	0.0	0.2455826472509859	([40], [40, 39])
0	0.0	0.24605713909636187	([32], [32, 31])
0	0.0	0.2461592945818784	([427], [427, 426])
0	0.0	0.2463222488291539	([11], [11, 10])
0	0.0	0.24727068408901173	([293], [293, 292])
0	0.0	0.2490658526086861	([30], [30, 29])
0	0.0	0.2508556967700488	([79], [79, 78])
0	0.0	0.25086455304316274	([23], [23, 22])
0	0.0	0.25130780084800625	([436], [436, 435])
0	0.0	0.2516108694589333	([19], [19, 18])
0	0.0	0.2516893236096451	([506], [506, 505])
0	0.0	0.25182729355380906	([435], [435, 434])
0	0.0	0.2528072446244814	([505], [506, 504])
0	0.0	0.2532430152070044	([299], [299, 298])
0	0.0	0.25407479645972114	([440], [440, 439])
0	0.0	0.2540850545603202	([10], [10, 9])
0	0.0	0.2545675672377907	([31], [31, 30])
0	0.0	0.254710040540218	([421], [421, 420])
0	0.0	0.2548002163733011	([22], [22, 21])
0	0.0	0.25500032396414324	([390], [390, 389])
0	0.0	0.25574898955227005	([9], [9, 8])
0	0.0	0.2558949427294141	([437], [437, 436])
0	0.0	0.25624670272493194	([313], [313, 312])
0	0.0	0.25662675514503286	([7], [7, 6])
0	0.0	0.25750592996717525	([410], [410, 409])
0	0.0	0.25811333085621496	([579], [579, 578])
0	0.0	0.25949198628676745	([96], [96, 95])
0	0.0	0.2598234869454624	([433], [433, 432])
0	0.0	0.2598631269192717	([4], [4, 3])
0	0.0	0.26003027907801224	([439], [439, 438])
0	0.0	0.26006259488515066	([222], [222, 221])
0	0.0	0.2603063280100343	([333], [333, 332])
0	0.0	0.2603234664943606	([446], [446, 445])
0	0.0	0.26065767358185615	([438], [438, 437])
0	0.0	0.2615319733931016	([265], [265, 264])
0	0.0	0.2617093844129406	([18], [18, 17])
0	0.0	0.26178880064598414	([262], [262, 261])
0	0.0	0.26203584303607325	([527], [527, 526])
0	0.0	0.26213933075707646	([33], [33, 32])
0	0.0	0.2622340136977121	([430], [430, 429])
0	0.0	0.262450920605927	([78], [79, 77])
0	0.0	0.26279242956659893	([21], [21, 20])
0	0.0	0.2636950637643267	([425], [425, 424])
0	0.0	0.2640623826148404	([86], [86, 85])
0	0.0	0.26420862347665064	([429], [430, 428])
0	0.0	0.26476498732445425	([545], [545, 544])
0	0.0	0.2648980908924975	([424], [424, 423])
0	0.0	0.2655404630922976	([297], [297, 295])
0	0.0	0.2658181350862311	([221], [221, 220])
0	0.0	0.26610415651610014	([294], [294, 293])
0	0.0	0.2661543103677584	([72], [72, 71])
0	0.0	0.26664125307287695	([432], [432, 431])
0	0.0	0.2668067530093008	([216], [216, 215])
0	0.0	0.2672367865555049	([445], [445, 444])
0	0.0	0.2674344168748966	([85], [86, 84])
0	0.0	0.2677551481089489	([553], [553, 552])
0	0.0	0.26788080650550616	([426], [426, 425])
0	0.0	0.2681955804899789	([381], [381, 380])
0	0.0	0.2686175096602326	([380], [380, 379])
0	0.0	0.26866090270949955	([391], [391, 390])
0	0.0	0.26882775492280453	([389], [389, 388])
0	0.0	0.26898289724168584	([43], [43, 42])
0	0.0	0.26925313663230843	([334], [334, 333])
0	0.0	0.2695761339256553	([552], [552, 551])
0	0.0	0.2703257762388632	([434], [434, 433])
0	0.0	0.270424432985154	([295], [295, 294])
0	0.0	0.2706528785256349	([298], [298, 297])
0	0.0	0.2707117914046783	([510], [510, 509])
0	0.0	0.2707176505780601	([542], [542, 541])
0	0.0	0.2715627302652174	([416], [416, 415])
0	0.0	0.27172379444350203	([35], [35, 34])
0	0.0	0.2718441726526389	([215], [215, 214])
0	0.0	0.2729472521008562	([316], [316, 315])
0	0.0	0.27309968513557803	([16], [16, 15])
0	0.0	0.2733474701520768	([336], [336, 335])
0	0.0	0.2746485863092333	([431], [431, 430])
0	0.0	0.2748854459976686	([204], [204, 203])
0	0.0	0.275080762801089	([20], [20, 19])
0	0.0	0.2753710365080591	([414], [414, 413])
0	0.0	0.2755658466000433	([441], [441, 440])
0	0.0	0.2760636349286964	([554], [554, 553])
0	0.0	0.27624197049755	([6], [6, 5])
0	0.0	0.27633221543567904	([41], [41, 40])
0	0.0	0.27642805585475855	([303], [303, 298])
0	0.0	0.27656258787786514	([17], [17, 16])
0	0.0	0.2768896665297083	([543], [543, 542])
0	0.0	0.2774937356679405	([71], [71, 70])
0	0.0	0.2785062512715905	([503], [503, 502])
0	0.0	0.27864373993573394	([29], [29, 28])
0	0.0	0.2790688070549215	([8], [8, 7])
0	0.0	0.2792034261324021	([242], [242, 241])
0	0.0	0.2792175495619314	([77], [77, 76])
0	0.0	0.2793851241953409	([388], [388, 387])
0	0.0	0.27970413430549373	([70], [70, 69])
0	0.0	0.27982736734529573	([36], [36, 35])
0	0.0	0.27997970135666694	([546], [546, 545])
0	0.0	0.28030295017403234	([14], [14, 13])
0	0.0	0.2808390571057018	([292], [297, 296])
0	0.0	0.2809284680738447	([15], [15, 14])
0	0.0	0.28114909682389616	([244], [244, 243])
0	0.0	0.2811647820651211	([34], [34, 33])
0	0.0	0.2815847588209929	([428], [428, 427])
0	0.0	0.28229143691253233	([315], [315, 314])
0	0.0	0.2824210797008981	([261], [261, 260])
0	0.0	0.2824323865778891	([318], [318, 317])
0	0.0	0.28257022979092616	([504], [504, 503])
0	0.0	0.28312097152612603	([413], [413, 412])
0	0.0	0.2832885163882382	([526], [526, 525])
0	0.0	0.28407876394270154	([5], [5, 4])
0	0.0	0.28491747592548994	([412], [412, 411])
0	0.0	0.28494314981991836	([170], [170, 169])
0	0.0	0.28500073978909146	([214], [214, 213])
0	0.0	0.2851258773310459	([257], [257, 256])
0	0.0	0.28552707566352536	([555], [555, 554])
0	0.0	0.2859068463246985	([467], [467, 466])
0	0.0	0.2859945228349748	([507], [507, 506])
0	0.0	0.28612225586467005	([450], [450, 449])
0	0.0	0.2861290488936857	([497], [497, 496])
1	0.2824069115028525	0.286510579059455	([303, 302], [303, 302, 298])
0	0.0	0.286698719845417	([415], [415, 414])
0	0.0	0.2868066455642504	([472], [472, 471])
0	0.0	0.2871753758714675	([537], [537, 536])
0	0.0	0.2873084889102873	([45], [45, 44])
0	0.0	0.2876003245807468	([243], [243, 242])
0	0.0	0.28776075637829857	([489], [489, 488])
0	0.0	0.2879308540355279	([370], [370, 369])
0	0.0	0.28801776274713126	([268], [268, 267])
0	0.0	0.2884111433103211	([509], [509, 508])
0	0.0	0.2887226674486279	([51], [51, 50])
0	0.0	0.28876153933370663	([271], [271, 270])
0	0.0	0.28880841041196464	([266], [266, 265])
0	0.0	0.2893835544305935	([168], [168, 167])
0	0.0	0.2895048742687539	([387], [387, 386])
0	0.0	0.2895862462184505	([304], [304, 303])
0	0.0	0.28988687738615515	([253], [253, 252])
0	0.0	0.2900526840200183	([564], [564, 563])
0	0.0	0.2905933213516518	([291], [291, 290])
0	0.0	0.29065669746771644	([581], [581, 580])
0	0.0	0.29067961838685835	([462], [462, 461])
0	0.0	0.29070021061752915	([267], [267, 266])
0	0.0	0.2912401099772947	([480], [480, 479])
0	0.0	0.29130598957816983	([376], [376, 375])
0	0.0	0.29139625152521154	([125], [125, 124])
0	0.0	0.2915386305116004	([105], [105, 104])
0	0.0	0.29161391882331805	([367], [367, 366])
0	0.0	0.29194391226457866	([241], [241, 240])
0	0.0	0.29223643479377903	([483], [483, 482])
0	0.0	0.2922983678292187	([234], [234, 233])
0	0.0	0.2924206002912071	([132], [132, 131])
0	0.0	0.2925104412377996	([525], [525, 524])
0	0.0	0.29257517789855564	([73], [73, 72])
0	0.0	0.29270753226112367	([188], [188, 187])
0	0.0	0.2928512710069892	([468], [468, 467])
0	0.0	0.29289368337200317	([270], [270, 269])
0	0.0	0.2929484062857299	([538], [538, 537])
0	0.0	0.2930198420227865	([80], [80, 77])
0	0.0	0.29322809454105786	([52], [52, 51])
0	0.0	0.2932626150458075	([182], [182, 181])
0	0.0	0.2936849502323171	([317], [317, 316])
0	0.0	0.2937241283385568	([120], [120, 119])
0	0.0	0.2937724475501653	([406], [406, 405])
0	0.0	0.2938394304732245	([163], [163, 162])
0	0.0	0.2938718183800273	([117], [117, 116])
0	0.0	0.2939365262075067	([314], [315, 313])
0	0.0	0.2939790057242858	([488], [488, 487])
0	0.0	0.2941020941715827	([529], [529, 528])
0	0.0	0.2943772835790638	([407], [407, 406])
0	0.0	0.29442152521273096	([344], [344, 343])
0	0.0	0.2948887418221475	([106], [106, 105])
0	0.0	0.2948918393752158	([547], [547, 546])
0	0.0	0.2949917931498938	([442], [442, 441])
0	0.0	0.29518425178940544	([359], [359, 358])
0	0.0	0.2954661618170324	([83], [83, 82])
0	0.0	0.29562656547374006	([375], [375, 374])
0	0.0	0.2957280890513233	([258], [258, 257])
0	0.0	0.295862678232878	([479], [479, 478])
0	0.0	0.2958658175415385	([340], [340, 339])
0	0.0	0.2961833639384423	([237], [237, 236])
0	0.0	0.29626672845069113	([518], [518, 517])
0	0.0	0.29629828303464056	([550], [550, 549])
0	0.0	0.29645069346946956	([138], [138, 137])
0	0.0	0.29671451398385745	([485], [485, 484])
0	0.0	0.2967559926373316	([466], [466, 465])
0	0.0	0.2969246519275401	([335], [335, 334])
0	0.0	0.29693688389323675	([194], [194, 193])
0	0.0	0.29699053555919686	([377], [377, 376])
0	0.0	0.2970259114088631	([517], [517, 516])
0	0.0	0.29704071595078124	([423], [423, 422])
0	0.0	0.29712338503750424	([576], [576, 575])
0	0.0	0.2977296873104986	([167], [167, 166])
0	0.0	0.29786774690400336	([379], [379, 378])
0	0.0	0.2979989713983087	([351], [351, 350])
0	0.0	0.29826483777912555	([559], [559, 558])
0	0.0	0.2983924041314669	([490], [490, 489])
0	0.0	0.29849911470838797	([140], [140, 139])
0	0.0	0.29856902129298657	([528], [528, 527])
0	0.0	0.29863907677592283	([275], [275, 274])
0	0.0	0.2986909148131192	([201], [201, 200])
0	0.0	0.2989062575290244	([161], [161, 160])
0	0.0	0.2989581046304217	([154], [154, 153])
0	0.0	0.2991553953451384	([152], [152, 151])
0	0.0	0.2993299459282695	([282], [282, 281])
0	0.0	0.29936797551344146	([296], [292, 291])
0	0.0	0.29955413177559487	([53], [53, 52])
0	0.0	0.2996500288047182	([469], [469, 468])
0	0.0	0.29971465171781225	([326], [326, 325])
0	0.0	0.29982951798135804	([560], [560, 559])
0	0.0	0.2998823739577368	([418], [418, 417])
0	0.0	0.29997133500381795	([454], [454, 453])
0	0.0	0.29998687625968024	([408], [408, 407])
0	0.0	0.30000191408225724	([551], [551, 550])
0	0.0	0.30008229568092165	([89], [89, 88])
0	0.0	0.3001008478655503	([502], [502, 501])
0	0.0	0.30010868680276676	([575], [575, 574])
0	0.0	0.3001754777086581	([566], [566, 565])
0	0.0	0.30030789425335946	([374], [374, 373])
0	0.0	0.3004623850602802	([133], [133, 132])
0	0.0	0.3004703719909695	([495], [495, 494])
0	0.0	0.30059312566339363	([148], [148, 147])
0	0.0	0.300628661119261	([103], [103, 102])
0	0.0	0.30103698927004213	([108], [108, 107])
0	0.0	0.30116739684995963	([104], [104, 103])
0	0.0	0.3012523688271321	([250], [250, 249])
0	0.0	0.301386472362322	([203], [203, 202])
0	0.0	0.3014018610492738	([366], [366, 365])
0	0.0	0.3015491143922528	([283], [283, 282])
0	0.0	0.3015580600456046	([153], [153, 152])
0	0.0	0.3016270758015849	([126], [126, 125])
0	0.0	0.301649644331434	([183], [183, 181])
0	0.0	0.30167250895071557	([238], [238, 237])
0	0.0	0.30183051569591685	([460], [460, 459])
0	0.0	0.3018405995148523	([328], [328, 327])
0	0.0	0.30185666320698384	([84], [84, 83])
0	0.0	0.3018901209050196	([263], [263, 260])
0	0.0	0.30219229370663975	([116], [116, 115])
0	0.0	0.3024357027085555	([458], [458, 457])
0	0.0	0.3025948577369553	([327], [327, 326])
0	0.0	0.30262721734808673	([136], [136, 134])
0	0.0	0.3027610747710886	([175], [175, 174])
0	0.0	0.3029067843574879	([134], [136, 135])
0	0.0	0.3029732173451562	([470], [470, 469])
0	0.0	0.30346009160468285	([544], [544, 543])
0	0.0	0.30361866354442607	([478], [478, 477])
0	0.0	0.3037372927252005	([582], [582, 581])
0	0.0	0.3037849487770721	([90], [90, 89])
0	0.0	0.3041466476798176	([50], [50, 49])
0	0.0	0.3041529662544401	([259], [259, 258])
0	0.0	0.30422782355535544	([567], [567, 566])
0	0.0	0.3043992394092763	([392], [392, 391])
0	0.0	0.30462568716331156	([286], [286, 285])
0	0.0	0.30472739596960335	([422], [422, 421])
0	0.0	0.3052251094419123	([400], [400, 399])
0	0.0	0.3053227741655465	([532], [532, 531])
0	0.0	0.30537713212896633	([477], [477, 476])
0	0.0	0.30540704880175906	([386], [386, 385])
0	0.0	0.3056259812612215	([447], [447, 446])
0	0.0	0.3058080910453144	([524], [524, 523])
0	0.0	0.3058533534420305	([562], [562, 561])
0	0.0	0.3058642975949583	([187], [187, 186])
0	0.0	0.3058872193513372	([101], [101, 100])
0	0.0	0.3059614731097713	([169], [169, 168])
0	0.0	0.30607028831829763	([144], [144, 143])
0	0.0	0.3062927371828102	([444], [444, 443])
0	0.0	0.3063541008953328	([165], [165, 164])
0	0.0	0.30642256745246216	([235], [235, 234])
0	0.0	0.30653550465537005	([459], [459, 458])
0	0.0	0.30681305222247257	([264], [264, 263])
0	0.0	0.30685941713545306	([135], [134, 133])
0	0.0	0.3070011915155821	([324], [324, 323])
0	0.0	0.30700790097936204	([81], [81, 80])
0	0.0	0.30712403976945246	([231], [231, 230])
0	0.0	0.307287417116068	([239], [239, 238])
0	0.0	0.3073977957938252	([448], [448, 446])
0	0.0	0.30747757264069775	([98], [98, 97])
0	0.0	0.30755159028208895	([456], [456, 455])
0	0.0	0.30759365181809806	([556], [556, 555])
0	0.0	0.3077513786889202	([398], [398, 397])
0	0.0	0.30783667014378546	([119], [119, 118])
0	0.0	0.30801991875770257	([99], [99, 98])
0	0.0	0.3081084300567955	([150], [150, 149])
0	0.0	0.30816686191757925	([457], [457, 456])
0	0.0	0.30830607206935734	([487], [487, 486])
0	0.0	0.3084412515765606	([508], [508, 507])
0	0.0	0.30849385834376125	([164], [164, 163])
0	0.0	0.3085093248639135	([202], [202, 201])
0	0.0	0.30851404349181427	([360], [360, 359])
0	0.0	0.3086296536101206	([224], [224, 223])
0	0.0	0.3086874619488461	([173], [173, 172])
0	0.0	0.3088688041669132	([515], [515, 514])
0	0.0	0.3089695874322947	([402], [402, 401])
0	0.0	0.3090039104635793	([465], [465, 464])
0	0.0	0.30953462300686546	([349], [349, 348])
0	0.0	0.30954402757341143	([287], [287, 286])
0	0.0	0.309664604596789	([449], [449, 448])
0	0.0	0.30979681528038844	([535], [535, 534])
0	0.0	0.3099019159617732	([230], [230, 229])
0	0.0	0.3099744607187038	([284], [284, 283])
0	0.0	0.31017684193904405	([97], [97, 96])
0	0.0	0.31032921677575054	([343], [343, 342])
0	0.0	0.310657976769804	([176], [176, 175])
0	0.0	0.3108307547235118	([131], [131, 130])
0	0.0	0.31118885092391796	([179], [179, 178])
0	0.0	0.3112686392581779	([571], [571, 570])
0	0.0	0.311338575283832	([494], [494, 493])
0	0.0	0.3116787520819774	([572], [572, 571])
0	0.0	0.3116994882330681	([210], [210, 209])
0	0.0	0.31171409955712454	([256], [256, 255])
0	0.0	0.3117509452717962	([481], [481, 480])
0	0.0	0.31195245720659176	([516], [516, 515])
0	0.0	0.31195857197247306	([319], [319, 318])
0	0.0	0.31206999253472073	([411], [411, 410])
0	0.0	0.3120719262822244	([217], [217, 216])
0	0.0	0.3122564575585513	([146], [146, 145])
0	0.0	0.31227596898192994	([404], [404, 403])
0	0.0	0.31228440576798605	([310], [310, 309])
0	0.0	0.3123823837702259	([443], [443, 442])
0	0.0	0.3124253326401593	([329], [329, 328])
0	0.0	0.31277134300674453	([181], [181, 180])
0	0.0	0.3128017723991964	([100], [100, 99])
0	0.0	0.31290588918141393	([491], [491, 490])
0	0.0	0.31290763326952825	([354], [354, 353])
0	0.0	0.3129136034735453	([461], [461, 460])
0	0.0	0.3132712006485841	([403], [403, 402])
0	0.0	0.31351537601761403	([580], [580, 579])
0	0.0	0.313594959030728	([332], [332, 331])
0	0.0	0.3135992572602153	([278], [278, 277])
0	0.0	0.3136008151020062	([540], [540, 539])
0	0.0	0.31365715236208996	([519], [519, 518])
0	0.0	0.31379411349437275	([123], [123, 122])
0	0.0	0.31391484590795304	([251], [251, 250])
0	0.0	0.31393989270052103	([209], [209, 208])
0	0.0	0.31413354770678187	([514], [514, 513])
0	0.0	0.31419023379574684	([196], [196, 195])
0	0.0	0.3142679941867494	([285], [285, 284])
0	0.0	0.3143695117708619	([122], [122, 121])
0	0.0	0.3144077448222736	([151], [151, 150])
0	0.0	0.3144717187453472	([353], [353, 352])
0	0.0	0.31470631986636227	([342], [342, 341])
0	0.0	0.3147355190509287	([531], [531, 530])
0	0.0	0.31477468840325484	([577], [577, 576])
0	0.0	0.3148779442025338	([55], [55, 54])
0	0.0	0.3151153417930968	([496], [496, 495])
0	0.0	0.315347691682836	([363], [363, 362])
0	0.0	0.3154349780970586	([113], [113, 112])
0	0.0	0.3154976843454002	([455], [455, 454])
0	0.0	0.31561571659211024	([338], [338, 337])
0	0.0	0.3156202063401509	([533], [533, 532])
0	0.0	0.31574371323450057	([75], [75, 74])
0	0.0	0.31578943970256096	([511], [511, 510])
0	0.0	0.31580960903796484	([147], [147, 146])
0	0.0	0.3158957815602168	([206], [206, 205])
0	0.0	0.31590287482867074	([54], [54, 53])
0	0.0	0.31604230607992095	([568], [568, 567])
0	0.0	0.31606894525015855	([192], [192, 191])
0	0.0	0.31610940861916353	([356], [356, 355])
0	0.0	0.3163299749968683	([523], [523, 522])
0	0.0	0.3164301685506978	([276], [276, 275])
0	0.0	0.3165070767442239	([207], [207, 206])
0	0.0	0.31661845840347974	([471], [471, 470])
0	0.0	0.3166404065535598	([180], [180, 179])
0	0.0	0.31687540594906327	([325], [325, 324])
0	0.0	0.31696571258109607	([233], [233, 232])
0	0.0	0.3170325514485564	([307], [307, 306])
0	0.0	0.3171163531366164	([92], [92, 91])
0	0.0	0.3172623023529865	([172], [172, 171])
0	0.0	0.31733123031126853	([124], [124, 123])
0	0.0	0.31734904692140264	([378], [378, 377])
0	0.0	0.3175864806580439	([184], [184, 183])
0	0.0	0.3176643600370495	([109], [109, 108])
0	0.0	0.3177442399205721	([394], [394, 393])
0	0.0	0.31778429150989856	([254], [254, 253])
0	0.0	0.3178182946390867	([166], [166, 165])
0	0.0	0.31798235108912487	([46], [46, 45])
0	0.0	0.31839183855255004	([476], [476, 475])
0	0.0	0.3185910398078188	([279], [279, 278])
0	0.0	0.318629031643553	([522], [522, 521])
0	0.0	0.3187951285120977	([492], [492, 491])
0	0.0	0.318886244325598	([185], [185, 184])
0	0.0	0.3188960561332847	([322], [322, 321])
0	0.0	0.3192207765214688	([548], [548, 547])
0	0.0	0.31928215657403675	([309], [309, 308])
0	0.0	0.31941081197198057	([474], [474, 473])
0	0.0	0.3194194970248681	([320], [320, 319])
0	0.0	0.31958612000557596	([65], [65, 64])
0	0.0	0.3197617835553031	([118], [118, 117])
0	0.0	0.319831566607252	([199], [199, 198])
0	0.0	0.31998367679357276	([269], [269, 268])
0	0.0	0.3201294898562891	([541], [541, 540])
0	0.0	0.3201477745912086	([247], [247, 246])
0	0.0	0.3202675952261854	([232], [232, 231])
0	0.0	0.32031504023250346	([339], [339, 338])
0	0.0	0.32033034711018177	([409], [409, 408])
0	0.0	0.3204173852410782	([323], [323, 322])
0	0.0	0.320440305450141	([66], [66, 65])
0	0.0	0.3205337299062166	([561], [561, 560])
0	0.0	0.32054433150396033	([255], [255, 254])
0	0.0	0.3205516540007565	([371], [371, 370])
0	0.0	0.32065809083784186	([401], [401, 400])
0	0.0	0.3207339784763157	([252], [252, 251])
0	0.0	0.3208131067668676	([127], [127, 126])
0	0.0	0.32083565277789033	([58], [58, 57])
0	0.0	0.32088552460719927	([452], [452, 451])
0	0.0	0.32124111339738715	([549], [549, 548])
0	0.0	0.3215090962890219	([570], [570, 569])
0	0.0	0.32151576365799694	([114], [114, 113])
0	0.0	0.3218200673198584	([229], [229, 228])
0	0.0	0.32242644370416296	([198], [198, 197])
0	0.0	0.32248211663728654	([193], [193, 192])
0	0.0	0.32256635248722454	([341], [341, 340])
0	0.0	0.32259798832640596	([346], [346, 345])
0	0.0	0.32277442893508385	([130], [130, 129])
0	0.0	0.3228818468180869	([306], [306, 305])
0	0.0	0.32305201598495237	([530], [530, 529])
0	0.0	0.32309200410162586	([240], [240, 239])
0	0.0	0.3233488643258421	([280], [280, 279])
0	0.0	0.32339072766493654	([157], [157, 156])
0	0.0	0.3234707321536793	([56], [56, 55])
0	0.0	0.3236358654529706	([372], [372, 371])
0	0.0	0.3237762703433667	([205], [205, 204])
0	0.0	0.3238318642727143	([493], [493, 492])
0	0.0	0.32392963648035117	([383], [383, 382])
0	0.0	0.32406512226611905	([345], [345, 344])
0	0.0	0.32418651281962	([382], [382, 381])
0	0.0	0.3241873229347723	([539], [539, 538])
0	0.0	0.3243723523594275	([95], [95, 94])
0	0.0	0.32438034924723674	([228], [228, 227])
0	0.0	0.3243919488387223	([249], [249, 248])
0	0.0	0.3246629366495121	([110], [110, 109])
0	0.0	0.32526573806054665	([186], [186, 185])
0	0.0	0.3253135101408969	([499], [499, 498])
0	0.0	0.32543101716018547	([226], [226, 225])
0	0.0	0.3257035952868648	([350], [350, 349])
0	0.0	0.32570421181513115	([289], [289, 288])
0	0.0	0.3258525986906973	([536], [536, 535])
0	0.0	0.3258528917807329	([274], [274, 273])
0	0.0	0.32596246886234914	([369], [369, 368])
0	0.0	0.3259869976654577	([347], [347, 346])
0	0.0	0.32611213451193605	([330], [330, 329])
0	0.0	0.32613031105539475	([82], [82, 81])
0	0.0	0.32617669714659686	([512], [512, 511])
0	0.0	0.3261784857184618	([362], [362, 361])
0	0.0	0.3264221679060855	([137], [137, 136])
0	0.0	0.32664254616359983	([189], [189, 188])
0	0.0	0.3267379660820308	([337], [337, 336])
0	0.0	0.3268127619706958	([513], [513, 512])
0	0.0	0.3269571204883617	([405], [405, 404])
0	0.0	0.3270444077070126	([482], [482, 481])
0	0.0	0.3273357369115888	([74], [74, 73])
0	0.0	0.32744700679106037	([211], [211, 210])
0	0.0	0.3274868268955111	([260], [260, 259])
0	0.0	0.327506872236677	([574], [574, 573])
0	0.0	0.327559114545037	([143], [143, 142])
0	0.0	0.32763703726770865	([93], [93, 92])
0	0.0	0.32776340290263295	([583], [583, 582])
0	0.0	0.32790518573960864	([573], [573, 572])
0	0.0	0.3281892983276774	([305], [305, 304])
0	0.0	0.3283683398758764	([393], [393, 392])
0	0.0	0.3284452774589341	([569], [569, 568])
0	0.0	0.3287172777869861	([473], [473, 472])
0	0.0	0.3288262189381326	([142], [142, 141])
0	0.0	0.32931689549861526	([200], [200, 199])
0	0.0	0.32942165006669183	([3], [3, 2])
0	0.0	0.32948532815486176	([218], [218, 217])
0	0.0	0.32979185159363	([288], [288, 287])
0	0.0	0.3299576320118445	([453], [453, 452])
0	0.0	0.330160101967986	([464], [464, 463])
0	0.0	0.3301678779710688	([236], [236, 235])
0	0.0	0.3308140886718503	([365], [365, 364])
0	0.0	0.33089756615678134	([171], [171, 170])
0	0.0	0.3309551241742415	([290], [290, 289])
0	0.0	0.3310379153334106	([308], [308, 307])
0	0.0	0.3314619769018317	([39], [39, 36])
0	0.0	0.3315564994428151	([139], [139, 138])
0	0.0	0.331860415152388	([121], [121, 120])
0	0.0	0.3319079734696509	([578], [578, 577])
0	0.0	0.3320391758047963	([565], [565, 564])
0	0.0	0.33220272377229937	([87], [87, 86])
0	0.0	0.3322358724417462	([364], [364, 363])
0	0.0	0.332334999868025	([213], [213, 212])
0	0.0	0.332479721987875	([281], [281, 280])
0	0.0	0.33286451101892794	([475], [475, 474])
0	0.0	0.3328736908457274	([534], [534, 533])
0	0.0	0.3328927033000849	([219], [219, 218])
0	0.0	0.3331586716348378	([451], [451, 450])
0	0.0	0.3332325474226356	([145], [145, 144])
0	0.0	0.3332357345001733	([396], [396, 395])
0	0.0	0.3332459701489085	([174], [174, 173])
0	0.0	0.33354490552434335	([223], [223, 222])
0	0.0	0.33378264376681527	([155], [155, 154])
0	0.0	0.3341099410173068	([373], [373, 372])
0	0.0	0.334125156873948	([245], [245, 244])
0	0.0	0.334438905227558	([195], [195, 194])
0	0.0	0.33451053360370603	([463], [463, 462])
0	0.0	0.3345414122657162	([417], [417, 416])
0	0.0	0.33459436435124185	([225], [225, 224])
0	0.0	0.33496629047325094	([563], [563, 562])
0	0.0	0.33509688512334895	([484], [484, 483])
0	0.0	0.3352164599996081	([352], [352, 351])
0	0.0	0.33598914923283607	([384], [384, 383])
1	0.31420823624128663	0.336152290302059	([529, 524], [529, 527, 526])
0	0.0	0.33661739383575695	([355], [355, 354])
0	0.0	0.3366271311753662	([420], [420, 419])
0	0.0	0.3366856219789629	([88], [88, 87])
0	0.0	0.3371562358823784	([557], [557, 556])
0	0.0	0.33717981576442807	([385], [385, 384])
0	0.0	0.33723869086495967	([156], [156, 155])
0	0.0	0.3374707887050121	([190], [190, 189])
0	0.0	0.3374967017532287	([191], [191, 190])
0	0.0	0.33756513652095527	([558], [558, 557])
0	0.0	0.33761533905594493	([94], [94, 93])
0	0.0	0.33794247396204263	([177], [177, 176])
1	0.33031769663076344	0.33796582667608877	([244, 240], [244, 243, 240])
0	0.0	0.3381052808750822	([128], [128, 127])
0	0.0	0.33876860040946294	([2], [39, 38])
0	0.0	0.33909985931140063	([76], [76, 75])
0	0.0	0.3399814771820283	([397], [397, 396])
0	0.0	0.34003513497916793	([63], [63, 62])
0	0.0	0.3406457915104561	([321], [321, 320])
0	0.0	0.3409924425340925	([272], [272, 271])
0	0.0	0.34205490037835523	([311], [311, 310])
0	0.0	0.3423099479581617	([102], [102, 101])
0	0.0	0.34251153366910836	([368], [368, 367])
0	0.0	0.34283188918397145	([115], [115, 114])
0	0.0	0.3429521773165571	([212], [212, 211])
0	0.0	0.3431262214356647	([158], [158, 157])
0	0.0	0.34356626651042865	([419], [419, 418])
0	0.0	0.34385805391087243	([162], [162, 161])
0	0.0	0.34394232725498497	([246], [246, 245])
0	0.0	0.34398163993833486	([520], [520, 519])
0	0.0	0.34426803061791605	([49], [49, 48])
0	0.0	0.3444376514913321	([500], [500, 499])
0	0.0	0.34444449938487703	([498], [498, 497])
0	0.0	0.3446956058756645	([38], [2, 1])
0	0.0	0.34531351229362	([248], [248, 247])
0	0.0	0.34618239435451514	([107], [107, 106])
0	0.0	0.3462840224984702	([486], [486, 485])
0	0.0	0.3465346245428586	([197], [197, 196])
0	0.0	0.34691827052841373	([273], [273, 272])
0	0.0	0.34752440809899543	([348], [348, 347])
0	0.0	0.3476459609170734	([112], [112, 111])
0	0.0	0.3494270369554789	([129], [129, 128])
0	0.0	0.34994115322270597	([399], [399, 398])
0	0.0	0.3500305813842857	([501], [501, 500])
0	0.0	0.3505795578216963	([178], [178, 177])
0	0.0	0.3506207415310657	([357], [357, 356])
0	0.0	0.3513608685528753	([47], [47, 46])
0	0.0	0.352530227031335	([159], [159, 158])
1	0.3490882566651471	0.3527419282798339	([87, 83], [87, 86, 84])
0	0.0	0.3534339785823432	([62], [62, 61])
0	0.0	0.35347472165978827	([358], [358, 357])
0	0.0	0.3544126835413166	([68], [68, 67])
0	0.0	0.3545954485429006	([141], [141, 140])
0	0.0	0.35522197962491725	([111], [111, 110])
0	0.0	0.3564058527608062	([160], [160, 159])
0	0.0	0.3566731516747182	([149], [149, 148])
0	0.0	0.3574314273277321	([312], [312, 311])
0	0.0	0.35822879156324816	([395], [395, 394])
0	0.0	0.35870897844335903	([277], [277, 276])
0	0.0	0.360555636375441	([227], [227, 226])
0	0.0	0.36292365057564485	([48], [48, 47])
0	0.0	0.3632759174368254	([64], [64, 63])
0	0.0	0.3637812356793406	([208], [208, 207])
0	0.0	0.3648909340023931	([220], [220, 219])
0	0.0	0.36495626805713616	([331], [331, 330])
0	0.0	0.365299584761332	([91], [91, 90])
0	0.0	0.3667295755207364	([521], [521, 520])
0	0.0	0.3681923915547972	([67], [67, 65])
0	0.0	0.37187025199900775	([69], [69, 68])
0	0.0	0.3775510492699343	([361], [361, 360])
1	0.36535695856608086	0.38173203742970924	([223, 219], [223, 222, 220])
0	0.0	0.3829134415892172	([1], [1, 0])
1	0.38688619930217094	0.3964752432082254	([119, 113], [119, 118, 113])
1	0.3720975736890779	0.3992131595227638	([572, 564], [571, 569, 568])
1	0.40435895735755345	0.4120589807765626	([405, 398], [405, 404, 398])
1	0.40230368356571566	0.4171056393072043	([404, 399], [404, 403, 399])
1	0.41249463281864757	0.4233658647903196	([62, 55], [62, 59, 56])
1	0.4224978264399971	0.42405414809688224	([310, 305], [310, 309, 308])
1	0.41811657544612596	0.42684603449478276	([344, 339], [344, 342, 340])
1	0.41191247416234256	0.4289465996207425	([187, 183], [187, 186, 183])
1	0.41862239420571745	0.4326101609773556	([121, 110], [120, 118, 112])
1	0.4303236771513744	0.4389708735213301	([405, 401], [405, 404, 403])
1	0.4177424023214632	0.44539998183287	([287, 279], [287, 283, 279])
1	0.4464757095479943	0.4464909575713912	([65, 54], [65, 64, 54])
1	0.44099835369128815	0.45556032566074206	([63, 53], [63, 62, 55])
1	0.4504807216829298	0.4556052312135778	([520, 512], [520, 515, 512])
1	0.42650909823076466	0.45611962488100516	([126, 110], [126, 122, 110])
1	0.4572036907933238	0.4583656038792546	([498, 490], [498, 496, 495])
1	0.4548937362384656	0.45932819008276526	([76, 72], [76, 75, 72])
1	0.4344731718961425	0.46044737100232974	([64, 52], [64, 63, 62])
1	0.4488557153646489	0.46592282685410763	([305, 289], [305, 304, 291])
1	0.4656921878567056	0.4676066759659127	([172, 162], [172, 168, 162])
1	0.4650757993944912	0.4681464349610259	([468, 459], [468, 465, 459])
1	0.47342272483427944	0.47363673127236244	([258, 250], [258, 254, 252])
1	0.4754073991682505	0.4768831426580612	([82, 74], [82, 81, 74])
1	0.45899501830517536	0.4812769937263179	([98, 90], [95, 92, 91])
1	0.46332994834345165	0.4821600511534043	([35, 15], [35, 32, 16])
1	0.47784423752742466	0.482338838226671	([372, 360], [373, 372, 360])
1	0.4609586759161066	0.4825450812517862	([479, 467], [479, 474, 473])
1	0.47772679722766614	0.48463735728427415	([373, 359], [372, 368, 361])
1	0.48314836020593616	0.4860168835736975	([512, 500], [512, 507, 500])
1	0.4749604873553718	0.48770783667031536	([191, 177], [191, 189, 177])
1	0.4719167168849457	0.4887266182173625	([515, 499], [515, 512, 499])
1	0.48863653278679214	0.4890647469646013	([309, 288], [309, 307, 288])
1	0.4871782647838203	0.49094545429978553	([497, 475], [497, 486, 475])
1	0.49445514555525516	0.49552319866544775	([359, 353], [359, 357, 353])
1	0.49017807975459904	0.4957192222761316	([554, 541], [554, 548, 547])
1	0.47658278898478157	0.49813951248929467	([162, 152], [161, 159, 152])
1	0.498879133916752	0.5011439918050493	([521, 508], [522, 521, 507])
1	0.4505811250594231	0.5036421525446179	([90, 76], [90, 86, 77])
1	0.4900379918386067	0.5038667933603912	([522, 507], [521, 518, 516])
1	0.4921888990658456	0.5070346349688655	([442, 422], [442, 433, 429])
1	0.5001065752239182	0.5072025529171494	([306, 286], [306, 304, 289])
1	0.4808914951384737	0.5124873941546307	([480, 460], [480, 476, 460])
1	0.4980443811913481	0.5156949764605623	([156, 142], [157, 156, 144])
1	0.4933378816503406	0.5169435609141978	([157, 138], [156, 155, 141])
1	0.5050633461236967	0.5176416091067365	([40, 12], [40, 26, 23])
1	0.5113936722756853	0.5210973752357134	([196, 172], [196, 192, 176])
1	0.5132593639298345	0.5212398618421455	([194, 164], [194, 177, 173])
1	0.5162267214558796	0.523099183602092	([246, 226], [246, 233, 228])
1	0.5191998125363286	0.5232219219557956	([558, 532], [558, 548, 532])
1	0.5205123273278772	0.5247978469455729	([313, 296], [313, 310, 304])
1	0.4910536482476744	0.5253618963109342	([158, 145], [158, 153, 149])
1	0.5050586000109035	0.527655737458753	([226, 209], [226, 219, 218])
1	0.5252776302675158	0.5290122842489351	([368, 355], [368, 360, 355])
1	0.5168163306996016	0.5296044838068271	([312, 298], [313, 312, 298])
1	0.5298367075964067	0.5299040833516313	([193, 170], [193, 192, 170])
1	0.5200241046385822	0.5304534667138425	([348, 330], [348, 342, 341])
1	0.5107875545807437	0.5310982660125863	([76, 59], [76, 69, 58])
1	0.5214277066077848	0.5333164004693527	([71, 60], [76, 71, 59])
1	0.5223793878833674	0.5337143976579267	([56, 46], [58, 57, 45])
1	0.5201626329815466	0.5353428091439073	([324, 307], [324, 322, 307])
1	0.533710021368847	0.5381931092305927	([42, 9], [42, 33, 9])
1	0.5333412594094704	0.5386997949345004	([213, 203], [213, 210, 207])
1	0.5072166287894857	0.5391258099247511	([519, 497], [519, 515, 497])
1	0.5377252852454716	0.5391569739739892	([316, 293], [316, 310, 304])
1	0.5378314804373284	0.5396193416462703	([336, 319], [336, 331, 319])
1	0.5366862881963951	0.5431489441337849	([131, 115], [131, 129, 115])
1	0.49634163138024545	0.5439202218645673	([58, 43], [62, 56, 46])
1	0.5445573335058691	0.5454307296124454	([457, 370], [465, 457, 368])
1	0.542912811879439	0.5475772453707152	([45, 3], [45, 43, 6])
1	0.5466290119486629	0.5496717041677436	([122, 66], [122, 109, 66])
1	0.5497073457491346	0.5497460332240678	([145, 126], [145, 139, 126])
1	0.5150107039162138	0.549832228680148	([331, 320], [331, 327, 323])
1	0.530223085437101	0.5502302427465497	([148, 125], [149, 148, 127])
1	0.5416431014494468	0.5503397736139015	([248, 225], [248, 246, 225])
1	0.5445827274872502	0.5506124342329805	([194, 153], [194, 164, 163])
1	0.5503858504435776	0.5506622554272631	([470, 365], [470, 460, 363])
1	0.5428040109504868	0.5509510059939784	([109, 65], [109, 93, 66])
1	0.5356771934950595	0.5512617467663199	([449, 420], [449, 444, 420])
1	0.5222999977101344	0.5520795220402833	([191, 160], [191, 173, 168])
1	0.5259951309172632	0.5521559856687229	([107, 64], [122, 105, 64])
1	0.5229495244744635	0.5522612610591423	([130, 116], [130, 129, 116])
1	0.5504207593034257	0.5524770084519615	([150, 66], [167, 152, 150])
1	0.5412010227319994	0.5530064239490565	([153, 111], [154, 153, 111])
1	0.5388670573378401	0.5530626785919517	([323, 277], [323, 308, 277])
1	0.5424002089537459	0.5537959910749222	([161, 123], [161, 149, 123])
1	0.5524195209202265	0.554096730748155	([474, 164], [487, 467, 164])
1	0.5518382999936761	0.5545977098099989	([46, 1], [53, 47, 46])
1	0.5230103567289345	0.5547269570111301	([92, 67], [92, 88, 68])
1	0.5454760461099969	0.5559230930662458	([486, 166], [486, 477, 166])
1	0.5524911791372586	0.5560851967440915	([204, 188], [204, 202, 188])
1	0.5257152031846573	0.5564455378163004	([149, 127], [149, 145, 126])
1	0.5507289550038862	0.5568690325605664	([468, 366], [468, 465, 366])
1	0.5427550259038847	0.5568789195501392	([460, 363], [465, 460, 363])
1	0.5358388551628475	0.5568789195501392	([496, 363], [496, 465, 363])
1	0.5468980483034096	0.5578769595131307	([483, 162], [487, 464, 162])
1	0.5201566657477982	0.5580219160592919	([481, 364], [482, 460, 363])
1	0.5560545225325735	0.5581882043870663	([166, 104], [166, 151, 112])
1	0.5503868463143193	0.5585575054506544	([151, 122], [151, 145, 126])
1	0.5506856078598614	0.5586960836843285	([252, 229], [252, 247, 229])
1	0.5548560890906176	0.5587215038003068	([167, 107], [167, 122, 107])
1	0.5280262208107306	0.5587215038003068	([167, 66], [167, 152, 122])
1	0.5565157201133671	0.5589879242894056	([152, 103], [152, 122, 110])
1	0.5319502983138115	0.5594210683207334	([355, 328], [355, 348, 328])
1	0.5513340412989347	0.5595668502630691	([150, 106], [167, 150, 107])
1	0.5477363942313122	0.5596637413410052	([5, 0], [5, 2, 0])
1	0.5377405019090056	0.5597302376802413	([417, 394], [417, 410, 394])
1	0.5374406088290369	0.5600586944801805	([59, 44], [59, 58, 44])
1	0.5284180947764158	0.5602817975208386	([203, 187], [202, 201, 188])
1	0.5550140201174684	0.5607232799882115	([464, 362], [464, 455, 362])
1	0.5591393074394533	0.5610660576541439	([476, 367], [476, 467, 366])
1	0.5582481977714977	0.5616805340750605	([558, 516], [558, 532, 522])
1	0.5474161146402506	0.5619081305039205	([156, 116], [156, 138, 116])
1	0.5618772499713642	0.5620075327737216	([246, 210], [246, 226, 210])
1	0.5459924452787261	0.5623138809220561	([488, 104], [475, 166, 164])
1	0.5447286757539418	0.5623138809220561	([469, 165], [477, 475, 166])
1	0.5508163437523378	0.5629564694170821	([228, 195], [228, 198, 195])
1	0.5611069770610061	0.5635432712983363	([357, 325], [357, 356, 325])
1	0.5430842622268436	0.5636490154043262	([574, 533], [574, 563, 533])
1	0.5572117935064883	0.564004660667967	([407, 376], [407, 396, 392])
1	0.5503637960172123	0.5641349823045354	([455, 66], [464, 162, 66])
1	0.555583526883999	0.5644098479326021	([198, 124], [198, 168, 124])
1	0.5613149193893111	0.5644098479326021	([477, 124], [477, 168, 124])
1	0.5581945067826067	0.564683651192864	([197, 109], [199, 197, 66])
1	0.5467354926546508	0.5647646636722097	([356, 324], [356, 355, 326])
1	0.5383510587042178	0.5652945802665466	([199, 66], [197, 163, 161])
1	0.5591545968852394	0.5654008748227273	([368, 169], [368, 365, 172])
1	0.5520520245970235	0.5659179133882057	([554, 527], [554, 538, 525])
1	0.5549264583347867	0.5659307626023822	([98, 70], [98, 90, 70])
1	0.5606314433208485	0.5659646701731449	([461, 192], [461, 192, 166])
1	0.559127249964378	0.5666010230230798	([478, 150], [487, 478, 150])
1	0.565021660927907	0.566828544683644	([435, 34], [435, 433, 34])
1	0.5666257442457845	0.5671905238278432	([394, 372], [394, 382, 372])
1	0.5367975633679687	0.5674975663561738	([116, 96], [115, 113, 99])
1	0.5376640215335488	0.567592222973297	([199, 147], [199, 196, 147])
1	0.5580287934343069	0.5676486787048254	([366, 108], [495, 468, 366])
1	0.5601054795801108	0.5677091839678018	([451, 418], [451, 450, 418])
1	0.566364166006461	0.5681123485772938	([463, 154], [463, 170, 154])
1	0.5677208627152797	0.5683165492971362	([490, 105], [490, 475, 105])
1	0.5639423564048276	0.568357083863711	([278, 227], [278, 274, 226])
1	0.5533823516975721	0.5686313325458632	([495, 108], [495, 168, 163])
1	0.5536722219025987	0.5687638693043571	([476, 109], [476, 475, 105])
1	0.5599085108828459	0.5688341140228519	([195, 111], [195, 162, 160])
1	0.5445520802126204	0.5688549045285128	([479, 169], [479, 365, 169])
1	0.5506190105342352	0.5693307793721657	([411, 390], [411, 410, 391])
1	0.5689717663836646	0.5696090781991682	([91, 55], [91, 73, 62])
1	0.5418688667298662	0.56964897429397	([365, 172], [478, 169, 168])
1	0.56461568941348	0.5698780675155024	([364, 167], [460, 364, 363])
1	0.5539186589137356	0.5704985355339873	([462, 163], [485, 462, 163])
1	0.566172452675441	0.5709384168828209	([450, 395], [450, 417, 395])
1	0.5474978849666448	0.5709402136339952	([469, 151], [469, 169, 165])
1	0.5619304994423433	0.5710979420416253	([363, 195], [464, 363, 162])
1	0.5642856754144325	0.5716669166128313	([421, 6], [441, 421, 6])
1	0.5633871922684045	0.571680289039442	([460, 167], [486, 460, 455])
1	0.5676332979541199	0.572032179720224	([364, 124], [491, 477, 124])
1	0.5527262994378448	0.5723642951244473	([361, 327], [361, 357, 327])
1	0.5413159894035079	0.5724927970323036	([477, 168], [463, 460, 154])
1	0.5518144636341621	0.5732101957130913	([485, 125], [485, 163, 125])
1	0.5651646281658506	0.5738352266405344	([360, 331], [360, 352, 331])
1	0.5718054777293181	0.5739947352941676	([405, 374], [405, 394, 387])
1	0.5724457098327141	0.5741083701397441	([413, 379], [413, 408, 379])
1	0.5715855877531353	0.5741574756949142	([496, 153], [496, 473, 153])
1	0.5652499407970292	0.5745492927529334	([541, 505], [541, 525, 503])
1	0.5634677036671115	0.5749545585062306	([210, 178], [210, 199, 178])
1	0.5686203455116676	0.5752062510531893	([77, 42], [77, 59, 58])
1	0.548077734546035	0.5754025396532225	([153, 64], [153, 110, 107])
1	0.5496838162268342	0.5754454913023009	([228, 154], [228, 211, 210])
1	0.5706866421078546	0.5755083173816856	([434, 19], [434, 40, 18])
1	0.560829780882617	0.575589455664517	([452, 401], [453, 452, 402])
1	0.5688148018909136	0.5756048737112941	([481, 196], [481, 196, 172])
1	0.5642887199613535	0.5756265372824917	([277, 225], [277, 273, 226])
1	0.544975627909567	0.5757797184059407	([93, 0], [91, 55, 54])
1	0.5729416891156485	0.5760399318672977	([325, 273], [325, 309, 277])
1	0.5667765675145426	0.5761890621135268	([157, 98], [157, 129, 116])
1	0.5607761905851759	0.5764563529591513	([271, 238], [271, 256, 249])
1	0.5340649285820939	0.576481274673958	([454, 229], [477, 461, 229])
1	0.5763307442877939	0.5764973371129597	([221, 76], [339, 221, 76])
1	0.5611468379493461	0.5765157375567227	([364, 159], [364, 167, 159])
1	0.5619980000245974	0.5766026539930298	([442, 384], [442, 411, 384])
1	0.5704795784823267	0.5770280536580933	([59, 3], [59, 45, 41])
1	0.5609756602909293	0.5772839734214537	([469, 107], [482, 469, 107])
1	0.5739267296951671	0.5772839734214537	([493, 107], [493, 482, 107])
1	0.5757745175782997	0.5778816150010334	([79, 3], [79, 59, 58])
1	0.5086249483661269	0.5783008354031787	([53, 1], [46, 36, 2])
1	0.5695676885824656	0.5784431905072298	([367, 64], [460, 364, 64])
1	0.5682348701993892	0.5784521503291816	([401, 368], [456, 452, 401])
1	0.573102207592606	0.5785507780191623	([255, 224], [255, 244, 235])
1	0.5669530119071218	0.5786994730034581	([367, 228], [454, 367, 228])
1	0.5714380972769064	0.5786994730034581	([490, 228], [468, 454, 228])
1	0.5646180680433146	0.5790834055691552	([119, 0], [119, 93, 92])
1	0.577399162001736	0.5790881411473902	([159, 92], [159, 149, 92])
1	0.561926916261959	0.5792581126415858	([578, 534], [578, 564, 534])
1	0.5622540235299716	0.5794294719733081	([567, 515], [567, 566, 515])
1	0.5617092524602671	0.5795064293822879	([363, 105], [475, 465, 105])
1	0.5693516487230791	0.5795996093768032	([431, 33], [441, 431, 16])
1	0.554634107710003	0.579876139241478	([453, 402], [452, 418, 401])
1	0.5608187575721505	0.5799504349170027	([231, 192], [231, 229, 192])
1	0.5613365888571792	0.5801047439629513	([461, 149], [461, 166, 153])
1	0.5782606559324774	0.5803582174445655	([326, 231], [328, 326, 230])
1	0.5675749442477541	0.5803582174445655	([328, 228], [361, 326, 230])
1	0.5627482266672218	0.5804247682205006	([209, 155], [209, 199, 147])
1	0.5765904103934639	0.5808755622759607	([196, 119], [196, 154, 108])
1	0.5788259689206883	0.5809111089094201	([170, 120], [170, 149, 108])
1	0.5690122113967518	0.580924727486666	([275, 229], [275, 254, 225])
1	0.5709247416441834	0.5813495487007887	([367, 168], [367, 168, 64])
1	0.5637044653084184	0.581614262252421	([433, 9], [435, 432, 20])
1	0.5778303393409279	0.5817856007126437	([361, 125], [459, 370, 361])
1	0.579283931064005	0.5818295590327441	([481, 111], [481, 162, 107])
1	0.5590458977383387	0.5820944049706487	([519, 454], [519, 494, 454])
1	0.5649396361135192	0.5821381896985627	([325, 170], [325, 228, 170])
1	0.5695315447614242	0.5827895228212215	([356, 278], [356, 324, 308])
1	0.5766439967404883	0.5827937052309851	([498, 197], [498, 455, 197])
1	0.5685468275193404	0.5829612764715227	([416, 388], [416, 406, 388])
1	0.56666413902783	0.5832051151906941	([361, 196], [361, 230, 191])
1	0.5789224005805301	0.5832265417244342	([236, 220], [237, 236, 220])
1	0.560218231402925	0.5836163571593991	([368, 230], [498, 361, 230])
1	0.5680697878402349	0.5836796826159405	([393, 371], [393, 378, 376])
1	0.530590593955934	0.5837009699818025	([463, 170], [325, 277, 227])
1	0.5599066262294253	0.5837966519780686	([485, 198], [485, 472, 198])
1	0.5675884745301192	0.5845791057883779	([112, 51], [112, 104, 67])
1	0.5815791472831039	0.5846439469599097	([243, 223], [243, 235, 223])
1	0.5842328665785853	0.5847007946984604	([455, 147], [455, 165, 152])
1	0.5695091236238159	0.5848853314567253	([399, 357], [465, 403, 366])
1	0.566344107087169	0.5851415630302428	([76, 2], [79, 76, 2])
1	0.5786189338225306	0.5854821252366029	([486, 324], [499, 486, 472])
1	0.5675803397997663	0.5857994437453121	([229, 105], [229, 169, 105])
1	0.5587581061122003	0.5858478680453434	([441, 5], [432, 421, 6])
1	0.579427552216569	0.5859861025266093	([463, 102], [463, 154, 108])
1	0.5781078824456717	0.5865136501862248	([461, 106], [461, 165, 149])
1	0.5848122469069683	0.5868192090855142	([402, 356], [402, 399, 356])
1	0.5761958815855757	0.586909108361108	([326, 195], [326, 231, 195])
1	0.5691579010738183	0.5870982443569676	([515, 324], [499, 482, 362])
1	0.580198660171459	0.5871316306563279	([497, 227], [497, 494, 229])
1	0.5798234727626115	0.5873269860597177	([451, 400], [451, 417, 394])
1	0.5836311444604447	0.5873819542719666	([242, 221], [242, 232, 226])
1	0.5843567756058832	0.5876862867218464	([226, 160], [227, 226, 191])
1	0.5713085701018005	0.5877353682355151	([459, 125], [470, 459, 125])
1	0.5054152238414542	0.5878572634712941	([465, 368], [399, 394, 372])
1	0.5764423013111354	0.5881540137773699	([471, 329], [458, 452, 329])
1	0.5810316297968554	0.5881649912572647	([266, 222], [271, 266, 222])
1	0.5749826184279256	0.5883851645483869	([339, 90], [578, 222, 90])
1	0.5751318733341871	0.5886221894930351	([452, 323], [452, 363, 361])
1	0.5771113387283081	0.5886610088183957	([475, 231], [475, 231, 229])
1	0.5698672265872899	0.588864458898979	([325, 107], [228, 152, 107])
1	0.5758496829413748	0.5889481289909447	([446, 385], [446, 416, 388])
1	0.5811198477619767	0.58905836323115	([356, 67], [365, 170, 67])
1	0.5784057911971132	0.5893429936576566	([496, 328], [480, 466, 328])
1	0.587281814538449	0.5895125319582898	([342, 311], [342, 339, 311])
1	0.5693807709420334	0.5895350097426887	([370, 229], [370, 362, 229])
1	0.5633499938886607	0.5896595047320946	([216, 183], [216, 204, 183])
1	0.5891485153636262	0.5900511660767632	([393, 0], [393, 371, 0])
1	0.5824827067824265	0.5901393551070577	([327, 160], [327, 197, 160])
1	0.5846578998201959	0.5902283798208874	([233, 176], [233, 228, 154])
1	0.5759287811495102	0.5905870631658943	([404, 354], [404, 399, 354])
1	0.5664156633066392	0.5909474048660712	([434, 40], [434, 433, 14])
1	0.545226584232261	0.5916856971003064	([187, 157], [183, 174, 156])
1	0.5906990766037098	0.5917135524915264	([327, 51], [327, 228, 51])
1	0.5722550517363769	0.5922904098166617	([436, 41], [436, 435, 41])
1	0.5807556971469127	0.5926524687113528	([324, 123], [324, 176, 123])
1	0.5783814621020635	0.5928084032712341	([324, 176], [324, 323, 230])
1	0.585374005159032	0.5929857591017149	([472, 52], [472, 109, 104])
1	0.5830798995555468	0.5929863927529714	([439, 38], [440, 439, 5])
1	0.5923594207391607	0.5930865835381743	([376, 344], [376, 358, 344])
1	0.5723194654860987	0.5932212369679402	([516, 327], [327, 160, 146])
1	0.567911893974642	0.593524473477272	([493, 326], [482, 362, 326])
1	0.5761691245758833	0.5935606636017531	([158, 91], [158, 117, 99])
1	0.5897429543195476	0.5938669593318967	([476, 327], [476, 471, 327])
1	0.5750330628227801	0.5939370726700123	([231, 123], [497, 231, 227])
1	0.5897307164079958	0.5939370726700123	([516, 231], [516, 497, 231])
1	0.5936327214561392	0.5939617661979104	([381, 339], [381, 376, 344])
1	0.5764345785235961	0.5943616472136022	([244, 212], [244, 233, 212])
1	0.5932489818505118	0.5945631870738155	([341, 218], [341, 321, 218])
1	0.591118036445443	0.5946869885596633	([444, 379], [444, 411, 379])
1	0.5843504072059077	0.5949589141655666	([369, 154], [369, 195, 165])
1	0.5694646240967388	0.5951729993504801	([516, 146], [516, 362, 146])
1	0.5908562238385696	0.5954014622954915	([198, 0], [200, 198, 1])
1	0.5944743758208996	0.5955124257445735	([570, 510], [570, 545, 534])
1	0.5737172625404482	0.5957307667856092	([563, 507], [563, 529, 524])
1	0.5746199092660509	0.5957935351680406	([319, 271], [320, 319, 221])
1	0.5770994016060544	0.5959579426269497	([422, 15], [433, 422, 15])
1	0.574427877449785	0.5960841258803785	([271, 221], [271, 237, 221])
1	0.5807519443530473	0.5961522334198407	([499, 452], [499, 468, 452])
1	0.5925011362801684	0.5963135910727828	([157, 80], [157, 98, 90])
1	0.5795548505797291	0.5963135910727828	([130, 90], [157, 130, 90])
1	0.5934374364541543	0.5963628288705558	([193, 52], [193, 152, 65])
1	0.5949223328034885	0.5964253592758285	([455, 233], [455, 233, 227])
1	0.5856281541341358	0.5964253592758285	([455, 277], [455, 277, 227])
1	0.5870584797593759	0.5965925024876721	([425, 45], [425, 421, 45])
1	0.5869908634764329	0.5966418083315995	([493, 199], [493, 484, 199])
1	0.5789165590599615	0.5969311180298688	([159, 51], [159, 105, 92])
1	0.518895046188669	0.597101255403816	([339, 222], [319, 282, 281])
1	0.5877221394095702	0.5971230567255916	([324, 64], [324, 155, 150])
1	0.5619222389517976	0.5971230567255916	([499, 155], [499, 324, 155])
1	0.585988998555273	0.5973365916704892	([519, 325], [519, 454, 453])
1	0.591467760746542	0.5973812869168434	([305, 211], [285, 253, 246])
1	0.573035380868428	0.597387206150024	([392, 45], [421, 392, 389])
1	0.5687991503873926	0.5979909975323147	([367, 0], [451, 394, 393])
1	0.5958172039846719	0.5981128947432701	([579, 501], [579, 570, 510])
1	0.5973803615858908	0.5981317063326089	([136, 68], [151, 126, 68])
1	0.5790547959622564	0.59824666995459	([344, 271], [344, 320, 319])
1	0.5939898255589431	0.5984189609103129	([355, 141], [361, 355, 126])
1	0.5835281201028855	0.5986128248630355	([347, 247], [347, 326, 273])
1	0.5909145228014425	0.5986698098075749	([447, 383], [447, 410, 408])
1	0.5926267041165203	0.5986706664383831	([371, 66], [452, 371, 356])
1	0.5950096986555208	0.5986757751277972	([370, 147], [370, 229, 194])
1	0.5907357921769957	0.5989170490367275	([95, 56], [95, 84, 56])
1	0.5978227181064847	0.5990321892701773	([371, 161], [473, 371, 365])
1	0.57395688552862	0.5991629982328405	([480, 232], [480, 465, 232])
1	0.5956711835654882	0.5993560414467233	([356, 145], [356, 145, 108])
1	0.5964825322571452	0.5993905598209914	([231, 145], [231, 145, 125])
1	0.5990520692596795	0.5997084221810506	([174, 118], [174, 170, 118])
1	0.574501338415793	0.5998972252154303	([361, 49], [191, 170, 49])
1	0.5939841031751529	0.5998972252154303	([471, 49], [471, 170, 49])
1	0.5987162318742355	0.6000259523917968	([349, 209], [394, 360, 356])
1	0.574132133668589	0.6000436062071416	([322, 224], [322, 286, 224])
1	0.5833771611682812	0.6001436058163208	([209, 67], [209, 147, 67])
1	0.593152751766435	0.6002721841692964	([236, 187], [236, 220, 187])
1	0.5942557582889291	0.6005526887274618	([351, 281], [351, 348, 272])
1	0.5674142297175352	0.6005958301204567	([578, 503], [578, 563, 503])
1	0.5870166136486892	0.6009201334863667	([339, 250], [339, 250, 222])
1	0.600474745282292	0.6013967599776487	([354, 207], [354, 321, 226])
1	0.5970818968738584	0.601612205129462	([206, 158], [206, 188, 158])
1	0.5734094968091323	0.6016208750762039	([200, 1], [149, 107, 0])
1	0.59097197967365	0.6018343117723055	([328, 92], [454, 328, 66])
1	0.5954068104528184	0.6018377314074008	([290, 249], [291, 290, 249])
1	0.5840105280681545	0.6025264225466569	([355, 275], [355, 329, 275])
1	0.5830530172292153	0.6026015776237033	([451, 347], [451, 394, 349])
1	0.6000472740089448	0.6030777493508859	([306, 250], [306, 281, 250])
1	0.5989386275218209	0.6038343808665115	([519, 234], [519, 516, 234])
1	0.5978948358587434	0.6042948449814177	([541, 449], [564, 541, 523])
1	0.5868629199075395	0.6044326344865004	([278, 177], [278, 211, 209])
1	0.5951135942520677	0.6045467980887264	([291, 267], [307, 290, 249])
1	0.5883951844850578	0.60464296623838	([518, 93], [499, 461, 93])
1	0.6026763078091724	0.6048448240313599	([350, 224], [350, 342, 219])
1	0.5644748749037144	0.604942667812449	([451, 0], [485, 367, 166])
1	0.6040934035407423	0.6049451794353641	([210, 48], [210, 126, 48])
1	0.6003035826547612	0.605088902202549	([583, 554], [583, 564, 563])
1	0.6039403165837806	0.6052047766704711	([357, 193], [357, 324, 193])
1	0.5972204212115124	0.6053084582598194	([401, 63], [453, 401, 63])
1	0.5961752922490272	0.6053872210351134	([579, 157], [579, 578, 90])
1	0.6005979080959359	0.6054192610945967	([512, 63], [512, 497, 496])
1	0.6004123190028672	0.6055412402499819	([129, 83], [129, 110, 97])
1	0.5953196444700591	0.6055841184424204	([312, 264], [312, 293, 264])
1	0.5842029263633733	0.605842478804614	([396, 341], [402, 396, 341])
1	0.6041045425969763	0.6059243013871868	([323, 152], [325, 323, 152])
1	0.5911564141931309	0.6061137757321232	([218, 47], [218, 200, 1])
1	0.5994739827385057	0.6061835110729725	([276, 149], [328, 276, 149])
1	0.6032293300778767	0.6061835110729725	([329, 149], [329, 328, 149])
1	0.6053298473208936	0.6064761203612398	([580, 511], [580, 564, 501])
1	0.5958527218324555	0.6065589752908808	([380, 340], [392, 372, 360])
1	0.6031765966768758	0.6066429052886225	([137, 69], [157, 137, 69])
1	0.6006023012394202	0.6066429052886225	([373, 69], [373, 157, 69])
1	0.6018206452286442	0.606903532448627	([337, 201], [348, 337, 201])
1	0.603343795466629	0.6069423327872542	([515, 118], [515, 195, 111])
1	0.6001869703838952	0.6069855446604515	([181, 129], [181, 174, 144])
1	0.5811051930133406	0.6071503060675756	([418, 47], [454, 451, 49])
1	0.5980998982756873	0.6073500148255998	([271, 138], [351, 272, 271])
1	0.5933273939986481	0.6073500148255998	([407, 271], [373, 351, 271])
1	0.5813969021263194	0.6079290177321559	([400, 209], [349, 329, 210])
1	0.6052063081146062	0.6081890707084439	([544, 413], [544, 509, 413])
1	0.6065526866346549	0.608223463160518	([320, 267], [320, 291, 281])
1	0.5877197034734567	0.6082942555094092	([369, 48], [369, 165, 48])
1	0.604033955711109	0.6086007579757697	([268, 157], [271, 268, 157])
1	0.6079603401683763	0.6090195411817533	([118, 47], [118, 111, 54])
1	0.5690626529097347	0.609090617676425	([330, 93], [330, 329, 93])
1	0.6016060706783103	0.6091010224015107	([350, 274], [355, 350, 275])
1	0.6051577073444326	0.609159255533807	([322, 128], [322, 210, 199])
1	0.6041976635949925	0.6092555542305511	([503, 390], [509, 503, 390])
1	0.6054780327589675	0.609304555040256	([557, 286], [557, 519, 279])
1	0.6064793469344433	0.6097262963706583	([205, 50], [205, 198, 1])
1	0.6091090786520286	0.6098758950831492	([450, 220], [450, 384, 375])
1	0.601517663274999	0.6100003993367105	([311, 223], [311, 269, 248])
1	0.6024356625607327	0.6100089229681793	([520, 235], [520, 235, 218])
1	0.6055428903703419	0.610049500545186	([144, 88], [144, 131, 88])
1	0.5865976884148982	0.6100574442153759	([348, 212], [337, 218, 201])
1	0.5957152854483605	0.6100896880087928	([443, 35], [443, 432, 36])
1	0.6074645777789975	0.6101436990455633	([558, 211], [561, 558, 211])
1	0.5991080372800309	0.6104815960871052	([359, 114], [359, 156, 130])
1	0.6027523647166897	0.6105659761867311	([420, 76], [420, 76, 44])
1	0.5996937912399115	0.6106267996744331	([331, 236], [331, 322, 245])
1	0.6038785517345371	0.6107090336809607	([380, 5], [389, 380, 5])
1	0.6019972472723121	0.6107090336809607	([389, 58], [440, 389, 5])
1	0.5673744464641194	0.6107335273166791	([578, 222], [220, 157, 90])
1	0.5798701625962357	0.6108502103130728	([359, 157], [359, 207, 157])
1	0.6084507231757857	0.6109642627447518	([501, 373], [579, 501, 157])
1	0.6031355154984708	0.6109996200349439	([574, 468], [574, 514, 499])
1	0.6055008250963712	0.6110715734616495	([517, 200], [517, 200, 148])
1	0.6073820597425365	0.6110946242940944	([130, 46], [130, 87, 69])
1	0.6104714282076404	0.611397065165793	([558, 347], [561, 558, 273])
1	0.6057902466825227	0.6116686731472344	([561, 273], [561, 452, 327])
1	0.5913654788756917	0.6116686731472344	([561, 452], [561, 516, 327])
1	0.5881130344020544	0.6117192328592407	([342, 219], [357, 350, 224])
1	0.6046390681629681	0.6117289650025205	([403, 226], [451, 403, 226])
1	0.5905231012810754	0.6120420685058651	([403, 1], [403, 394, 1])
1	0.6121808414699744	0.6122109897351198	([393, 337], [393, 359, 351])
1	0.606972509344207	0.6122413631191839	([393, 255], [393, 353, 351])
1	0.6074114727395328	0.6123674651312495	([348, 0], [348, 272, 0])
1	0.5748107198018877	0.6124835718830158	([256, 0], [367, 357, 0])
1	0.5462438714462933	0.6129214622704493	([432, 20], [420, 381, 339])
1	0.6124304520175375	0.6129214622704493	([446, 339], [446, 420, 339])
1	0.602736097067722	0.613025923374646	([156, 100], [156, 155, 100])
1	0.602467946869445	0.6131575526882396	([336, 268], [336, 333, 268])
1	0.6117962933130104	0.6134007423232801	([117, 1], [218, 189, 117])
1	0.6049740141899534	0.6134091802989979	([401, 218], [400, 399, 218])
1	0.6047453259237566	0.6134157968595106	([535, 224], [575, 535, 522])
1	0.610773969450854	0.6134199789385473	([558, 402], [558, 402, 341])
1	0.6124433334404895	0.6134350869596769	([399, 143], [452, 399, 143])
1	0.5965311987952088	0.6134424672947555	([570, 451], [570, 561, 451])
1	0.5921877942453362	0.6134902169030483	([286, 185], [286, 210, 185])
1	0.5940140562227706	0.6135018115765838	([568, 308], [568, 513, 308])
1	0.5832162125329122	0.6135299898322394	([517, 403], [517, 453, 403])
1	0.606460482006234	0.6136091041627423	([309, 127], [325, 309, 153])
1	0.6121070721331908	0.613691367766004	([582, 408], [582, 578, 90])
1	0.6061593429094175	0.613727946435938	([282, 233], [282, 272, 225])
1	0.6126802755504284	0.6137302761323856	([571, 226], [514, 226, 210])
1	0.6107988210707638	0.6137389510460748	([518, 247], [518, 276, 247])
1	0.6072553031717928	0.6137533103850039	([451, 288], [451, 288, 225])
1	0.6055737665155188	0.6138567394203877	([402, 196], [402, 367, 355])
1	0.6081463942986102	0.6138766139823779	([500, 348], [500, 393, 348])
1	0.6008832030930287	0.6139423917382009	([227, 91], [227, 124, 121])
1	0.6096901960716054	0.6139423917382009	([278, 121], [278, 227, 121])
1	0.6105472338577724	0.6139555232624052	([280, 175], [327, 280, 194])
1	0.6113224437625888	0.6139589397825947	([372, 144], [372, 356, 145])
1	0.6046502866810769	0.6144492654797595	([272, 189], [272, 225, 189])
1	0.5884395030875527	0.6144916756139971	([561, 205], [558, 341, 218])
1	0.5977158739469796	0.6145087482525907	([309, 1], [309, 246, 1])
1	0.6021365945920095	0.6145098032962308	([510, 413], [509, 502, 449])
1	0.5996694510567914	0.6145406974982197	([451, 201], [451, 225, 209])
1	0.6111989750537461	0.6146618572472425	([189, 117], [117, 111, 1])
1	0.6085588586455031	0.61487256575565	([575, 323], [575, 519, 511])
1	0.6011049201775165	0.615029731477457	([408, 343], [386, 377, 343])
1	0.6010248867754286	0.6154080050485836	([500, 450], [500, 496, 452])
1	0.6098283418678766	0.6154380734602296	([299, 266], [299, 290, 266])
1	0.5956179537387708	0.6154380734602296	([333, 266], [333, 290, 266])
1	0.6075336948721284	0.616140544288159	([294, 265], [294, 293, 265])
1	0.6092428293786742	0.6162548636034582	([512, 212], [512, 497, 227])
1	0.6017271169379421	0.6162706129583978	([315, 157], [319, 315, 157])
1	0.6151205799034468	0.6163190670802575	([276, 178], [276, 178, 173])
1	0.6045380126456001	0.616374688441774	([561, 154], [561, 516, 154])
1	0.5936623828529478	0.6165235905042158	([583, 183], [582, 156, 90])
1	0.5868143044225524	0.6165390901116418	([275, 143], [256, 223, 211])
1	0.6006174339146855	0.6165713759946102	([506, 76], [510, 506, 76])
1	0.6132444758988688	0.6168446873254361	([372, 253], [372, 361, 247])
1	0.5921353983029886	0.6169585695663304	([297, 261], [297, 291, 261])
1	0.6146543220611519	0.6173435980311979	([394, 146], [394, 211, 146])
1	0.614641726538071	0.6175586762108453	([346, 269], [346, 306, 282])
1	0.6167221849117869	0.6176165354657077	([566, 330], [566, 330, 279])
1	0.6146666149381257	0.6177026851341464	([352, 223], [352, 330, 223])
1	0.6173116020288145	0.6177225724642211	([404, 206], [404, 398, 203])
1	0.5998612675406044	0.6178154520691433	([214, 130], [214, 187, 157])
1	0.5785582858742352	0.6179197634625594	([408, 90], [413, 381, 344])
1	0.6161167166311399	0.6181664907215069	([207, 64], [226, 207, 64])
1	0.6138123049688824	0.6183659442195829	([349, 142], [349, 326, 280])
1	0.595392501621789	0.618589538030605	([509, 222], [578, 509, 503])
1	0.6129921366185236	0.6187621818222188	([258, 202], [258, 225, 213])
1	0.6099190885038518	0.6189647031446459	([351, 1], [362, 355, 1])
1	0.6098340096813917	0.6189720937009527	([531, 225], [531, 520, 225])
1	0.6161949400371907	0.619477616534238	([359, 74], [393, 359, 74])
1	0.5671734066155458	0.6195188381915093	([578, 90], [501, 500, 373])
1	0.6004339661499621	0.6198563221563406	([521, 395], [568, 452, 418])
1	0.59627699933288	0.6198563221563406	([539, 418], [568, 539, 418])
1	0.5681408578272373	0.6199969181659675	([516, 48], [558, 209, 48])
1	0.6122434732102615	0.6200402425494423	([398, 203], [374, 359, 157])
1	0.609486167763522	0.6200638844133174	([512, 341], [512, 418, 399])
1	0.6090353360754107	0.6200638844133174	([512, 399], [568, 512, 418])
1	0.5920742563829382	0.62036718448726	([224, 140], [229, 224, 140])
1	0.5957548775108834	0.6205130091590536	([353, 255], [394, 358, 255])
1	0.6095858331831373	0.6206524795996273	([212, 129], [212, 184, 132])
1	0.595864555931405	0.6206858913929774	([391, 116], [391, 360, 116])
1	0.6116663732456897	0.6207049179477605	([560, 400], [576, 560, 342])
1	0.6142868566978285	0.6208478514305974	([181, 98], [187, 181, 98])
1	0.6139509493547989	0.6209064375096022	([416, 80], [416, 411, 80])
1	0.6181067159589855	0.6210046507219454	([521, 336], [558, 521, 347])
1	0.5931222816768044	0.6211063595054299	([308, 111], [308, 274, 119])
1	0.6004890060300536	0.6212342069842611	([360, 204], [360, 225, 213])
1	0.5878813992903078	0.6213595069810802	([564, 449], [524, 522, 450])
1	0.615839444372958	0.6216133488113552	([393, 81], [394, 393, 74])
1	0.6110379309349392	0.6218447306382867	([566, 64], [566, 516, 48])
1	0.620057723823796	0.6218803657203585	([157, 44], [157, 76, 69])
1	0.6198976851795207	0.6219405374216141	([351, 181], [351, 181, 157])
1	0.6184600169243706	0.6219481377486461	([401, 113], [401, 113, 1])
1	0.6028045436624895	0.6219839642675198	([504, 446], [502, 501, 449])
1	0.6175282454656933	0.6221113071047687	([571, 47], [571, 451, 226])
1	0.6061164654387806	0.6221477106912928	([574, 275], [574, 517, 275])
1	0.6220847457911073	0.6222413953978798	([207, 72], [219, 207, 72])
1	0.6195621440930322	0.6222413953978798	([350, 72], [350, 219, 72])
1	0.5757043452656156	0.6222765238549505	([510, 221], [509, 506, 76])
1	0.5959703716319044	0.6222929734304126	([500, 223], [517, 500, 223])
1	0.607871846299022	0.6223960021399688	([406, 46], [416, 406, 46])
1	0.5796275203785831	0.6225311335875595	([360, 96], [360, 359, 116])
1	0.6213524814219304	0.6225406419950332	([539, 311], [546, 539, 306])
1	0.6191363149743907	0.6226702608060705	([572, 331], [577, 572, 331])
1	0.6136267789742492	0.6227808887125642	([504, 344], [504, 344, 220])
1	0.6108576580092926	0.6229955921869784	([383, 4], [390, 383, 4])
1	0.6201528704774619	0.6231441734598173	([506, 391], [506, 501, 449])
1	0.6217890977062437	0.6233179739211714	([284, 158], [284, 247, 158])
1	0.6019669513582957	0.6233961080238106	([408, 207], [408, 207, 157])
1	0.6231886245725919	0.6234161190523312	([379, 88], [379, 344, 76])
1	0.6196135733177616	0.6236612144773496	([545, 56], [528, 509, 56])
1	0.6109847860843223	0.6239602173741636	([574, 176], [574, 500, 499])
1	0.6035301296466805	0.6239660010861257	([502, 339], [510, 502, 339])
1	0.6198426960845128	0.6239842827234436	([284, 182], [284, 188, 182])
1	0.601120311294179	0.6240363340262558	([573, 399], [574, 522, 399])
1	0.6219275715859706	0.6240897125205382	([377, 72], [398, 377, 72])
1	0.624096256569484	0.6241211686952566	([386, 221], [446, 442, 221])
1	0.623402150003036	0.6241750310689148	([237, 137], [237, 213, 187])
1	0.6104812897585545	0.6242812102639445	([376, 182], [376, 344, 90])
1	0.619433798068783	0.6244573545395036	([397, 48], [397, 376, 2])
1	0.6241700628370221	0.6244584243552145	([534, 69], [578, 534, 69])
1	0.6212259205089835	0.6246385466217101	([547, 405], [562, 547, 405])
1	0.5943464462924652	0.6246962137734816	([570, 203], [570, 451, 201])
1	0.6145122132197	0.6247603228227425	([583, 271], [583, 564, 271])
1	0.6101260196712994	0.6249979813777101	([568, 349], [568, 395, 349])
1	0.6180284903506452	0.6250837622341963	([564, 346], [564, 449, 346])
1	0.6151040917783602	0.6254174841898494	([397, 205], [452, 397, 205])
1	0.6066654491444207	0.6255534704543849	([260, 216], [260, 258, 216])
1	0.6152886823002793	0.6257566948521898	([332, 216], [332, 237, 216])
1	0.6125470324518139	0.6258021394606468	([204, 82], [217, 82, 62])
1	0.6159892355031494	0.6258944328620598	([410, 156], [410, 347, 156])
1	0.6017371848102939	0.6260292726121702	([500, 139], [352, 324, 128])
1	0.6042024892770189	0.6260603978051296	([417, 73], [418, 417, 73])
1	0.6030084890502189	0.6261987453756593	([219, 144], [219, 203, 144])
1	0.6243196681668172	0.6262840483950366	([280, 55], [280, 194, 49])
1	0.6154922050394861	0.6263021755476951	([545, 443], [540, 527, 442])
1	0.6144974204167821	0.6266436037117481	([573, 358], [575, 358, 255])
1	0.5947871926190483	0.6266502450132568	([332, 237], [343, 332, 216])
1	0.6185648966795518	0.6269287777554248	([548, 1], [566, 548, 1])
1	0.6120677417344927	0.6269474600033577	([289, 137], [320, 218, 203])
1	0.6259641200320124	0.6269644020706483	([396, 181], [396, 351, 341])
1	0.6181290132457836	0.6272214261787671	([396, 254], [396, 254, 218])
1	0.6119652634933691	0.6272214261787671	([396, 212], [396, 341, 218])
1	0.6194056477868412	0.6272317770648841	([330, 144], [330, 275, 122])
1	0.619574214945692	0.6273041247626044	([254, 144], [254, 227, 146])
1	0.5979762045621955	0.6273097954471857	([575, 224], [573, 399, 358])
1	0.5956351677861018	0.6273483431121889	([391, 69], [391, 373, 351])
1	0.619383418734167	0.6279424824332486	([320, 98], [344, 320, 98])
1	0.6165755079177847	0.6279913315362469	([535, 397], [557, 535, 397])
1	0.6274734656168897	0.6280322448449039	([402, 224], [402, 224, 53])
1	0.6093334449523503	0.6282692187488825	([546, 306], [546, 507, 222])
1	0.6257519483479548	0.6284569323646524	([379, 318], [379, 344, 312])
1	0.6198950565137564	0.6285626957658279	([537, 416], [537, 447, 446])
1	0.6192785986256487	0.6285626957658279	([537, 447], [537, 501, 446])
1	0.6229323947832682	0.6288374305605412	([378, 3], [442, 378, 3])
1	0.5941764800628256	0.6289479066990242	([495, 274], [495, 274, 108])
1	0.6187291455724633	0.6291141376956566	([530, 384], [530, 513, 400])
1	0.6281968671274164	0.6294732890603943	([265, 4], [344, 260, 4])
1	0.626942326387939	0.6295790479788076	([523, 415], [541, 523, 415])
1	0.6257064936170351	0.6300810716542603	([568, 139], [568, 139, 1])
1	0.596987833645999	0.6302273900826739	([505, 78], [505, 413, 90])
1	0.6273467995329136	0.6303576966165766	([501, 88], [501, 157, 96])
1	0.6273227405962789	0.6304679517226829	([288, 129], [288, 219, 129])
1	0.6257689681415315	0.6306765327514451	([223, 89], [237, 221, 88])
1	0.6089235252858644	0.6307158500030947	([359, 238], [359, 238, 130])
1	0.6293299510098024	0.6309062255344263	([580, 343], [580, 343, 269])
1	0.6258650779396306	0.6309389912097074	([505, 301], [505, 312, 221])
1	0.6227435855212808	0.6309466855507921	([253, 50], [253, 229, 206])
1	0.6221614283659864	0.6310315045438128	([562, 269], [562, 269, 217])
1	0.6202186896190003	0.631135117612333	([287, 73], [287, 210, 48])
1	0.6255630251144968	0.6311371419879368	([528, 320], [564, 528, 351])
1	0.6297519267627222	0.6313077585251556	([570, 141], [570, 203, 1])
1	0.6037643439136328	0.6313088346645761	([134, 82], [144, 134, 82])
1	0.6078833628008394	0.6313088346645761	([184, 82], [184, 144, 82])
1	0.6103917482033788	0.631388583428197	([577, 129], [341, 210, 129])
1	0.6034968983415662	0.6317126872966221	([422, 267], [422, 392, 267])
1	0.6313182451066691	0.6317646672759125	([331, 188], [331, 236, 187])
1	0.6106861261800431	0.6317646672759125	([335, 187], [335, 331, 187])
1	0.6315894291754349	0.6319088011743436	([554, 448], [554, 544, 448])
1	0.6058799161000644	0.6320213242272	([540, 442], [563, 527, 443])
1	0.6259501006484566	0.6321906590697407	([503, 334], [503, 334, 221])
1	0.6280313445424468	0.6322885972619932	([577, 249], [577, 557, 249])
1	0.6265663129660284	0.6323329147248942	([561, 132], [561, 145, 132])
1	0.6270198067339534	0.6324923770893525	([284, 47], [284, 278, 48])
1	0.6204148607327723	0.6325989631381485	([567, 166], [567, 496, 452])
1	0.6288997773393719	0.6326371335139784	([502, 77], [502, 213, 77])
1	0.6210755812912107	0.6326405636414	([559, 287], [559, 515, 357])
1	0.6325114607833364	0.6329496957731977	([443, 137], [443, 384, 137])
1	0.6234288489467869	0.6329603014854172	([414, 215], [509, 414, 215])
1	0.6130990310961321	0.6329603014854172	([521, 215], [521, 509, 215])
1	0.618761597269832	0.6333306604445262	([272, 130], [272, 217, 130])
1	0.6318540038529671	0.6333956824779152	([583, 334], [583, 541, 334])
1	0.6315522013623978	0.6334493950019505	([316, 242], [316, 290, 242])
1	0.6203686476549485	0.6335080755975111	([250, 55], [250, 240, 55])
1	0.6212231325444019	0.6335900125100812	([583, 79], [583, 570, 89])
1	0.6324440237646688	0.6335964036370978	([450, 310], [450, 353, 310])
1	0.6236690969423707	0.6336567243034807	([508, 409], [508, 501, 410])
1	0.633536628732765	0.6337504011903853	([542, 445], [542, 503, 445])
1	0.6260636368362386	0.6337722456069796	([213, 2], [331, 330, 2])
1	0.6212993084036886	0.6339785213626428	([412, 213], [412, 392, 213])
1	0.6300148447257977	0.6341329533618677	([562, 140], [568, 562, 140])
1	0.6320923419041625	0.6341958875452028	([317, 186], [317, 219, 217])
1	0.6259081450404711	0.6343019867293596	([375, 258], [375, 358, 258])
1	0.6191568528050471	0.6343921760547622	([551, 318], [551, 442, 318])
1	0.6225584049181232	0.63440741761879	([307, 180], [307, 180, 176])
1	0.6322576909612517	0.6346108128330654	([223, 46], [223, 71, 68])
1	0.6245512621118604	0.6346240998127723	([576, 261], [576, 351, 261])
1	0.6341259421218525	0.6348496527799372	([415, 70], [415, 70, 3])
1	0.6023886682705974	0.6348692626706951	([541, 292], [541, 334, 292])
1	0.6326638267688454	0.6348783626674213	([581, 240], [581, 564, 240])
1	0.6155097580326465	0.6349707946877021	([449, 260], [449, 260, 220])
1	0.5839012505445058	0.6350487689012315	([579, 236], [579, 268, 236])
1	0.6283148006268741	0.6350539367914517	([261, 137], [261, 237, 216])
1	0.6269742187597036	0.6351255350856005	([559, 189], [568, 559, 189])
1	0.6276111871955854	0.6352176653789933	([376, 215], [376, 352, 215])
1	0.6336344380730726	0.6352885906689266	([214, 56], [214, 157, 56])
1	0.6272141510485837	0.635386917706364	([524, 345], [524, 502, 345])
1	0.6281723207804043	0.6356046721061991	([374, 259], [374, 345, 259])
1	0.6257318409571286	0.6357122937865202	([540, 74], [540, 522, 74])
1	0.629784842083698	0.635813379433315	([528, 42], [528, 56, 42])
1	0.627034119535727	0.6358305434366963	([564, 72], [564, 504, 71])
1	0.6272073209386533	0.6358616315551971	([555, 2], [546, 222, 75])
1	0.6219014861356532	0.6359315150654714	([245, 90], [245, 207, 157])
1	0.6310970859592322	0.6360602970440644	([573, 95], [573, 95, 89])
1	0.6123119599101813	0.6360602970440644	([573, 55], [573, 136, 89])
1	0.627184669873736	0.6361177977928869	([375, 98], [376, 375, 98])
1	0.6317386219122407	0.6363225047825187	([395, 239], [395, 358, 239])
1	0.6356042926308823	0.6363351767375375	([563, 284], [565, 563, 284])
1	0.6248513288213227	0.6363468820667869	([531, 375], [531, 524, 443])
1	0.6267250046378161	0.63641467261654	([569, 137], [569, 211, 137])
1	0.6283385017945341	0.6365066744251654	([412, 261], [412, 261, 187])
1	0.6331432413272403	0.6366010591972158	([305, 68], [305, 224, 68])
1	0.6364338734616698	0.6366079588203046	([385, 263], [446, 385, 263])
1	0.6362170725238292	0.6367438822534792	([565, 175], [565, 175, 144])
1	0.5975423810719445	0.6368005620469552	([583, 385], [385, 336, 213])
1	0.6238115273002072	0.6368951136344628	([249, 56], [271, 270, 87])
1	0.5950008867692385	0.6368951136344628	([270, 87], [342, 271, 87])
1	0.6189566630520799	0.6369007364935658	([534, 267], [508, 267, 259])
1	0.5981782590219418	0.6369846181777011	([289, 82], [289, 144, 137])
1	0.6360787037873549	0.6371168573687955	([530, 141], [530, 519, 141])
1	0.6303463425493583	0.6377432253733288	([379, 38], [439, 385, 379])
1	0.6225771431637251	0.6378196450693647	([511, 271], [511, 395, 271])
1	0.6226209966387072	0.6380654447522508	([403, 202], [403, 218, 202])
1	0.6201917462257807	0.63819061470549	([533, 305], [561, 533, 305])
1	0.6305077462423426	0.6382031359033971	([264, 5], [264, 260, 5])
1	0.6380618093206855	0.6386802360543302	([555, 133], [557, 555, 133])
1	0.6085070056919414	0.6388613563678377	([396, 83], [419, 396, 83])
1	0.6288821640572859	0.6389338053595299	([316, 78], [505, 334, 221])
1	0.6237013367853664	0.6389376690973008	([284, 136], [284, 158, 136])
1	0.6293332668792306	0.6389666911849637	([509, 315], [509, 339, 315])
1	0.6215764205790055	0.6393413140588221	([503, 265], [503, 265, 79])
1	0.636294757301436	0.6398226811851285	([529, 385], [529, 511, 385])
1	0.6339280298383455	0.63993477255953	([506, 297], [506, 297, 221])
1	0.6393794256383039	0.6399605916954706	([409, 132], [409, 382, 81])
1	0.6342565833460649	0.639979377207801	([511, 188], [511, 356, 352])
1	0.625627606247305	0.6402260171784371	([530, 46], [529, 385, 46])
1	0.5975822665268887	0.6402299855596126	([572, 130], [521, 225, 215])
1	0.6330119053517524	0.6407265047225219	([347, 133], [347, 156, 133])
1	0.6257178617056127	0.640742471119178	([523, 244], [523, 346, 319])
1	0.6406487384236091	0.6409365831927005	([283, 54], [323, 283, 54])
1	0.6267891911241436	0.641105531456466	([507, 3], [507, 502, 390])
1	0.6181041078591337	0.6412144695422076	([553, 290], [553, 550, 291])
1	0.6312913631079005	0.6412542284878675	([576, 54], [576, 512, 54])
1	0.6279917477552679	0.6416170333678207	([565, 144], [565, 275, 175])
1	0.6415159245355623	0.6417317397627681	([268, 46], [450, 268, 220])
1	0.6410618592027314	0.641732894883937	([544, 296], [544, 505, 296])
1	0.6241718223230804	0.6419149217921674	([531, 87], [531, 347, 75])
1	0.6347156771132232	0.6419613341806988	([555, 314], [550, 547, 314])
1	0.6145772234535023	0.6421072840901958	([533, 255], [557, 533, 255])
1	0.6303142479010969	0.6421471571508378	([261, 72], [261, 202, 2])
1	0.629219537290781	0.6422391822044488	([377, 135], [377, 351, 130])
1	0.6219373297184456	0.6423452875345025	([253, 131], [288, 253, 131])
1	0.6397728125995223	0.6427796963386623	([93, 38], [93, 48, 47])
1	0.6379714482454326	0.6429342937091581	([523, 260], [523, 260, 250])
1	0.6331251675871873	0.6430324960821134	([563, 312], [563, 312, 220])
1	0.6369810185296242	0.6435277044850921	([267, 82], [269, 267, 82])
1	0.6429119112702399	0.6439881097949427	([311, 133], [311, 285, 133])
1	0.6435020271200059	0.644121092966703	([508, 134], [508, 391, 138])
1	0.6304885724658214	0.6441892853584911	([583, 0], [583, 157, 89])
1	0.6172366610346179	0.6446681925726376	([530, 282], [530, 283, 282])
1	0.6445365942371908	0.6449450096474657	([536, 266], [536, 448, 409])
1	0.6432031986952725	0.6453423563966754	([535, 130], [572, 535, 501])
1	0.6342329449014484	0.6453640869070887	([567, 114], [567, 323, 114])
1	0.6448648007826383	0.645537990415559	([416, 265], [416, 392, 265])
1	0.6391999277704336	0.6459914753854344	([554, 265], [554, 303, 290])
1	0.6310462846037697	0.6459914753854344	([554, 303], [554, 553, 290])
1	0.6434473746903403	0.6465132502927577	([442, 182], [442, 222, 182])
1	0.6344733527013698	0.6468440469176681	([527, 316], [527, 350, 343])
1	0.6288232000379365	0.6477394196707059	([549, 382], [549, 394, 382])
1	0.6472708144126474	0.6485321561588361	([294, 85], [292, 289, 85])
1	0.6435244415573079	0.6485837112435899	([537, 131], [564, 537, 131])
1	0.6315821511221393	0.6486289081141468	([577, 179], [577, 209, 177])
1	0.6381684264954209	0.6488232639682148	([552, 134], [552, 134, 2])
1	0.6271073412665504	0.6494158972856401	([546, 423], [546, 512, 406])
1	0.6434946662514381	0.6494670412890238	([545, 295], [545, 533, 305])
1	0.637113646111427	0.650137720495424	([543, 262], [543, 448, 266])
1	0.6241912086308231	0.6502944133124621	([333, 84], [333, 221, 75])
1	0.6335723879567864	0.650556765793296	([447, 332], [447, 375, 332])
1	0.6399145375583988	0.651323513183877	([526, 86], [526, 449, 86])
1	0.6340568924587872	0.6516504704755487	([539, 184], [539, 271, 212])
1	0.6451179743333717	0.6530397089750818	([266, 96], [266, 220, 188])
1	0.6519166861396143	0.6534553923511934	([389, 293], [389, 293, 265])
1	0.6423189239892052	0.6544660888105868	([535, 97], [561, 535, 97])
1	0.654662838663711	0.6551542367604138	([424, 333], [424, 383, 333])
1	0.6507821360651536	0.6578790982076672	([542, 293], [544, 542, 293])
1	0.6513389265582943	0.6582244849670771	([336, 43], [336, 81, 55])
1	0.6495722210719213	0.6589745463350343	([547, 84], [547, 410, 46])
1	0.6614536899421581	0.6618658338863924	([525, 299], [525, 333, 304])
1	0.6538997758880237	0.6626653273859305	([296, 7], [444, 296, 220])
1	0.6465259402048631	0.6627426063254555	([577, 38], [577, 576, 38])
1	0.6528184914402642	0.6635780776742849	([421, 302], [421, 302, 6])
1	0.6670717959710224	0.6773921307388159	([298, 39], [298, 296, 7])
0	0.0	1.0	([37], [37, 0])
0	0.0	inf	([0], [])
