0	0.0	0.20686537622305964	([12], [12, 11])
0	0.0	0.20919461866866665	([265], [265, 264])
0	0.0	0.2135917279966303	([28], [28, 27])
0	0.0	0.21885457688309157	([60], [60, 59])
0	0.0	0.22235694501783307	([294], [294, 293])
0	0.0	0.22677844495686258	([59], [59, 58])
0	0.0	0.22727374782380197	([86], [86, 85])
0	0.0	0.22729701760020016	([61], [61, 60])
0	0.0	0.2289988682738052	([30], [30, 29])
0	0.0	0.22956392842911505	([24], [24, 23])
0	0.0	0.23035493059341233	([506], [506, 505])
0	0.0	0.23117509499535407	([222], [222, 221])
0	0.0	0.23135059498038146	([18], [18, 17])
0	0.0	0.23143001037261765	([23], [23, 22])
0	0.0	0.23324399903157725	([85], [86, 84])
0	0.0	0.23338586773459233	([433], [433, 432])
0	0.0	0.233865048868316	([27], [27, 26])
0	0.0	0.23488670745398296	([504], [504, 503])
0	0.0	0.23536366785369167	([13], [13, 12])
0	0.0	0.2363033429718552	([10], [10, 9])
0	0.0	0.23813627078951521	([440], [440, 439])
0	0.0	0.24003088032912376	([505], [505, 504])
0	0.0	0.24033955835454882	([379], [379, 378])
0	0.0	0.24048115333893064	([437], [437, 436])
0	0.0	0.24089047542124462	([390], [390, 389])
0	0.0	0.24168212401053885	([510], [510, 509])
0	0.0	0.24202024906741412	([32], [32, 31])
0	0.0	0.24204555011568119	([79], [79, 77])
0	0.0	0.24622365523827264	([293], [293, 292])
0	0.0	0.2465875933154935	([22], [22, 21])
0	0.0	0.2478796577040908	([29], [29, 28])
0	0.0	0.24794310287488003	([313], [313, 312])
0	0.0	0.24882972238378886	([264], [264, 263])
0	0.0	0.24992577924506937	([427], [427, 426])
0	0.0	0.24998447849794725	([295], [295, 294])
0	0.0	0.25053684306023555	([26], [26, 25])
0	0.0	0.25054915033457525	([33], [33, 32])
0	0.0	0.25071140140068676	([439], [439, 438])
0	0.0	0.2515587168327314	([301], [301, 300])
0	0.0	0.2529307280944776	([300], [300, 299])
0	0.0	0.2531477673209708	([430], [430, 429])
0	0.0	0.2535716366554258	([262], [262, 261])
0	0.0	0.25361181871044675	([31], [31, 30])
0	0.0	0.2539974867295524	([116], [116, 115])
0	0.0	0.25431914699803926	([57], [57, 56])
0	0.0	0.2548021018263979	([9], [9, 8])
0	0.0	0.25512683675191605	([445], [445, 444])
0	0.0	0.25520919700373207	([19], [19, 18])
0	0.0	0.255816490104199	([263], [263, 262])
0	0.0	0.25615750020462985	([438], [438, 437])
0	0.0	0.2568701177364047	([317], [317, 316])
0	0.0	0.2574329319969875	([503], [503, 502])
0	0.0	0.2578088177381549	([11], [11, 10])
0	0.0	0.2579723608735962	([436], [436, 435])
0	0.0	0.25798544952528785	([299], [299, 298])
0	0.0	0.2581262168700913	([78], [78, 77])
0	0.0	0.2596453231230324	([297], [297, 296])
0	0.0	0.2598655215533093	([96], [96, 95])
0	0.0	0.26019446035148364	([8], [8, 7])
0	0.0	0.26059486896690126	([315], [315, 314])
0	0.0	0.2608495974932631	([448], [448, 447])
0	0.0	0.2609181308863662	([316], [316, 315])
0	0.0	0.26120344665710943	([70], [70, 69])
0	0.0	0.26125808584275545	([447], [447, 446])
0	0.0	0.26172786225943306	([381], [381, 380])
0	0.0	0.2617381699061942	([16], [16, 15])
0	0.0	0.2623233510607211	([290], [290, 289])
0	0.0	0.2624429915826093	([44], [44, 43])
0	0.0	0.26244906875586077	([221], [221, 220])
0	0.0	0.26267628150984595	([429], [430, 428])
0	0.0	0.2634746444313754	([431], [431, 430])
0	0.0	0.26383944491832806	([336], [336, 335])
0	0.0	0.2648601565914474	([283], [283, 282])
0	0.0	0.26493041868569384	([435], [435, 434])
0	0.0	0.2650325656086803	([302], [302, 301])
0	0.0	0.26520947015697766	([21], [21, 20])
0	0.0	0.2653029000801057	([5], [5, 4])
0	0.0	0.2655227463650974	([7], [7, 6])
0	0.0	0.26569855052165203	([20], [20, 19])
0	0.0	0.2659289089368062	([340], [340, 339])
0	0.0	0.2661831756524211	([182], [182, 181])
0	0.0	0.2666966988135296	([392], [392, 391])
0	0.0	0.26690715190775166	([318], [318, 317])
0	0.0	0.26709796467791336	([408], [408, 407])
0	0.0	0.26739708188941236	([334], [334, 333])
0	0.0	0.26885819519180054	([579], [579, 578])
0	0.0	0.2696318438541208	([468], [468, 467])
0	0.0	0.26969659490943193	([17], [17, 16])
0	0.0	0.26979956186945825	([581], [581, 580])
0	0.0	0.2703190814103768	([375], [375, 374])
0	0.0	0.2703826077202079	([465], [465, 464])
0	0.0	0.2709449571784855	([414], [414, 413])
0	0.0	0.27144776682915767	([385], [385, 384])
0	0.0	0.27161175629665674	([354], [354, 353])
0	0.0	0.2716400812395836	([168], [168, 167])
0	0.0	0.2717223948115314	([545], [545, 544])
0	0.0	0.27187627890115557	([415], [415, 414])
0	0.0	0.2718934964813737	([284], [284, 283])
0	0.0	0.2721556948078984	([542], [542, 541])
0	0.0	0.27282661847764456	([285], [285, 284])
0	0.0	0.27318769086918865	([424], [424, 423])
0	0.0	0.2731888596248386	([483], [483, 482])
0	0.0	0.2734464742974659	([391], [391, 390])
0	0.0	0.27364064958823797	([543], [543, 542])
0	0.0	0.2736516563941244	([41], [41, 40])
0	0.0	0.2739894472680421	([4], [4, 3])
0	0.0	0.2743228680707406	([446], [446, 445])
0	0.0	0.2744518165319055	([241], [241, 240])
0	0.0	0.27446101992036603	([282], [282, 281])
0	0.0	0.2745446784405566	([40], [40, 39])
0	0.0	0.2746719586571124	([167], [167, 166])
0	0.0	0.27469576256893435	([413], [413, 412])
0	0.0	0.2749239896078461	([477], [477, 476])
0	0.0	0.27516418996787745	([461], [461, 460])
0	0.0	0.2753961704732184	([77], [77, 76])
0	0.0	0.2754827378016187	([298], [298, 297])
0	0.0	0.2758247505634881	([502], [502, 501])
0	0.0	0.27593034714915515	([488], [488, 487])
0	0.0	0.276163602737504	([384], [384, 383])
0	0.0	0.2762927920506858	([509], [509, 508])
0	0.0	0.27629344330286376	([286], [286, 285])
0	0.0	0.2770283168908777	([421], [421, 420])
0	0.0	0.2772056218734566	([135], [135, 134])
0	0.0	0.2775591887374849	([434], [434, 433])
0	0.0	0.27770778464722357	([15], [15, 14])
0	0.0	0.27787723645633966	([463], [463, 462])
0	0.0	0.2779663871853701	([43], [43, 42])
0	0.0	0.2789774558369965	([416], [416, 415])
0	0.0	0.2790982936312601	([80], [80, 79])
0	0.0	0.27919936543164636	([386], [386, 385])
0	0.0	0.2792957457528906	([183], [183, 182])
0	0.0	0.27941615249720614	([552], [552, 551])
0	0.0	0.27947081145663394	([580], [581, 579])
0	0.0	0.2796036891381136	([257], [257, 256])
0	0.0	0.28002827436171024	([25], [25, 24])
0	0.0	0.2803100680618099	([130], [130, 129])
0	0.0	0.2803812668915655	([389], [389, 388])
0	0.0	0.28129952751472803	([261], [261, 260])
0	0.0	0.2814100160954648	([428], [428, 427])
0	0.0	0.2816502164087457	([480], [480, 479])
0	0.0	0.28172097856140416	([527], [527, 526])
0	0.0	0.28172663595477077	([166], [166, 165])
0	0.0	0.2820209490406948	([418], [418, 417])
0	0.0	0.28212170486012705	([165], [165, 164])
0	0.0	0.2823968409579734	([115], [115, 114])
0	0.0	0.28278102697320157	([268], [268, 267])
0	0.0	0.2828105312847655	([120], [120, 119])
0	0.0	0.28294303993018194	([152], [152, 151])
0	0.0	0.2831806309485107	([270], [270, 269])
0	0.0	0.2832351666809304	([123], [123, 122])
0	0.0	0.28340465062308673	([231], [231, 230])
0	0.0	0.2834110303517927	([51], [51, 50])
0	0.0	0.28356545515053544	([132], [132, 131])
0	0.0	0.28377529152452985	([83], [83, 82])
0	0.0	0.2839006634729146	([238], [238, 237])
0	0.0	0.2839823270907546	([459], [459, 458])
0	0.0	0.2843471110012113	([216], [216, 215])
0	0.0	0.28452973292092476	([109], [109, 108])
0	0.0	0.2846655354531519	([457], [457, 456])
0	0.0	0.2847210381396068	([335], [335, 332])
0	0.0	0.28478210793530384	([188], [188, 186])
0	0.0	0.28479568382740156	([528], [528, 527])
0	0.0	0.2848097370972822	([42], [42, 41])
0	0.0	0.28519874890548413	([187], [187, 186])
0	0.0	0.2853290929857126	([526], [526, 525])
0	0.0	0.2855956567972925	([138], [138, 137])
0	0.0	0.2856359161888195	([471], [471, 470])
0	0.0	0.28573267492205	([81], [81, 80])
0	0.0	0.28587374179119857	([493], [493, 492])
0	0.0	0.28598855724799815	([205], [205, 204])
0	0.0	0.2860750817537979	([148], [148, 147])
0	0.0	0.286182352332302	([35], [35, 34])
0	0.0	0.28620371487315394	([88], [88, 87])
0	0.0	0.28639564410688984	([157], [157, 156])
0	0.0	0.2866662989002874	([314], [315, 313])
0	0.0	0.2866720296638268	([489], [489, 488])
0	0.0	0.2866992893757198	([134], [134, 133])
0	0.0	0.2872312246706289	([243], [243, 242])
0	0.0	0.28726368394996	([117], [117, 116])
0	0.0	0.2872676451548892	([538], [538, 537])
0	0.0	0.28733574260831896	([327], [327, 326])
0	0.0	0.28758657774371427	([529], [529, 528])
0	0.0	0.28761134435370167	([114], [114, 113])
0	0.0	0.28791418667695273	([143], [143, 142])
0	0.0	0.28796244973719387	([432], [432, 431])
0	0.0	0.2880421261114562	([412], [412, 411])
0	0.0	0.28806848617135805	([537], [537, 536])
0	0.0	0.2880715794049692	([345], [345, 344])
0	0.0	0.28813673854152444	([204], [204, 203])
0	0.0	0.2885862189438894	([377], [377, 376])
0	0.0	0.288684352767668	([332], [335, 334])
0	0.0	0.28918790409601536	([198], [198, 197])
0	0.0	0.28951547457304844	([195], [195, 194])
0	0.0	0.28967220954959766	([164], [164, 163])
0	0.0	0.2896730655955578	([153], [153, 152])
0	0.0	0.2897230305844395	([476], [476, 475])
0	0.0	0.2897979841511424	([410], [410, 409])
0	0.0	0.2899378129338816	([494], [494, 493])
0	0.0	0.2900167780747322	([554], [554, 553])
0	0.0	0.2900245976519482	([242], [242, 241])
0	0.0	0.2900260317733811	([303], [303, 298])
0	0.0	0.29040559053876563	([352], [352, 351])
0	0.0	0.290832432414882	([103], [103, 102])
0	0.0	0.29098347037603767	([202], [202, 201])
0	0.0	0.2910732025647712	([449], [449, 448])
0	0.0	0.29123123334378115	([406], [406, 405])
0	0.0	0.29127508948625913	([267], [267, 266])
0	0.0	0.29135804724363046	([154], [154, 153])
0	0.0	0.29138109370294685	([124], [124, 123])
0	0.0	0.29188150053910084	([544], [544, 542])
0	0.0	0.2919160935435482	([289], [289, 288])
0	0.0	0.291991127830252	([396], [396, 395])
0	0.0	0.29205033337103714	([36], [36, 35])
0	0.0	0.2920618092390491	([325], [325, 324])
0	0.0	0.2921754323472967	([254], [254, 253])
0	0.0	0.2927644093101473	([423], [423, 422])
0	0.0	0.29342844855188266	([378], [378, 377])
0	0.0	0.2934543717397515	([203], [203, 202])
0	0.0	0.29348036042495096	([163], [163, 162])
0	0.0	0.29377394312220667	([215], [215, 214])
0	0.0	0.2939311600016129	([171], [171, 170])
0	0.0	0.29415485814956305	([320], [320, 319])
0	0.0	0.2941660213731145	([524], [524, 523])
0	0.0	0.2942172478404015	([170], [170, 169])
0	0.0	0.29428032918852215	([559], [559, 558])
0	0.0	0.2943202495173687	([400], [400, 399])
0	0.0	0.2943673367828253	([508], [508, 507])
0	0.0	0.2943690952497925	([383], [383, 382])
0	0.0	0.2943820949718298	([235], [235, 234])
0	0.0	0.2945513024240217	([387], [387, 386])
0	0.0	0.29461273025707463	([319], [319, 318])
0	0.0	0.29461849550814706	([425], [425, 424])
0	0.0	0.29476223965636944	([71], [71, 70])
0	0.0	0.294998083438419	([106], [106, 105])
0	0.0	0.2951079339608469	([519], [519, 518])
0	0.0	0.2951946049929574	([515], [515, 514])
0	0.0	0.29549693385268244	([271], [271, 270])
0	0.0	0.29553691705198465	([287], [287, 286])
0	0.0	0.29556692229819065	([266], [266, 265])
0	0.0	0.29580663073422303	([247], [247, 246])
0	0.0	0.295857771896906	([237], [237, 236])
0	0.0	0.29593132765390157	([460], [460, 459])
0	0.0	0.2959857418934893	([251], [251, 250])
0	0.0	0.29600390414779404	([573], [573, 572])
0	0.0	0.296055666395039	([491], [491, 490])
0	0.0	0.29618244215569	([496], [496, 495])
0	0.0	0.2962049437257298	([328], [328, 327])
0	0.0	0.2963202767778344	([169], [169, 168])
0	0.0	0.29634470208328956	([292], [292, 291])
0	0.0	0.29653256395882466	([280], [280, 279])
0	0.0	0.296564843811048	([367], [367, 366])
0	0.0	0.2968467914756176	([486], [486, 485])
0	0.0	0.29686402945647505	([122], [122, 121])
0	0.0	0.29714279742710875	([34], [34, 33])
0	0.0	0.2971836519428931	([485], [485, 484])
0	0.0	0.2972839716404721	([233], [233, 232])
0	0.0	0.2973092285037024	([553], [553, 552])
0	0.0	0.2973632037427791	([140], [140, 139])
0	0.0	0.29736476762605263	([474], [474, 473])
0	0.0	0.2973686706720054	([121], [121, 120])
0	0.0	0.29738555082406926	([326], [326, 325])
0	0.0	0.2976059975930137	([388], [388, 387])
0	0.0	0.2976713041030616	([568], [568, 567])
0	0.0	0.29770626538157263	([560], [560, 559])
0	0.0	0.29791404551502765	([56], [56, 55])
0	0.0	0.29795547569934905	([224], [224, 223])
0	0.0	0.2981378197762866	([126], [126, 125])
0	0.0	0.29831614025661335	([562], [562, 561])
0	0.0	0.29879208625848636	([567], [567, 566])
0	0.0	0.29879384524514596	([177], [177, 176])
0	0.0	0.2988439809144085	([53], [53, 52])
0	0.0	0.29884832892821994	([97], [97, 96])
0	0.0	0.29893584262696504	([371], [371, 370])
0	0.0	0.29896166047236633	([370], [370, 369])
0	0.0	0.29908704573594724	([444], [444, 443])
1	0.2895930181418359	0.2991216268062307	([333, 332], [335, 334, 333])
0	0.0	0.29915439820390766	([467], [467, 466])
0	0.0	0.2992238642219496	([469], [469, 468])
0	0.0	0.2992618535243821	([441], [441, 440])
0	0.0	0.2992757323206469	([239], [239, 238])
0	0.0	0.2994483379933314	([550], [550, 549])
0	0.0	0.29968928420976243	([462], [462, 461])
0	0.0	0.2996941689883867	([14], [14, 13])
0	0.0	0.2999778532169116	([481], [481, 480])
0	0.0	0.30028466061852	([546], [546, 545])
0	0.0	0.3002947996895413	([376], [376, 374])
0	0.0	0.30029924331696783	([107], [107, 106])
0	0.0	0.30044990011330386	([82], [82, 81])
0	0.0	0.30051262088270814	([178], [178, 177])
0	0.0	0.3005456952670201	([540], [540, 539])
0	0.0	0.30054570857873214	([173], [173, 172])
0	0.0	0.30065385027890773	([422], [422, 421])
0	0.0	0.3008129630843018	([291], [291, 290])
0	0.0	0.30087037413985407	([564], [564, 563])
0	0.0	0.3009081551366055	([74], [74, 73])
0	0.0	0.30095391233355695	([403], [403, 402])
0	0.0	0.30099439981947573	([281], [281, 280])
0	0.0	0.30111488051114493	([253], [253, 252])
0	0.0	0.30116618828330793	([359], [359, 358])
0	0.0	0.3012392881987747	([240], [240, 239])
0	0.0	0.3012941334613021	([490], [490, 489])
0	0.0	0.30137734443356873	([454], [454, 453])
0	0.0	0.3013986879032931	([583], [583, 582])
0	0.0	0.30144971670640863	([407], [407, 406])
0	0.0	0.3016366684552014	([52], [52, 51])
0	0.0	0.3017798698561008	([250], [250, 249])
0	0.0	0.30194987488622455	([118], [118, 117])
0	0.0	0.30201871437576433	([366], [366, 365])
0	0.0	0.302144272783223	([119], [119, 118])
0	0.0	0.3021793136278338	([54], [54, 53])
0	0.0	0.3022719504717433	([150], [150, 149])
0	0.0	0.3023655874120909	([566], [566, 565])
0	0.0	0.3028475058774227	([487], [487, 486])
1	0.3019536665116494	0.30287801973292694	([448, 445], [448, 447, 446])
0	0.0	0.3032324366687957	([87], [87, 86])
0	0.0	0.30341092532968467	([274], [274, 273])
0	0.0	0.30380668763489355	([426], [426, 425])
0	0.0	0.3040979477486509	([192], [192, 191])
0	0.0	0.3042231389691903	([102], [102, 101])
0	0.0	0.30426491811193374	([344], [344, 343])
0	0.0	0.30430051451472073	([534], [534, 533])
0	0.0	0.3043077287577132	([525], [525, 524])
0	0.0	0.3043741755080851	([276], [276, 275])
0	0.0	0.3045613846830925	([98], [98, 96])
0	0.0	0.3051996554445636	([308], [308, 307])
0	0.0	0.3053355923208661	([108], [108, 107])
0	0.0	0.30536504067242426	([482], [482, 481])
0	0.0	0.3055467743077022	([531], [531, 530])
0	0.0	0.30558134360440337	([346], [346, 345])
0	0.0	0.3057137404584472	([353], [353, 352])
0	0.0	0.3057260204345258	([273], [273, 272])
0	0.0	0.3057311698213428	([576], [576, 575])
0	0.0	0.30577550276514326	([380], [380, 379])
0	0.0	0.3058178641774903	([369], [369, 368])
0	0.0	0.3059162368233987	([478], [478, 477])
0	0.0	0.3063810923703451	([575], [575, 574])
0	0.0	0.30639672775549176	([343], [343, 342])
0	0.0	0.30648183802860296	([206], [206, 205])
0	0.0	0.3065953067704056	([582], [582, 581])
0	0.0	0.30687422411000587	([401], [401, 400])
0	0.0	0.30697582763923015	([342], [342, 341])
0	0.0	0.30699053992806974	([93], [93, 92])
0	0.0	0.3071271406257931	([522], [522, 521])
0	0.0	0.30719167582630147	([259], [259, 258])
0	0.0	0.3072234346433096	([360], [360, 359])
0	0.0	0.3072448985324771	([232], [232, 231])
0	0.0	0.3072639041171068	([230], [230, 229])
0	0.0	0.3073432955502688	([112], [112, 111])
0	0.0	0.30746947608291214	([456], [456, 455])
0	0.0	0.30755527980180636	([363], [363, 362])
0	0.0	0.3077943318020192	([181], [181, 180])
0	0.0	0.3078316448160217	([275], [275, 274])
0	0.0	0.30808844493764287	([50], [50, 49])
0	0.0	0.30817147230278913	([470], [470, 469])
0	0.0	0.30821762232379973	([473], [473, 472])
0	0.0	0.30842727211212745	([234], [234, 233])
0	0.0	0.308594552272765	([201], [201, 200])
0	0.0	0.30859865544662773	([450], [450, 449])
0	0.0	0.3087148367056633	([349], [349, 348])
0	0.0	0.30872913071487584	([402], [402, 401])
0	0.0	0.30886414006221835	([520], [520, 519])
0	0.0	0.30904073048682545	([324], [324, 323])
0	0.0	0.3090527999200551	([46], [46, 45])
0	0.0	0.3090844398337116	([45], [45, 43])
0	0.0	0.3091086208098725	([258], [258, 257])
0	0.0	0.30910931168035455	([75], [75, 74])
0	0.0	0.30915819262070743	([174], [174, 173])
0	0.0	0.3092106849386752	([507], [507, 506])
0	0.0	0.30922115839501096	([551], [551, 550])
0	0.0	0.3092820235458967	([304], [304, 303])
0	0.0	0.3093081172359047	([466], [466, 465])
0	0.0	0.30943493318388515	([185], [185, 184])
0	0.0	0.3095691409902545	([147], [147, 146])
0	0.0	0.30969547435751327	([555], [555, 554])
0	0.0	0.3098064302785759	([518], [518, 517])
0	0.0	0.3099438444135382	([511], [511, 510])
0	0.0	0.3099809632005172	([296], [297, 295])
0	0.0	0.3101076816007858	([136], [136, 135])
0	0.0	0.3101857782332857	([561], [561, 560])
0	0.0	0.3102110603576846	([357], [357, 356])
0	0.0	0.31027101588447564	([128], [128, 127])
0	0.0	0.31027400818562134	([111], [111, 110])
0	0.0	0.31029227658497505	([404], [404, 403])
0	0.0	0.31049001412306015	([533], [533, 532])
0	0.0	0.3105791112957626	([214], [214, 213])
0	0.0	0.3106219131864695	([142], [142, 141])
0	0.0	0.31111342713790013	([105], [105, 104])
0	0.0	0.3111794367621646	([355], [355, 354])
0	0.0	0.3113874056111003	([442], [442, 441])
0	0.0	0.31154914569141434	([499], [499, 498])
0	0.0	0.3115790537255892	([256], [256, 255])
0	0.0	0.31158383625371533	([395], [395, 394])
0	0.0	0.31181699535658897	([146], [146, 145])
0	0.0	0.31183689791574665	([141], [141, 140])
0	0.0	0.3118697108491424	([535], [535, 534])
0	0.0	0.31197119252919675	([133], [133, 132])
0	0.0	0.31199835138287985	([394], [394, 393])
0	0.0	0.31207615548082396	([475], [475, 474])
0	0.0	0.31209954721129196	([197], [197, 196])
0	0.0	0.3122013025936657	([492], [492, 491])
0	0.0	0.3122564765784515	([309], [309, 308])
0	0.0	0.31231787509119113	([94], [94, 93])
0	0.0	0.31267350943376154	([200], [200, 199])
0	0.0	0.3128122565421057	([73], [73, 72])
0	0.0	0.312932141371558	([127], [127, 126])
0	0.0	0.3131306974367606	([532], [532, 531])
0	0.0	0.31327112821929004	([338], [338, 337])
0	0.0	0.31342048722852517	([229], [229, 228])
0	0.0	0.313430276520483	([322], [322, 321])
0	0.0	0.3135958872921615	([172], [172, 171])
0	0.0	0.31374974523064986	([208], [208, 207])
0	0.0	0.31381335901114643	([84], [84, 83])
0	0.0	0.31385220627026245	([212], [212, 211])
0	0.0	0.3139427283326893	([305], [305, 304])
0	0.0	0.3142148235495286	([498], [498, 497])
0	0.0	0.31429086098636844	([104], [104, 103])
0	0.0	0.31432165586598354	([464], [464, 463])
0	0.0	0.31436784820999875	([90], [90, 89])
0	0.0	0.3146811595707348	([514], [514, 513])
0	0.0	0.3148589936591376	([101], [101, 100])
0	0.0	0.31501098128845534	([479], [479, 478])
0	0.0	0.3150362979266573	([323], [323, 322])
0	0.0	0.3152488291958448	([225], [225, 224])
0	0.0	0.31528849132331765	([530], [530, 529])
0	0.0	0.3154399065429669	([497], [497, 496])
0	0.0	0.3154939652441961	([252], [252, 251])
0	0.0	0.31577073612461903	([547], [547, 546])
0	0.0	0.31591456146641356	([571], [571, 570])
0	0.0	0.3162352486845759	([89], [89, 88])
0	0.0	0.31646393384673077	([76], [76, 75])
0	0.0	0.31663162342529255	([210], [210, 209])
0	0.0	0.31665622557107503	([570], [570, 569])
0	0.0	0.31677906906151904	([219], [219, 218])
0	0.0	0.316899991012234	([180], [180, 179])
0	0.0	0.3171276288393995	([159], [159, 158])
0	0.0	0.3176293064904001	([249], [249, 248])
0	0.0	0.3177972434109105	([409], [409, 408])
0	0.0	0.31795065545439744	([199], [199, 198])
0	0.0	0.3180678057514801	([245], [245, 244])
0	0.0	0.3181209857571355	([211], [211, 210])
0	0.0	0.31830155623665113	([217], [217, 216])
0	0.0	0.3183416347731978	([333], [332, 331])
0	0.0	0.31837779626397267	([350], [350, 349])
0	0.0	0.31867487457073906	([228], [228, 227])
0	0.0	0.31879604250986454	([539], [539, 538])
0	0.0	0.31893084706254266	([113], [113, 112])
0	0.0	0.3189686901584782	([569], [569, 568])
0	0.0	0.31899929670594335	([455], [455, 454])
0	0.0	0.31912983403480605	([72], [72, 71])
0	0.0	0.31917088146826694	([6], [6, 5])
0	0.0	0.319172046811056	([347], [347, 346])
0	0.0	0.3193075752581784	([484], [484, 483])
0	0.0	0.319581901705906	([397], [397, 396])
1	0.3139344858808228	0.31960578079979585	([87, 83], [87, 86, 83])
0	0.0	0.31966069380501205	([66], [66, 65])
0	0.0	0.3197970123982728	([548], [548, 547])
0	0.0	0.31984123274133197	([278], [278, 277])
0	0.0	0.32005877626971596	([55], [55, 54])
0	0.0	0.32020287831035077	([337], [337, 336])
0	0.0	0.3202877558969203	([472], [472, 471])
0	0.0	0.32047671757388174	([279], [279, 278])
0	0.0	0.3205239773538459	([443], [443, 442])
0	0.0	0.32077375275127484	([572], [572, 571])
0	0.0	0.32093296252491393	([372], [372, 371])
0	0.0	0.3211435905925379	([411], [411, 410])
0	0.0	0.3212306174714155	([213], [213, 212])
0	0.0	0.3212999430646237	([277], [277, 276])
0	0.0	0.3213599851484725	([129], [129, 128])
0	0.0	0.3220021016248243	([58], [58, 57])
0	0.0	0.3220986374243527	([556], [556, 555])
0	0.0	0.3221262580565713	([194], [194, 193])
0	0.0	0.3221676098121207	([244], [244, 243])
0	0.0	0.32228280244213287	([145], [145, 144])
0	0.0	0.32293653655276927	([420], [420, 419])
0	0.0	0.3232162628278648	([193], [193, 192])
0	0.0	0.32326233559604106	([49], [49, 48])
0	0.0	0.32327716776786186	([144], [144, 143])
0	0.0	0.32335494237227275	([365], [365, 364])
0	0.0	0.3234600439790966	([577], [577, 576])
0	0.0	0.32375719465172786	([516], [516, 515])
0	0.0	0.32390174726069487	([272], [272, 271])
0	0.0	0.32390811680184745	([179], [179, 178])
0	0.0	0.32397596949755453	([184], [184, 183])
0	0.0	0.32409308287105365	([339], [339, 338])
0	0.0	0.32446044052783596	([155], [155, 154])
0	0.0	0.3247715365918137	([458], [458, 457])
0	0.0	0.3249324580515529	([306], [306, 305])
0	0.0	0.325308221158688	([196], [196, 195])
0	0.0	0.32538086992407833	([321], [321, 320])
0	0.0	0.32545370239967175	([236], [236, 235])
0	0.0	0.3254570718440536	([99], [99, 98])
0	0.0	0.32570893207565493	([398], [398, 397])
0	0.0	0.3257956590358821	([517], [517, 516])
0	0.0	0.3257997505612821	([3], [4, 2])
0	0.0	0.32609655426465617	([255], [255, 254])
0	0.0	0.32688556766119775	([329], [329, 328])
0	0.0	0.32721186586481543	([191], [191, 190])
0	0.0	0.32756048433123897	([351], [351, 350])
0	0.0	0.3277161448577419	([373], [373, 372])
0	0.0	0.32795594403194334	([227], [227, 226])
0	0.0	0.3283209016166913	([536], [536, 535])
0	0.0	0.32849319590263404	([311], [311, 310])
0	0.0	0.32950018476680176	([419], [419, 418])
0	0.0	0.32966816801055915	([209], [209, 208])
0	0.0	0.3297052859819398	([269], [269, 268])
0	0.0	0.3297193557227915	([310], [310, 309])
0	0.0	0.3298577732392023	([131], [131, 130])
0	0.0	0.3299887799219808	([374], [374, 373])
0	0.0	0.33021324570832	([549], [549, 548])
0	0.0	0.3307337664927741	([512], [512, 511])
0	0.0	0.330740476004868	([451], [451, 450])
0	0.0	0.3312014944614968	([364], [364, 363])
0	0.0	0.3313793903811551	([495], [495, 494])
0	0.0	0.3314880037962585	([358], [358, 357])
0	0.0	0.331642011607515	([175], [175, 174])
0	0.0	0.3320024387107896	([356], [356, 355])
0	0.0	0.33232275826752417	([453], [453, 452])
0	0.0	0.33251605155026726	([161], [161, 160])
0	0.0	0.3327154560030555	([541], [542, 540])
0	0.0	0.33299776484043503	([558], [558, 557])
0	0.0	0.33315368361207004	([137], [137, 136])
0	0.0	0.3333758654496693	([288], [288, 287])
0	0.0	0.3335555010019494	([501], [501, 500])
0	0.0	0.33385550606522063	([452], [452, 451])
0	0.0	0.3340173558259054	([162], [162, 161])
0	0.0	0.334115523294167	([382], [382, 381])
0	0.0	0.3342262150762974	([186], [186, 185])
0	0.0	0.33454092874063523	([368], [368, 367])
0	0.0	0.334637979001485	([158], [158, 157])
0	0.0	0.3347221829820512	([248], [248, 247])
0	0.0	0.3349078333744703	([260], [260, 259])
0	0.0	0.3357716749603709	([307], [307, 306])
0	0.0	0.33655735752745103	([565], [565, 564])
0	0.0	0.33700669944602335	([68], [68, 67])
0	0.0	0.3374377777150103	([207], [207, 206])
0	0.0	0.3375922418174277	([47], [47, 46])
0	0.0	0.3379539018522186	([176], [176, 175])
0	0.0	0.3381403292708276	([578], [578, 577])
0	0.0	0.33829591047956836	([523], [523, 522])
0	0.0	0.33942095339795203	([92], [92, 91])
0	0.0	0.3395544416055001	([331], [331, 330])
0	0.0	0.3395895508398875	([330], [330, 329])
0	0.0	0.3398236570382055	([95], [95, 94])
0	0.0	0.33991771858366315	([189], [189, 188])
0	0.0	0.3401421021855977	([223], [223, 222])
0	0.0	0.34031945487007575	([405], [405, 404])
0	0.0	0.3407824205172904	([139], [139, 138])
0	0.0	0.340952999688074	([312], [312, 311])
0	0.0	0.3423258268157663	([62], [62, 61])
0	0.0	0.342689735935315	([348], [348, 347])
0	0.0	0.3430265238668795	([110], [110, 109])
0	0.0	0.3431641584062604	([125], [125, 124])
0	0.0	0.34326153190236425	([39], [39, 38])
0	0.0	0.3434162956158597	([393], [393, 392])
0	0.0	0.344147774550362	([341], [341, 340])
0	0.0	0.3443485530545627	([65], [65, 64])
0	0.0	0.3445210413591331	([246], [246, 245])
0	0.0	0.344644805652459	([563], [563, 562])
0	0.0	0.3446823680448565	([151], [151, 150])
0	0.0	0.3449583933440253	([226], [226, 225])
0	0.0	0.3449944307829985	([91], [91, 90])
0	0.0	0.3454069790869369	([160], [160, 159])
0	0.0	0.3462736065292439	([362], [362, 361])
0	0.0	0.3467392714417709	([67], [67, 66])
0	0.0	0.34699790137568204	([149], [149, 148])
0	0.0	0.34760975980498554	([574], [574, 573])
0	0.0	0.35003086783123966	([500], [500, 499])
1	0.3127876840080294	0.35124651259846407	([287, 279], [287, 286, 280])
0	0.0	0.3530394623157371	([48], [48, 47])
0	0.0	0.35322948369577695	([218], [218, 217])
0	0.0	0.3536537814078637	([220], [220, 219])
0	0.0	0.3547530560496941	([513], [513, 512])
0	0.0	0.3548075383337195	([417], [417, 416])
1	0.354449624068384	0.35486363741346116	([136, 131], [136, 134, 133])
0	0.0	0.3548683459742265	([100], [100, 99])
0	0.0	0.3550360460534924	([557], [557, 556])
0	0.0	0.3551133657311974	([190], [190, 189])
1	0.3534383528476808	0.35520770075858193	([571, 568], [571, 570, 569])
0	0.0	0.35715591019329823	([156], [156, 155])
0	0.0	0.3575303473282187	([399], [399, 398])
0	0.0	0.35795876209147576	([2], [2, 1])
0	0.0	0.35939642780191966	([63], [63, 62])
0	0.0	0.36154065553723863	([521], [521, 520])
0	0.0	0.3624220773134642	([361], [361, 360])
0	0.0	0.3641212175392873	([64], [64, 63])
0	0.0	0.3650125021118186	([69], [69, 68])
1	0.37683744151775644	0.3777008737278132	([580, 577], [581, 580, 577])
1	0.38056273538140667	0.38284805819269246	([509, 506], [509, 508, 506])
0	0.0	0.3836986302529514	([38], [39, 36])
1	0.33661115377524037	0.3843563698924384	([572, 564], [571, 568, 567])
1	0.3867912387666676	0.3879568260250462	([38, 35], [39, 38, 35])
1	0.3860225556134694	0.39159852003060525	([271, 268], [271, 270, 268])
1	0.3951739132808276	0.3954567018453565	([187, 183], [187, 186, 183])
0	0.0	0.40434574325437544	([1], [1, 0])
1	0.37699204232717265	0.40787490228227974	([121, 110], [121, 120, 110])
1	0.40112326936088577	0.40898586651287216	([244, 238], [244, 241, 238])
1	0.392559945173632	0.41014312381231516	([310, 304], [310, 309, 305])
1	0.40091205408106967	0.41665392238003407	([339, 335], [339, 338, 335])
1	0.39998997440645717	0.41709243343808367	([185, 178], [185, 180, 179])
1	0.38088410666677247	0.4174414337496317	([404, 398], [404, 403, 399])
1	0.4144387756183132	0.41908416753350924	([207, 203], [207, 206, 204])
1	0.4040782100234272	0.4259884174409011	([126, 110], [126, 122, 110])
1	0.42252934744613074	0.4362711186597974	([40, 33], [40, 36, 34])
1	0.42843168899338535	0.4412714264880842	([63, 54], [63, 62, 55])
1	0.4368874931037089	0.4414884428709398	([65, 53], [65, 64, 63])
1	0.41975709960077023	0.4414884428709398	([66, 63], [66, 65, 63])
1	0.38579823499643845	0.45477762187885545	([90, 76], [90, 83, 80])
1	0.45750635437865156	0.45876617508908296	([576, 572], [576, 574, 572])
1	0.45212785979735515	0.4626483796212041	([470, 462], [470, 467, 462])
1	0.46349775685723277	0.46370318470370947	([358, 354], [358, 357, 355])
1	0.4582942476072029	0.4677503315735138	([66, 49], [66, 63, 53])
1	0.46501002719943724	0.4677940254051008	([68, 62], [68, 66, 63])
1	0.46623580646386814	0.4693165071988887	([34, 19], [34, 32, 19])
1	0.4634176854385479	0.4705770474747421	([330, 322], [330, 326, 324])
1	0.4668435278766483	0.471433617284669	([144, 138], [144, 141, 139])
1	0.4554932799063001	0.4719880982998834	([36, 16], [35, 31, 16])
1	0.4658142135378173	0.4721982603420063	([489, 478], [489, 484, 478])
1	0.4224479692148165	0.47299655255277906	([372, 360], [372, 365, 361])
1	0.46111192127772105	0.4813345000370968	([91, 74], [91, 89, 74])
1	0.47662191681593385	0.486013789258008	([64, 48], [64, 63, 53])
1	0.468186159644095	0.48649465151931376	([162, 153], [162, 161, 153])
1	0.4819816045780241	0.4915021525254238	([513, 499], [514, 513, 499])
1	0.4939674517984969	0.4953290813663601	([156, 141], [157, 156, 144])
1	0.49606106292087826	0.49659858285232256	([24, 11], [24, 18, 13])
1	0.4955714825892125	0.49757541170872494	([192, 177], [192, 189, 177])
1	0.49046245940289057	0.49898111570972775	([490, 471], [490, 478, 477])
1	0.48550332108301797	0.500166017166197	([442, 422], [442, 437, 431])
1	0.4985904468142734	0.5007836620828405	([519, 497], [515, 513, 498])
1	0.4747463653825732	0.5023843022666924	([521, 508], [521, 518, 512])
1	0.4809990097223452	0.503755479715712	([514, 498], [512, 507, 500])
1	0.49344982143915	0.5041971166205919	([305, 275], [305, 288, 278])
1	0.49064405366603775	0.5048500421384206	([157, 144], [156, 155, 142])
1	0.49405115597460186	0.5049015881010844	([213, 207], [213, 212, 207])
1	0.5011366191806108	0.5088463960270286	([307, 276], [308, 307, 276])
1	0.5032682185750593	0.5095024636636516	([323, 308], [323, 321, 308])
1	0.5022020623412723	0.5117191324661612	([92, 68], [92, 74, 73])
1	0.5122906360481949	0.5142606569208668	([130, 117], [130, 127, 110])
1	0.5093311195518362	0.5159517890059006	([523, 510], [523, 521, 508])
1	0.47906829072597945	0.5164455157958266	([308, 274], [308, 306, 274])
1	0.5150336987084626	0.5167580423966815	([324, 307], [324, 321, 308])
1	0.5114996321463909	0.5170021190478881	([195, 175], [195, 191, 173])
1	0.5158087150564897	0.5220536379094232	([196, 172], [196, 177, 172])
1	0.48821665424213856	0.5239792836582513	([50, 0], [50, 49, 0])
1	0.5179327780223624	0.52465324748936	([273, 253], [273, 269, 259])
1	0.5194050917998413	0.5253586788310368	([316, 294], [313, 312, 294])
1	0.49123900739150844	0.526097496686072	([47, 2], [48, 47, 1])
1	0.5210942381049996	0.527397579827742	([494, 463], [494, 472, 463])
1	0.5179719575060184	0.5274530752664368	([44, 5], [44, 42, 5])
1	0.515176637308751	0.5290451145152258	([312, 297], [312, 310, 303])
1	0.5313324092811418	0.5324415224334267	([93, 67], [93, 92, 68])
1	0.5313500920013656	0.5331442653769066	([226, 209], [226, 219, 209])
1	0.5299725695167132	0.533775699556694	([496, 457], [496, 472, 457])
1	0.517042487398325	0.5342675056090901	([46, 3], [46, 42, 3])
1	0.5217302878660618	0.5353233239105533	([55, 46], [55, 49, 47])
1	0.47368120451358076	0.535372920552542	([48, 1], [47, 45, 2])
1	0.5278339147024154	0.5374585323329749	([104, 67], [103, 101, 65])
1	0.5036555800184607	0.5392361179047613	([102, 66], [106, 101, 65])
1	0.5313064738233346	0.5413978225249394	([265, 250], [266, 265, 250])
1	0.5269353794006838	0.5414733131765185	([147, 127], [151, 147, 125])
1	0.5347695008504963	0.5417821974925741	([70, 57], [70, 69, 56])
1	0.5248460376847226	0.5423058153927001	([69, 56], [71, 69, 56])
1	0.5423197951087977	0.543706286069008	([467, 168], [460, 457, 168])
1	0.5274445065459012	0.543706286069008	([460, 169], [489, 460, 168])
1	0.5295300706514325	0.5438565266777224	([276, 254], [276, 270, 254])
1	0.5438265858883683	0.5443061155427671	([146, 126], [147, 146, 127])
1	0.5423356145588069	0.5462347008291584	([396, 373], [396, 392, 373])
1	0.5377218926845913	0.5465735909410141	([326, 275], [326, 308, 275])
1	0.5055338057127784	0.5474422102396956	([98, 90], [98, 95, 90])
1	0.5449703349472065	0.5479980432881005	([221, 203], [221, 219, 213])
1	0.5328211846151439	0.5490057347265173	([355, 337], [355, 347, 337])
1	0.5471910076364674	0.5491548242409504	([93, 1], [92, 74, 47])
1	0.5455063951249592	0.5496002884926652	([150, 109], [164, 150, 108])
1	0.5483468781811284	0.5497940330982483	([480, 163], [480, 465, 163])
1	0.5411970467413227	0.550008238401809	([485, 165], [485, 468, 456])
1	0.5485392657741424	0.5500183294663251	([419, 393], [419, 417, 394])
1	0.546310670697774	0.5505032841635563	([74, 47], [92, 68, 48])
1	0.5480148361551609	0.550670177798602	([470, 195], [470, 195, 166])
1	0.5406261733192901	0.5507920357379228	([148, 124], [150, 148, 124])
1	0.5497269622789199	0.5508325430781326	([463, 151], [465, 463, 162])
1	0.546271485246211	0.5521352288657986	([76, 58], [90, 76, 59])
1	0.5510138913793184	0.552327586405217	([326, 228], [328, 326, 228])
1	0.552408133297893	0.5524214203826875	([560, 536], [560, 555, 536])
1	0.5502699754482903	0.5525555091420723	([152, 123], [152, 151, 123])
1	0.5427721683237272	0.5526659383756484	([228, 153], [230, 228, 153])
1	0.5341453774452474	0.5526699992779724	([465, 162], [489, 465, 162])
1	0.5362640983592489	0.5526890089773755	([470, 166], [476, 474, 164])
1	0.5450320519328816	0.5529566331835949	([193, 153], [193, 173, 161])
1	0.5378857794484454	0.5533331958753269	([164, 103], [148, 146, 127])
1	0.5413648512485264	0.5534854163066609	([127, 66], [127, 108, 102])
1	0.5523775435842522	0.5537039605303684	([561, 519], [561, 557, 519])
1	0.5300638249844104	0.553728453281801	([202, 188], [203, 202, 187])
1	0.5537998376596864	0.5540486161463336	([91, 62], [91, 72, 68])
1	0.5493515681386981	0.5540775602136813	([167, 107], [169, 167, 107])
1	0.5492928568566405	0.5541110729555462	([458, 364], [481, 469, 364])
1	0.5489895918098134	0.5544349254049397	([161, 126], [164, 161, 103])
1	0.5298596871488066	0.5552329179407066	([483, 164], [474, 465, 163])
1	0.5438197360664268	0.5552502969496423	([469, 170], [477, 460, 169])
1	0.5366730426701242	0.5558220900669829	([169, 106], [167, 154, 109])
1	0.5344445126540792	0.5558420968909517	([468, 165], [468, 457, 168])
1	0.5414604973490459	0.5560808011006296	([557, 520], [557, 539, 522])
1	0.5505674405754011	0.558150214453235	([418, 403], [419, 418, 393])
1	0.5417591759316219	0.5581763450668396	([229, 198], [229, 227, 198])
1	0.5444300030806167	0.5581809828031724	([481, 364], [464, 458, 364])
1	0.5070548796385947	0.5585894378065608	([151, 125], [146, 140, 127])
1	0.5475336746737753	0.5587401980265962	([328, 229], [362, 356, 328])
1	0.554440162020382	0.5589834234655527	([453, 369], [461, 453, 369])
1	0.5554929238779972	0.5591733550467823	([468, 106], [468, 169, 165])
1	0.5404871510511192	0.5592241110674759	([491, 171], [491, 477, 171])
1	0.5533039555059192	0.5594562584642107	([464, 150], [464, 463, 166])
1	0.5594480027103873	0.5594707813709346	([494, 106], [494, 476, 106])
1	0.5543404571972478	0.5598569174067829	([456, 362], [456, 454, 362])
1	0.5472984135502369	0.559904323407428	([362, 229], [326, 324, 228])
1	0.5570970509024737	0.5599826853044284	([453, 66], [460, 454, 453])
1	0.5531713552545363	0.5600885386885719	([494, 153], [494, 153, 106])
1	0.5476668883243503	0.5605786074853613	([465, 107], [477, 465, 107])
1	0.5360949226167131	0.5606018286881841	([478, 173], [478, 475, 173])
1	0.5430854859572877	0.5608489920631969	([363, 172], [477, 363, 172])
1	0.5528565758976982	0.5612461494195542	([228, 176], [228, 176, 153])
1	0.5543109173532659	0.5613697029629175	([228, 195], [228, 209, 195])
1	0.5588833077048967	0.561392963446745	([454, 400], [454, 452, 400])
1	0.5415804479820789	0.5614656614059463	([477, 363], [462, 458, 366])
1	0.555613107021971	0.561525114413938	([366, 167], [473, 462, 167])
1	0.5570425268906243	0.5617714859651322	([170, 105], [170, 167, 107])
1	0.5410949678739742	0.5618689904130202	([462, 368], [464, 454, 367])
1	0.5495090680940656	0.5618689904130202	([483, 367], [479, 464, 367])
1	0.5487360316662087	0.5627299979014058	([399, 356], [401, 393, 356])
1	0.5442202558415655	0.5630099178374521	([324, 231], [484, 456, 229])
1	0.5440742116103484	0.5631964708439094	([157, 116], [157, 137, 130])
1	0.5595632237331659	0.5632459282258039	([333, 316], [333, 330, 320])
1	0.5630149184593499	0.5634330114618796	([528, 502], [528, 521, 511])
1	0.5416401435364945	0.5635769554794411	([230, 150], [230, 198, 195])
1	0.5550157016044969	0.5636382396596847	([149, 66], [149, 127, 123])
1	0.5602892803418358	0.5637162072408645	([228, 124], [228, 153, 106])
1	0.5534256981578491	0.5639931614216978	([327, 274], [327, 321, 274])
1	0.5356159122401906	0.5640362361965165	([466, 365], [462, 457, 365])
1	0.5413083351981441	0.5645605728039911	([451, 417], [451, 443, 418])
1	0.5592807754106318	0.5647092009027201	([394, 371], [403, 394, 371])
1	0.5177845543707933	0.5648741030239383	([59, 40], [59, 58, 40])
1	0.5562098693320479	0.5653190593099541	([364, 108], [471, 458, 364])
1	0.5627755014632282	0.5654973364548203	([459, 194], [472, 459, 194])
1	0.5536277002773564	0.5656762596305351	([404, 361], [403, 400, 361])
1	0.5631559472564894	0.5658474958088514	([497, 365], [497, 495, 365])
1	0.5644334790649014	0.566169930308286	([364, 162], [463, 458, 364])
1	0.5615239344685583	0.5662254032635531	([420, 389], [413, 407, 389])
1	0.551012748754929	0.5663078562074209	([453, 227], [453, 109, 66])
1	0.5518485463296355	0.566334869462253	([123, 64], [123, 101, 65])
1	0.5451210618527366	0.566395000850917	([361, 329], [361, 357, 330])
1	0.556477608524202	0.5665260844662632	([455, 172], [497, 473, 172])
1	0.5604717317754876	0.5668299718121251	([362, 151], [366, 362, 167])
1	0.5534093189578314	0.5670995368433388	([402, 357], [402, 369, 362])
1	0.5521109800651723	0.5672840830353145	([420, 222], [420, 411, 221])
1	0.5531808943610002	0.5673445499339926	([365, 169], [365, 361, 228])
1	0.5259373747356668	0.5678125135507767	([489, 168], [168, 125, 106])
1	0.5636351709205252	0.5680502302707625	([367, 163], [468, 460, 367])
1	0.5660153498961601	0.5680616052945683	([455, 356], [455, 361, 356])
1	0.5517715986610086	0.5681390873192296	([541, 502], [544, 541, 502])
1	0.5178592663210821	0.5681477500223628	([203, 183], [202, 201, 188])
1	0.5443382360616998	0.5682055238019443	([402, 369], [453, 452, 401])
1	0.5528167000190518	0.5682194006572312	([361, 228], [458, 365, 170])
1	0.5629345862177406	0.5682900020289705	([461, 110], [461, 459, 107])
1	0.5337037347501113	0.5684767624212451	([356, 328], [361, 356, 329])
1	0.5686534519666836	0.5689427211949708	([561, 400], [561, 519, 400])
1	0.5520257146328157	0.5691887114728601	([398, 358], [398, 392, 358])
1	0.556280599996395	0.5694382771825618	([94, 0], [94, 53, 50])
1	0.5532839146033567	0.5698954897557258	([455, 329], [455, 453, 361])
1	0.5665707252943384	0.5701452133383961	([462, 198], [462, 453, 230])
1	0.5616293616886742	0.5701452133383961	([465, 230], [465, 462, 230])
1	0.5673990586390147	0.57016608365765	([566, 532], [566, 557, 556])
1	0.5692086642627628	0.5701753418683996	([357, 227], [362, 357, 227])
1	0.5405114945786628	0.5704188590162909	([403, 368], [455, 452, 400])
1	0.5582624367721848	0.5706546706733894	([516, 454], [516, 491, 473])
1	0.5377084912057901	0.5708292475355697	([484, 229], [456, 453, 230])
1	0.5682862796990001	0.5709436934793666	([472, 149], [472, 169, 149])
1	0.5538006265292824	0.5709812952165338	([427, 6], [431, 427, 6])
1	0.5305634868586977	0.5713034126405951	([460, 367], [400, 393, 372])
1	0.5606507444001635	0.571323420643921	([411, 391], [411, 405, 391])
1	0.5484148947762147	0.5714959405833485	([456, 65], [456, 453, 67])
1	0.5250159538472164	0.5715476815905134	([460, 66], [324, 275, 246])
1	0.540844317596772	0.5718791059726028	([471, 108], [475, 471, 108])
1	0.531548750198164	0.5724520456978726	([453, 0], [453, 66, 52])
1	0.5488343953340029	0.5728018737699512	([319, 271], [319, 310, 271])
1	0.560473343344075	0.5728090862259503	([215, 157], [215, 213, 157])
1	0.5705730976341453	0.5728524951028673	([232, 65], [232, 228, 65])
1	0.5719299944385831	0.5728524951028673	([361, 65], [361, 228, 65])
1	0.533728165765362	0.5729411729836232	([327, 227], [357, 330, 327])
1	0.5616859878439315	0.5729892796967286	([154, 101], [154, 109, 101])
1	0.5711201893066404	0.5730045597438324	([520, 453], [520, 498, 453])
1	0.5657035232000264	0.5730478235577615	([361, 147], [361, 147, 123])
1	0.569122634222743	0.5731250613766807	([234, 199], [234, 227, 199])
1	0.5530821881934055	0.5736638525733943	([363, 230], [363, 230, 195])
1	0.5668380842971399	0.5738521631311169	([464, 64], [454, 452, 65])
1	0.5737101193499418	0.5743280145819516	([418, 48], [451, 418, 1])
1	0.5482481374122804	0.5750415522682772	([231, 64], [464, 456, 231])
1	0.5608208990385988	0.5750805839424286	([323, 233], [325, 323, 233])
1	0.5749854039163121	0.5753741712656044	([226, 68], [231, 226, 64])
1	0.5661109258256037	0.5753741712656044	([452, 226], [452, 226, 64])
1	0.5579889314356746	0.5755700328308723	([495, 110], [495, 459, 110])
1	0.5594221083848279	0.5759404246890849	([455, 124], [455, 228, 172])
1	0.5655765730864291	0.5763629899099413	([368, 231], [368, 328, 229])
1	0.5736025034696907	0.5763811295377248	([364, 67], [364, 108, 103])
1	0.548462043411023	0.5764645183929442	([441, 5], [434, 34, 7])
1	0.5757856643299423	0.5768030051464293	([436, 8], [436, 434, 5])
1	0.5740700237511474	0.5768673092208616	([361, 166], [460, 367, 361])
1	0.5575352321732424	0.576984093401466	([367, 325], [367, 357, 356])
1	0.5763186400835063	0.5775920200633414	([432, 35], [432, 431, 35])
1	0.5521678135930852	0.5776976479633201	([431, 44], [432, 425, 34])
1	0.5388637946835498	0.5777302039007722	([434, 34], [441, 76, 5])
1	0.5664378525075996	0.578298630289038	([321, 226], [323, 321, 226])
1	0.5625798624339379	0.5783121934102392	([418, 74], [418, 74, 48])
1	0.5603747197688609	0.5783383106375949	([403, 211], [453, 403, 361])
1	0.5691002214866359	0.5783727575220812	([71, 2], [71, 56, 2])
1	0.5449457357709907	0.5784632494275439	([454, 1], [454, 67, 65])
1	0.5764642484668795	0.5784632494275439	([210, 67], [454, 210, 67])
1	0.5754629823175095	0.5788514907875947	([475, 325], [475, 456, 231])
1	0.5560986584404449	0.5796760234157904	([328, 197], [328, 228, 197])
1	0.5711851502039869	0.5796760234157904	([361, 197], [361, 228, 197])
1	0.5706162298909434	0.5798018050385684	([258, 224], [258, 243, 218])
1	0.5671762879390793	0.5798021182382104	([519, 399], [519, 499, 452])
1	0.5656929284305418	0.5798021182382104	([557, 452], [557, 519, 452])
1	0.5746398654305944	0.5800803574933809	([369, 177], [369, 363, 195])
1	0.5796782029086383	0.5805483185171079	([366, 150], [366, 150, 126])
1	0.5689476225598986	0.580788229379323	([494, 329], [494, 455, 368])
1	0.5505765432419218	0.5810108648312745	([411, 221], [441, 420, 90])
1	0.5795382673844203	0.5811421365552152	([497, 93], [497, 466, 103])
1	0.5652726316056049	0.5823715061090778	([193, 108], [193, 167, 108])
1	0.5823996757365562	0.582709887558497	([400, 324], [400, 324, 226])
1	0.5778312502416206	0.5827465306626199	([492, 193], [492, 193, 169])
1	0.5827172530035502	0.5828393449480135	([569, 540], [569, 560, 558])
1	0.5809369319736623	0.5833766403035098	([506, 222], [506, 503, 221])
1	0.5820121998530353	0.5834698782512625	([406, 346], [406, 392, 346])
1	0.5826691336067003	0.5836584019619735	([578, 541], [578, 541, 523])
1	0.5711681692601804	0.5837312756997756	([201, 156], [203, 201, 156])
1	0.578475973115266	0.5837889837961513	([454, 233], [454, 233, 228])
1	0.5688195752876947	0.5838573228556634	([560, 513], [560, 536, 500])
1	0.5742444360306582	0.5839841483181202	([401, 196], [370, 363, 196])
1	0.5813100880279224	0.5841302160470858	([394, 348], [394, 371, 358])
1	0.556219448502827	0.5842949934674463	([570, 546], [570, 559, 546])
1	0.5778301810672785	0.5843365031897273	([232, 173], [232, 231, 191])
1	0.5643508167104856	0.5844122249676101	([221, 58], [221, 90, 58])
1	0.5827570139644238	0.5844919019051598	([454, 148], [454, 228, 152])
1	0.581112274247337	0.5847221495182466	([153, 52], [153, 125, 106])
1	0.5749144136745974	0.5852071937491966	([80, 3], [90, 79, 42])
1	0.5753725080710148	0.5853302159711047	([419, 46], [424, 419, 46])
1	0.5440973605196757	0.5853302159711047	([424, 38], [441, 424, 46])
1	0.5713573421340148	0.5855257575748171	([82, 4], [82, 76, 4])
1	0.5751345543345039	0.5857890615600251	([574, 512], [574, 556, 514])
1	0.5855076222760437	0.5858705441750796	([518, 361], [518, 487, 455])
1	0.5779814696369038	0.5860839364667242	([253, 219], [253, 233, 225])
1	0.5777862203175315	0.5863606585674406	([157, 98], [129, 116, 98])
1	0.5676869386792287	0.5864798100454275	([337, 253], [337, 323, 321])
1	0.5806844353938975	0.5865079027969183	([82, 36], [82, 36, 4])
1	0.5789550322004364	0.586762236506325	([303, 266], [292, 290, 266])
1	0.5743102438796147	0.5867951568251983	([576, 545], [576, 559, 545])
1	0.5825537593999853	0.5868522195980093	([234, 49], [234, 231, 49])
1	0.5751668190895269	0.5869110754437041	([454, 210], [210, 208, 64])
1	0.5792230606979694	0.586985749016563	([517, 370], [517, 494, 370])
1	0.5821956995578922	0.5870683433290292	([497, 402], [497, 402, 369])
1	0.5720962999113921	0.5872743110705061	([79, 42], [90, 75, 5])
1	0.5850440950830668	0.5872962839556921	([449, 384], [449, 420, 392])
1	0.5775848149404298	0.587305954451423	([158, 113], [158, 130, 113])
1	0.5864125349655526	0.5877159666302779	([515, 367], [515, 490, 485])
1	0.5807321114600006	0.5877676093150577	([417, 91], [418, 417, 1])
1	0.5786171294670962	0.5877826835833563	([446, 390], [446, 421, 420])
1	0.5852527146892867	0.5878027710940116	([519, 233], [519, 454, 400])
1	0.5804984489776815	0.5879203847509561	([209, 146], [209, 196, 146])
1	0.5684249374642688	0.5879509733073082	([564, 534], [564, 552, 539])
1	0.5798276297182681	0.5880441894778222	([576, 510], [576, 545, 523])
1	0.5757783357010496	0.5880441894778222	([578, 523], [578, 576, 523])
1	0.5867008231122389	0.5880796362430288	([423, 75], [423, 75, 2])
1	0.5568398388152387	0.5880796362430288	([423, 47], [423, 419, 2])
1	0.5881575960956429	0.5886799629924404	([448, 389], [448, 421, 420])
1	0.5723725524791365	0.5888874110159191	([512, 393], [512, 452, 451])
1	0.5820250997103438	0.5889038009183069	([383, 222], [420, 390, 222])
1	0.5873877341825589	0.5892187719769268	([367, 234], [367, 361, 234])
1	0.5852420286258727	0.5894830864595075	([582, 156], [582, 564, 157])
1	0.5726139703273102	0.5898535273234019	([578, 138], [578, 564, 157])
1	0.588181137434682	0.5898612866150463	([364, 233], [364, 361, 233])
1	0.5667373315568076	0.5899563955376285	([237, 221], [238, 237, 221])
1	0.5735882108208761	0.5901355758394958	([572, 521], [572, 558, 522])
1	0.5810367214002566	0.5901801454696618	([319, 215], [339, 336, 220])
1	0.5799304576219932	0.5903365924116557	([517, 198], [517, 463, 455])
1	0.5814349439737523	0.590425273657547	([186, 158], [186, 183, 157])
1	0.5866296639347796	0.5905299069839616	([418, 217], [418, 401, 226])
1	0.5780010243185276	0.5906936294548937	([518, 227], [518, 400, 226])
1	0.5903264913695889	0.590904547982247	([486, 326], [486, 326, 230])
1	0.5744893156734967	0.5911151775067466	([140, 64], [226, 200, 177])
1	0.5876115629383307	0.5913325290030412	([404, 92], [418, 404, 63])
1	0.5806532393909041	0.5913393069635485	([390, 58], [390, 222, 221])
1	0.5653535091667029	0.5915281435075966	([73, 0], [73, 3, 2])
1	0.5841420530220724	0.5915281435075966	([419, 73], [419, 73, 2])
1	0.5841474363263733	0.5916794062822327	([308, 93], [308, 93, 63])
1	0.5840424399417099	0.5920095994420962	([308, 63], [330, 308, 278])
1	0.5858989559796326	0.5922573804915634	([403, 355], [403, 355, 329])
1	0.5881009865460067	0.5923592446760586	([284, 249], [284, 273, 267])
1	0.5535069992340289	0.5925477404331535	([583, 187], [179, 173, 146])
1	0.5884197774642071	0.5927797034809743	([518, 149], [518, 228, 226])
1	0.5718120527842869	0.5928153827053511	([425, 83], [425, 88, 83])
1	0.5716535669481012	0.5930280905417042	([367, 101], [367, 152, 106])
1	0.5809127843797265	0.5931101733263553	([399, 243], [454, 399, 210])
1	0.57676273920591	0.5936103831745599	([232, 120], [232, 123, 120])
1	0.5864046573718734	0.5936729092086367	([428, 13], [428, 425, 34])
1	0.5379649853172488	0.5945105404240087	([441, 76], [451, 419, 47])
1	0.5790043064673134	0.5946151074853683	([225, 66], [228, 225, 66])
1	0.5805954724502685	0.5947064593700234	([514, 234], [514, 496, 232])
1	0.5811085527517637	0.5948132184430602	([327, 161], [366, 327, 161])
1	0.5738435554914381	0.5952122331777565	([210, 128], [210, 192, 128])
1	0.5762801883496476	0.5952572502246951	([500, 450], [512, 500, 451])
1	0.5888807098132113	0.5955019748354496	([256, 215], [256, 233, 225])
1	0.59528119663956	0.595526795687089	([558, 451], [558, 557, 403])
1	0.5815100585543024	0.5959884832577742	([403, 50], [403, 401, 52])
1	0.580078342686581	0.596015417182693	([359, 186], [405, 359, 207])
1	0.5721073275264917	0.5962628738189323	([116, 95], [117, 115, 98])
1	0.5953955747895859	0.5962699915653846	([394, 328], [394, 246, 226])
1	0.596238123603036	0.5963783097855475	([400, 191], [400, 226, 211])
1	0.5759188229744407	0.5965353422453503	([200, 158], [200, 194, 158])
1	0.5938335801075687	0.5966819673443358	([170, 50], [170, 150, 50])
1	0.5827324309462554	0.5969768927403644	([344, 267], [344, 320, 311])
1	0.5905996825924444	0.5971474734941472	([237, 157], [237, 221, 213])
1	0.5901350000846489	0.5971534162733415	([517, 142], [517, 198, 148])
1	0.5865513729784477	0.5971838614365849	([435, 31], [435, 45, 40])
1	0.5858300536335505	0.5972186738024357	([329, 224], [329, 274, 224])
1	0.5935456234465166	0.5972404985176769	([236, 216], [253, 244, 219])
1	0.567149590332715	0.597431013886604	([482, 327], [482, 327, 229])
1	0.550730084241511	0.5974377845718831	([578, 339], [578, 221, 90])
1	0.5910304325807748	0.5976362620976924	([317, 256], [317, 291, 271])
1	0.5508971907919538	0.5977743343260732	([509, 221], [578, 508, 507])
1	0.5974144806793943	0.5978424471101446	([499, 357], [515, 499, 357])
1	0.5956051330910604	0.5979176927012932	([452, 309], [452, 309, 230])
1	0.5931208702207261	0.597986601152205	([397, 347], [397, 372, 357])
1	0.5924619923832112	0.5981631444005172	([208, 145], [210, 206, 145])
1	0.5911461475465078	0.5982867070159048	([233, 107], [233, 193, 176])
1	0.596878249506006	0.5986192828536809	([442, 387], [442, 417, 387])
1	0.551983345509058	0.598649069375398	([263, 222], [339, 320, 222])
1	0.5930031332902339	0.5987330420803572	([347, 223], [393, 349, 223])
1	0.5446533193455214	0.5989657094435681	([221, 90], [411, 392, 358])
1	0.58095704634967	0.6000162454165446	([293, 264], [293, 292, 263])
1	0.5965692053885603	0.6000950170568611	([405, 343], [405, 358, 343])
1	0.5978344155210356	0.6005866527266522	([334, 250], [339, 334, 250])
1	0.5810629834731853	0.6007372463622139	([268, 220], [268, 237, 221])
1	0.5529394434139323	0.6007372463622139	([271, 213], [268, 262, 221])
1	0.4581999103244705	0.6009473373290735	([340, 222], [237, 236, 213])
1	0.581088656307469	0.6010891365563575	([78, 40], [78, 76, 58])
1	0.5518884927026327	0.6012374060858378	([318, 251], [318, 308, 279])
1	0.5783318733589656	0.6013519086961503	([353, 219], [357, 353, 219])
1	0.5712938814352448	0.6013912767154996	([558, 209], [558, 513, 210])
1	0.5887744612810464	0.6014761855128266	([513, 68], [518, 513, 68])
1	0.5612268188810159	0.6017478052624142	([520, 64], [520, 453, 452])
1	0.5976846732645763	0.6020891102884854	([451, 272], [451, 272, 224])
1	0.6014728330720183	0.6022389752487892	([174, 63], [174, 111, 64])
1	0.5969813978659291	0.6023259838766182	([427, 81], [442, 427, 81])
1	0.5891634717206581	0.6023723366752938	([513, 123], [519, 513, 123])
1	0.5962261814189554	0.6025945125086631	([449, 70], [449, 407, 90])
1	0.5969737904417596	0.6028221686111866	([218, 139], [218, 207, 199])
1	0.5781898607758975	0.6030164117244832	([371, 64], [520, 371, 362])
1	0.5777148783091667	0.6030867136175463	([141, 68], [145, 141, 68])
1	0.5882510351217917	0.6032038097017162	([282, 260], [297, 282, 260])
1	0.6001166345290112	0.6032038097017162	([315, 260], [315, 297, 260])
1	0.6000530431287606	0.603339488386345	([396, 138], [396, 138, 98])
1	0.5974822958158934	0.603339488386345	([406, 98], [406, 396, 98])
1	0.5854883971861425	0.6035121794873592	([415, 89], [420, 415, 89])
1	0.603421541053009	0.6035121794873592	([446, 89], [446, 420, 89])
1	0.6018706978365604	0.6035527287354768	([556, 211], [558, 556, 211])
1	0.6032995125585822	0.6035603661922782	([214, 92], [226, 214, 92])
1	0.58479207200096	0.6038834317913365	([389, 60], [420, 389, 3])
1	0.5818986561739098	0.6039152984293	([330, 63], [451, 272, 63])
1	0.6027324657951645	0.6040890785191171	([329, 127], [329, 232, 127])
1	0.6014038301077695	0.604169022280933	([557, 349], [557, 403, 329])
1	0.6042580535934726	0.6043197585551601	([532, 92], [557, 532, 92])
1	0.6006805432665057	0.6043197585551601	([575, 92], [575, 557, 92])
1	0.5704008840909207	0.6043951685650983	([326, 64], [326, 101, 65])
1	0.6029928130775559	0.6044487736118005	([181, 116], [202, 181, 116])
1	0.5871220920828306	0.605125893520058	([211, 100], [403, 211, 63])
1	0.600185345920222	0.6051442628603668	([567, 356], [567, 514, 512])
1	0.5635403303763626	0.6052536012129694	([408, 207], [372, 348, 223])
1	0.6008640107971611	0.6055917466985786	([323, 51], [403, 323, 226])
1	0.5901996161027165	0.6056800448511689	([421, 58], [421, 411, 45])
1	0.592144025407838	0.6057067074471748	([207, 139], [207, 186, 144])
1	0.6000550108517146	0.6058034385809706	([560, 402], [560, 556, 211])
1	0.6020151731048222	0.6060162581718119	([184, 1], [211, 199, 1])
1	0.5953334483103863	0.6061229262607469	([352, 224], [352, 341, 330])
1	0.574271915768297	0.6063442201971269	([396, 55], [404, 395, 62])
1	0.5495845840803766	0.6064384170528161	([222, 137], [222, 221, 137])
1	0.6062745668698429	0.606461096343586	([509, 385], [509, 449, 385])
1	0.5939009893938583	0.6065554075416922	([224, 74], [418, 224, 217])
1	0.6045863978232239	0.6073962993719785	([270, 47], [270, 257, 1])
1	0.5775768719649774	0.6074284809788639	([431, 79], [431, 80, 79])
1	0.6024745870459141	0.6074284809788639	([433, 80], [433, 431, 80])
1	0.6066704864466338	0.6076097597883927	([419, 215], [419, 405, 207])
1	0.6012555224279443	0.6077262647896241	([499, 394], [499, 453, 394])
1	0.6067585899861953	0.6084060389453542	([561, 350], [561, 400, 358])
1	0.6045111758199677	0.6084596768565985	([495, 275], [495, 326, 275])
1	0.578680182273734	0.6084899983344658	([567, 64], [567, 517, 512])
1	0.6040593889836182	0.6085091248943169	([510, 391], [511, 510, 396])
1	0.595440597994027	0.608598509206405	([574, 245], [574, 512, 218])
1	0.6085955948436328	0.6088833731649512	([381, 343], [381, 360, 351])
1	0.5989514548218218	0.6089179250505777	([182, 137], [183, 182, 157])
1	0.599957966763829	0.6089327576735211	([548, 223], [548, 513, 223])
1	0.5981065050399423	0.608933766335953	([257, 1], [272, 257, 1])
1	0.6042764100873045	0.6090101907777077	([214, 133], [214, 184, 156])
1	0.6048983700264402	0.6091491173719908	([561, 192], [561, 499, 192])
1	0.5909488330823016	0.6091572920613811	([514, 140], [561, 514, 140])
1	0.6005470896600198	0.6096856437378284	([246, 112], [246, 233, 112])
1	0.5935410891708582	0.6097698429472037	([523, 340], [523, 510, 340])
1	0.6089353808431673	0.6101914575630298	([562, 143], [562, 558, 143])
1	0.5916815283541869	0.6102476030830103	([419, 341], [419, 393, 341])
1	0.5959191428193934	0.6103462762073592	([236, 138], [236, 213, 157])
1	0.5720620697558506	0.6103704368798579	([561, 218], [561, 218, 209])
1	0.6085542618408857	0.6106278281073001	([559, 401], [559, 498, 452])
1	0.6095029751787945	0.610630266182388	([353, 270], [353, 341, 270])
1	0.5980284058309391	0.6108420301828847	([344, 244], [358, 344, 244])
1	0.5908909103775658	0.6110748814951165	([425, 381], [442, 425, 381])
1	0.6043108937256408	0.6112112802923769	([335, 238], [344, 335, 238])
1	0.5834876514563673	0.611857156951905	([566, 63], [566, 515, 102])
1	0.6001283594212391	0.6119412198740963	([349, 143], [558, 403, 143])
1	0.5980189328950773	0.6120033268889665	([574, 93], [574, 514, 65])
1	0.6033563227327524	0.6120092712157702	([388, 220], [388, 373, 359])
1	0.5897172938977681	0.6120909918151971	([134, 91], [134, 115, 97])
1	0.6096489170937645	0.612111780647512	([219, 48], [243, 219, 47])
1	0.6086810024849603	0.612111780647512	([243, 47], [417, 219, 47])
1	0.6112041517132709	0.6121385460192408	([360, 201], [360, 201, 158])
1	0.593435548717581	0.6125497586829058	([273, 0], [322, 143, 0])
1	0.5954209064926063	0.6126579397259893	([360, 158], [360, 356, 225])
1	0.6059927086556779	0.6127590154257658	([417, 145], [417, 403, 145])
1	0.5972415637500784	0.6128697565525446	([375, 219], [393, 375, 219])
1	0.611433433072242	0.6131089265499715	([422, 87], [443, 422, 87])
1	0.600016308194621	0.6131709271781354	([418, 253], [453, 418, 253])
1	0.6007958258214453	0.6131751803849035	([509, 449], [509, 449, 413])
1	0.6030298076332793	0.6131751803849035	([505, 413], [509, 505, 413])
1	0.609740490338653	0.6133975117292351	([345, 258], [345, 330, 311])
1	0.6060003364909572	0.6139390826756852	([501, 157], [564, 521, 157])
1	0.5994289483979449	0.6139504068073066	([359, 245], [359, 245, 202])
1	0.5995649172750419	0.6139760502807574	([576, 95], [576, 130, 116])
1	0.599316025702147	0.6139760502807574	([576, 130], [576, 564, 116])
1	0.5946070212379367	0.6141973194932748	([347, 260], [347, 260, 237])
1	0.6073242045865136	0.6142976551760067	([139, 54], [141, 139, 54])
1	0.6097417390565435	0.6148825993401646	([500, 375], [500, 375, 360])
1	0.6110791411301649	0.6151861454024777	([355, 250], [355, 354, 250])
1	0.6022798829485773	0.6151861454024777	([373, 250], [373, 354, 250])
1	0.6038534112967696	0.615378968276947	([503, 264], [503, 264, 222])
1	0.6093891362611653	0.6155158354523736	([500, 348], [500, 348, 219])
1	0.6071526292708069	0.6155158354523736	([500, 204], [511, 500, 219])
1	0.606185914062931	0.615688515686715	([511, 205], [513, 500, 223])
1	0.61586654723763	0.6162149400257577	([561, 71], [561, 209, 93])
1	0.6031777245972103	0.6164538531370553	([511, 396], [523, 502, 380])
1	0.5919364919738279	0.6164956408370931	([414, 236], [414, 412, 220])
1	0.6082037395770902	0.6166110680686391	([416, 347], [416, 392, 347])
1	0.6106001452303824	0.6169845008974075	([373, 216], [373, 250, 216])
1	0.5961258931769496	0.6171125592043335	([502, 378], [509, 502, 385])
1	0.6166281798160583	0.6171266145561518	([572, 396], [572, 396, 360])
1	0.6078432705734855	0.6177004686433251	([371, 274], [371, 274, 209])
1	0.5722060197046228	0.6178963125814615	([250, 183], [250, 216, 183])
1	0.5975534948969298	0.6179742186738091	([504, 389], [510, 504, 389])
1	0.599332652401145	0.6180374746180696	([576, 373], [576, 373, 157])
1	0.6007380975317845	0.6181556642817799	([541, 383], [541, 505, 449])
1	0.6043058827353391	0.6185346108308569	([562, 395], [562, 557, 404])
1	0.6096281276313014	0.6187053593242675	([550, 275], [561, 550, 275])
1	0.6139279702743615	0.6187802487046191	([563, 97], [576, 563, 97])
1	0.6171051283950235	0.6188265400837464	([522, 350], [561, 520, 350])
1	0.617183573176461	0.6189533773086943	([374, 251], [374, 348, 257])
1	0.6055163480110622	0.6191488819167156	([583, 524], [583, 564, 524])
1	0.6137936239329335	0.6191690984479395	([509, 85], [509, 221, 58])
1	0.601905043997187	0.6192037406764231	([574, 185], [574, 218, 185])
1	0.6110849945448346	0.6194755702384713	([548, 277], [549, 548, 277])
1	0.6140139175313728	0.6197176243593923	([562, 249], [562, 249, 243])
1	0.6111838017881291	0.619963919127334	([573, 141], [578, 573, 156])
1	0.61981116701068	0.6199845245614021	([566, 252], [566, 252, 227])
1	0.6150230704998908	0.6210292033935148	([342, 74], [342, 259, 240])
1	0.6142673375017016	0.621249682161767	([549, 394], [556, 549, 394])
1	0.6110101458750237	0.6213178802345448	([508, 406], [523, 508, 406])
1	0.5929309839184951	0.6215353393520917	([549, 242], [560, 549, 274])
1	0.6112811537301618	0.6215651726648738	([508, 384], [508, 406, 385])
1	0.6135848414938555	0.6215799129732921	([276, 179], [325, 276, 179])
1	0.5383722615080302	0.621588970208992	([583, 157], [501, 500, 157])
1	0.6063874697487235	0.6218914879005395	([564, 408], [564, 408, 359])
1	0.6144089493924635	0.6223716289145382	([512, 156], [573, 539, 156])
1	0.6061536376954799	0.6224198339029754	([572, 158], [572, 556, 349])
1	0.6103744282254804	0.6227263356532492	([379, 116], [449, 116, 70])
1	0.6056866369502858	0.6227349565756656	([343, 56], [393, 343, 56])
1	0.6191501104434717	0.62305260976268	([555, 321], [556, 555, 321])
1	0.6147431030765619	0.62305260976268	([568, 321], [568, 556, 321])
1	0.6156179603864713	0.6231127898808136	([521, 212], [521, 500, 219])
1	0.6132022736974145	0.6231203689691572	([568, 159], [568, 516, 159])
1	0.6158435611950157	0.6232176901742945	([549, 99], [549, 452, 91])
1	0.5959537668571494	0.6232176901742945	([539, 91], [549, 534, 91])
1	0.5906716294386547	0.6232188546352652	([205, 0], [452, 205, 0])
1	0.5918981009901358	0.6233339495458051	([223, 62], [418, 212, 62])
1	0.6109110412360971	0.6233547464200927	([522, 408], [565, 564, 408])
1	0.6232986743482122	0.623685310616679	([344, 182], [354, 344, 182])
1	0.6155993174864696	0.6240006267145083	([503, 116], [503, 449, 420])
1	0.6233565050883088	0.6240100982832376	([136, 1], [184, 141, 136])
1	0.5928281549120651	0.6240793672783168	([424, 338], [424, 342, 338])
1	0.6141603080320748	0.624147106965331	([409, 214], [409, 397, 214])
1	0.6090217358446439	0.6242172717311304	([583, 406], [583, 406, 69])
1	0.6198053025177699	0.6242341747989546	([579, 398], [579, 398, 396])
1	0.6181641466921457	0.6243252188771063	([535, 354], [535, 523, 354])
1	0.6115910105894946	0.6244285681194935	([242, 136], [242, 205, 201])
1	0.5961057427755034	0.6245789688346963	([388, 267], [388, 267, 220])
1	0.6241774810776105	0.6248151168190684	([547, 310], [547, 530, 1])
1	0.6220082543711815	0.624869980557263	([543, 411], [545, 502, 411])
1	0.6225589240857341	0.6250769836955344	([508, 213], [521, 508, 213])
1	0.6081330995249214	0.6251333990095763	([397, 256], [397, 382, 256])
1	0.6188069587769491	0.6255707171985045	([347, 91], [416, 347, 91])
1	0.6254276614490225	0.6256678769335041	([560, 118], [560, 161, 141])
1	0.6248430079552826	0.625892035892099	([522, 56], [545, 522, 56])
1	0.6263351903839928	0.6265482946643754	([526, 68], [526, 513, 499])
1	0.6184491463747478	0.6266663445167595	([446, 187], [446, 391, 351])
1	0.6183913114140449	0.6267958577778011	([577, 259], [577, 512, 499])
1	0.6092240223549393	0.626843595824666	([570, 337], [533, 532, 337])
1	0.6227353945663245	0.6268983527687666	([571, 247], [571, 556, 247])
1	0.6175794823239267	0.6269254644740567	([521, 189], [521, 212, 189])
1	0.6134342216497547	0.6269532890003032	([253, 71], [253, 225, 49])
1	0.6229126587783601	0.6269580229018422	([571, 94], [571, 247, 48])
1	0.6181208501363065	0.6270098943495039	([527, 312], [527, 503, 312])
1	0.6258226788753448	0.627148845068471	([337, 73], [399, 348, 73])
1	0.6076750673828961	0.6271609676859438	([502, 156], [578, 502, 220])
1	0.6249509859541335	0.6271778104122208	([540, 87], [540, 532, 92])
1	0.6241726182719572	0.6271964560093957	([575, 323], [575, 358, 323])
1	0.616860076143578	0.6274839511416018	([548, 443], [548, 500, 451])
1	0.6245960319603953	0.6275530936549234	([507, 395], [507, 504, 389])
1	0.6222821525856627	0.6276323817279686	([135, 75], [135, 101, 97])
1	0.6275011969694843	0.6277186433680887	([522, 215], [533, 522, 216])
1	0.6273193333975663	0.6277694932581275	([577, 355], [577, 499, 355])
1	0.6202440689840616	0.6278417781391735	([559, 415], [559, 415, 399])
1	0.596460245578513	0.6278705205038813	([535, 410], [535, 410, 347])
1	0.6193956133070312	0.6279637013044599	([511, 74], [511, 409, 396])
1	0.6249757306274663	0.6279637013044599	([540, 409], [540, 511, 409])
1	0.6236748035620056	0.6280596335333161	([567, 273], [567, 330, 273])
1	0.6227860027425804	0.6281898806286815	([389, 86], [420, 389, 86])
1	0.6216145089175431	0.6282062055104207	([528, 203], [564, 528, 203])
1	0.6154389558630525	0.6284137913588362	([507, 415], [507, 415, 412])
1	0.6098280110500632	0.6284137913588362	([536, 412], [536, 507, 412])
1	0.6276703322732342	0.6288123961652905	([567, 113], [567, 113, 100])
1	0.6206949596402871	0.629279787203525	([563, 351], [573, 563, 351])
1	0.6033973713148264	0.6293453197031057	([524, 345], [563, 540, 345])
1	0.6156220575896133	0.6295927503713891	([544, 250], [544, 503, 383])
1	0.6160189165073203	0.6296427141189871	([398, 248], [398, 248, 217])
1	0.6245276087602755	0.6297533221332983	([524, 392], [524, 501, 396])
1	0.6236111882489777	0.6299586431052516	([239, 2], [268, 239, 220])
1	0.6121429540000752	0.6301686155847761	([385, 319], [385, 379, 319])
1	0.6166912224697497	0.6302139501208659	([539, 255], [539, 451, 255])
1	0.6257896057828967	0.6303602463101522	([521, 252], [521, 348, 252])
1	0.6228659432096487	0.6303627164931382	([508, 343], [508, 406, 343])
1	0.629650778294778	0.6304975223356646	([217, 91], [217, 212, 62])
1	0.6249481608521095	0.6306336437062199	([143, 74], [143, 100, 74])
1	0.6177016531438049	0.6306338568238317	([443, 260], [443, 418, 258])
1	0.6296084505810633	0.6307511999976152	([502, 86], [502, 389, 220])
1	0.6214778848475052	0.6310528634296717	([352, 72], [397, 373, 72])
1	0.6144437583167218	0.6313175369865722	([447, 249], [442, 390, 260])
1	0.6295450976404743	0.631527978109436	([573, 417], [573, 533, 500])
1	0.6135280224254701	0.6316565699462152	([541, 98], [541, 510, 98])
1	0.6062478408911168	0.6317592941108321	([505, 78], [505, 78, 60])
1	0.6303850492793135	0.6319916564295659	([546, 416], [563, 546, 398])
1	0.6281819677894298	0.6323046864353802	([398, 128], [398, 181, 156])
1	0.6172176635144514	0.6324556107304274	([425, 266], [425, 420, 266])
1	0.6241051807091874	0.6325955198054967	([263, 85], [263, 221, 76])
1	0.6107622102531588	0.6325955198054967	([427, 263], [427, 263, 76])
1	0.5933619992195975	0.6328135562692421	([505, 60], [505, 413, 60])
1	0.5963334859598597	0.632948716635013	([548, 343], [548, 348, 343])
1	0.6232929239234968	0.6330248885683718	([538, 414], [538, 510, 414])
1	0.6135877358608987	0.6330994571730901	([553, 248], [533, 337, 269])
1	0.6327951124745019	0.6336138593847026	([347, 133], [347, 224, 133])
1	0.6282364825246243	0.6336206378118597	([342, 132], [360, 342, 132])
1	0.612663988445878	0.6337266911093481	([531, 182], [558, 531, 182])
1	0.6208334545596608	0.6337834551255773	([541, 316], [541, 505, 316])
1	0.6260085891887807	0.6338084828783619	([245, 55], [245, 226, 48])
1	0.6143937814906067	0.6340140376043446	([533, 216], [533, 521, 130])
1	0.632684931488622	0.6340817422013447	([353, 144], [576, 353, 236])
1	0.6308780408398527	0.6341172354210547	([569, 257], [569, 257, 247])
1	0.6323272858357375	0.63437534559892	([248, 99], [248, 182, 99])
1	0.6277142954999329	0.6344225971516152	([555, 132], [555, 537, 133])
1	0.6240990255502953	0.6346340799865737	([248, 182], [248, 238, 182])
1	0.6147418885244412	0.6346894129572354	([539, 338], [539, 507, 500])
1	0.6233363803697656	0.6347719355344597	([551, 320], [551, 523, 320])
1	0.6287588914647457	0.6348212912700341	([270, 130], [270, 207, 132])
1	0.6325074982510996	0.634856808827954	([568, 422], [568, 422, 394])
1	0.6287782357357485	0.634897763603706	([539, 381], [546, 539, 381])
1	0.6226333768241057	0.635299961221607	([431, 262], [262, 221, 76])
1	0.6112042909084068	0.6355662782772721	([372, 305], [372, 326, 305])
1	0.6338099683448608	0.6359036015369356	([319, 72], [342, 319, 72])
1	0.6290837303966259	0.6360719890250615	([380, 77], [420, 380, 339])
1	0.6309264424361521	0.6361039441343214	([540, 134], [540, 134, 97])
1	0.6335998468665948	0.6366652053481711	([552, 224], [574, 552, 512])
1	0.6034621172656013	0.6371339590583107	([547, 72], [547, 546, 72])
1	0.6373422664612853	0.6381501680573327	([525, 332], [548, 525, 332])
1	0.6316116067961044	0.6382525859576482	([360, 96], [406, 360, 158])
1	0.6327491565716803	0.638514019844798	([548, 75], [548, 443, 75])
1	0.6224825845923178	0.6386504252217405	([374, 135], [374, 372, 135])
1	0.6278607694505559	0.6387703414641357	([535, 251], [557, 535, 307])
1	0.6289977066387591	0.638899668189917	([274, 119], [274, 246, 119])
1	0.6326431446905281	0.6398528862607746	([546, 240], [546, 381, 250])
1	0.6334990203260927	0.641272975024257	([551, 374], [572, 551, 374])
1	0.6186784422055253	0.6415440188612345	([551, 131], [551, 451, 131])
1	0.6314678463541147	0.6416286147438786	([269, 134], [269, 217, 134])
1	0.6315749338163215	0.6416796327180329	([543, 83], [543, 508, 87])
1	0.6341516606524703	0.6425130345504367	([547, 382], [547, 540, 382])
1	0.6323810815288922	0.6431294214398116	([583, 238], [583, 238, 98])
1	0.6383997011820133	0.6441718369921958	([412, 131], [412, 131, 70])
1	0.6418898373688127	0.6449966987014913	([421, 312], [421, 344, 312])
1	0.6383463300359151	0.6453827128596633	([448, 315], [448, 345, 250])
1	0.6302635301122439	0.6454859239279791	([551, 285], [551, 320, 318])
1	0.6454380689156702	0.6455764023554781	([526, 184], [526, 520, 184])
1	0.6435691967856855	0.646622302919743	([581, 270], [581, 270, 130])
1	0.6306395978289876	0.6478919702146528	([256, 97], [256, 223, 97])
1	0.6450197633100117	0.649748469664517	([377, 283], [377, 295, 283])
1	0.6459931615713544	0.64989339049851	([501, 84], [501, 116, 61])
1	0.6224221884043123	0.6503672081062303	([312, 84], [312, 221, 61])
1	0.6517929847035792	0.6590504583594518	([265, 78], [265, 263, 60])
1	0.6566458738813346	0.6645408346044132	([529, 302], [529, 317, 302])
1	0.6659511324252173	0.668405478836987	([581, 484], [581, 561, 484])
1	0.6596190940823361	0.6689541600583369	([315, 83], [315, 220, 89])
1	0.671306367155198	0.6726010333476349	([299, 114], [377, 299, 260])
1	0.660171415015851	0.6753997875129054	([161, 38], [161, 49, 38])
0	0.0	1.0	([37], [37, 0])
0	0.0	inf	([0], [])
