0	0.0	0.0302711679252524	([190], [190, 188])
0	0.0	0.03279939099726995	([114], [114, 109])
0	0.0	0.03373815178947674	([133], [133, 116])
0	0.0	0.05587484631409161	([137], [137, 119])
0	0.0	0.05916777215621775	([135], [135, 127])
0	0.0	0.06692363036341074	([124], [124, 78])
0	0.0	0.06702291590679592	([115], [115, 113])
0	0.0	0.08681325502097027	([132], [132, 129])
0	0.0	0.21208992167775892	([297], [297, 296])
0	0.0	0.21448967243293787	([407], [407, 406])
0	0.0	0.22218988868948158	([7], [7, 6])
0	0.0	0.22390742535347272	([323], [323, 322])
0	0.0	0.22537129924304303	([294], [294, 293])
0	0.0	0.22624803390428447	([306], [306, 305])
0	0.0	0.22739307136710113	([316], [316, 315])
0	0.0	0.22885114169068585	([372], [372, 371])
0	0.0	0.2303885340507067	([393], [393, 392])
0	0.0	0.23042824540123583	([381], [381, 380])
0	0.0	0.2323354944091743	([292], [292, 291])
0	0.0	0.23328473682043485	([415], [415, 414])
0	0.0	0.23340887767169943	([352], [352, 351])
0	0.0	0.23367957574874337	([314], [314, 313])
0	0.0	0.2367784507565183	([98], [98, 97])
0	0.0	0.23717757303082138	([202], [202, 201])
0	0.0	0.23772769339235725	([401], [401, 400])
0	0.0	0.23810532094794432	([245], [245, 244])
0	0.0	0.2383068205887103	([369], [369, 368])
0	0.0	0.2383971278003282	([387], [387, 386])
0	0.0	0.23981462205812695	([412], [412, 411])
0	0.0	0.2402410422454747	([40], [40, 39])
0	0.0	0.24063719932748082	([253], [253, 252])
0	0.0	0.24080708459625977	([144], [144, 143])
0	0.0	0.24102488542357145	([39], [39, 38])
0	0.0	0.24117598475923654	([414], [414, 413])
0	0.0	0.24152621037200364	([75], [75, 74])
0	0.0	0.2419572484279346	([206], [206, 205])
0	0.0	0.24196885654714834	([83], [83, 82])
0	0.0	0.24213897578223384	([318], [318, 317])
0	0.0	0.24240813708941292	([223], [223, 222])
0	0.0	0.2428485851737565	([334], [334, 333])
0	0.0	0.2432247171748884	([241], [241, 240])
0	0.0	0.2437096241824839	([299], [299, 298])
0	0.0	0.24402114659620425	([290], [290, 289])
0	0.0	0.2441496841720555	([321], [321, 320])
0	0.0	0.24451660581837845	([287], [287, 286])
0	0.0	0.2453072678893942	([388], [388, 387])
0	0.0	0.24533466087576744	([380], [380, 379])
0	0.0	0.24574432458772474	([278], [278, 277])
0	0.0	0.245845472680232	([368], [368, 367])
0	0.0	0.24605994128852926	([59], [59, 58])
0	0.0	0.24630951885949598	([174], [174, 173])
0	0.0	0.24646200945916233	([192], [192, 191])
0	0.0	0.24741235594184438	([389], [389, 388])
0	0.0	0.24764436405194776	([373], [373, 372])
0	0.0	0.24772408694909132	([254], [254, 253])
0	0.0	0.24810035993517884	([392], [392, 391])
0	0.0	0.24912268019193415	([13], [13, 12])
0	0.0	0.24956127677362122	([63], [63, 62])
0	0.0	0.24972674278710547	([149], [149, 148])
0	0.0	0.24974976373840374	([374], [374, 373])
0	0.0	0.24977720319172034	([87], [87, 86])
0	0.0	0.2499523390134086	([170], [170, 169])
0	0.0	0.250037075287471	([260], [260, 259])
0	0.0	0.25057284628830157	([370], [370, 369])
0	0.0	0.2505757772571584	([408], [408, 407])
0	0.0	0.2510302982909859	([375], [375, 374])
0	0.0	0.25122795226899797	([276], [276, 275])
0	0.0	0.2512298090420613	([264], [264, 263])
0	0.0	0.2514162817532879	([3], [3, 2])
0	0.0	0.2518700513564633	([350], [350, 349])
0	0.0	0.2518782801510016	([187], [187, 186])
0	0.0	0.2519184872343819	([257], [257, 256])
0	0.0	0.2523156190261637	([406], [406, 405])
0	0.0	0.2526514591081041	([255], [255, 254])
0	0.0	0.25278838828483025	([280], [280, 279])
0	0.0	0.2528677474796728	([195], [195, 194])
0	0.0	0.2528972339172774	([349], [349, 348])
0	0.0	0.252943844659824	([156], [156, 155])
0	0.0	0.2529534324996177	([180], [180, 179])
0	0.0	0.25314368105669155	([249], [249, 248])
0	0.0	0.25317777399856956	([304], [304, 303])
0	0.0	0.25367269322228053	([251], [251, 250])
0	0.0	0.25383068979156165	([338], [338, 337])
0	0.0	0.25389670957384003	([413], [413, 412])
0	0.0	0.25391230353372096	([385], [385, 384])
0	0.0	0.25407069458320497	([248], [248, 247])
0	0.0	0.25503464763483347	([309], [309, 308])
0	0.0	0.25506597717388524	([342], [342, 341])
0	0.0	0.25540951191270245	([25], [25, 24])
0	0.0	0.25601561513092985	([158], [158, 157])
0	0.0	0.25611166120281587	([89], [89, 88])
0	0.0	0.2569405894621228	([236], [236, 235])
0	0.0	0.25726895533882316	([19], [19, 18])
0	0.0	0.25745271315055124	([55], [55, 54])
0	0.0	0.25749777502127175	([212], [212, 211])
0	0.0	0.2580385830002183	([322], [322, 321])
0	0.0	0.2580441118679314	([343], [343, 342])
0	0.0	0.2580775368676181	([145], [145, 144])
0	0.0	0.2585447887200809	([358], [358, 357])
0	0.0	0.25863133980283726	([390], [390, 389])
0	0.0	0.25875677726330354	([150], [150, 149])
0	0.0	0.25896961600500523	([234], [234, 233])
0	0.0	0.2595529269028493	([210], [210, 209])
0	0.0	0.2600026688419399	([399], [399, 398])
0	0.0	0.2600852527367613	([410], [410, 409])
0	0.0	0.2603726202681151	([205], [205, 204])
0	0.0	0.26037987700403487	([72], [72, 71])
0	0.0	0.26052270845320097	([90], [90, 89])
0	0.0	0.2607282958381133	([382], [382, 381])
0	0.0	0.2609442420577224	([386], [386, 385])
0	0.0	0.26098380417831385	([346], [346, 345])
0	0.0	0.2609969880186285	([4], [4, 3])
0	0.0	0.2610343988956867	([41], [41, 40])
0	0.0	0.2611823187040286	([361], [361, 360])
0	0.0	0.2613374897834234	([362], [362, 361])
0	0.0	0.2614228412859786	([237], [237, 236])
0	0.0	0.26154802680678396	([273], [273, 272])
0	0.0	0.2620950561072249	([398], [398, 397])
0	0.0	0.26280434011859816	([8], [8, 7])
0	0.0	0.2628062908449577	([396], [396, 395])
0	0.0	0.2630490742661416	([91], [91, 90])
0	0.0	0.2630817963945926	([159], [159, 158])
0	0.0	0.2640556577483034	([167], [167, 166])
0	0.0	0.26439056815250034	([173], [173, 172])
0	0.0	0.26465181334523497	([217], [217, 216])
0	0.0	0.26465608959685344	([106], [106, 105])
0	0.0	0.26472533587660996	([193], [193, 192])
0	0.0	0.2647476729321565	([24], [24, 23])
0	0.0	0.26486821625092083	([332], [332, 331])
0	0.0	0.26525213043629564	([404], [404, 402])
0	0.0	0.2653263375935233	([22], [22, 21])
0	0.0	0.26542503731049805	([402], [404, 403])
0	0.0	0.2662772559996549	([288], [288, 287])
0	0.0	0.2663200801169129	([58], [58, 57])
0	0.0	0.26638683957875636	([20], [20, 19])
0	0.0	0.2664305610112841	([383], [383, 382])
0	0.0	0.2667407309960493	([185], [185, 184])
0	0.0	0.2675973078458734	([244], [244, 243])
0	0.0	0.26763674723784137	([330], [330, 329])
0	0.0	0.2676732202223347	([197], [197, 196])
0	0.0	0.26788410881116076	([162], [162, 161])
0	0.0	0.2680009603731258	([262], [262, 261])
0	0.0	0.26805602460183114	([347], [347, 346])
0	0.0	0.2680664068339333	([378], [378, 377])
0	0.0	0.268767914880896	([16], [16, 15])
0	0.0	0.2688000326490033	([216], [216, 215])
0	0.0	0.2690661414088664	([224], [224, 223])
0	0.0	0.2693801191629613	([184], [184, 183])
0	0.0	0.26947368297282226	([250], [250, 249])
0	0.0	0.2695538340639021	([209], [209, 208])
0	0.0	0.2700987509101933	([88], [88, 87])
0	0.0	0.2701091241505512	([360], [360, 359])
0	0.0	0.2702993234392053	([231], [231, 230])
0	0.0	0.27057706917659935	([258], [258, 257])
0	0.0	0.27124878660229634	([341], [341, 340])
0	0.0	0.2712889872032581	([30], [30, 29])
0	0.0	0.2713065382261873	([27], [27, 26])
0	0.0	0.2713191868492702	([282], [282, 281])
0	0.0	0.27182470560259525	([69], [69, 68])
0	0.0	0.2722161307973756	([379], [379, 378])
0	0.0	0.27254287960062695	([310], [310, 309])
0	0.0	0.2727612928956995	([243], [243, 242])
0	0.0	0.2737109879109202	([357], [357, 356])
0	0.0	0.27373552941171625	([267], [267, 266])
0	0.0	0.27379862224913376	([64], [64, 63])
0	0.0	0.273844883664807	([23], [23, 22])
0	0.0	0.27429843352484934	([411], [411, 410])
0	0.0	0.27460321197697396	([198], [198, 197])
0	0.0	0.27482970730817896	([29], [29, 28])
0	0.0	0.27487688211293665	([166], [166, 165])
0	0.0	0.27488673558676024	([201], [201, 200])
0	0.0	0.2750489715814442	([240], [240, 239])
0	0.0	0.2750739765945143	([34], [34, 33])
0	0.0	0.275111634192021	([377], [377, 376])
0	0.0	0.2751257181174612	([77], [77, 76])
0	0.0	0.2751688860915506	([308], [308, 307])
0	0.0	0.27525777886395353	([153], [153, 152])
0	0.0	0.27532174157623307	([409], [409, 408])
0	0.0	0.2756008233248646	([256], [256, 255])
0	0.0	0.27569051431559244	([147], [147, 146])
0	0.0	0.27570457068828463	([222], [222, 221])
0	0.0	0.2758464571424429	([215], [215, 214])
0	0.0	0.27626020888698505	([175], [175, 174])
0	0.0	0.27631718506961117	([313], [313, 312])
0	0.0	0.27638003148558044	([303], [303, 302])
0	0.0	0.27651740184338797	([45], [45, 44])
0	0.0	0.27674868251164497	([269], [269, 268])
0	0.0	0.2769502109941816	([242], [242, 241])
0	0.0	0.27709879608229615	([211], [211, 210])
0	0.0	0.2772806828688357	([285], [285, 284])
0	0.0	0.277420164497225	([17], [17, 16])
0	0.0	0.27793154818545696	([238], [238, 237])
0	0.0	0.27807728090650835	([56], [56, 55])
0	0.0	0.27820296037772163	([49], [49, 48])
0	0.0	0.27823700388457495	([259], [259, 258])
0	0.0	0.2782744661167909	([277], [277, 276])
0	0.0	0.2787032018270278	([359], [359, 358])
0	0.0	0.27872681655601494	([38], [38, 37])
0	0.0	0.27890222479593335	([293], [293, 292])
0	0.0	0.2791608463620787	([26], [26, 25])
0	0.0	0.2794225566950847	([18], [18, 17])
0	0.0	0.2798693744620223	([252], [252, 251])
0	0.0	0.2800761270166647	([384], [384, 383])
0	0.0	0.28009621828695386	([35], [35, 34])
0	0.0	0.28012939232002876	([336], [336, 335])
0	0.0	0.2804811119553588	([51], [51, 50])
0	0.0	0.2807184483681234	([239], [239, 238])
0	0.0	0.28104660776501017	([66], [66, 65])
0	0.0	0.2817752809557303	([400], [400, 399])
0	0.0	0.2820921104108583	([200], [200, 199])
0	0.0	0.28280798443218746	([356], [356, 355])
0	0.0	0.2828480546697073	([43], [43, 42])
0	0.0	0.2829158055938509	([33], [33, 32])
0	0.0	0.28294041369450224	([199], [199, 198])
0	0.0	0.2830514124474087	([11], [11, 10])
0	0.0	0.28329187184072674	([95], [95, 94])
0	0.0	0.2834983322567361	([207], [207, 206])
0	0.0	0.28353883295542615	([6], [6, 5])
0	0.0	0.28377419901727235	([204], [204, 203])
0	0.0	0.28387319903499786	([274], [274, 273])
0	0.0	0.28390554137743473	([161], [161, 160])
0	0.0	0.28441837706709583	([263], [263, 262])
0	0.0	0.28458577015127534	([57], [57, 56])
0	0.0	0.2846056077627364	([2], [2, 1])
0	0.0	0.2848204683923174	([329], [329, 327])
0	0.0	0.28491996109903583	([391], [391, 390])
0	0.0	0.28498424223288416	([340], [340, 339])
0	0.0	0.28506951090381616	([312], [312, 311])
0	0.0	0.2851577059909332	([208], [208, 207])
0	0.0	0.28520095520637795	([142], [142, 141])
0	0.0	0.2852589830235282	([62], [62, 61])
0	0.0	0.2853886615619841	([21], [21, 20])
0	0.0	0.2854421370159853	([351], [351, 350])
0	0.0	0.28568314861032706	([305], [305, 304])
0	0.0	0.285900311769049	([52], [52, 51])
0	0.0	0.28597686733215527	([177], [177, 176])
0	0.0	0.285984987213745	([146], [146, 145])
0	0.0	0.28694509720172395	([50], [50, 49])
0	0.0	0.2870447867477701	([214], [214, 213])
0	0.0	0.28723917543557914	([272], [272, 271])
0	0.0	0.28735929505595287	([186], [186, 185])
0	0.0	0.28750938380750163	([376], [376, 375])
0	0.0	0.2879821607788768	([9], [9, 8])
0	0.0	0.28812635375741436	([28], [28, 27])
0	0.0	0.28848662878314524	([97], [98, 96])
0	0.0	0.28850480542023343	([169], [169, 168])
0	0.0	0.28885193823734256	([315], [315, 314])
0	0.0	0.288930913567521	([86], [86, 85])
0	0.0	0.2892813771629892	([354], [354, 353])
0	0.0	0.2895386615914632	([73], [73, 72])
0	0.0	0.28989900173451677	([394], [394, 393])
0	0.0	0.2899869102132734	([339], [339, 338])
0	0.0	0.29138244368003485	([94], [94, 93])
0	0.0	0.291417313572786	([295], [295, 294])
0	0.0	0.29164312580189133	([268], [268, 267])
0	0.0	0.2917871442758507	([143], [143, 142])
0	0.0	0.29190042062666294	([196], [196, 195])
0	0.0	0.29205001213655635	([261], [261, 260])
0	0.0	0.29209705553425536	([70], [70, 69])
0	0.0	0.2923116494685704	([333], [333, 332])
0	0.0	0.2925233156002437	([48], [48, 47])
0	0.0	0.29257321250533486	([335], [335, 334])
0	0.0	0.29273925834388304	([286], [286, 285])
0	0.0	0.2927991000020286	([227], [227, 226])
0	0.0	0.2930143777790179	([266], [266, 265])
0	0.0	0.29301554148278225	([291], [291, 290])
0	0.0	0.2933897980321751	([270], [270, 269])
0	0.0	0.29347230090981186	([151], [151, 150])
0	0.0	0.29355996903286313	([365], [365, 363])
0	0.0	0.2944914497633946	([157], [157, 156])
0	0.0	0.2947414906152398	([160], [160, 159])
0	0.0	0.29477133199229966	([337], [337, 336])
0	0.0	0.2949841271938915	([213], [213, 212])
0	0.0	0.2952650694955508	([32], [32, 31])
0	0.0	0.29559331026788865	([54], [54, 53])
0	0.0	0.29559943389493953	([194], [194, 193])
0	0.0	0.2958017851378011	([284], [284, 283])
0	0.0	0.295957827838855	([152], [152, 151])
0	0.0	0.2959831318385049	([134], [134, 126])
0	0.0	0.29632103021781814	([10], [10, 9])
0	0.0	0.2964193462647678	([367], [367, 366])
0	0.0	0.2965605158712923	([311], [311, 310])
0	0.0	0.29711272723473287	([328], [328, 327])
0	0.0	0.2973428307341803	([14], [14, 13])
0	0.0	0.29752651533858077	([31], [31, 30])
0	0.0	0.2975985404400595	([355], [355, 354])
0	0.0	0.2976118069960916	([5], [5, 4])
0	0.0	0.29831395410954975	([107], [107, 106])
0	0.0	0.29864677679430945	([416], [416, 415])
0	0.0	0.29867499840538764	([154], [154, 153])
0	0.0	0.2987557726690706	([168], [168, 167])
0	0.0	0.29915769813298126	([61], [61, 60])
0	0.0	0.30034602482133355	([405], [405, 404])
0	0.0	0.3003965720092732	([42], [42, 41])
0	0.0	0.30050371855409236	([155], [155, 154])
0	0.0	0.30107275754148344	([47], [47, 46])
0	0.0	0.3013716912020075	([46], [46, 45])
0	0.0	0.30175721790994336	([99], [99, 98])
0	0.0	0.3023190746508187	([74], [74, 73])
0	0.0	0.30281647646948645	([138], [138, 136])
0	0.0	0.30292871426535367	([220], [220, 219])
0	0.0	0.30325970014808984	([302], [302, 300])
0	0.0	0.30437339982202155	([298], [298, 297])
0	0.0	0.3043750681683402	([203], [203, 202])
0	0.0	0.3045860795795915	([363], [363, 362])
0	0.0	0.3046567694621108	([296], [296, 295])
0	0.0	0.30507221387958683	([279], [279, 278])
0	0.0	0.30530092379641627	([12], [12, 11])
0	0.0	0.30545313648190914	([226], [226, 225])
0	0.0	0.3056058810013061	([176], [176, 175])
0	0.0	0.30609215272788315	([289], [289, 288])
0	0.0	0.3067801575116747	([395], [395, 394])
0	0.0	0.3072433284363204	([271], [271, 270])
0	0.0	0.3088640707028985	([182], [182, 181])
0	0.0	0.308955994980356	([281], [281, 280])
0	0.0	0.30919037144803246	([104], [104, 103])
0	0.0	0.3102849292441829	([1], [1, 0])
0	0.0	0.31053269558425484	([353], [365, 364])
0	0.0	0.3117118622381306	([15], [15, 14])
0	0.0	0.31178979502365517	([403], [402, 401])
0	0.0	0.3119645413369471	([218], [218, 217])
0	0.0	0.3120646353301902	([148], [148, 147])
0	0.0	0.31219520462577416	([111], [111, 110])
0	0.0	0.3123673419846621	([225], [225, 224])
0	0.0	0.3139757496486407	([100], [100, 99])
0	0.0	0.31451603474381495	([101], [101, 100])
0	0.0	0.31459822145911537	([221], [221, 220])
0	0.0	0.31491622406178704	([189], [189, 187])
0	0.0	0.31556260281485005	([171], [171, 170])
0	0.0	0.3156846715038813	([366], [366, 365])
0	0.0	0.3160914732127909	([307], [307, 306])
0	0.0	0.31637765063239465	([397], [397, 396])
0	0.0	0.3169971889312611	([300], [300, 299])
0	0.0	0.31745534042547807	([181], [181, 180])
0	0.0	0.31801751901764896	([53], [53, 52])
0	0.0	0.318419355927383	([82], [82, 81])
0	0.0	0.3189717887827272	([37], [37, 36])
0	0.0	0.3192127046809467	([246], [246, 245])
0	0.0	0.31949578478036383	([320], [320, 319])
0	0.0	0.3198681098307224	([165], [165, 164])
1	0.30502950534072876	0.32021435304837736	([288, 285], [288, 287, 286])
0	0.0	0.32201030435822897	([371], [371, 370])
0	0.0	0.32222341731137977	([164], [164, 162])
0	0.0	0.32230603693475457	([283], [283, 282])
0	0.0	0.3224594944515695	([172], [172, 171])
0	0.0	0.32276359646741964	([247], [247, 246])
0	0.0	0.32291245155653187	([60], [60, 59])
0	0.0	0.32426828104330907	([348], [348, 347])
0	0.0	0.3243160929326165	([319], [319, 318])
0	0.0	0.32451180951270564	([44], [44, 43])
0	0.0	0.3246903506606748	([317], [317, 316])
0	0.0	0.32484788042417295	([265], [265, 264])
0	0.0	0.3251766977963581	([36], [36, 35])
0	0.0	0.3256250827758449	([229], [229, 228])
0	0.0	0.32698893797343337	([275], [302, 301])
0	0.0	0.3292241996045015	([105], [105, 104])
0	0.0	0.3304610027002039	([80], [80, 79])
0	0.0	0.3308990352911826	([71], [71, 70])
0	0.0	0.3310239679137365	([230], [230, 229])
0	0.0	0.331222068666388	([76], [76, 75])
0	0.0	0.3328196980554283	([65], [65, 64])
0	0.0	0.3328362150395769	([68], [68, 66])
0	0.0	0.33471879264391013	([92], [92, 91])
0	0.0	0.33523954933084676	([219], [219, 218])
0	0.0	0.33705553241223796	([141], [141, 140])
0	0.0	0.33751359368412365	([81], [81, 80])
0	0.0	0.3378597767884876	([85], [85, 84])
0	0.0	0.33891351708362694	([232], [232, 230])
0	0.0	0.3413366779898909	([178], [178, 177])
0	0.0	0.34255240069520887	([345], [345, 343])
0	0.0	0.3430454777055549	([301], [275, 274])
0	0.0	0.346396226355673	([364], [353, 352])
0	0.0	0.34665821941600883	([179], [179, 178])
0	0.0	0.35174040249409233	([103], [103, 102])
0	0.0	0.35179048481129194	([331], [331, 330])
0	0.0	0.3522638868656092	([235], [235, 234])
0	0.0	0.3525433933421356	([191], [191, 189])
0	0.0	0.3540382780724719	([183], [183, 182])
0	0.0	0.3587608007879109	([140], [140, 138])
0	0.0	0.35999784596680007	([110], [111, 108])
0	0.0	0.3714129426318104	([325], [325, 324])
0	0.0	0.37144064298859614	([84], [84, 82])
0	0.0	0.3741222340340014	([102], [103, 101])
0	0.0	0.3781993559203663	([228], [232, 227])
0	0.0	0.3802127852552271	([324], [325, 323])
0	0.0	0.3836009817961245	([108], [108, 107])
0	0.0	0.3867307072751427	([139], [139, 138])
0	0.0	0.3922191747683584	([93], [93, 92])
0	0.0	0.3961491801798474	([79], [79, 77])
1	0.3843770895347713	0.39873152938493894	([229, 227], [232, 230, 227])
0	0.0	0.40774600614628526	([122], [122, 112])
0	0.0	0.40774600614628526	([125], [125, 112])
0	0.0	0.4085851839996301	([327], [345, 344])
0	0.0	0.40879698640929035	([344], [327, 325])
0	0.0	0.4101499266187657	([233], [327, 326])
0	0.0	0.4152674922789634	([163], [163, 162])
1	0.4310748645005504	0.43254834271420695	([93, 90], [93, 92, 90])
1	0.43670776926182825	0.4380771417398708	([94, 91], [94, 93, 92])
0	0.0	0.4390922460169994	([67], [67, 66])
0	0.0	0.44165600551932294	([326], [233, 232])
0	0.0	0.4620278577515576	([136], [163, 130])
0	0.0	0.46346625277209724	([118], [118, 67])
0	0.0	0.48161217913191884	([130], [139, 126])
0	0.0	0.4869949676793149	([96], [96, 95])
0	0.0	0.49020833371238	([126], [326, 118])
1	0.4910572261773624	0.4999630109690639	([234, 230], [234, 233, 231])
1	0.5379346141808332	0.5475603505413754	([249, 242], [249, 245, 242])
1	0.566323719815458	0.5909409606096896	([191, 181], [191, 186, 185])
1	0.6169144446928532	0.626477058092352	([179, 165], [179, 174, 173])
1	0.5940893104527767	0.628142941500649	([93, 79], [93, 87, 79])
1	0.578616942349264	0.6296249450735104	([140, 111], [140, 138, 108])
1	0.61389566888131	0.633946569246509	([319, 232], [324, 320, 319])
1	0.6283054936684035	0.6351896024331524	([92, 81], [92, 89, 88])
1	0.628903626284871	0.6428487972332636	([367, 341], [367, 366, 341])
1	0.6321473738087262	0.6462113131180316	([77, 50], [77, 64, 60])
1	0.6101426389355548	0.6519633751546917	([101, 92], [104, 101, 92])
1	0.6079767730790536	0.6527977221111118	([232, 218], [232, 227, 218])
1	0.6534092902858986	0.6547001963244756	([152, 136], [152, 145, 143])
1	0.6477278850430168	0.654727122956642	([140, 92], [140, 106, 100])
1	0.6542444769554727	0.6547510659218414	([178, 160], [178, 169, 162])
1	0.6563322177926701	0.6661670901449905	([386, 372], [386, 382, 372])
1	0.6571830605103414	0.6669174427395053	([102, 46], [79, 63, 52])
1	0.6567118647765826	0.6682672943289686	([284, 254], [284, 271, 254])
1	0.6154793953665298	0.6703384084226147	([246, 232], [246, 240, 231])
1	0.6727535476215815	0.6742695828810156	([387, 373], [387, 381, 379])
1	0.674985025017543	0.6778398058150089	([25, 1], [25, 16, 13])
1	0.6743380656824992	0.6784227701677162	([93, 41], [93, 92, 43])
1	0.6770052276116866	0.6793780985951438	([92, 52], [92, 52, 47])
1	0.6480305215707575	0.6812197987696054	([92, 43], [93, 79, 43])
1	0.6292847385353029	0.6812695884040864	([372, 337], [372, 370, 337])
1	0.6494801024933123	0.682761930426724	([290, 252], [289, 285, 255])
1	0.6295258989065985	0.6879676310280788	([251, 237], [251, 244, 240])
1	0.672095675015196	0.6895252092425092	([31, 5], [31, 22, 14])
1	0.675508852954226	0.6905262228998313	([92, 31], [92, 43, 33])
1	0.6810874755561793	0.6910024531878207	([154, 92], [151, 146, 92])
1	0.690313132003886	0.6928425135872935	([32, 0], [32, 21, 0])
1	0.6868583805319967	0.6949360380068735	([416, 395], [416, 409, 403])
1	0.6706677563372819	0.6949934377122597	([217, 95], [220, 217, 95])
1	0.6342330932988789	0.6955738763435068	([107, 83], [105, 94, 87])
1	0.6836931491655429	0.6957966837006438	([92, 9], [92, 31, 23])
1	0.6143478061461861	0.6963225410922977	([102, 84], [102, 99, 84])
1	0.641929243128585	0.6963225410922977	([108, 84], [108, 99, 84])
1	0.6757193148996274	0.6967918391191796	([407, 381], [407, 395, 392])
1	0.68494528829484	0.6976803636080885	([192, 162], [192, 186, 162])
1	0.6804395261108914	0.6981216775601604	([371, 323], [371, 361, 337])
1	0.691671677126917	0.6982012102636094	([160, 102], [160, 151, 142])
1	0.6758043213444616	0.6986958218825647	([102, 61], [102, 79, 70])
1	0.671135783428571	0.7002867646617603	([220, 194], [220, 212, 208])
1	0.6943609771743745	0.7009405081741925	([373, 335], [373, 365, 341])
1	0.6806684819023294	0.7016541475342407	([151, 102], [151, 142, 141])
1	0.6919891903927806	0.7016599857643848	([28, 7], [28, 21, 18])
1	0.7033071942198421	0.7034013081328603	([110, 77], [110, 103, 81])
1	0.6975190406891472	0.7038497379941253	([107, 73], [107, 102, 73])
1	0.6963091869223358	0.704022664543054	([168, 111], [168, 160, 102])
1	0.6819235177782651	0.7047381460348404	([180, 138], [168, 164, 138])
1	0.6598225696482968	0.7062432730627137	([111, 52], [111, 102, 79])
1	0.7066305398745175	0.7075852467883833	([81, 42], [81, 53, 47])
1	0.6824340981218829	0.7080734513240432	([102, 30], [102, 46, 37])
1	0.6809162647699118	0.7087258677780425	([213, 181], [213, 195, 181])
1	0.7077948144367256	0.7093553248041352	([107, 51], [107, 102, 51])
1	0.7010725117718327	0.7095343335058203	([160, 110], [168, 160, 110])
1	0.6794673302577862	0.7101446173963047	([102, 11], [102, 34, 28])
1	0.7049492170075263	0.710276416970578	([148, 103], [148, 139, 136])
1	0.7005916864552398	0.7114082688005839	([94, 39], [94, 89, 39])
1	0.6606534290212537	0.7120567518540976	([410, 377], [410, 395, 382])
1	0.7016602561911451	0.7132438636647768	([321, 289], [321, 317, 291])
1	0.6958241508883809	0.715547313845069	([207, 95], [217, 207, 201])
1	0.6426442648532699	0.7158919757441737	([178, 92], [171, 153, 140])
1	0.6917318206435716	0.7158919757441737	([189, 140], [189, 171, 140])
1	0.6955791898223043	0.7167052342545247	([242, 184], [242, 184, 181])
1	0.6912653294794628	0.7182610220223112	([155, 101], [155, 140, 101])
1	0.6684256370587555	0.7189540045110628	([95, 37], [95, 47, 40])
1	0.6984285805139377	0.7198739463622338	([169, 136], [169, 157, 136])
1	0.654830208832225	0.7199847255660953	([235, 181], [226, 210, 200])
1	0.716390625641762	0.7205504859859274	([224, 102], [224, 213, 212])
1	0.7109367995027972	0.7208885633928335	([324, 297], [324, 315, 297])
1	0.704757212930519	0.7210869653227558	([332, 299], [332, 312, 310])
1	0.6866228877006216	0.721580582587139	([39, 5], [39, 26, 23])
1	0.7027197920341973	0.7218367823843825	([312, 278], [312, 296, 278])
1	0.7197265206838217	0.7235603389250833	([193, 95], [193, 185, 95])
1	0.7059844539018799	0.7236807620589402	([195, 170], [195, 181, 178])
1	0.7117606375565942	0.7245365762149711	([46, 4], [46, 31, 26])
1	0.7047752178884549	0.7256884597649405	([177, 102], [177, 168, 161])
1	0.6876076717461312	0.7266729724816093	([176, 108], [176, 168, 110])
1	0.6989181369517204	0.7274301185565027	([216, 90], [217, 216, 95])
1	0.7165910403025825	0.7289116603546002	([50, 9], [50, 35, 18])
1	0.6929991581038397	0.7296118945081003	([306, 275], [306, 294, 275])
1	0.7155828606249853	0.7308536076715707	([144, 41], [144, 94, 91])
1	0.6434046569874754	0.731765681605885	([220, 92], [217, 201, 193])
1	0.7081026389237338	0.731865757782784	([205, 176], [205, 198, 176])
1	0.692468198470508	0.732889772641887	([84, 25], [84, 42, 38])
1	0.725942750867749	0.7329138419363435	([99, 55], [102, 99, 54])
1	0.7096073598520959	0.7343999302505854	([197, 153], [197, 195, 153])
1	0.7063611520473698	0.7347667524074406	([346, 311], [346, 345, 311])
1	0.732216019210288	0.734895953769803	([305, 273], [306, 305, 281])
1	0.7347541609935387	0.7349845867895309	([159, 108], [171, 159, 108])
1	0.7317710646547189	0.7351079031141559	([324, 255], [324, 322, 255])
1	0.7153454742397173	0.7353762202478886	([215, 160], [215, 160, 96])
1	0.7330271640229842	0.7359641884882435	([325, 250], [339, 335, 285])
1	0.6982445300790776	0.7362248045475502	([371, 251], [371, 317, 251])
1	0.7353780143312729	0.7362851114877598	([200, 142], [200, 183, 142])
1	0.735980923085323	0.7367520921138278	([184, 144], [184, 182, 144])
1	0.7264802469114943	0.7369337455726469	([231, 203], [231, 222, 195])
1	0.7335969785495323	0.7370143174036492	([318, 284], [318, 298, 284])
1	0.7284761151469804	0.7370524083139348	([51, 17], [51, 45, 30])
1	0.6898683075066718	0.7373251642249007	([227, 149], [233, 216, 153])
1	0.72085001315588	0.7377246679892544	([335, 285], [325, 300, 292])
1	0.6994300802535062	0.7378332789055583	([111, 15], [136, 111, 15])
1	0.7009260538965986	0.7382952027605691	([237, 160], [251, 247, 215])
1	0.7385124001908008	0.7386158102951074	([361, 277], [361, 343, 271])
1	0.7274403189250798	0.7394187716115	([380, 319], [380, 367, 319])
1	0.7357020596041981	0.7414469775453603	([91, 8], [91, 41, 37])
1	0.693593506596383	0.7417565522508028	([296, 237], [296, 293, 237])
1	0.7090846073640701	0.7426455552805784	([207, 170], [207, 193, 170])
1	0.705346424172058	0.7426955230855673	([193, 108], [193, 172, 108])
1	0.7299191037269228	0.7427764601527972	([106, 62], [106, 104, 62])
1	0.7396357736847927	0.7430512106165137	([159, 93], [159, 155, 93])
1	0.7109566715157581	0.7432009128674221	([93, 20], [93, 20, 14])
1	0.7308708577197252	0.7433705380268124	([333, 296], [370, 367, 286])
1	0.7197033555949447	0.7433891121873318	([48, 13], [48, 34, 29])
1	0.707420865610235	0.7436201983546663	([367, 286], [333, 324, 296])
1	0.7323524947931674	0.7437853176624274	([252, 191], [252, 242, 181])
1	0.7423099676387884	0.743815762443199	([231, 141], [231, 195, 155])
1	0.7399765101564191	0.7438256608604888	([284, 181], [300, 284, 279])
1	0.698221518357423	0.7438368134807644	([108, 61], [108, 61, 51])
1	0.612928524848112	0.7439110731357774	([301, 232], [319, 301, 291])
1	0.6925587591444584	0.7455961197423967	([416, 336], [416, 354, 336])
1	0.734684625448535	0.7460096679061373	([77, 28], [77, 60, 28])
1	0.7243911108023567	0.7463338225603197	([83, 29], [83, 45, 29])
1	0.7207545097689241	0.7464507224146463	([340, 254], [340, 302, 254])
1	0.7212086536221642	0.746906023390829	([186, 98], [186, 153, 136])
1	0.73948220517497	0.7470378387473516	([356, 315], [356, 341, 329])
1	0.6830910057830587	0.7474587406251141	([227, 108], [227, 149, 108])
1	0.7471896942262595	0.7475486890495214	([320, 237], [320, 301, 292])
1	0.6995777284988012	0.7475774897287005	([300, 181], [284, 249, 242])
1	0.7350504653017317	0.7476296098191068	([185, 150], [185, 169, 156])
1	0.723736217729544	0.7478630366362011	([315, 269], [315, 293, 269])
1	0.7286798422681656	0.7480063662232045	([201, 143], [213, 200, 142])
1	0.7179443862359235	0.7480146679658617	([242, 102], [243, 215, 198])
1	0.7361662436216331	0.74846025892305	([343, 271], [343, 328, 306])
1	0.661752517755218	0.7487851952654789	([108, 0], [108, 80, 48])
1	0.7436876204912977	0.749454250964758	([320, 181], [320, 300, 292])
1	0.7194926767933669	0.7496293774851883	([233, 93], [233, 194, 93])
1	0.7459851175896647	0.7497713906914769	([345, 275], [345, 328, 273])
1	0.734259624899495	0.7503641323168795	([90, 4], [90, 89, 4])
1	0.7498302150554448	0.750413510448202	([368, 294], [368, 332, 321])
1	0.6760301362142638	0.7508338217638322	([181, 107], [181, 164, 107])
1	0.744430041086587	0.7510165460633217	([210, 88], [210, 155, 88])
1	0.7322427806354005	0.751064877965784	([173, 87], [173, 159, 93])
1	0.7439167373460708	0.7511862318568139	([220, 155], [220, 210, 194])
1	0.7505943854968625	0.7514689262891823	([314, 256], [314, 300, 298])
1	0.7455916582172817	0.7516799378996137	([207, 141], [207, 141, 93])
1	0.5028640893226078	0.7524512069458648	([324, 231], [324, 255, 245])
1	0.741553474243728	0.7526794797943679	([396, 324], [396, 369, 368])
1	0.7386857034160758	0.7528766041074539	([414, 3], [415, 414, 3])
1	0.74674869157097	0.7529287461109563	([375, 295], [375, 295, 289])
1	0.7443146403690741	0.75407287782091	([328, 273], [328, 306, 283])
1	0.7349552357884324	0.7540862853501262	([375, 252], [375, 318, 290])
1	0.7322405665121803	0.754372350520958	([98, 10], [98, 93, 10])
1	0.7522829366815709	0.7551018687622538	([342, 268], [343, 342, 276])
1	0.7340151480442396	0.7553917041887975	([214, 152], [230, 214, 152])
1	0.7402677838664022	0.7562981282608732	([104, 13], [99, 83, 13])
1	0.749560180937289	0.7563165707853534	([346, 283], [361, 346, 277])
1	0.7565983100080202	0.7566753817715088	([141, 29], [141, 104, 29])
1	0.7513606553725138	0.7569522502408031	([330, 279], [316, 304, 279])
1	0.736010805398544	0.7569846750469894	([189, 88], [194, 189, 88])
1	0.7517130110531804	0.7574045293573458	([189, 4], [189, 106, 4])
1	0.7293221426620646	0.7574987519864758	([100, 19], [100, 82, 19])
1	0.7500874217289554	0.7584491579961298	([231, 19], [231, 146, 19])
1	0.7562513978717783	0.7587832926373654	([143, 25], [143, 90, 84])
1	0.7435583948018157	0.7592416640604174	([156, 87], [159, 156, 87])
1	0.7573195335380586	0.7593071533518283	([310, 191], [310, 300, 191])
1	0.7493624310319639	0.7595242073898207	([74, 18], [74, 52, 18])
1	0.7457217124081142	0.7597961488580663	([347, 261], [347, 286, 280])
1	0.7209676986340018	0.7600153495425094	([230, 189], [230, 220, 189])
1	0.7601819077342983	0.7606366132247477	([354, 278], [356, 354, 278])
1	0.7528916556172466	0.7609275083656899	([219, 41], [219, 90, 41])
1	0.7607187173975288	0.7614627005769988	([140, 44], [140, 83, 44])
1	0.7420971266673979	0.7617417718693766	([329, 271], [343, 337, 271])
1	0.7407278909530235	0.7619003666941372	([372, 283], [372, 321, 296])
1	0.7440537341123055	0.7625456640678787	([377, 247], [377, 338, 251])
1	0.7463478183819854	0.7634552991515774	([244, 207], [244, 222, 221])
1	0.7635783245251017	0.7638049799927734	([384, 237], [399, 384, 237])
1	0.7437816384639611	0.7648040312345386	([211, 148], [211, 198, 148])
1	0.756970678705014	0.7648561765590595	([405, 214], [390, 379, 225])
1	0.7443560261499198	0.7651556907138536	([390, 225], [390, 324, 225])
1	0.7616069104987003	0.7652825344123954	([218, 4], [218, 93, 89])
1	0.7591071457376217	0.7652825344123954	([208, 89], [218, 208, 89])
1	0.6812971218977715	0.765480801325663	([181, 84], [162, 91, 76])
1	0.7545048785866418	0.7658647963968156	([349, 260], [349, 342, 276])
1	0.6966367754742518	0.7660951950678678	([134, 16], [134, 108, 107])
1	0.7399346733499775	0.7664095489869303	([376, 248], [376, 366, 252])
1	0.5718044335133968	0.7669432909993148	([138, 134], [139, 134, 126])
1	0.7619170729287887	0.7672430267407524	([222, 161], [226, 222, 161])
1	0.7626336321295288	0.767681965017973	([414, 211], [414, 376, 375])
1	0.7307140539976122	0.7678041484310779	([57, 0], [64, 57, 0])
1	0.7163916435576281	0.7682416929643909	([399, 242], [384, 378, 237])
1	0.7185485772072902	0.7684602703890367	([312, 93], [301, 248, 93])
1	0.7405718403356022	0.7686828770488037	([85, 10], [85, 42, 10])
1	0.7511765625911951	0.7686828770488037	([153, 42], [153, 42, 10])
1	0.7637033727222151	0.7686873772595969	([147, 4], [189, 147, 140])
1	0.7522312252289012	0.7686873772595969	([238, 147], [238, 189, 147])
1	0.7464791900818377	0.7688188010047579	([382, 221], [382, 366, 324])
1	0.7540815510069327	0.7692096476661089	([145, 60], [145, 96, 60])
1	0.7388890572788399	0.7693777194631712	([306, 241], [306, 296, 241])
1	0.7281388970384289	0.7696974400358252	([189, 63], [189, 88, 80])
1	0.7617288313468349	0.7700046029654158	([254, 200], [254, 241, 226])
1	0.7660047205505571	0.7706012482698046	([142, 24], [142, 45, 38])
1	0.7290596890366832	0.7706058745211879	([307, 243], [307, 284, 271])
1	0.7664048856505535	0.7709551672346017	([66, 11], [66, 42, 0])
1	0.6950448758445689	0.7717281228688044	([394, 93], [386, 320, 93])
1	0.7501579046260874	0.77211658404171	([175, 79], [176, 175, 79])
1	0.7422272605060496	0.7721691373372487	([153, 10], [153, 91, 42])
1	0.7427025393902723	0.7730257090711377	([358, 262], [358, 342, 268])
1	0.7480049716306417	0.7732741772716684	([394, 228], [396, 394, 228])
1	0.7704517976244514	0.7733778998845082	([380, 239], [380, 314, 253])
1	0.7646952163969891	0.7736074365438517	([373, 236], [373, 322, 289])
1	0.7511138991557225	0.7744505399481894	([389, 210], [389, 383, 189])
1	0.6713415244262606	0.7744517044669121	([416, 353], [416, 403, 331])
1	0.7585387503218215	0.7749686013790739	([235, 143], [235, 196, 143])
1	0.7713671142517822	0.7754337171797621	([194, 12], [194, 88, 40])
1	0.7701146145162276	0.775519703424189	([213, 36], [214, 144, 91])
1	0.769959259167731	0.775531774058658	([222, 35], [222, 216, 35])
1	0.771161310120399	0.7761529049943559	([293, 216], [293, 253, 216])
1	0.7704543472976842	0.7762253492898501	([187, 41], [187, 144, 136])
1	0.7672101425341065	0.776371969801149	([304, 233], [304, 291, 279])
1	0.7747225613376593	0.7764096570796781	([145, 7], [194, 145, 12])
1	0.7602845215044085	0.7766299426300007	([204, 25], [204, 150, 142])
1	0.7060076739942356	0.776742448623875	([181, 5], [210, 96, 23])
1	0.7756461384196888	0.7768879323829699	([389, 250], [389, 376, 250])
1	0.7604423860866611	0.7771611010736632	([381, 245], [404, 377, 247])
1	0.7647660078708696	0.7771704319849397	([409, 197], [409, 398, 213])
1	0.7555737871158759	0.7777051724204225	([400, 233], [402, 400, 233])
1	0.7737886915614226	0.7783105976392568	([240, 136], [240, 192, 136])
1	0.7662272054778859	0.7783856738235929	([381, 219], [391, 381, 219])
1	0.7611513655439122	0.7784687261783075	([375, 211], [375, 249, 224])
1	0.7783376820815189	0.7787363063977555	([391, 95], [398, 391, 95])
1	0.7573407405742976	0.7809864814797032	([211, 46], [211, 146, 46])
1	0.7608259690493717	0.7813658094740349	([184, 25], [184, 161, 25])
1	0.7784408157917863	0.7814639575500448	([299, 223], [299, 248, 223])
1	0.7346343584326772	0.782279238632954	([404, 189], [399, 242, 189])
1	0.7787959226793766	0.7827580211679053	([170, 48], [170, 97, 94])
1	0.757365645434344	0.7828956091155144	([398, 213], [391, 376, 95])
1	0.7637000535594387	0.7831227416349901	([391, 222], [391, 382, 222])
1	0.7805116987696604	0.7833653012126885	([383, 241], [383, 241, 222])
1	0.758862464209792	0.7833653012126885	([383, 231], [383, 382, 222])
1	0.7741508912375188	0.7835863927843348	([410, 299], [410, 380, 253])
1	0.7800290265501145	0.7837494376004488	([415, 313], [415, 375, 313])
1	0.7664095684620337	0.7837494376004488	([415, 287], [415, 375, 372])
1	0.776019740577544	0.7840489058981188	([178, 19], [178, 100, 91])
1	0.7808486255096736	0.7841404542119972	([329, 248], [373, 329, 248])
1	0.7687513894039478	0.7844324218579279	([385, 217], [385, 379, 217])
1	0.7821236707990111	0.785467801818324	([374, 213], [374, 247, 234])
1	0.7203235009786386	0.7856295589880392	([221, 24], [221, 143, 91])
1	0.772617784849495	0.7863056876811085	([407, 238], [407, 238, 197])
1	0.6247153374236531	0.7865142194688007	([364, 232], [364, 324, 316])
1	0.6923794537151567	0.7869569447850447	([376, 92], [398, 242, 213])
1	0.7467681668964155	0.7869808246705191	([191, 30], [171, 49, 45])
1	0.7696086671485152	0.7872860333387166	([329, 108], [377, 329, 321])
1	0.7811431477335085	0.788100144369932	([413, 224], [413, 407, 224])
1	0.7626060141996907	0.7887748182468532	([191, 3], [191, 30, 3])
1	0.7860459883182569	0.7889050097716687	([406, 192], [408, 406, 192])
1	0.7529563486342301	0.7901677112573107	([294, 209], [294, 250, 197])
1	0.7784470868360973	0.7904328451665481	([310, 4], [310, 239, 95])
1	0.7518363611181398	0.7906854836699836	([413, 108], [382, 380, 184])
1	0.6054183014380243	0.7920606131490959	([282, 232], [364, 282, 256])
1	0.6905733846903155	0.7929167505243669	([416, 310], [416, 412, 310])
1	0.7851874983935666	0.7929325106748976	([339, 104], [397, 339, 104])
1	0.7892339442142837	0.793438955027563	([152, 8], [152, 147, 8])
1	0.7551579624640111	0.7936711231886405	([234, 103], [234, 214, 103])
1	0.7633835790342011	0.7936783900743363	([214, 0], [215, 145, 12])
1	0.7705769512268474	0.7942412138121563	([403, 164], [403, 385, 164])
1	0.78328044520234	0.7946194716035112	([154, 64], [154, 96, 84])
1	0.7517444177738147	0.7947476148785504	([382, 184], [382, 293, 244])
1	0.7787295034368439	0.794899112874333	([291, 164], [291, 246, 164])
1	0.7753172040572309	0.7953160432355005	([234, 9], [234, 231, 9])
1	0.7591200076823125	0.7963945284414515	([301, 108], [392, 301, 108])
1	0.7390870975542491	0.797617629474993	([260, 102], [343, 260, 256])
1	0.7968362908459454	0.798161955730892	([338, 187], [338, 251, 95])
1	0.7946670475057858	0.7986500199011629	([237, 111], [237, 111, 97])
1	0.7787913162706676	0.7986641228093243	([412, 193], [412, 219, 193])
1	0.7902975577042	0.7988707472357472	([381, 44], [381, 251, 79])
1	0.7970348714173145	0.7996286141246906	([377, 35], [377, 376, 35])
1	0.7990666054047759	0.8000062537734032	([174, 52], [174, 168, 52])
1	0.718588645419036	0.8002141551903985	([366, 102], [366, 319, 250])
1	0.798880563300383	0.800388955727614	([195, 65], [195, 83, 73])
1	0.7973412484577954	0.800829104880102	([402, 209], [402, 217, 209])
1	0.7952015272842742	0.801509975475042	([179, 27], [179, 106, 27])
1	0.7774347365211034	0.8019412702791501	([409, 23], [409, 219, 213])
1	0.7871170045338922	0.803392023393109	([410, 226], [410, 397, 226])
1	0.7777706971533981	0.8033970994627444	([212, 39], [212, 146, 39])
1	0.7878298120864092	0.8041036332651041	([395, 235], [395, 371, 368])
1	0.7006495977820966	0.8047374854392092	([319, 102], [298, 199, 189])
1	0.7913513858437183	0.8050606366006519	([382, 151], [382, 225, 184])
1	0.8006492480853193	0.8051709840588417	([305, 205], [315, 305, 205])
1	0.7529291222075344	0.8058512672517202	([408, 234], [408, 376, 234])
1	0.8042026784334617	0.8061636916577852	([250, 87], [250, 219, 193])
1	0.7981177891336909	0.8070264317621227	([279, 221], [279, 252, 246])
1	0.7973296196928158	0.8072485151526092	([170, 1], [170, 81, 1])
1	0.8013735118356238	0.8075375362457945	([257, 206], [257, 242, 176])
1	0.7698975896154594	0.8075977796468339	([272, 205], [305, 272, 258])
1	0.7905012075899199	0.8079595215202803	([388, 186], [388, 375, 200])
1	0.8078986584070558	0.8098331007939945	([296, 183], [296, 227, 222])
1	0.8085923057918298	0.8098596393635626	([252, 77], [252, 187, 158])
1	0.8025100017248143	0.8101453498994513	([311, 149], [311, 286, 154])
1	0.7934210906940187	0.8103169904795401	([411, 26], [411, 212, 18])
1	0.8037996710187798	0.8105960509840974	([387, 175], [387, 221, 193])
1	0.7931268263004123	0.8122535498765766	([246, 5], [246, 221, 5])
1	0.8056343531948091	0.8126749521619658	([371, 38], [371, 324, 254])
1	0.7354082674727875	0.8132765786332393	([385, 181], [385, 164, 97])
1	0.7303770902624325	0.8139632926745877	([415, 1], [412, 394, 1])
1	0.7866272938052872	0.8157817361430735	([283, 170], [312, 283, 170])
1	0.8121984048416739	0.8158391150894749	([233, 28], [233, 93, 41])
1	0.7824540699174684	0.8158507275625009	([289, 4], [289, 239, 4])
1	0.7928950773380967	0.8165168985263839	([394, 101], [394, 159, 101])
1	0.8088415028597109	0.8170596146759015	([267, 203], [294, 267, 248])
1	0.7929074672230246	0.8171508150690496	([370, 180], [370, 246, 180])
1	0.8123284199914864	0.8175186982674071	([280, 111], [280, 256, 111])
1	0.8115336298976602	0.8175889287742379	([413, 5], [413, 409, 5])
1	0.8121004612621955	0.8187461112131134	([228, 49], [228, 100, 66])
1	0.8062646685385322	0.8187926525332463	([387, 152], [387, 205, 193])
1	0.808041405633687	0.8189799712522602	([323, 96], [378, 323, 96])
1	0.8151083976467468	0.8191177073311395	([369, 212], [406, 369, 324])
1	0.7964142343420485	0.8204276738457792	([398, 160], [398, 228, 213])
1	0.7933504822195867	0.8211380287459175	([208, 62], [208, 62, 46])
1	0.8068711267050116	0.8214147883176638	([389, 39], [409, 378, 5])
1	0.8113502807280646	0.8217670902843828	([374, 82], [373, 253, 82])
1	0.7837368114515733	0.821882645205123	([316, 103], [316, 289, 255])
1	0.821464382410361	0.8226441594818658	([348, 111], [348, 280, 257])
1	0.8013038403578647	0.8233590015842248	([311, 79], [311, 259, 248])
1	0.821106863188944	0.8247295275435458	([302, 98], [302, 292, 98])
1	0.8245671252753448	0.8247913644340199	([367, 107], [367, 287, 107])
1	0.8032509157766711	0.8249689922159669	([405, 83], [404, 320, 245])
1	0.769295585835815	0.8256570168161252	([388, 84], [388, 200, 84])
1	0.7976070772416642	0.8261101143344025	([408, 14], [408, 189, 14])
1	0.8131762964212331	0.8271863156489547	([241, 30], [241, 239, 30])
1	0.822471561679398	0.8273790136503772	([371, 176], [371, 257, 251])
1	0.8227878332053509	0.8276880049123403	([401, 6], [401, 215, 12])
1	0.8020371482963141	0.8277925098154569	([254, 20], [254, 151, 136])
1	0.6064304063377571	0.8286704837539579	([232, 178], [232, 218, 178])
1	0.7970768842309545	0.8287474437949578	([415, 111], [415, 348, 313])
1	0.824373758222043	0.828979192705792	([407, 34], [407, 194, 19])
1	0.8169003574937358	0.8292470885226989	([260, 171], [260, 249, 186])
1	0.8214223463237644	0.8298307172558683	([284, 172], [284, 172, 77])
1	0.8070794825787712	0.8299578295886478	([372, 36], [399, 372, 36])
1	0.829758515965218	0.8299578295886478	([384, 36], [399, 384, 36])
1	0.8233494603846572	0.8305702254788657	([256, 58], [256, 111, 74])
1	0.8093526187500986	0.8314648102430393	([380, 10], [380, 216, 166])
1	0.7906069156975016	0.8316245945991642	([325, 106], [325, 238, 159])
1	0.8137607235688499	0.8325750220966771	([357, 110], [357, 266, 259])
1	0.8261616716580689	0.8327482165711959	([317, 18], [317, 189, 50])
1	0.8188117205126225	0.8339285627617413	([318, 27], [318, 223, 27])
1	0.7202284569429219	0.834821019076297	([377, 102], [409, 198, 102])
1	0.7767131794412057	0.8354555515618776	([371, 0], [412, 371, 0])
1	0.8093652068398791	0.8355551612334597	([285, 141], [285, 254, 141])
1	0.606460404920138	0.8366682817549819	([232, 0], [232, 225, 0])
1	0.6106023040049667	0.8397597368627095	([232, 80], [232, 230, 80])
1	0.8253007545237288	0.8398909341876878	([283, 106], [283, 230, 227])
1	0.8374165962343612	0.8399659008193263	([314, 3], [314, 277, 3])
1	0.8243799527761198	0.8403208382824837	([278, 168], [278, 168, 158])
1	0.8351365778948185	0.8407100531964626	([280, 155], [280, 256, 167])
1	0.8372571970661007	0.8414914133431393	([341, 16], [341, 251, 161])
1	0.8301101529243008	0.8418253954008651	([359, 204], [370, 359, 204])
1	0.8401785944308494	0.8422236197635659	([333, 141], [333, 254, 215])
1	0.8429193995038621	0.8431203042691211	([340, 2], [340, 324, 2])
1	0.8163682601196921	0.844146150630329	([402, 17], [402, 139, 17])
1	0.8256385332109757	0.8463990422831383	([297, 32], [297, 204, 25])
1	0.8454716832030267	0.846413886723799	([327, 66], [327, 215, 101])
1	0.8284963146297865	0.8464854280951095	([363, 182], [384, 363, 182])
1	0.8262785232948916	0.8510511268550383	([264, 55], [264, 205, 47])
1	0.6099804576964005	0.8520552784692974	([232, 36], [232, 227, 36])
1	0.6605310822004224	0.8521228464335303	([328, 92], [328, 157, 77])
1	0.8502226604005151	0.8551801620148568	([271, 75], [271, 267, 75])
1	0.8481475919042619	0.8553035753103068	([280, 65], [280, 251, 167])
1	0.8313923306102242	0.8563465022102952	([396, 16], [396, 160, 4])
1	0.851331270312079	0.8567975970744006	([261, 61], [276, 261, 61])
1	0.6818307897992667	0.8624494062992442	([416, 10], [416, 413, 10])
1	0.8537465422187095	0.8703378242695412	([358, 69], [358, 284, 96])
1	0.8555752805141987	0.8726371246397426	([363, 72], [363, 274, 250])
1	0.8495519492333735	0.8752235042124543	([356, 51], [356, 327, 51])
0	0.0	0.882728479030576	([78], [124, 113])
1	0.6728427170734004	0.884991900834704	([416, 53], [416, 331, 53])
0	0.0	0.8865728842803645	([127], [135, 132])
0	0.0	0.8872231800856573	([0], [134, 129])
0	0.0	0.8932371396688281	([119], [137, 132])
1	0.5443434521725935	0.9016912911071823	([136, 106], [327, 118, 66])
1	0.47767363830131715	0.9193513926964572	([344, 130], [344, 162, 130])
0	0.0	0.9262365993521311	([129], [79, 78])
0	0.0	0.9461481572647927	([109], [109, 108])
0	0.0	0.9465338656212693	([113], [134, 133])
0	0.0	0.9535083460074084	([116], [189, 188])
1	0.9998172262258291	0.9999325279854296	([113, 111], [113, 108, 107])
0	0.0	1.0	([112], [112, 0])
0	0.0	1.0	([117], [117, 0])
0	0.0	1.0	([120], [120, 0])
0	0.0	1.0	([121], [121, 0])
0	0.0	1.0	([123], [123, 0])
0	0.0	1.0	([128], [128, 0])
0	0.0	1.0	([131], [131, 0])
0	0.0	inf	([188], [])
