0	0.0	0.033453560722586144	([37], [37, 14])
0	0.0	0.03942186698040118	([20], [20, 17])
0	0.0	0.21087786738793324	([36], [36, 35])
0	0.0	0.2123874134625984	([305], [305, 304])
0	0.0	0.21540694761652848	([399], [399, 398])
0	0.0	0.2183929654004468	([387], [387, 386])
0	0.0	0.21961696985398035	([219], [219, 218])
0	0.0	0.22212041110433606	([265], [265, 264])
0	0.0	0.22217661452052856	([301], [301, 300])
0	0.0	0.22253466554552265	([379], [379, 378])
0	0.0	0.22285634252010927	([433], [433, 432])
0	0.0	0.22357866438069157	([297], [297, 296])
0	0.0	0.22416037915286277	([434], [434, 433])
0	0.0	0.2246937639435602	([228], [228, 227])
0	0.0	0.2254754212738434	([427], [427, 426])
0	0.0	0.225878058111983	([292], [292, 291])
0	0.0	0.2262099579050775	([419], [419, 418])
0	0.0	0.2275556946917829	([364], [364, 363])
0	0.0	0.22786585115632826	([447], [447, 446])
0	0.0	0.22800174982357402	([431], [431, 430])
0	0.0	0.22853993761820718	([263], [263, 262])
0	0.0	0.22987059514231192	([385], [385, 384])
0	0.0	0.23011533694765013	([423], [423, 422])
0	0.0	0.23151102852384525	([439], [439, 438])
0	0.0	0.2315284894862261	([214], [214, 213])
0	0.0	0.23196474838481626	([193], [193, 192])
0	0.0	0.23234655253624273	([107], [107, 106])
0	0.0	0.2325981015119479	([205], [205, 204])
0	0.0	0.23264107359893585	([375], [375, 374])
0	0.0	0.23280472966073373	([209], [209, 208])
0	0.0	0.23286088222489762	([287], [287, 286])
0	0.0	0.23379983427953138	([39], [39, 38])
0	0.0	0.2338851419154909	([284], [284, 283])
0	0.0	0.23405147228280557	([172], [172, 171])
0	0.0	0.23455303784757622	([281], [281, 280])
0	0.0	0.23516855896918826	([401], [401, 400])
0	0.0	0.2356181811921897	([43], [43, 42])
0	0.0	0.235652690198437	([396], [396, 395])
0	0.0	0.23578287273429874	([104], [104, 103])
0	0.0	0.2360760452689806	([442], [442, 441])
0	0.0	0.2367757221169509	([402], [402, 401])
0	0.0	0.23737630071571525	([271], [271, 270])
0	0.0	0.23791532836902873	([283], [283, 282])
0	0.0	0.23798072970745973	([391], [391, 390])
0	0.0	0.2383315548231248	([270], [270, 269])
0	0.0	0.2393197730419094	([277], [277, 276])
0	0.0	0.23950938544413203	([178], [178, 177])
0	0.0	0.23967666159801024	([425], [425, 424])
0	0.0	0.2400062719495472	([418], [418, 417])
0	0.0	0.24003492832747048	([243], [243, 242])
0	0.0	0.24037752036831467	([62], [62, 61])
0	0.0	0.24039359374869396	([373], [373, 372])
0	0.0	0.24039917415644055	([241], [241, 240])
0	0.0	0.24041845590831454	([101], [101, 100])
0	0.0	0.24054881909898065	([289], [289, 288])
0	0.0	0.24084010121079572	([445], [445, 444])
0	0.0	0.2408827203753082	([296], [296, 295])
0	0.0	0.2411302940043467	([329], [329, 328])
0	0.0	0.24121392568050717	([230], [230, 229])
0	0.0	0.24148223321559759	([90], [90, 89])
0	0.0	0.24204805190109624	([295], [295, 294])
0	0.0	0.24210270427588534	([35], [35, 34])
0	0.0	0.24215152539898815	([441], [441, 440])
0	0.0	0.24221523487960742	([272], [272, 271])
0	0.0	0.2423099274415317	([446], [446, 445])
0	0.0	0.24268545718353454	([356], [356, 355])
0	0.0	0.24281392737129354	([88], [88, 87])
0	0.0	0.2429169483785682	([389], [389, 388])
0	0.0	0.24383751266897238	([182], [182, 181])
0	0.0	0.2438993761297729	([76], [76, 75])
0	0.0	0.24390859399753015	([255], [255, 254])
0	0.0	0.24408951244638005	([368], [368, 367])
0	0.0	0.24455172028342567	([154], [154, 153])
0	0.0	0.24470663674635743	([436], [436, 435])
0	0.0	0.24477426580565104	([112], [112, 111])
0	0.0	0.24561677389497266	([316], [316, 315])
0	0.0	0.24563845217701372	([382], [382, 381])
0	0.0	0.24568270633877737	([116], [116, 115])
0	0.0	0.24573744339894454	([260], [260, 259])
0	0.0	0.2458889910180918	([98], [98, 97])
0	0.0	0.24594559239179203	([200], [200, 199])
0	0.0	0.24643826792111606	([449], [449, 448])
0	0.0	0.24658771488359044	([267], [267, 266])
0	0.0	0.24691746708281304	([167], [167, 166])
0	0.0	0.24695830136290195	([105], [105, 104])
0	0.0	0.2469756364688819	([361], [361, 360])
0	0.0	0.24698480860794803	([248], [248, 247])
0	0.0	0.24699631578311163	([69], [69, 68])
0	0.0	0.24704120336256294	([405], [405, 404])
0	0.0	0.24719785995789553	([432], [432, 431])
0	0.0	0.24753524101219843	([290], [290, 289])
0	0.0	0.24757873874696074	([201], [201, 200])
0	0.0	0.24761105260298363	([407], [407, 406])
0	0.0	0.24764220887802285	([437], [437, 436])
0	0.0	0.2476987878459269	([66], [66, 65])
0	0.0	0.2477575839578184	([327], [327, 326])
0	0.0	0.24843205715141456	([148], [148, 147])
0	0.0	0.24868777762752226	([414], [414, 413])
0	0.0	0.24882007082786897	([251], [251, 250])
0	0.0	0.24923604515757614	([204], [204, 203])
0	0.0	0.2494108878472932	([438], [438, 437])
0	0.0	0.24941116974261499	([420], [420, 419])
0	0.0	0.24944551786214927	([188], [188, 187])
0	0.0	0.24947925764779047	([294], [294, 293])
0	0.0	0.24983724391879805	([100], [100, 99])
0	0.0	0.2498403153432678	([119], [119, 118])
0	0.0	0.2499311441028626	([367], [367, 366])
0	0.0	0.2502676767998392	([80], [80, 79])
0	0.0	0.2507992240733649	([190], [190, 189])
0	0.0	0.2510328620903353	([409], [409, 408])
0	0.0	0.2512314821600757	([430], [430, 429])
0	0.0	0.2513035061870376	([395], [395, 394])
0	0.0	0.2514351606978195	([149], [149, 148])
0	0.0	0.251526477282904	([222], [222, 221])
0	0.0	0.2515927566328344	([216], [216, 215])
0	0.0	0.2516509039480606	([412], [412, 411])
0	0.0	0.25167452905579235	([50], [50, 49])
0	0.0	0.25173057694963186	([165], [165, 164])
0	0.0	0.25182626907561184	([254], [254, 253])
0	0.0	0.2518467098084677	([258], [258, 257])
0	0.0	0.2519348872105959	([331], [331, 330])
0	0.0	0.25196615139410034	([244], [244, 243])
0	0.0	0.2520126548422153	([429], [429, 428])
0	0.0	0.2520964341533897	([278], [278, 277])
0	0.0	0.25231470215246216	([151], [151, 150])
0	0.0	0.2523336269742809	([181], [181, 180])
0	0.0	0.2524970996565374	([198], [198, 197])
0	0.0	0.2526838962426585	([96], [96, 95])
0	0.0	0.25284291920766483	([317], [317, 316])
0	0.0	0.25286208541772603	([208], [208, 207])
0	0.0	0.25293945563792014	([286], [286, 285])
0	0.0	0.2531650894769604	([127], [127, 126])
0	0.0	0.2535457295925036	([232], [232, 231])
0	0.0	0.2535644669750218	([256], [256, 255])
0	0.0	0.253648074616399	([233], [233, 232])
0	0.0	0.2536851369479788	([444], [444, 443])
0	0.0	0.25373437864196524	([142], [142, 141])
0	0.0	0.25420180110844476	([266], [266, 265])
0	0.0	0.25473924855781127	([312], [312, 311])
0	0.0	0.25474697396275664	([392], [392, 391])
0	0.0	0.25507476383866906	([426], [426, 425])
0	0.0	0.2553079145448833	([157], [157, 156])
0	0.0	0.25565780243639746	([372], [372, 371])
0	0.0	0.2556621583132323	([169], [169, 168])
0	0.0	0.25571998297648585	([82], [82, 81])
0	0.0	0.25584281208442616	([334], [334, 333])
0	0.0	0.2559696866615219	([291], [291, 290])
0	0.0	0.25627567492155684	([424], [424, 423])
0	0.0	0.25631388199636707	([94], [94, 93])
0	0.0	0.25633222450461396	([186], [186, 185])
0	0.0	0.2563377936141133	([240], [240, 239])
0	0.0	0.25667439657342694	([57], [57, 56])
0	0.0	0.256998177643009	([322], [322, 321])
0	0.0	0.2570025616641496	([195], [195, 194])
0	0.0	0.25738320220900496	([261], [261, 260])
0	0.0	0.25778918835731746	([173], [173, 172])
0	0.0	0.2578160103001716	([381], [381, 380])
0	0.0	0.25789116874736495	([303], [303, 302])
0	0.0	0.2579179347452444	([383], [383, 382])
0	0.0	0.2584581799727475	([185], [185, 184])
0	0.0	0.2587851152525713	([307], [307, 306])
0	0.0	0.2589176986847899	([220], [220, 219])
0	0.0	0.259375360300277	([210], [210, 209])
0	0.0	0.2593917081833777	([30], [30, 29])
0	0.0	0.2594247325572417	([394], [394, 393])
0	0.0	0.2594531698495956	([443], [443, 442])
0	0.0	0.25948618097530685	([321], [321, 320])
0	0.0	0.25974230544471577	([156], [156, 155])
0	0.0	0.25979379767079397	([422], [422, 421])
0	0.0	0.26001090738271976	([352], [352, 351])
0	0.0	0.2601640362988322	([293], [293, 292])
0	0.0	0.2602156556340903	([123], [123, 122])
0	0.0	0.2605345287058974	([262], [262, 261])
0	0.0	0.26099806682274834	([274], [274, 273])
0	0.0	0.261102260097261	([183], [183, 182])
0	0.0	0.2615278134892498	([174], [174, 173])
0	0.0	0.2615491020002071	([408], [408, 407])
0	0.0	0.2615621012271429	([67], [67, 66])
0	0.0	0.26166168195076034	([109], [109, 108])
0	0.0	0.2617783299302242	([325], [325, 324])
0	0.0	0.26180230471574184	([177], [177, 176])
0	0.0	0.26211135651436224	([353], [353, 352])
0	0.0	0.2624800064662055	([453], [453, 452])
0	0.0	0.2624943752617222	([357], [357, 356])
0	0.0	0.26269057162189396	([132], [132, 131])
0	0.0	0.2631008833620456	([268], [268, 267])
0	0.0	0.2631520690240868	([454], [454, 453])
0	0.0	0.26320021999585635	([308], [308, 307])
0	0.0	0.26332987685359044	([86], [86, 85])
0	0.0	0.26371782517927556	([236], [236, 235])
0	0.0	0.2637558199950591	([404], [404, 403])
0	0.0	0.2641627517581923	([323], [323, 322])
0	0.0	0.2642007274494477	([341], [341, 340])
0	0.0	0.26422978834277994	([359], [359, 358])
0	0.0	0.2642355630138517	([189], [189, 188])
0	0.0	0.26454042803889816	([103], [103, 102])
0	0.0	0.2645829459700378	([152], [152, 151])
0	0.0	0.26463750729105395	([337], [337, 336])
0	0.0	0.2647390656887762	([302], [302, 301])
0	0.0	0.26483918293423364	([102], [102, 101])
0	0.0	0.2649815085450775	([78], [78, 77])
0	0.0	0.26503771051002656	([279], [279, 278])
0	0.0	0.26507262522313163	([53], [53, 52])
0	0.0	0.26511297228757846	([280], [280, 279])
0	0.0	0.26568342404783574	([74], [74, 73])
0	0.0	0.266086884646881	([371], [371, 370])
0	0.0	0.26610096244689907	([196], [196, 195])
0	0.0	0.26619749433256135	([211], [211, 210])
0	0.0	0.2663619796434978	([311], [311, 310])
0	0.0	0.26678985057009397	([175], [175, 174])
0	0.0	0.26683469032624385	([344], [344, 343])
0	0.0	0.2669265460065591	([226], [226, 225])
0	0.0	0.2669744939604649	([110], [110, 109])
0	0.0	0.26715349014130024	([362], [362, 361])
0	0.0	0.2671775430116217	([166], [166, 165])
0	0.0	0.2673017177601342	([75], [75, 74])
0	0.0	0.26733214171817327	([234], [234, 233])
0	0.0	0.26776815147992206	([351], [351, 350])
0	0.0	0.2680930748216831	([163], [163, 162])
0	0.0	0.2682234909915028	([377], [377, 376])
0	0.0	0.26844344920215324	([339], [339, 338])
0	0.0	0.2685900682554686	([306], [306, 305])
0	0.0	0.26860245322725634	([440], [440, 439])
0	0.0	0.2688476669204521	([250], [250, 249])
0	0.0	0.26898943219348764	([159], [159, 158])
0	0.0	0.2690455778205787	([213], [213, 212])
0	0.0	0.2690974141270635	([91], [91, 90])
0	0.0	0.26930240583655457	([56], [56, 55])
0	0.0	0.2693502446800277	([417], [417, 416])
0	0.0	0.2694948221345832	([320], [320, 319])
0	0.0	0.269546802727382	([354], [354, 353])
0	0.0	0.26967171943607754	([252], [252, 251])
0	0.0	0.2697260807105092	([403], [403, 402])
0	0.0	0.2701441160616214	([81], [81, 80])
0	0.0	0.2702624045432067	([318], [318, 317])
0	0.0	0.2703373964781883	([54], [54, 53])
0	0.0	0.27053324552654484	([242], [242, 241])
0	0.0	0.270548528039043	([413], [413, 412])
0	0.0	0.2705839255506162	([140], [140, 139])
0	0.0	0.2706553440604505	([164], [164, 163])
0	0.0	0.2709666939901892	([450], [450, 449])
0	0.0	0.27100897369754795	([129], [129, 128])
0	0.0	0.27132683701569543	([358], [358, 357])
0	0.0	0.2714129773046907	([332], [332, 331])
0	0.0	0.271484766418384	([125], [125, 124])
0	0.0	0.271536019682181	([79], [79, 78])
0	0.0	0.27154012967641317	([160], [160, 159])
0	0.0	0.27163734284649177	([410], [410, 409])
0	0.0	0.2716727996465921	([147], [147, 146])
0	0.0	0.2717544108295215	([97], [97, 96])
0	0.0	0.2722489908594847	([338], [338, 337])
0	0.0	0.2724910717759054	([319], [319, 318])
0	0.0	0.2724968239917346	([87], [87, 86])
0	0.0	0.2725266786481551	([378], [378, 377])
0	0.0	0.2725531113043499	([70], [70, 69])
0	0.0	0.27281788535860246	([336], [336, 335])
0	0.0	0.2728203802260764	([276], [276, 275])
0	0.0	0.2729459195023759	([415], [415, 414])
0	0.0	0.2729562313389603	([314], [314, 313])
0	0.0	0.27345919144268666	([133], [133, 132])
0	0.0	0.2735165294508233	([309], [309, 308])
0	0.0	0.2735220956364594	([421], [421, 420])
0	0.0	0.27363076015365473	([253], [253, 252])
0	0.0	0.27396520100114463	([313], [313, 312])
0	0.0	0.27409038675369657	([95], [95, 94])
0	0.0	0.2740966831703831	([393], [393, 392])
0	0.0	0.27467911769626235	([416], [416, 415])
0	0.0	0.2746913798193431	([138], [138, 137])
0	0.0	0.2748096353369801	([217], [217, 216])
0	0.0	0.27487912471332265	([363], [363, 362])
0	0.0	0.27503324449664746	([390], [390, 389])
0	0.0	0.2751897888212079	([71], [71, 70])
0	0.0	0.2753406168433323	([310], [310, 309])
0	0.0	0.27535047745726066	([288], [288, 287])
0	0.0	0.27541252697919044	([235], [235, 234])
0	0.0	0.2756309593998699	([249], [249, 248])
0	0.0	0.27572215069451095	([191], [191, 190])
0	0.0	0.2758446434360391	([124], [124, 123])
0	0.0	0.2763400591474634	([215], [215, 214])
0	0.0	0.2764678852777138	([52], [52, 51])
0	0.0	0.2764759277158939	([335], [335, 334])
0	0.0	0.2764794395074324	([360], [360, 359])
0	0.0	0.27652074817059924	([349], [349, 348])
0	0.0	0.27659586782609136	([227], [227, 226])
0	0.0	0.27679468429317344	([366], [366, 365])
0	0.0	0.2773594440969345	([176], [176, 175])
0	0.0	0.2774312833355579	([194], [194, 193])
0	0.0	0.27749051098793626	([247], [247, 246])
0	0.0	0.27752548828398743	([184], [184, 183])
0	0.0	0.2776973411156162	([146], [146, 145])
0	0.0	0.27770265625160956	([225], [225, 224])
0	0.0	0.2778736069845761	([285], [285, 284])
0	0.0	0.277893838030802	([376], [376, 375])
0	0.0	0.2782474552100494	([143], [143, 142])
0	0.0	0.2789119862573485	([324], [324, 323])
0	0.0	0.27893761670983247	([180], [180, 179])
0	0.0	0.27900196198095784	([370], [370, 369])
0	0.0	0.2790422892577799	([384], [384, 383])
0	0.0	0.27917256616295266	([60], [60, 59])
0	0.0	0.27944435845364535	([435], [435, 434])
0	0.0	0.27948920770932806	([275], [275, 274])
0	0.0	0.2797397527306797	([199], [199, 198])
0	0.0	0.2800079910593767	([245], [245, 244])
0	0.0	0.280066109229985	([273], [273, 272])
0	0.0	0.2801781268700259	([380], [380, 379])
0	0.0	0.28091022392905335	([130], [130, 129])
0	0.0	0.2814501632804444	([117], [117, 116])
0	0.0	0.2815107018011062	([246], [246, 245])
0	0.0	0.2819915285976178	([343], [343, 342])
0	0.0	0.2825371118578355	([61], [61, 60])
0	0.0	0.28273035643180516	([333], [333, 332])
0	0.0	0.2829146305963485	([304], [304, 303])
0	0.0	0.2829403741483711	([113], [113, 112])
0	0.0	0.28296938690243817	([134], [134, 133])
0	0.0	0.28314845539816474	([145], [145, 144])
0	0.0	0.2832506715603029	([139], [139, 138])
0	0.0	0.2835527822297571	([221], [221, 220])
0	0.0	0.2836579706569648	([212], [212, 211])
0	0.0	0.2841901068146855	([118], [118, 117])
0	0.0	0.284224700306228	([68], [68, 67])
0	0.0	0.28425405264214987	([406], [406, 405])
0	0.0	0.28462245298731464	([398], [398, 397])
0	0.0	0.28476387656126384	([428], [428, 427])
0	0.0	0.2848853064007583	([114], [114, 113])
0	0.0	0.2852944760117543	([345], [345, 344])
0	0.0	0.285632173202824	([44], [44, 43])
0	0.0	0.2859137216480189	([269], [269, 268])
0	0.0	0.2860061694635189	([153], [153, 152])
0	0.0	0.2862756051940009	([41], [41, 40])
0	0.0	0.28630554305447115	([218], [218, 217])
0	0.0	0.2872350813434529	([51], [51, 50])
0	0.0	0.2874899562559365	([238], [238, 237])
0	0.0	0.28771451641732726	([300], [300, 299])
0	0.0	0.287887596997729	([411], [411, 410])
0	0.0	0.288877918661752	([111], [111, 109])
0	0.0	0.2890187551468135	([202], [202, 201])
0	0.0	0.28950562478222563	([350], [350, 349])
0	0.0	0.29008720543464545	([342], [342, 341])
0	0.0	0.290344642250109	([58], [58, 57])
0	0.0	0.2904104772766775	([150], [150, 149])
0	0.0	0.29114478397777344	([346], [346, 345])
0	0.0	0.2916877349230473	([137], [137, 136])
0	0.0	0.291795410719366	([207], [207, 206])
0	0.0	0.29192346405246566	([374], [374, 373])
0	0.0	0.2921107285070433	([65], [65, 64])
0	0.0	0.29229200710640557	([282], [282, 281])
0	0.0	0.2926436109770801	([92], [92, 91])
0	0.0	0.2929716647329787	([397], [397, 396])
0	0.0	0.292977578715198	([59], [59, 58])
0	0.0	0.29358060721665297	([141], [141, 140])
0	0.0	0.2937983240713475	([192], [192, 191])
0	0.0	0.2938409745547987	([355], [355, 354])
0	0.0	0.29414881443309354	([197], [197, 196])
0	0.0	0.2946286429592608	([203], [203, 202])
0	0.0	0.2948307066675131	([179], [179, 178])
0	0.0	0.29509512948794414	([120], [120, 119])
0	0.0	0.2953315762307625	([369], [369, 368])
0	0.0	0.2955246985546832	([206], [206, 205])
0	0.0	0.2955533318125221	([161], [161, 160])
0	0.0	0.29583920926556295	([158], [158, 157])
0	0.0	0.2959632527850618	([452], [452, 450])
0	0.0	0.2961677140146187	([162], [162, 161])
0	0.0	0.29637511130693267	([237], [237, 236])
0	0.0	0.2963987868473029	([388], [388, 387])
0	0.0	0.2970362045324365	([229], [229, 228])
0	0.0	0.2981954226854274	([108], [108, 107])
0	0.0	0.2986722787986511	([64], [64, 63])
0	0.0	0.29949172700379034	([136], [136, 135])
0	0.0	0.29988709424799714	([99], [99, 98])
0	0.0	0.3014480786093829	([135], [135, 134])
0	0.0	0.3014923258435674	([84], [84, 83])
0	0.0	0.30247047982963027	([400], [400, 398])
0	0.0	0.302653704783551	([42], [42, 41])
0	0.0	0.3032747960582656	([187], [187, 186])
0	0.0	0.3033126134481165	([328], [328, 327])
0	0.0	0.30358207003519694	([72], [72, 71])
0	0.0	0.3036808089440098	([264], [264, 263])
0	0.0	0.30404169892862626	([340], [340, 339])
0	0.0	0.3052543708323259	([93], [93, 92])
0	0.0	0.3055697331583844	([239], [239, 238])
0	0.0	0.30596209981058564	([85], [85, 83])
0	0.0	0.3062137192532418	([259], [259, 258])
0	0.0	0.30694670046759953	([448], [448, 447])
0	0.0	0.30970726828614425	([330], [330, 329])
0	0.0	0.30992097521031964	([155], [155, 154])
0	0.0	0.31137955457297595	([326], [326, 325])
0	0.0	0.3113978302724966	([34], [34, 32])
0	0.0	0.31177871794206247	([131], [131, 130])
0	0.0	0.3118420273528521	([257], [257, 256])
0	0.0	0.31204440208390843	([126], [126, 125])
0	0.0	0.3127239559660184	([106], [106, 105])
0	0.0	0.31301236639466007	([347], [347, 346])
0	0.0	0.3133554441738824	([315], [315, 314])
0	0.0	0.3146134215957218	([77], [77, 76])
0	0.0	0.31585531754429175	([55], [55, 54])
1	0.3134629313440589	0.3169737567460533	([235, 231], [235, 234, 231])
0	0.0	0.31709670314100036	([40], [40, 39])
0	0.0	0.3181463415465495	([122], [122, 121])
0	0.0	0.32016903974472005	([348], [348, 347])
0	0.0	0.32058073139975163	([31], [31, 30])
0	0.0	0.32106366064708886	([386], [386, 385])
0	0.0	0.32125720939247904	([144], [144, 143])
0	0.0	0.32227529551982514	([121], [121, 120])
0	0.0	0.3234474154360478	([115], [115, 114])
0	0.0	0.3235041420197233	([451], [451, 450])
0	0.0	0.324041086328285	([32], [32, 30])
0	0.0	0.3247630884628969	([231], [231, 230])
0	0.0	0.3255831872754671	([27], [27, 26])
0	0.0	0.3260812820596623	([49], [49, 48])
0	0.0	0.3264392684832055	([28], [28, 27])
0	0.0	0.32654262652860516	([63], [63, 62])
1	0.2961110658361971	0.32721807970257444	([369, 365], [369, 368, 365])
0	0.0	0.32781766825125064	([170], [170, 169])
0	0.0	0.32931256466599584	([73], [73, 72])
0	0.0	0.3308460993787653	([89], [89, 88])
0	0.0	0.3339412048458847	([365], [365, 364])
0	0.0	0.33402852062464855	([48], [48, 47])
0	0.0	0.33499905864103946	([224], [224, 223])
0	0.0	0.3352342968273107	([128], [128, 127])
0	0.0	0.3356005017494596	([46], [46, 45])
0	0.0	0.3358127673836895	([83], [83, 82])
0	0.0	0.3362772897019958	([299], [299, 298])
0	0.0	0.3365805943668954	([168], [168, 167])
0	0.0	0.34245747268566124	([22], [22, 21])
0	0.0	0.34499918633795096	([24], [24, 22])
1	0.3456112494906763	0.3456178781441534	([236, 230], [236, 235, 230])
0	0.0	0.3513679394434849	([29], [29, 28])
0	0.0	0.3514398204643518	([21], [24, 23])
0	0.0	0.3550748005879594	([171], [171, 169])
0	0.0	0.355318711388159	([298], [298, 297])
0	0.0	0.3567921989617888	([45], [46, 44])
0	0.0	0.36093203923022804	([26], [27, 25])
0	0.0	0.3692748722626234	([25], [34, 33])
0	0.0	0.3712281640307758	([223], [223, 222])
0	0.0	0.3762128781443705	([33], [25, 24])
0	0.0	0.37623834729024425	([15], [15, 13])
0	0.0	0.39405644260812284	([23], [21, 18])
0	0.0	0.40098546102996574	([47], [47, 46])
0	0.0	0.40804237597894516	([19], [19, 18])
0	0.0	0.4255849546137202	([18], [18, 12])
0	0.0	0.43503995342037244	([38], [38, 36])
0	0.0	0.47446541722423236	([12], [19, 11])
0	0.0	0.4841433721215202	([11], [22, 16])
0	0.0	0.5203940801478679	([16], [28, 15])
0	0.0	0.5319240392981942	([13], [18, 0])
1	0.5533068197136496	0.5784216601059321	([38, 30], [38, 35, 30])
1	0.575987920027802	0.5891477782182684	([41, 22], [36, 29, 26])
1	0.5968454466117904	0.5974160099990342	([230, 216], [230, 223, 220])
1	0.6067849390818544	0.613537379434933	([40, 21], [40, 38, 13])
1	0.5959129620119058	0.6219524443516496	([38, 13], [40, 34, 24])
1	0.6207513456256879	0.6330669364400103	([448, 434], [448, 441, 434])
1	0.6233480830085658	0.6336978355586546	([168, 145], [168, 156, 145])
1	0.6265359667780005	0.6397335449324195	([145, 110], [145, 127, 116])
1	0.5855669972374742	0.6423462618808097	([33, 16], [33, 25, 22])
1	0.6291739605721539	0.6494463800095025	([47, 12], [47, 41, 12])
1	0.6544567035258602	0.6551636918110192	([44, 28], [44, 38, 28])
1	0.5327893290098946	0.6605953098827669	([33, 11], [33, 23, 16])
1	0.6604462897948715	0.6611183136556793	([368, 327], [368, 348, 327])
1	0.6586446184053991	0.6631775650482441	([254, 233], [252, 248, 233])
1	0.6073385577254904	0.6639631732435464	([367, 326], [367, 347, 326])
1	0.6582633443460183	0.6648984316853639	([251, 234], [251, 248, 233])
1	0.6416584637968676	0.6677387728579668	([72, 12], [72, 50, 41])
1	0.6475701995810007	0.675182963459706	([253, 232], [253, 248, 232])
1	0.6547179238627678	0.6767271601478857	([84, 44], [84, 69, 65])
1	0.6490591126685785	0.6767669253187305	([84, 12], [84, 72, 65])
1	0.6439693830717739	0.6777469786361848	([100, 63], [100, 84, 69])
1	0.6632013823392451	0.6807164551131542	([54, 18], [54, 47, 18])
1	0.6769324677191791	0.6811001599707026	([425, 391], [425, 414, 401])
1	0.6805424250093361	0.6856343651669912	([398, 366], [398, 381, 366])
1	0.6611483041443394	0.6870434168754842	([453, 424], [453, 443, 430])
1	0.6849733090445893	0.6874817269182264	([360, 311], [360, 331, 327])
1	0.6780092988842643	0.6901488911785907	([428, 394], [428, 417, 401])
1	0.607963296952759	0.6947547753630655	([45, 16], [45, 29, 22])
1	0.6481552404654978	0.6952238389073926	([427, 390], [427, 422, 390])
1	0.6950288236765851	0.6953845299816426	([189, 166], [189, 180, 166])
1	0.6879241585912993	0.6961795245236848	([371, 307], [371, 366, 307])
1	0.6920802191387678	0.6971549537258922	([304, 243], [304, 271, 265])
1	0.6901731398286544	0.697332723740712	([63, 32], [63, 45, 32])
1	0.6821639761921875	0.7004062029143487	([373, 304], [373, 372, 304])
1	0.7005448301420888	0.7008005566928099	([286, 243], [286, 273, 262])
1	0.7001773736745801	0.7012609677366848	([418, 367], [418, 399, 367])
1	0.6997535862190307	0.7016483465692138	([105, 44], [105, 64, 44])
1	0.6997215942655112	0.7018189520763117	([375, 301], [367, 326, 303])
1	0.6814524890629379	0.7024252046999757	([385, 302], [385, 367, 303])
1	0.6781818816189377	0.7031045627465419	([303, 268], [303, 292, 268])
1	0.6830221847183501	0.703121042143216	([383, 293], [383, 375, 301])
1	0.5271111853357525	0.706588358878753	([18, 13], [28, 18, 13])
1	0.6765858359607374	0.7068115676368261	([64, 13], [64, 59, 13])
1	0.7037913905654165	0.7072984036096159	([196, 110], [196, 172, 110])
1	0.6971172351293891	0.7089394438888372	([296, 242], [296, 270, 266])
1	0.6791289094178466	0.7090469744276199	([371, 296], [371, 307, 306])
1	0.6764621027512365	0.7093323287103575	([421, 375], [421, 394, 383])
1	0.7094905334392109	0.7099322334529462	([239, 173], [239, 195, 173])
1	0.6726738459621654	0.7135491263739551	([307, 258], [307, 303, 258])
1	0.7031252067348597	0.714064100405848	([441, 382], [441, 423, 393])
1	0.7047559398331857	0.714334980403693	([375, 286], [375, 308, 286])
1	0.6905965932110136	0.7144167920560296	([101, 39], [101, 68, 62])
1	0.7019891071715424	0.7144167920560296	([112, 62], [112, 101, 62])
1	0.70954852320327	0.7153929598343882	([311, 274], [311, 301, 299])
1	0.4976227010742419	0.7154263674359166	([45, 11], [46, 33, 18])
1	0.6839316374670485	0.7156486082041473	([446, 383], [446, 436, 383])
1	0.7004385232970105	0.7164861674568204	([115, 41], [115, 101, 41])
1	0.7094554192053406	0.7168901037924085	([227, 184], [227, 210, 184])
1	0.7164414969678455	0.7187113112460658	([287, 239], [308, 287, 286])
1	0.7124421666438007	0.7188085922095034	([168, 96], [168, 160, 98])
1	0.6671270459425832	0.719033724502643	([306, 257], [306, 304, 243])
1	0.6947561257732351	0.7195052531825188	([378, 299], [378, 372, 297])
1	0.7173940741531932	0.7198034654141116	([385, 283], [385, 302, 289])
1	0.7181110217477543	0.7201285937722323	([422, 305], [422, 421, 305])
1	0.7139603738840595	0.7201316981662507	([93, 40], [93, 71, 47])
1	0.7157884596362651	0.7211649442504399	([186, 138], [186, 178, 138])
1	0.712903803249645	0.7218600572148307	([276, 237], [276, 261, 237])
1	0.7201996338903911	0.7218978959100318	([161, 122], [161, 145, 138])
1	0.7161463204236449	0.722095270632576	([417, 365], [417, 380, 374])
1	0.6670414630920192	0.722255109995591	([448, 416], [448, 433, 416])
1	0.7150043970523873	0.7224793517049155	([437, 381], [437, 427, 381])
1	0.7170322433164092	0.7241586458187881	([318, 232], [322, 318, 254])
1	0.690047305802254	0.7266979896868893	([450, 395], [450, 424, 378])
1	0.721253815612808	0.726987984391318	([447, 376], [447, 439, 376])
1	0.7006995850115305	0.7285976964486008	([237, 174], [237, 211, 196])
1	0.711008646178413	0.7290781405027328	([92, 32], [92, 73, 32])
1	0.71547597639119	0.7295514210414876	([308, 239], [283, 264, 262])
1	0.7257897265302808	0.7308098926920216	([132, 80], [132, 103, 80])
1	0.7115077410847362	0.7308807516749217	([433, 294], [433, 422, 294])
1	0.7289639701705837	0.7309609168087321	([169, 76], [169, 110, 96])
1	0.7117089339182703	0.7309793741728317	([216, 127], [216, 177, 127])
1	0.719555488800069	0.7312140223735386	([316, 252], [318, 316, 254])
1	0.7302463776806447	0.7315407224696094	([74, 25], [74, 52, 41])
1	0.7145971762340878	0.7349569190514726	([408, 326], [408, 396, 326])
1	0.7155800785046049	0.73497516673975	([126, 73], [126, 103, 87])
1	0.726384767654956	0.7354232504950211	([110, 34], [110, 93, 40])
1	0.7213475998802571	0.7355453622831559	([309, 237], [326, 309, 237])
1	0.7263829685706685	0.7356426172730864	([419, 306], [419, 377, 292])
1	0.7162714000663248	0.7356692851436514	([322, 254], [332, 318, 232])
1	0.7167089565847323	0.7359277147003205	([326, 224], [326, 259, 227])
1	0.7318193884075056	0.7363325871438697	([377, 282], [377, 292, 282])
1	0.7306600220772522	0.7368512102606004	([320, 253], [320, 316, 254])
1	0.7234284430862548	0.7376745124729709	([280, 247], [280, 267, 265])
1	0.7285307257030215	0.7378518670333837	([390, 266], [390, 377, 292])
1	0.7378198848078318	0.7380012003948841	([320, 216], [320, 254, 216])
1	0.731220550471753	0.7381263015379418	([301, 224], [301, 266, 224])
1	0.7278768780071478	0.7382630473237534	([181, 124], [181, 161, 135])
1	0.7348235864641094	0.7393661131558342	([250, 147], [250, 216, 147])
1	0.7275949858491609	0.7395272574636913	([90, 27], [90, 75, 27])
1	0.7336762714812208	0.7395416360161685	([213, 147], [216, 147, 127])
1	0.7312919080688072	0.7404235766543531	([259, 110], [260, 204, 197])
1	0.7093531472006979	0.7404235766543531	([260, 197], [260, 223, 204])
1	0.7352267377758789	0.7405897708639381	([123, 60], [123, 105, 60])
1	0.72977726166326	0.7406417813216564	([314, 256], [314, 313, 256])
1	0.6910729665373498	0.7413043391835449	([319, 234], [317, 257, 221])
1	0.7284457219172946	0.74132359941366	([145, 52], [145, 110, 52])
1	0.7128040807312096	0.7416193149965613	([326, 259], [326, 307, 244])
1	0.7252490034390289	0.7418610632978471	([264, 169], [276, 264, 169])
1	0.7252306115867971	0.7422364095475442	([313, 245], [317, 313, 249])
1	0.7351847595185727	0.7422364095475442	([330, 249], [330, 317, 249])
1	0.7423348980572569	0.7427157778770973	([253, 191], [253, 216, 212])
1	0.7124227956811572	0.7428374233699145	([332, 251], [318, 317, 234])
1	0.7384417596401674	0.7442875738842432	([432, 287], [432, 422, 294])
1	0.7031445273896592	0.7451436690369253	([254, 149], [254, 234, 148])
1	0.7257400369829109	0.7456607423630045	([270, 201], [270, 265, 194])
1	0.7447604464692108	0.7461032058212242	([248, 189], [248, 226, 214])
1	0.7128964315438386	0.746366761799685	([304, 194], [270, 268, 200])
1	0.7421484419417306	0.7467151160147021	([194, 92], [194, 174, 92])
1	0.7359632621909692	0.7468006601366076	([254, 190], [254, 245, 190])
1	0.6752043355560375	0.7470646331626648	([92, 0], [74, 22, 21])
1	0.7274056446831411	0.7473746341054921	([395, 271], [395, 380, 271])
1	0.7376714870466073	0.747653832834643	([231, 164], [231, 188, 187])
1	0.736076401931799	0.7477434434448453	([412, 329], [403, 371, 368])
1	0.7434599817767203	0.748586308076505	([342, 245], [368, 342, 261])
1	0.7453337529355616	0.7486014875511298	([289, 195], [289, 256, 178])
1	0.7441713829772215	0.7488507785090213	([129, 58], [129, 111, 58])
1	0.7485423433569837	0.7489279204861088	([352, 253], [352, 332, 253])
1	0.7365328934610642	0.749041969913423	([384, 290], [384, 369, 290])
1	0.7318469676367193	0.7493109795809786	([277, 196], [307, 239, 227])
1	0.7332375716792898	0.7495521871414891	([430, 266], [430, 383, 379])
1	0.7426110328340968	0.74969038048341	([303, 204], [303, 242, 238])
1	0.7390278686760176	0.7500937795422177	([185, 72], [185, 174, 72])
1	0.7246810378993845	0.7506912441278161	([243, 175], [243, 203, 196])
1	0.7349481867021413	0.751531696384989	([288, 223], [288, 244, 223])
1	0.7408243509974501	0.7524690714957201	([434, 301], [434, 432, 291])
1	0.7306600833523652	0.7525262057772845	([311, 225], [311, 305, 225])
1	0.74868137319917	0.7525830560875858	([325, 208], [325, 235, 234])
1	0.7525579461575007	0.7532484553198442	([401, 264], [401, 355, 326])
1	0.7352322330576333	0.753594668633816	([188, 108], [188, 142, 108])
1	0.7250014242474951	0.7536925165847475	([299, 211], [306, 299, 211])
1	0.7456598280802371	0.7538034220048876	([355, 246], [355, 308, 246])
1	0.7503777520098182	0.7540686052523806	([280, 214], [280, 259, 110])
1	0.736843379884711	0.7542215855687748	([323, 217], [323, 254, 217])
1	0.7399274863028129	0.7542908596571964	([448, 365], [448, 416, 393])
1	0.7305765902658689	0.7544569606798407	([436, 273], [436, 377, 285])
1	0.7480286412475304	0.7546161124243224	([238, 93], [238, 196, 93])
1	0.7501164602491378	0.7552374679233771	([258, 174], [258, 243, 174])
1	0.7361148082092044	0.756129253732041	([224, 123], [224, 193, 115])
1	0.755783206053038	0.7569907269046292	([437, 269], [437, 418, 290])
1	0.7547513432338603	0.7571818237041308	([454, 332], [454, 368, 356])
1	0.7372213402254054	0.7572101841252784	([197, 111], [197, 154, 96])
1	0.728048294626607	0.7573318078502995	([217, 157], [237, 217, 144])
1	0.737099726534762	0.757740649514441	([346, 248], [358, 342, 245])
1	0.7501115305968942	0.7577611231664755	([301, 110], [301, 280, 266])
1	0.7505768091470678	0.757849045883789	([411, 311], [417, 411, 311])
1	0.7578913370968949	0.7582292378402627	([289, 18], [424, 281, 18])
1	0.7405573371827069	0.7582827400843759	([194, 25], [194, 96, 89])
1	0.7431980744151703	0.7586903849605654	([382, 267], [382, 291, 288])
1	0.7572467446409438	0.7587307924066488	([410, 348], [410, 374, 365])
1	0.7439551339494611	0.7587905690895793	([189, 61], [161, 100, 64])
1	0.7468627500180081	0.7588085700286259	([208, 131], [208, 159, 153])
1	0.7536573087169169	0.7589406595371593	([298, 226], [298, 296, 226])
1	0.7365131513946557	0.7589998909203723	([154, 57], [154, 108, 96])
1	0.7534412286434269	0.7592583323429863	([290, 186], [290, 246, 195])
1	0.7469604249067011	0.759282148120646	([210, 95], [210, 195, 95])
1	0.7448106839188398	0.7595903865398915	([113, 28], [113, 87, 28])
1	0.7472929742760902	0.7597724103619755	([218, 135], [230, 218, 140])
1	0.743039187563417	0.7601383108664778	([125, 29], [125, 81, 29])
1	0.737536707064684	0.7602917654639877	([256, 146], [256, 250, 146])
1	0.742369881350715	0.7603286470488673	([424, 281], [306, 277, 18])
1	0.7568979340518677	0.7603415382655755	([420, 263], [420, 305, 304])
1	0.7595802955065971	0.7607648653180846	([285, 171], [285, 193, 171])
1	0.7475086291671718	0.7607648653180846	([285, 115], [285, 262, 193])
1	0.7496837240271553	0.7607777756471722	([413, 271], [413, 396, 271])
1	0.7440033500370313	0.7608280672494373	([230, 140], [218, 188, 187])
1	0.7507115512892467	0.7608811819219412	([312, 230], [332, 312, 230])
1	0.751149379241968	0.7609899678634683	([284, 199], [284, 281, 199])
1	0.7426574577157138	0.7613187493715837	([369, 13], [327, 239, 233])
1	0.7598955522538244	0.7613249592080447	([404, 256], [404, 317, 308])
1	0.7529517694980915	0.7618345447435149	([158, 65], [164, 158, 65])
1	0.7461638589385161	0.7618509905466414	([357, 279], [357, 326, 279])
1	0.7442843270888924	0.7623522355953146	([415, 360], [415, 408, 360])
1	0.7595820003965653	0.762900744958732	([163, 79], [214, 163, 146])
1	0.7599339377958906	0.7629941261325197	([337, 218], [337, 311, 310])
1	0.6521641436768577	0.7630741540869835	([114, 12], [114, 84, 44])
1	0.7528744719502865	0.7634232210127624	([299, 174], [299, 297, 174])
1	0.752657534936559	0.7635522663312617	([248, 133], [248, 189, 160])
1	0.7544754472419423	0.7637271198790566	([202, 103], [202, 190, 103])
1	0.7546082266952324	0.7640229353982994	([348, 231], [348, 322, 231])
1	0.7508123391258521	0.7642565357573755	([149, 55], [150, 149, 55])
1	0.7639807655551473	0.7643344010929013	([205, 117], [205, 192, 117])
1	0.7618155194847802	0.7649826639078453	([220, 142], [220, 186, 185])
1	0.7642465353652674	0.765015608271058	([161, 28], [161, 87, 64])
1	0.7459175305325584	0.7652089521518938	([178, 56], [178, 125, 99])
1	0.7417724062821789	0.7657670158719015	([222, 132], [230, 222, 132])
1	0.7381996788188216	0.7662072843025055	([397, 260], [397, 298, 260])
1	0.76638682713999	0.7663969574167266	([162, 18], [174, 162, 18])
1	0.7562828397999357	0.7665322362239803	([298, 202], [298, 259, 245])
1	0.7305406941965419	0.7666456866495953	([138, 50], [138, 105, 74])
1	0.7562891153043992	0.7667635693567251	([368, 219], [368, 244, 237])
1	0.7639699547437736	0.7673077969184618	([153, 67], [164, 153, 67])
1	0.7631740529383044	0.7673086641051542	([217, 18], [217, 206, 18])
1	0.7244383555469603	0.7673086641051542	([306, 18], [277, 206, 18])
1	0.7628661889288748	0.7676216207030847	([171, 32], [173, 171, 32])
1	0.7559761293434825	0.7676884814625992	([247, 138], [247, 174, 138])
1	0.7469970773769762	0.7683884190625924	([222, 102], [222, 132, 125])
1	0.7601834675603311	0.7686041915575639	([187, 90], [187, 118, 110])
1	0.7602814614036166	0.7688419718545143	([188, 81], [188, 177, 81])
1	0.6907656474013868	0.7698414450478753	([144, 13], [120, 101, 30])
1	0.7487709664187057	0.7700131436017691	([192, 31], [192, 174, 18])
1	0.7630650992843986	0.7700523692982014	([316, 203], [316, 252, 203])
1	0.7510963275715878	0.7703008661575227	([422, 247], [422, 303, 294])
1	0.6319752379115184	0.770358731150419	([121, 16], [121, 19, 18])
1	0.7701209037116042	0.7706037601556919	([450, 255], [450, 378, 362])
1	0.7613722198738151	0.7706943026096126	([391, 18], [453, 391, 374])
1	0.7473729534088607	0.7707262638767057	([261, 40], [257, 193, 173])
1	0.7675704615375587	0.770941477365145	([239, 74], [239, 127, 74])
1	0.7698238412546694	0.7714991263500549	([233, 119], [233, 148, 145])
1	0.7711673771147775	0.7716006015698987	([380, 169], [380, 303, 169])
1	0.7044680714228996	0.7717203176507985	([452, 18], [391, 387, 18])
1	0.7673398285147123	0.7718356619882736	([234, 44], [234, 136, 114])
1	0.7558638783708703	0.7718600035672994	([382, 249], [382, 267, 262])
1	0.7723019037050698	0.7725185078299537	([181, 78], [181, 128, 78])
1	0.7727819852767247	0.7731943150876843	([150, 33], [150, 72, 55])
1	0.7398396965173265	0.7735396247898995	([163, 42], [163, 79, 59])
1	0.7697177840375858	0.7748924751369752	([251, 42], [251, 216, 42])
1	0.7737356129308716	0.7752996857290138	([255, 152], [255, 213, 152])
1	0.7717941961260302	0.7761209258637146	([224, 65], [224, 123, 65])
1	0.7613179230132129	0.7762671321944034	([246, 103], [246, 161, 103])
1	0.7571499104301705	0.776705547861237	([246, 117], [246, 149, 117])
1	0.7606515051340914	0.7767661163228718	([217, 106], [217, 144, 106])
1	0.7529478294696943	0.7768272450276846	([445, 24], [447, 445, 21])
1	0.7386831575112741	0.7768527325670971	([225, 69], [225, 169, 75])
1	0.7492788265494189	0.7768993148093389	([451, 359], [451, 372, 359])
1	0.7701897406649425	0.7772051843066186	([324, 189], [356, 322, 189])
1	0.7711282061681437	0.7773112091729248	([244, 107], [244, 146, 145])
1	0.774096752423872	0.7774575770156884	([199, 88], [199, 115, 110])
1	0.7683932661674829	0.7774675155368478	([346, 209], [346, 256, 209])
1	0.7770990233627979	0.7775344517687323	([166, 45], [167, 166, 45])
1	0.7356589065171383	0.7777244676671787	([267, 116], [267, 185, 169])
1	0.572181908692863	0.7777347190622208	([223, 11], [223, 170, 168])
1	0.7743407702112597	0.7780260182342753	([360, 210], [360, 255, 214])
1	0.7711027276322996	0.7782676792719508	([323, 136], [323, 234, 215])
1	0.766390553331989	0.7784512833001361	([400, 251], [400, 355, 343])
1	0.7727450373221216	0.7786624437866358	([232, 108], [232, 225, 108])
1	0.7702367997607616	0.7787159628794814	([285, 31], [285, 171, 31])
1	0.760873708377982	0.7792585802440193	([413, 321], [413, 339, 325])
1	0.7549308815471192	0.7799602244566896	([356, 189], [322, 235, 229])
1	0.7641644388087889	0.7799695873903079	([454, 41], [454, 445, 41])
1	0.7596436836648462	0.7802481562164103	([453, 319], [453, 448, 319])
1	0.7751199593816512	0.7804860573058878	([226, 99], [226, 184, 99])
1	0.7351272443722409	0.7814088893775244	([239, 13], [239, 144, 115])
1	0.7753319142181755	0.7815557780557498	([252, 71], [252, 148, 142])
1	0.7176027466192707	0.7819234853886262	([184, 26], [176, 110, 26])
1	0.7794681410260952	0.7826081256457935	([433, 181], [433, 291, 181])
1	0.779602082593433	0.7828161172578747	([200, 44], [200, 153, 135])
1	0.780961066568052	0.7828838709301438	([218, 78], [218, 140, 78])
1	0.7823740349332095	0.7849280689301802	([449, 344], [449, 414, 395])
1	0.7788196764484889	0.7853466387256419	([435, 196], [435, 297, 238])
1	0.770608776050785	0.7857606740477027	([261, 99], [269, 261, 99])
1	0.7787570425637317	0.7859002355609855	([183, 70], [183, 101, 96])
1	0.7617093765765692	0.7861138899012413	([446, 183], [446, 306, 289])
1	0.7612904599523126	0.7872910557523637	([284, 77], [284, 77, 27])
1	0.7830337023004907	0.7875656791673201	([293, 30], [293, 260, 101])
1	0.7621163709822808	0.789260644516014	([287, 75], [287, 172, 75])
1	0.7634282647639322	0.7895095667269794	([141, 32], [141, 61, 47])
1	0.7740362637366599	0.7901428946000196	([198, 38], [198, 140, 114])
1	0.7726721046259807	0.7914902300191898	([274, 48], [284, 274, 77])
1	0.7811295372404623	0.7917136297757074	([379, 182], [379, 302, 182])
1	0.7589134030017454	0.7920373914963649	([266, 39], [274, 267, 77])
1	0.7703460245430812	0.7934645858000121	([353, 160], [353, 248, 218])
1	0.7779418710096622	0.7937144922308564	([439, 35], [450, 438, 19])
1	0.7635648657725643	0.7941235842203792	([452, 42], [452, 446, 42])
1	0.7920242279805634	0.7943197145847478	([338, 165], [338, 235, 190])
1	0.7801198909876579	0.7958239054776738	([454, 150], [454, 239, 150])
1	0.7824029734340325	0.7959042344800193	([296, 22], [296, 238, 209])
1	0.7866946635661543	0.796802471330335	([429, 168], [439, 429, 168])
1	0.7856738085013825	0.7971507710464749	([281, 74], [287, 281, 74])
1	0.7926194675358613	0.7973639830964974	([339, 180], [339, 219, 180])
1	0.782840661204807	0.7976689408019279	([393, 186], [393, 260, 227])
1	0.7942388932602534	0.7979238013131662	([359, 191], [359, 315, 191])
1	0.7552018834128409	0.7993027254116618	([260, 24], [260, 110, 24])
1	0.7940834551358967	0.7997207814606287	([395, 180], [395, 301, 271])
1	0.7737776109743996	0.7997363124213079	([394, 191], [394, 387, 191])
1	0.765373067106437	0.7998418569591231	([384, 208], [385, 384, 208])
1	0.7828185089482391	0.8006492775030364	([443, 34], [443, 296, 22])
1	0.7933693436823369	0.800722428550142	([433, 222], [433, 222, 181])
1	0.7905131942423403	0.8007861311097885	([419, 95], [419, 260, 237])
1	0.7989203720331708	0.8019108381260501	([286, 32], [286, 173, 127])
1	0.7256982470319697	0.8025745911201764	([450, 19], [438, 294, 30])
1	0.730373200029635	0.8030167161556381	([447, 21], [447, 441, 33])
1	0.7918391660043764	0.8032468155743238	([445, 178], [445, 326, 178])
1	0.7829621555216301	0.8032790495364133	([240, 27], [240, 92, 27])
1	0.799400340834329	0.8041113330192838	([436, 36], [448, 437, 36])
1	0.7703175086392293	0.8041535725435981	([418, 27], [436, 418, 27])
1	0.8003502881083446	0.8047504609009977	([449, 233], [449, 344, 323])
1	0.8027483730559527	0.8050661163725651	([318, 84], [318, 189, 86])
1	0.7989113340702217	0.8053133732314978	([425, 38], [448, 434, 38])
1	0.8049319944663168	0.8062160742468082	([444, 23], [444, 438, 26])
1	0.7799377260125558	0.8071825327067323	([440, 31], [440, 439, 33])
1	0.7992768021046733	0.8088723463712081	([390, 40], [425, 390, 38])
1	0.802608711919649	0.8096801713786022	([229, 56], [229, 136, 89])
1	0.8067643494197507	0.8121917067095241	([280, 67], [280, 110, 67])
1	0.8106374067996424	0.8123717153044913	([320, 120], [320, 231, 209])
1	0.8085238665563943	0.812700692159574	([399, 76], [399, 273, 223])
1	0.7688063539562195	0.8129125864599779	([448, 179], [448, 321, 179])
1	0.7946085457723374	0.8136313219024578	([355, 33], [441, 355, 261])
1	0.8012037510903404	0.8179241599450726	([442, 108], [442, 297, 108])
1	0.7618673854158053	0.8194212964363771	([432, 32], [426, 293, 32])
1	0.7998235630519618	0.8204144388856652	([404, 24], [404, 260, 203])
1	0.8201810845377753	0.8237548224094227	([383, 62], [383, 198, 93])
1	0.5622203898528576	0.8246017878473475	([170, 11], [298, 223, 171])
1	0.8220076167143047	0.828798404297914	([394, 49], [394, 197, 49])
1	0.8214658579548203	0.8295753397796707	([314, 61], [314, 110, 61])
1	0.6861005061804555	0.830599897293195	([238, 0], [238, 92, 22])
1	0.8202139301340564	0.8311566029791013	([410, 159], [410, 287, 159])
1	0.8051376595131159	0.8321329420161099	([414, 99], [414, 194, 193])
1	0.8148426282563598	0.832510316448793	([409, 138], [409, 365, 138])
1	0.7252787986169164	0.8332674333130456	([415, 13], [415, 369, 276])
1	0.8338985771442341	0.8371883456291201	([409, 71], [409, 273, 71])
1	0.8348208468995898	0.8391744979086599	([417, 56], [417, 193, 76])
1	0.5570996390790032	0.8423560190473663	([298, 11], [170, 45, 21])
1	0.8430140910644054	0.8442226164944303	([363, 45], [363, 208, 51])
1	0.6833579316189107	0.8486937977759322	([135, 0], [135, 74, 28])
1	0.5984762062299106	0.896440290347192	([451, 15], [451, 30, 15])
1	0.6515007079269579	0.9213938458819559	([347, 12], [347, 41, 30])
0	0.0	0.9432453202989842	([17], [20, 19])
0	0.0	0.9443731034846563	([14], [37, 36])
0	0.0	1.0	([1], [1, 0])
0	0.0	1.0	([2], [2, 0])
0	0.0	1.0	([3], [3, 0])
0	0.0	1.0	([4], [4, 0])
0	0.0	1.0	([5], [5, 0])
0	0.0	1.0	([6], [6, 0])
0	0.0	1.0	([7], [7, 0])
0	0.0	1.0	([8], [8, 0])
0	0.0	1.0	([9], [9, 0])
0	0.0	1.0	([10], [10, 0])
0	0.0	inf	([0], [])
