0	0.0	0.027298698005839565	([154], [154, 90])
0	0.0	0.02747901936679451	([138], [138, 79])
0	0.0	0.027928019392745987	([279], [279, 86])
0	0.0	0.027928748159025584	([200], [200, 98])
0	0.0	0.028279847545595798	([97], [97, 19])
0	0.0	0.031263859450791694	([187], [187, 84])
0	0.0	0.03287814641052141	([82], [82, 53])
0	0.0	0.03342452111453633	([386], [386, 85])
0	0.0	0.033467667966177124	([89], [89, 68])
0	0.0	0.03501525520445124	([101], [101, 61])
0	0.0	0.035426369560215366	([99], [99, 65])
0	0.0	0.037464420026638835	([88], [88, 51])
0	0.0	0.0429948052823785	([96], [96, 1])
0	0.0	0.06633107552063668	([102], [102, 87])
0	0.0	0.21624327841012872	([314], [314, 313])
0	0.0	0.21957089995218484	([232], [232, 231])
0	0.0	0.22144546221951458	([383], [383, 382])
0	0.0	0.22510031012517515	([293], [293, 292])
0	0.0	0.22794189403207887	([316], [316, 315])
0	0.0	0.2285070957469806	([229], [229, 228])
0	0.0	0.23068277479650764	([162], [162, 161])
0	0.0	0.23138070653482343	([136], [136, 135])
0	0.0	0.2317776054413409	([301], [301, 300])
0	0.0	0.23204949107449682	([156], [156, 155])
0	0.0	0.23207736044537358	([274], [274, 273])
0	0.0	0.2336811651977253	([349], [349, 348])
0	0.0	0.233786452106048	([170], [170, 169])
0	0.0	0.23397240975333433	([46], [46, 45])
0	0.0	0.23440329066386797	([372], [372, 371])
0	0.0	0.23465763006277693	([131], [131, 130])
0	0.0	0.23515187611127497	([374], [374, 373])
0	0.0	0.2360611545855398	([237], [237, 236])
0	0.0	0.23860250702013006	([286], [286, 285])
0	0.0	0.23903438850853354	([219], [219, 218])
0	0.0	0.23925334640787596	([321], [321, 320])
0	0.0	0.23939481219734338	([391], [391, 390])
0	0.0	0.23939892535863624	([289], [289, 288])
0	0.0	0.24080930865284397	([179], [179, 178])
0	0.0	0.2411696811730609	([394], [394, 393])
0	0.0	0.2419424513896938	([273], [273, 272])
0	0.0	0.24240821576903776	([255], [255, 254])
0	0.0	0.24283345131847878	([295], [295, 294])
0	0.0	0.24294306564991475	([282], [282, 281])
0	0.0	0.24302175406281143	([257], [257, 256])
0	0.0	0.2430578513223968	([399], [399, 398])
0	0.0	0.243295959843834	([70], [70, 69])
0	0.0	0.24332559384221897	([302], [302, 301])
0	0.0	0.24398072407895774	([241], [241, 240])
0	0.0	0.2442876200280393	([153], [153, 152])
0	0.0	0.24439799072739768	([123], [123, 122])
0	0.0	0.244936855265159	([305], [305, 304])
0	0.0	0.2449665538061021	([238], [238, 237])
0	0.0	0.24610441597205987	([244], [244, 243])
0	0.0	0.2462848841535283	([290], [290, 289])
0	0.0	0.24632522138136514	([230], [230, 229])
0	0.0	0.24657730945910014	([159], [159, 158])
0	0.0	0.2466861859690297	([269], [269, 268])
0	0.0	0.24727767628720776	([182], [182, 181])
0	0.0	0.24759683080165704	([331], [331, 330])
0	0.0	0.24763743430167093	([388], [388, 387])
0	0.0	0.2488715025619036	([22], [22, 21])
0	0.0	0.24892904558406187	([35], [35, 34])
0	0.0	0.24905802524536716	([309], [309, 308])
0	0.0	0.24924280702128837	([34], [34, 33])
0	0.0	0.24957912980387187	([346], [346, 345])
0	0.0	0.24975917182051227	([167], [167, 166])
0	0.0	0.2505225299337813	([338], [338, 337])
0	0.0	0.25053137286426697	([248], [248, 247])
0	0.0	0.25077949434314517	([18], [18, 17])
0	0.0	0.2508901957034052	([191], [191, 190])
0	0.0	0.2510308391831169	([236], [236, 235])
0	0.0	0.25118366674270914	([378], [378, 377])
0	0.0	0.2513493813657149	([10], [10, 9])
0	0.0	0.2519394346360353	([390], [390, 389])
0	0.0	0.25196314776036793	([164], [164, 163])
0	0.0	0.25199692831748716	([307], [307, 306])
0	0.0	0.2523097087312741	([345], [345, 344])
0	0.0	0.25237343628067727	([17], [17, 16])
0	0.0	0.2523899173072326	([281], [281, 280])
0	0.0	0.25241557787672814	([362], [362, 361])
0	0.0	0.2525027234719465	([168], [168, 167])
0	0.0	0.2526977177225202	([183], [183, 182])
0	0.0	0.25283383041363183	([24], [24, 23])
0	0.0	0.2528564726191726	([323], [323, 322])
0	0.0	0.25306221437046833	([233], [233, 232])
0	0.0	0.2531065690275734	([246], [246, 245])
0	0.0	0.25312901387538045	([278], [278, 277])
0	0.0	0.2531521286667608	([133], [133, 132])
0	0.0	0.2537033266463477	([401], [401, 400])
0	0.0	0.25379934111703556	([299], [299, 298])
0	0.0	0.253872877700753	([356], [356, 355])
0	0.0	0.2538932826646926	([253], [253, 252])
0	0.0	0.25516563962710015	([243], [243, 242])
0	0.0	0.25541204097373005	([306], [306, 305])
0	0.0	0.25547739639431294	([214], [214, 213])
0	0.0	0.2555336908918663	([261], [261, 260])
0	0.0	0.2555422071833888	([318], [318, 317])
0	0.0	0.2555883605087656	([264], [264, 263])
0	0.0	0.25562830768659844	([369], [369, 368])
0	0.0	0.2558021223734184	([381], [381, 380])
0	0.0	0.25598074202477417	([137], [137, 136])
0	0.0	0.2562526657871401	([245], [245, 244])
0	0.0	0.2566137551903632	([8], [8, 7])
0	0.0	0.2568504559804181	([173], [173, 172])
0	0.0	0.2569043643272471	([334], [334, 333])
0	0.0	0.25727472690704145	([377], [377, 376])
0	0.0	0.25748113930969624	([222], [222, 221])
0	0.0	0.2575480096355552	([270], [270, 269])
0	0.0	0.2575515815724984	([140], [140, 139])
0	0.0	0.2576525897072158	([385], [385, 384])
0	0.0	0.25803548990223174	([147], [147, 146])
0	0.0	0.25809942549239784	([234], [234, 233])
0	0.0	0.25835267501080617	([220], [220, 219])
0	0.0	0.2585162317002826	([126], [126, 125])
0	0.0	0.2588602310035135	([250], [250, 249])
0	0.0	0.25907406276990114	([14], [14, 13])
0	0.0	0.259188586584441	([151], [151, 150])
0	0.0	0.25937376734567397	([171], [171, 170])
0	0.0	0.2594493437986915	([33], [33, 32])
0	0.0	0.2594728175054744	([396], [396, 395])
0	0.0	0.2597157197247569	([291], [291, 290])
0	0.0	0.2597387208592346	([251], [251, 250])
0	0.0	0.26005871763045435	([319], [319, 318])
0	0.0	0.26012602020580755	([204], [204, 203])
0	0.0	0.2602849917479258	([185], [185, 184])
0	0.0	0.2603728665503612	([328], [328, 327])
0	0.0	0.260379370918842	([116], [116, 115])
0	0.0	0.26038718588552073	([252], [252, 251])
0	0.0	0.26038875320883687	([263], [263, 262])
0	0.0	0.26039196514743085	([259], [259, 258])
0	0.0	0.260520837549379	([203], [203, 202])
0	0.0	0.26061724714196727	([142], [142, 141])
0	0.0	0.26077730217724404	([296], [296, 295])
0	0.0	0.260966299946152	([342], [342, 341])
0	0.0	0.2610007477433149	([375], [375, 374])
0	0.0	0.2611063928644189	([324], [324, 323])
0	0.0	0.2611532820050927	([212], [212, 211])
0	0.0	0.2612604896034185	([398], [398, 397])
0	0.0	0.2614592214199521	([144], [144, 143])
0	0.0	0.26156911774424696	([146], [146, 145])
0	0.0	0.2616767965575663	([304], [304, 303])
0	0.0	0.2620179837054385	([312], [312, 311])
0	0.0	0.2623288052618041	([178], [178, 177])
0	0.0	0.26324409185196546	([310], [310, 309])
0	0.0	0.26324674801230874	([211], [211, 210])
0	0.0	0.2633161580172062	([193], [193, 192])
0	0.0	0.26339932927253085	([327], [327, 326])
0	0.0	0.26355330602134963	([224], [224, 223])
0	0.0	0.2637739864419132	([376], [376, 375])
0	0.0	0.2638626885233418	([30], [30, 29])
0	0.0	0.26389091227828687	([195], [195, 194])
0	0.0	0.26395794490197955	([367], [367, 366])
0	0.0	0.2639616199411603	([122], [122, 121])
0	0.0	0.2641398047530888	([266], [266, 265])
0	0.0	0.26437555766256815	([284], [284, 283])
0	0.0	0.26461201548529034	([354], [354, 353])
0	0.0	0.26488097961799784	([221], [221, 220])
0	0.0	0.26505329590199206	([368], [368, 367])
0	0.0	0.26612949705759475	([165], [165, 164])
0	0.0	0.2662950101353697	([242], [242, 241])
0	0.0	0.2672660550811029	([360], [360, 359])
0	0.0	0.26732805047793784	([225], [225, 224])
0	0.0	0.26739162924724663	([347], [347, 346])
0	0.0	0.267447197158155	([260], [260, 259])
0	0.0	0.26746673609036525	([365], [365, 364])
0	0.0	0.26778599559049215	([31], [31, 30])
0	0.0	0.2678924422478283	([4], [4, 3])
0	0.0	0.2679447817632792	([125], [125, 124])
0	0.0	0.2679788036732304	([287], [287, 286])
0	0.0	0.2681710806249928	([181], [181, 180])
0	0.0	0.26825816239261563	([332], [332, 331])
0	0.0	0.26834253641323547	([157], [157, 156])
0	0.0	0.2689170255621249	([197], [197, 196])
0	0.0	0.2697359579385105	([359], [359, 358])
0	0.0	0.2699470007307575	([330], [330, 329])
0	0.0	0.27034736300299156	([392], [392, 391])
0	0.0	0.2703686442031303	([341], [341, 340])
0	0.0	0.2706536336193433	([150], [150, 149])
0	0.0	0.27078298931250216	([186], [186, 185])
0	0.0	0.27090384637367876	([152], [152, 151])
0	0.0	0.2712222478830531	([325], [325, 324])
0	0.0	0.2712532527248041	([192], [192, 191])
0	0.0	0.2713826032171697	([366], [366, 365])
0	0.0	0.2714327595491046	([277], [277, 276])
0	0.0	0.2720203922875548	([294], [294, 293])
0	0.0	0.27210584258809295	([189], [189, 188])
0	0.0	0.272618717029459	([268], [268, 267])
0	0.0	0.27315241919749195	([285], [285, 284])
0	0.0	0.2732629808569544	([358], [358, 357])
0	0.0	0.2732949700572215	([28], [28, 27])
0	0.0	0.27340265937337754	([317], [317, 316])
0	0.0	0.27355843102096106	([292], [292, 291])
0	0.0	0.2736335018762531	([67], [67, 66])
0	0.0	0.2738987269115184	([121], [121, 120])
0	0.0	0.2739010276814548	([215], [215, 214])
0	0.0	0.2739060341580539	([247], [247, 246])
0	0.0	0.2741882528855166	([172], [172, 171])
0	0.0	0.2743057590316279	([124], [124, 123])
0	0.0	0.2743679570367571	([143], [143, 142])
0	0.0	0.2744325741851291	([231], [231, 230])
0	0.0	0.2745489399884757	([389], [389, 388])
0	0.0	0.2747464373120997	([15], [15, 14])
0	0.0	0.2754902774724232	([340], [340, 339])
0	0.0	0.2755368284632039	([119], [119, 118])
0	0.0	0.2764996632676068	([32], [32, 31])
0	0.0	0.2768475798716069	([333], [333, 332])
0	0.0	0.27778529072034247	([12], [12, 11])
0	0.0	0.2780211054542095	([393], [393, 392])
0	0.0	0.278318159433774	([11], [11, 10])
0	0.0	0.2791460125238654	([21], [22, 20])
0	0.0	0.2794610863881111	([208], [208, 207])
0	0.0	0.2795673729078838	([190], [190, 189])
0	0.0	0.27967325844362106	([132], [132, 131])
0	0.0	0.2796885967440657	([23], [23, 22])
0	0.0	0.2799650935311833	([361], [361, 360])
0	0.0	0.28005004290269087	([337], [337, 336])
0	0.0	0.2801303507863583	([63], [63, 62])
0	0.0	0.2802323750870447	([397], [397, 396])
0	0.0	0.2803596013447459	([355], [355, 354])
0	0.0	0.28048064458988814	([352], [352, 351])
0	0.0	0.2805944965864175	([216], [216, 215])
0	0.0	0.28067781547801623	([161], [161, 160])
0	0.0	0.28069412935720933	([120], [120, 119])
0	0.0	0.28101649515611643	([400], [400, 399])
0	0.0	0.281142909736935	([160], [160, 159])
0	0.0	0.2816118684729471	([148], [148, 147])
0	0.0	0.2816174658577312	([370], [370, 369])
0	0.0	0.28211934264952593	([240], [240, 239])
0	0.0	0.2821334763452609	([350], [350, 349])
0	0.0	0.28218825096402284	([249], [249, 248])
0	0.0	0.2823784250858062	([196], [196, 195])
0	0.0	0.2824297788982307	([322], [322, 321])
0	0.0	0.28263404753416765	([228], [228, 227])
0	0.0	0.2826563006369035	([326], [326, 325])
0	0.0	0.28282059710298796	([158], [158, 157])
0	0.0	0.2828517862973195	([329], [329, 328])
0	0.0	0.2830471580777335	([9], [9, 8])
0	0.0	0.28310680293852036	([395], [395, 394])
0	0.0	0.2832399224718774	([26], [26, 25])
0	0.0	0.28395116526218045	([206], [206, 205])
0	0.0	0.2841240156362632	([177], [177, 176])
0	0.0	0.2841377796455244	([13], [13, 12])
0	0.0	0.2842212078130947	([37], [37, 36])
0	0.0	0.2842570687961081	([64], [64, 63])
0	0.0	0.284371341416198	([239], [239, 238])
0	0.0	0.284574825197235	([256], [256, 255])
0	0.0	0.2849895329299921	([7], [7, 6])
0	0.0	0.28582511889876194	([353], [353, 352])
0	0.0	0.285878287227359	([27], [27, 26])
0	0.0	0.2860858932129026	([226], [226, 225])
0	0.0	0.28686407824960025	([141], [141, 140])
0	0.0	0.2869641776317592	([343], [343, 342])
0	0.0	0.287401639712804	([47], [47, 46])
0	0.0	0.28752069018839366	([145], [145, 144])
0	0.0	0.2875384614425556	([371], [371, 370])
0	0.0	0.2877895513134394	([339], [339, 338])
0	0.0	0.28831042175924537	([199], [199, 198])
0	0.0	0.28876595700992747	([364], [364, 363])
0	0.0	0.2888602411092518	([265], [265, 264])
0	0.0	0.28942907787705596	([180], [180, 179])
0	0.0	0.289573020077612	([194], [194, 193])
0	0.0	0.2895774243075459	([176], [176, 175])
0	0.0	0.2900389647451311	([227], [227, 226])
0	0.0	0.2901829884467212	([311], [311, 310])
0	0.0	0.2906544549324006	([41], [41, 40])
0	0.0	0.2908906380182222	([42], [42, 41])
0	0.0	0.2911096755828329	([198], [198, 197])
0	0.0	0.2912078344916692	([271], [271, 270])
0	0.0	0.2913435455082097	([174], [174, 173])
0	0.0	0.29147862874321834	([149], [149, 148])
0	0.0	0.2916566624130419	([267], [267, 266])
0	0.0	0.292282218355656	([223], [223, 222])
0	0.0	0.2924042929122533	([213], [213, 212])
0	0.0	0.292407256161392	([300], [300, 299])
0	0.0	0.29256330981500445	([276], [276, 275])
0	0.0	0.2929091931124275	([217], [217, 216])
0	0.0	0.29293511851250004	([272], [272, 271])
0	0.0	0.29340425880603566	([25], [25, 24])
0	0.0	0.29351680131189956	([209], [209, 208])
0	0.0	0.2941785925323905	([262], [262, 261])
0	0.0	0.29502393686088607	([205], [205, 204])
0	0.0	0.2951516797210284	([254], [254, 253])
0	0.0	0.2952766852682288	([275], [275, 274])
0	0.0	0.29539960321914205	([184], [184, 183])
0	0.0	0.29640482205960417	([16], [16, 15])
0	0.0	0.29646978427024046	([175], [175, 174])
0	0.0	0.29732843271130327	([59], [59, 58])
0	0.0	0.2977751595293844	([348], [348, 347])
0	0.0	0.29837182128492645	([3], [3, 2])
0	0.0	0.29903968755068006	([55], [55, 54])
0	0.0	0.299437621094213	([163], [163, 162])
0	0.0	0.2999236030944574	([40], [40, 39])
0	0.0	0.30069879654048753	([313], [313, 312])
0	0.0	0.3007053582611018	([169], [169, 168])
0	0.0	0.30112914330137613	([118], [118, 117])
0	0.0	0.30195974929061153	([52], [52, 50])
0	0.0	0.3026361362198958	([303], [303, 302])
0	0.0	0.3028278669344799	([384], [384, 383])
0	0.0	0.30409125955821736	([351], [351, 350])
0	0.0	0.3059362152565748	([134], [134, 133])
0	0.0	0.30659385257478483	([308], [308, 307])
0	0.0	0.3069594941150445	([127], [127, 126])
0	0.0	0.3074856219120695	([43], [43, 42])
0	0.0	0.3081700500766956	([29], [29, 28])
0	0.0	0.30882623139611415	([57], [57, 56])
0	0.0	0.30890450763335575	([166], [166, 165])
0	0.0	0.3090998953539979	([387], [387, 385])
0	0.0	0.30916926528196154	([382], [383, 381])
0	0.0	0.30926231032217594	([135], [135, 134])
0	0.0	0.30981161193645473	([60], [60, 59])
0	0.0	0.3100289071370757	([128], [128, 127])
0	0.0	0.310750016658862	([235], [235, 234])
0	0.0	0.3120622396010045	([111], [111, 110])
0	0.0	0.3157709062441849	([380], [380, 378])
0	0.0	0.3159012580850405	([117], [117, 116])
0	0.0	0.31663403904975557	([202], [202, 201])
0	0.0	0.31725645842488404	([56], [56, 55])
0	0.0	0.3175765674993222	([50], [50, 49])
0	0.0	0.319457054169943	([357], [357, 356])
0	0.0	0.320026701318719	([49], [49, 47])
0	0.0	0.3210235754761375	([207], [207, 206])
0	0.0	0.32119184160338604	([258], [258, 257])
0	0.0	0.3218690243494799	([288], [288, 287])
0	0.0	0.32250896495134573	([6], [6, 4])
0	0.0	0.322576897327013	([45], [45, 43])
1	0.3141829516365555	0.32400234778047254	([287, 283], [287, 285, 284])
0	0.0	0.32417596944195165	([58], [58, 57])
0	0.0	0.3242683218709273	([363], [363, 362])
0	0.0	0.3253275367118121	([283], [283, 282])
0	0.0	0.32716364224509464	([2], [2, 0])
1	0.315820000904904	0.3276100969913297	([216, 212], [216, 214, 213])
0	0.0	0.3301857797078285	([344], [344, 343])
0	0.0	0.33109801833394475	([39], [39, 37])
0	0.0	0.3328458389926318	([36], [36, 35])
0	0.0	0.3352120849291867	([315], [315, 314])
1	0.30267167640754916	0.3366277563218397	([217, 210], [217, 216, 212])
0	0.0	0.33713682233652287	([210], [210, 209])
0	0.0	0.3376480963337589	([71], [71, 70])
0	0.0	0.3396036230774867	([201], [201, 199])
0	0.0	0.3446529229215115	([188], [188, 186])
0	0.0	0.34609794564479823	([74], [74, 73])
0	0.0	0.35092728353852287	([320], [320, 319])
0	0.0	0.3511070684883622	([373], [373, 372])
0	0.0	0.3523304444721317	([20], [20, 18])
0	0.0	0.3529231541979257	([54], [55, 52])
0	0.0	0.3532811120701858	([76], [76, 73])
0	0.0	0.3570552768712342	([280], [280, 278])
0	0.0	0.36281048252819437	([298], [298, 296])
0	0.0	0.3637174897400941	([73], [76, 72])
0	0.0	0.36819873032042943	([106], [106, 104])
0	0.0	0.3686982932275289	([78], [78, 77])
0	0.0	0.37077112710137006	([108], [108, 106])
0	0.0	0.3708558032293486	([72], [72, 71])
0	0.0	0.37777284139928446	([107], [107, 106])
1	0.3656698332203664	0.38061843243520077	([280, 275], [280, 278, 276])
0	0.0	0.3813011925883605	([218], [218, 217])
0	0.0	0.3831837913810778	([112], [112, 111])
0	0.0	0.3840020852321214	([130], [130, 128])
0	0.0	0.38557876254096035	([139], [139, 137])
0	0.0	0.3857326918224961	([48], [48, 47])
0	0.0	0.3868060340566284	([62], [62, 60])
0	0.0	0.3873901958301635	([129], [129, 128])
0	0.0	0.3878527572638446	([336], [380, 379])
0	0.0	0.39125499564622085	([115], [115, 114])
0	0.0	0.3930416188468682	([66], [67, 64])
1	0.3880872257467642	0.3958185679786157	([74, 70], [74, 72, 70])
0	0.0	0.3974893894278938	([5], [5, 4])
0	0.0	0.3998171052673337	([110], [110, 103])
0	0.0	0.4046777032902783	([379], [336, 334])
0	0.0	0.4063629293973059	([69], [69, 67])
0	0.0	0.40962877042494605	([335], [335, 334])
0	0.0	0.4229497721282995	([155], [298, 297])
0	0.0	0.4229827097700413	([114], [114, 112])
0	0.0	0.4273353868039306	([113], [113, 80])
0	0.0	0.42982938699701356	([109], [109, 108])
0	0.0	0.43020476415617326	([297], [155, 153])
0	0.0	0.4333685972380304	([95], [95, 44])
0	0.0	0.43420880541541246	([93], [93, 75])
0	0.0	0.435360876533154	([105], [105, 103])
0	0.0	0.43603628726862387	([38], [38, 37])
0	0.0	0.4373358496865384	([103], [105, 104])
0	0.0	0.44254742660111235	([44], [44, 43])
0	0.0	0.44832306651109954	([104], [109, 80])
1	0.4510189640949426	0.45112895350343524	([110, 106], [112, 110, 108])
0	0.0	0.45165671380871714	([0], [76, 75])
0	0.0	0.4544627163487975	([80], [297, 94])
0	0.0	0.45505818873366566	([94], [113, 83])
0	0.0	0.4647153747355908	([77], [78, 76])
0	0.0	0.4665398937432484	([83], [105, 100])
0	0.0	0.47350147533200954	([100], [100, 38])
1	0.43777141640075673	0.4869745171133382	([112, 108], [110, 107, 106])
1	0.4750927473707591	0.4974107478519027	([77, 74], [78, 77, 73])
1	0.48441863810069	0.5015714578050033	([13, 3], [13, 12, 3])
1	0.47361678112267436	0.5141287386569617	([77, 75], [77, 75, 74])
1	0.46494554589814857	0.5406214899722964	([113, 112], [113, 110, 109])
1	0.578296707407932	0.5783155551848916	([401, 383], [401, 393, 392])
1	0.5821909191672517	0.5844372470727944	([230, 214], [230, 227, 214])
1	0.5777578801384309	0.6044040350581044	([313, 294], [313, 308, 296])
1	0.5893551836105541	0.610925578103285	([175, 158], [175, 166, 164])
1	0.621007638383598	0.6221123449732009	([54, 40], [54, 50, 40])
1	0.6374389392565436	0.6374904552314447	([158, 132], [158, 143, 137])
1	0.6441532146099391	0.6510237488138203	([338, 313], [338, 328, 321])
1	0.6503503295895312	0.656859561325412	([39, 3], [39, 24, 3])
1	0.6304538530548639	0.6570459675171062	([107, 76], [112, 107, 76])
1	0.6529433015486084	0.6581799225590783	([69, 2], [72, 69, 2])
1	0.6423256615685418	0.6610398631209728	([59, 18], [59, 43, 17])
1	0.6539748922637291	0.6610398631209728	([62, 17], [62, 59, 17])
1	0.655078993647133	0.6615228291569999	([64, 14], [66, 63, 0])
1	0.6365608699503641	0.6630387646480013	([76, 48], [76, 66, 58])
1	0.656497405371589	0.6632040865826944	([230, 186], [230, 214, 186])
1	0.6574400589206116	0.6638444038884266	([159, 119], [159, 137, 134])
1	0.5597131128120575	0.6645628909272487	([71, 0], [55, 18, 2])
1	0.6650341152066478	0.6654871157987552	([74, 18], [74, 18, 0])
1	0.6616196100059383	0.6669922482373094	([76, 36], [76, 58, 36])
1	0.6593933830641083	0.667839947924218	([128, 104], [128, 126, 104])
1	0.637633418823889	0.6680691133444924	([108, 63], [108, 106, 67])
1	0.6506904501554012	0.6700986511285507	([117, 77], [117, 106, 78])
1	0.6648233157552706	0.6724951768662536	([127, 76], [127, 117, 78])
1	0.6533703104576857	0.6759997724337464	([117, 66], [117, 108, 66])
1	0.6294515024736207	0.6776382412597284	([106, 67], [106, 78, 70])
1	0.6640968958145717	0.6791848760443425	([77, 6], [77, 59, 15])
1	0.6614835251415856	0.679904565155494	([67, 24], [67, 46, 35])
1	0.6655313567540637	0.6803675603644156	([295, 248], [295, 288, 248])
1	0.6801545140642816	0.6817323407520945	([57, 9], [57, 41, 9])
1	0.6703879942378241	0.6826914197676758	([290, 247], [290, 277, 250])
1	0.6709809780051001	0.6853603602936224	([108, 2], [108, 66, 2])
1	0.6805329550677566	0.686716111060025	([290, 231], [290, 247, 246])
1	0.6816446255197445	0.689415917937774	([118, 62], [118, 108, 64])
1	0.6287104835207517	0.6903983069984029	([112, 72], [127, 112, 108])
1	0.667325561744701	0.6909815798618704	([301, 274], [301, 295, 285])
1	0.6840093109800222	0.6916415758975017	([283, 245], [283, 268, 254])
1	0.6789345715588776	0.6923169382533195	([155, 116], [155, 130, 125])
1	0.6711528166368995	0.6932453836808471	([218, 172], [218, 214, 172])
1	0.6773490103398514	0.693328363716763	([364, 301], [364, 342, 341])
1	0.6742270033702105	0.6940138328133577	([229, 183], [229, 228, 181])
1	0.6718332704050635	0.6973249131345778	([183, 132], [183, 175, 132])
1	0.6676594380383521	0.6974107461846996	([104, 32], [104, 32, 0])
1	0.6860997778735869	0.6984101513911992	([293, 244], [293, 290, 231])
1	0.6711061460611099	0.6985598690746242	([251, 186], [251, 232, 230])
1	0.6994065052737803	0.7000403205431384	([70, 10], [76, 70, 10])
1	0.6938484702916007	0.7010132358261135	([114, 59], [114, 106, 67])
1	0.7009021466206996	0.7022711881324942	([338, 286], [338, 309, 304])
1	0.7007366867551603	0.703429221005829	([313, 230], [313, 289, 230])
1	0.7027603959789457	0.7036569237699801	([351, 255], [351, 294, 255])
1	0.7030466548158869	0.7047078296884328	([366, 317], [366, 342, 317])
1	0.6865455913719043	0.7060828354915212	([385, 293], [385, 382, 293])
1	0.6504368065538881	0.7066386579088489	([104, 3], [104, 60, 2])
1	0.7048056111385814	0.7072921249250824	([398, 2], [400, 398, 0])
1	0.699225600462359	0.7074238706867226	([401, 314], [401, 314, 288])
1	0.7045181464136397	0.7074238706867226	([391, 288], [401, 391, 288])
1	0.7057634166196044	0.707503023226925	([239, 176], [239, 214, 176])
1	0.6997658031775424	0.7087759136680517	([197, 152], [197, 173, 172])
1	0.6834295263187772	0.7089284691364884	([401, 284], [383, 371, 296])
1	0.6523800261357928	0.7096625778901676	([371, 277], [383, 351, 314])
1	0.7018788691133103	0.7111057266828035	([372, 316], [382, 372, 316])
1	0.681810933752017	0.7111297252096024	([387, 331], [387, 351, 331])
1	0.6880289270754323	0.7115476189717311	([184, 136], [184, 164, 158])
1	0.7091013774036863	0.7116501170444434	([300, 259], [301, 300, 269])
1	0.7029101158624147	0.7129027783057754	([123, 22], [123, 117, 22])
1	0.6797234630373934	0.7132298228236733	([104, 73], [104, 73, 63])
1	0.7083633827042286	0.7146017765100278	([185, 128], [185, 177, 128])
1	0.7043690926075684	0.7152092459283734	([234, 119], [234, 177, 119])
1	0.7150812797364368	0.7160626805377182	([397, 295], [397, 351, 294])
1	0.6699916978131263	0.7164691471706304	([78, 5], [73, 39, 0])
1	0.7160732005157452	0.7167493595958899	([203, 161], [203, 185, 161])
1	0.6981281598880936	0.71897282586228	([179, 118], [179, 168, 127])
1	0.7181299316189036	0.7195235919778139	([396, 291], [396, 385, 291])
1	0.7172748582855516	0.7196952785658902	([116, 16], [116, 115, 16])
1	0.716293421178261	0.7199941034678777	([106, 40], [106, 60, 55])
1	0.7170670976354286	0.7202196042309555	([348, 271], [348, 313, 308])
1	0.71958684072806	0.7206479222523812	([115, 48], [115, 48, 47])
1	0.6856796674396752	0.7206479222523812	([115, 17], [115, 64, 47])
1	0.6474203603136514	0.7209666786714672	([128, 74], [128, 107, 74])
1	0.7158397399102454	0.7213518517492749	([271, 179], [271, 236, 213])
1	0.6864504666257631	0.7219871483120545	([201, 153], [201, 182, 175])
1	0.7150573495793521	0.7230007305118421	([302, 265], [302, 282, 272])
1	0.7019194479670965	0.7231442442044509	([250, 183], [250, 239, 176])
1	0.7135957136427352	0.7232910484136926	([331, 272], [338, 331, 272])
1	0.7133987269715372	0.7237353955730914	([156, 15], [156, 116, 15])
1	0.7112216559630693	0.7244609497422434	([349, 282], [349, 340, 282])
1	0.7048360014638481	0.7246245322650956	([399, 290], [384, 371, 278])
1	0.6995218888612678	0.7248275690998943	([383, 253], [383, 314, 253])
1	0.7188174235565404	0.724933119266517	([375, 308], [375, 351, 318])
1	0.7148823668242819	0.7258502577695782	([133, 49], [133, 119, 49])
1	0.7206512369020535	0.7259427262073769	([384, 330], [384, 352, 333])
1	0.7032350339646884	0.7275824651821025	([385, 249], [385, 291, 283])
1	0.7196127248296857	0.7280491381037482	([272, 177], [272, 240, 177])
1	0.7253233555395442	0.7284801084859911	([399, 319], [399, 363, 315])
1	0.7094095917411846	0.7286206995341105	([390, 315], [399, 315, 296])
1	0.7290393925983609	0.7294513185728205	([235, 120], [235, 179, 120])
1	0.7242600432698134	0.7311648214450306	([246, 121], [246, 230, 180])
1	0.7295008760832176	0.7318415878102174	([238, 118], [248, 238, 118])
1	0.7120149412916564	0.7320975434832069	([172, 2], [172, 132, 2])
1	0.724569221189862	0.7323089621471922	([392, 72], [400, 392, 72])
1	0.7156514692022324	0.7326962825046288	([215, 76], [185, 167, 76])
1	0.7289562892683998	0.7329369003787365	([360, 303], [360, 339, 303])
1	0.7329912905491949	0.7330353306359245	([325, 268], [328, 325, 268])
1	0.7213354442940564	0.7333609515331947	([221, 150], [221, 193, 185])
1	0.730184918616606	0.733792731759065	([182, 110], [182, 129, 119])
1	0.7201252938693847	0.7339177931028497	([179, 17], [160, 120, 17])
1	0.7208153025610959	0.7340339934001822	([230, 115], [230, 159, 115])
1	0.7071483268389765	0.7341760210447266	([260, 222], [260, 222, 205])
1	0.7269627235328638	0.7346157154953789	([292, 180], [292, 248, 180])
1	0.7247678289899332	0.7350518753912819	([318, 260], [318, 278, 262])
1	0.7220618399062984	0.7354464576467329	([259, 217], [266, 259, 211])
1	0.7241269142078539	0.7357314701974152	([136, 21], [136, 126, 21])
1	0.7287328297186751	0.7357628359575624	([177, 18], [177, 119, 72])
1	0.7248445810075991	0.7367298541294145	([240, 132], [240, 177, 132])
1	0.7351926767456939	0.7369241457548685	([290, 175], [290, 248, 175])
1	0.7225543073764641	0.7369666657704556	([357, 274], [357, 342, 328])
1	0.7163349311030371	0.737267362158677	([272, 211], [266, 231, 227])
1	0.7351244875390807	0.7387385354380396	([207, 139], [207, 201, 153])
1	0.7349174761322321	0.7387573699697574	([143, 72], [141, 132, 72])
1	0.7279811569331938	0.739911151788881	([368, 268], [368, 299, 268])
1	0.7342448283534847	0.7399191828792765	([372, 252], [372, 294, 278])
1	0.7388275196590766	0.7405137520194034	([250, 104], [250, 248, 104])
1	0.7405343980443493	0.7414636035712012	([274, 207], [274, 230, 207])
1	0.7025723564630166	0.7419478057155253	([260, 189], [260, 259, 222])
1	0.7381057540185797	0.7433318634716647	([319, 72], [319, 312, 72])
1	0.7360405937046333	0.7433318634716647	([291, 72], [400, 312, 72])
1	0.7416462526859807	0.743736816292999	([298, 192], [298, 255, 182])
1	0.731893644496755	0.7441809943342872	([315, 238], [315, 296, 238])
1	0.7457849315683587	0.7463675426220011	([375, 236], [375, 301, 296])
1	0.7298683114942427	0.7467008863447308	([361, 280], [361, 342, 339])
1	0.6875127887874637	0.7469395808437793	([205, 78], [208, 175, 166])
1	0.7453672015142613	0.7474713300848808	([229, 59], [178, 132, 115])
1	0.7319364173429783	0.7475082183185439	([268, 221], [327, 299, 268])
1	0.7465018236804563	0.7475538782451324	([153, 70], [153, 121, 108])
1	0.7402312917989922	0.7475574270438033	([130, 37], [130, 108, 37])
1	0.7148757240787001	0.7477229869920679	([401, 180], [401, 292, 284])
1	0.7371203402482274	0.7483690731741888	([218, 128], [218, 196, 128])
1	0.7396018708625421	0.7493150256992468	([122, 33], [122, 104, 54])
1	0.7149246361941676	0.7493259818094572	([327, 221], [268, 259, 221])
1	0.7440371727032474	0.7499761363235122	([153, 22], [153, 147, 22])
1	0.7516377654807338	0.7516831961935664	([340, 225], [340, 309, 225])
1	0.7331792701022206	0.7522489486071327	([394, 238], [394, 271, 249])
1	0.7523220512111412	0.7523782496592542	([241, 67], [241, 180, 116])
1	0.7469796782984608	0.7538964718519032	([280, 172], [342, 324, 172])
1	0.7410631808995535	0.7545375381780989	([226, 137], [228, 226, 137])
1	0.7318130020704466	0.754566691923145	([301, 224], [301, 269, 204])
1	0.7376447708706418	0.755088670617284	([231, 112], [231, 177, 112])
1	0.7529896732445395	0.7556827045414056	([127, 39], [127, 76, 73])
1	0.745655927995388	0.7571710087466957	([124, 32], [124, 106, 67])
1	0.7464043277894383	0.7575301916609237	([266, 135], [266, 257, 135])
1	0.7420813844758347	0.7578904718607374	([261, 72], [261, 203, 184])
1	0.7535826609492065	0.757923916779368	([318, 141], [318, 224, 223])
1	0.7408895943361243	0.7583705193881263	([324, 172], [280, 230, 179])
1	0.7551515189989495	0.7594661822116329	([250, 74], [250, 186, 74])
1	0.748989888259928	0.7600596178045229	([267, 190], [267, 246, 209])
1	0.7587196187099565	0.7603434156399557	([256, 174], [256, 239, 176])
1	0.7357759503582363	0.7614448936287824	([371, 181], [371, 278, 181])
1	0.7604715897131933	0.7615016244673317	([275, 192], [298, 275, 250])
1	0.7561622516671778	0.761572306327911	([334, 222], [334, 301, 220])
1	0.7608400459568362	0.76170350881635	([244, 60], [244, 115, 17])
1	0.7160834173362253	0.7630571464039341	([266, 76], [266, 169, 167])
1	0.7574507233959895	0.7631624655245427	([245, 21], [245, 177, 21])
1	0.7579018907372584	0.763280788148264	([318, 71], [357, 318, 303])
1	0.7473982241722286	0.7632986714147965	([165, 26], [165, 127, 26])
1	0.6691465844914363	0.7633519019511192	([400, 0], [291, 269, 249])
1	0.7428674528222193	0.7637380727755286	([304, 205], [304, 257, 205])
1	0.7409602358944672	0.7640898075261272	([173, 14], [173, 108, 21])
1	0.7607802788220233	0.7641914870543267	([399, 119], [399, 250, 119])
1	0.7508505032086061	0.7642162917643379	([322, 216], [322, 304, 216])
1	0.7587516133737789	0.7656983092710891	([276, 137], [276, 213, 202])
1	0.7364590208195491	0.765785960162134	([233, 58], [244, 233, 60])
1	0.7666341252967279	0.766669227592614	([182, 29], [182, 110, 29])
1	0.7591525717989119	0.7667423178754708	([184, 30], [184, 73, 71])
1	0.754937626964918	0.7667908468676967	([262, 191], [262, 221, 198])
1	0.7559860836168508	0.7671578192633688	([148, 11], [150, 148, 6])
1	0.7649243841826924	0.7671763681761589	([298, 2], [298, 182, 2])
1	0.7122585485943812	0.7673484444376096	([357, 71], [357, 274, 71])
1	0.743632257839683	0.7691605696593738	([342, 205], [342, 302, 205])
1	0.7551628150792166	0.7692116700262774	([247, 45], [247, 183, 45])
1	0.7390356749728211	0.7702353832796092	([143, 7], [148, 143, 11])
1	0.7565382729875686	0.7706130935580829	([316, 137], [316, 299, 137])
1	0.766267606138159	0.7710534887725625	([318, 171], [318, 224, 171])
1	0.7548263161885187	0.7713159164853545	([306, 219], [306, 269, 219])
1	0.7566051536502371	0.7716288407076676	([325, 104], [325, 268, 262])
1	0.7668267690648184	0.7721089988485478	([319, 161], [319, 318, 161])
1	0.7568101390133516	0.7736495388639856	([228, 35], [228, 137, 35])
1	0.772089336238146	0.7741021190260231	([258, 152], [258, 208, 152])
1	0.7690936877776416	0.7754466365457475	([333, 162], [333, 257, 135])
1	0.7103029623213997	0.7757430700337975	([370, 76], [339, 266, 260])
1	0.6846953429383332	0.7766587135030562	([175, 78], [175, 112, 110])
1	0.7665447391450926	0.7770682554874407	([395, 131], [395, 277, 245])
1	0.7682480267826897	0.7776529639073604	([222, 73], [222, 184, 153])
1	0.7599333075515048	0.7779365080552825	([237, 62], [237, 125, 112])
1	0.7557763410482692	0.7780199296887768	([213, 16], [230, 213, 16])
1	0.7629933775229922	0.7783544053296112	([317, 163], [317, 310, 163])
1	0.7799158483824583	0.7806198452717845	([349, 155], [349, 284, 155])
1	0.7797201001508361	0.7809203587166081	([214, 33], [214, 174, 33])
1	0.7795421077411449	0.7809298667412531	([331, 203], [331, 262, 172])
1	0.771890551231481	0.781466916537777	([268, 6], [268, 165, 161])
1	0.7786117606043704	0.7821916167030964	([189, 46], [189, 122, 46])
1	0.777323483475561	0.7828038112005221	([194, 41], [194, 153, 41])
1	0.7786394250131766	0.7868519852626722	([380, 189], [380, 280, 231])
1	0.7729258985109038	0.7880452133232629	([215, 52], [215, 156, 132])
1	0.7767873810602254	0.7900280480796259	([243, 37], [243, 120, 21])
1	0.7854261055389122	0.7913108173746953	([397, 3], [397, 308, 3])
1	0.7825277443436608	0.7923153111863177	([325, 148], [325, 269, 148])
1	0.7808930710605221	0.7931709243147793	([373, 126], [373, 254, 224])
1	0.7912704543990061	0.7945475641706256	([392, 37], [392, 308, 3])
1	0.7888654244885734	0.7947322583179807	([323, 139], [323, 215, 188])
1	0.7937675071979791	0.7949764163831909	([334, 146], [334, 220, 169])
1	0.7787789558184252	0.7956759155219373	([206, 31], [206, 158, 119])
1	0.7839691524611441	0.7962083690118049	([225, 57], [225, 168, 10])
1	0.7821324381036558	0.7964469425535305	([327, 164], [327, 205, 164])
1	0.7855490369702519	0.7975965426032207	([391, 54], [391, 308, 3])
1	0.7795515003674777	0.7997855117614128	([345, 136], [345, 280, 136])
1	0.7944611262616851	0.8006298174829928	([393, 43], [393, 70, 43])
1	0.7865003966249623	0.8011842425561697	([382, 4], [382, 288, 4])
1	0.7758215063878748	0.8025967040246813	([393, 70], [393, 160, 33])
1	0.8048268754722895	0.8088191298553477	([343, 126], [343, 271, 236])
1	0.786687675578833	0.8128854016113145	([372, 24], [372, 116, 24])
1	0.8039221973788174	0.8166464147058392	([388, 14], [388, 320, 14])
1	0.8010206118111997	0.8174066480464108	([306, 25], [306, 215, 136])
1	0.8013096273871503	0.8221346270971284	([326, 63], [326, 291, 63])
1	0.8143858474034198	0.8234947336596636	([342, 10], [342, 185, 170])
1	0.4683814685646581	0.8310103138933442	([335, 94], [335, 297, 275])
1	0.8148318996404468	0.8429117599593342	([332, 75], [332, 205, 104])
1	0.5108731461910392	0.8443747129815607	([93, 48], [93, 75, 48])
1	0.6075107681255423	0.8752289332983456	([106, 78], [129, 95, 43])
0	0.0	0.8811839132954337	([75], [103, 102])
1	0.5114691099661113	0.896015790237618	([129, 95], [113, 83, 5])
1	0.5072015608139452	0.9028218325044873	([83, 5], [104, 103, 100])
1	0.5050780524600939	0.903662576423816	([379, 83], [380, 83, 4])
0	0.0	0.9404870476930813	([87], [2, 1])
0	0.0	0.9486610645441884	([1], [52, 51])
0	0.0	0.9502153924875868	([68], [68, 67])
0	0.0	0.9531623852238044	([51], [62, 61])
0	0.0	0.9537349940972013	([61], [66, 65])
0	0.0	0.9540007746223655	([85], [386, 385])
0	0.0	0.9553901391418305	([84], [187, 186])
0	0.0	0.9579288940922924	([19], [19, 18])
0	0.0	0.9583472505619715	([53], [53, 52])
0	0.0	0.9590929610858298	([65], [280, 279])
0	0.0	0.9605970030763271	([90], [154, 153])
0	0.0	0.9626020354110384	([98], [200, 199])
0	0.0	0.9631106495137763	([79], [138, 137])
1	0.9866637845151708	0.9986719395057434	([102, 78], [104, 103, 78])
1	0.9980098452619809	0.9992111465850381	([279, 78], [279, 260, 72])
0	0.0	1.0	([81], [81, 0])
0	0.0	1.0	([91], [91, 0])
0	0.0	1.0	([92], [92, 0])
0	0.0	inf	([86], [])
