0	0.0	0.2553405356295998	([580], [580, 579])
0	0.0	0.26093031408716255	([605], [605, 604])
0	0.0	0.27446025573889776	([428], [428, 427])
0	0.0	0.2788345353348926	([340], [340, 339])
0	0.0	0.2876571838205619	([421], [421, 420])
0	0.0	0.2896670940523329	([385], [385, 384])
0	0.0	0.29227351126858775	([453], [453, 452])
0	0.0	0.2935409349838779	([511], [511, 510])
0	0.0	0.29583435155122384	([28], [28, 27])
0	0.0	0.29670595942211514	([527], [527, 526])
0	0.0	0.29673520806844017	([373], [373, 372])
0	0.0	0.2969135176855407	([426], [426, 425])
0	0.0	0.2973794031612239	([141], [141, 140])
0	0.0	0.2977912931698082	([76], [76, 75])
0	0.0	0.2984079795957445	([155], [155, 154])
0	0.0	0.2990589049540828	([274], [274, 273])
0	0.0	0.2996386251610192	([409], [409, 408])
0	0.0	0.2998021527554805	([532], [532, 531])
0	0.0	0.30102405095783336	([543], [543, 542])
0	0.0	0.3023546336734832	([462], [462, 461])
0	0.0	0.30280986435538726	([539], [539, 538])
0	0.0	0.30333756155343894	([125], [125, 124])
0	0.0	0.303476340806837	([478], [478, 477])
0	0.0	0.30366984954393234	([587], [587, 586])
0	0.0	0.30384500413354415	([90], [90, 89])
0	0.0	0.304568363619698	([11], [11, 10])
0	0.0	0.3049664155603711	([437], [437, 436])
0	0.0	0.3050207729060372	([40], [40, 39])
0	0.0	0.30550010416710904	([578], [578, 577])
0	0.0	0.3070571506524514	([509], [509, 508])
0	0.0	0.30720615944725554	([34], [34, 33])
0	0.0	0.3073424677022365	([404], [404, 403])
0	0.0	0.30778408632994114	([456], [456, 455])
0	0.0	0.3079278040757536	([279], [279, 274])
0	0.0	0.3090239234729508	([100], [100, 99])
0	0.0	0.3092229796897589	([264], [264, 263])
0	0.0	0.30990114640740274	([375], [375, 374])
0	0.0	0.3099470530160826	([552], [552, 551])
0	0.0	0.3099843840511042	([563], [563, 562])
0	0.0	0.3100758887348431	([534], [534, 533])
0	0.0	0.3106282250290311	([158], [158, 157])
0	0.0	0.3106409144203643	([123], [123, 122])
0	0.0	0.31122101093682464	([468], [468, 467])
0	0.0	0.31144768192407785	([524], [524, 523])
0	0.0	0.31150344233881516	([377], [377, 376])
0	0.0	0.31157847271794953	([566], [566, 565])
0	0.0	0.31193919916779955	([387], [387, 386])
0	0.0	0.3123889685508083	([571], [571, 570])
0	0.0	0.312422664884886	([113], [113, 112])
0	0.0	0.3125505700487368	([55], [55, 54])
0	0.0	0.31263507872834284	([553], [553, 552])
0	0.0	0.3127210924433769	([176], [176, 175])
0	0.0	0.3129473627639947	([52], [52, 51])
0	0.0	0.3133599824639607	([554], [554, 553])
0	0.0	0.3137154274299572	([518], [518, 517])
0	0.0	0.31426923175294247	([414], [414, 413])
0	0.0	0.3152578298540019	([181], [181, 180])
0	0.0	0.31543621330709426	([332], [332, 331])
0	0.0	0.31643886730236587	([584], [584, 583])
0	0.0	0.31707566133711484	([565], [565, 564])
0	0.0	0.31804916170679975	([345], [345, 344])
0	0.0	0.31811825456622594	([302], [302, 301])
0	0.0	0.3183191005140058	([105], [105, 104])
0	0.0	0.31846986835893376	([542], [542, 541])
0	0.0	0.31921029425980363	([346], [346, 345])
0	0.0	0.3198459140385042	([399], [399, 398])
0	0.0	0.320179586631125	([3], [3, 2])
0	0.0	0.3203386394618611	([481], [481, 480])
0	0.0	0.32076943699780247	([495], [495, 494])
0	0.0	0.320819902936822	([106], [106, 105])
0	0.0	0.3211075864687357	([451], [451, 450])
0	0.0	0.32153206669851897	([522], [522, 521])
0	0.0	0.3216891950215175	([434], [434, 433])
0	0.0	0.3217052244256519	([354], [354, 353])
0	0.0	0.32197295828167005	([163], [163, 162])
0	0.0	0.3220364153094871	([424], [424, 423])
0	0.0	0.3221044153716276	([535], [535, 534])
0	0.0	0.3223184997998625	([417], [417, 416])
0	0.0	0.32248197750614715	([5], [5, 4])
0	0.0	0.32297829125281585	([296], [296, 295])
0	0.0	0.3230884255763268	([349], [349, 348])
0	0.0	0.3235099438702476	([496], [496, 495])
0	0.0	0.32366308209434136	([396], [396, 395])
0	0.0	0.3237565825084785	([101], [101, 100])
0	0.0	0.32376141043786055	([57], [57, 56])
0	0.0	0.3239675717289923	([343], [343, 342])
0	0.0	0.3244156458610684	([305], [305, 304])
0	0.0	0.324591696611013	([86], [86, 85])
0	0.0	0.32459174068720636	([322], [322, 321])
0	0.0	0.32474578164650175	([528], [528, 527])
0	0.0	0.32527456248027725	([311], [311, 310])
0	0.0	0.3254152277227317	([561], [561, 560])
0	0.0	0.325682468285067	([111], [111, 110])
0	0.0	0.32598943514591494	([188], [188, 187])
0	0.0	0.32614251291952345	([30], [30, 29])
0	0.0	0.326515652686876	([74], [74, 73])
0	0.0	0.32660801420675345	([45], [45, 44])
0	0.0	0.32673949437303407	([572], [572, 571])
0	0.0	0.3268663639542801	([165], [165, 164])
0	0.0	0.3270375502947546	([1], [1, 0])
0	0.0	0.3274146934814968	([309], [309, 308])
0	0.0	0.3277794692357074	([588], [588, 587])
0	0.0	0.32813624964305593	([15], [15, 14])
0	0.0	0.3282530470646366	([483], [483, 482])
0	0.0	0.3284831197339925	([530], [530, 529])
0	0.0	0.32881706161148216	([570], [570, 569])
0	0.0	0.3288685879370025	([442], [442, 441])
0	0.0	0.32904975279456566	([525], [525, 524])
0	0.0	0.32919750940476944	([447], [447, 446])
0	0.0	0.32943354581434836	([133], [133, 132])
0	0.0	0.32990532585121574	([560], [560, 559])
0	0.0	0.3299829388056519	([419], [419, 418])
0	0.0	0.33003627345252445	([54], [54, 53])
0	0.0	0.33018198036447927	([598], [598, 597])
0	0.0	0.3303524940104461	([267], [267, 266])
0	0.0	0.3306197799194449	([590], [590, 589])
0	0.0	0.33087308165590823	([491], [491, 490])
0	0.0	0.33091875976326246	([2], [2, 1])
0	0.0	0.33097508337995685	([6], [6, 5])
0	0.0	0.331631881070126	([301], [301, 300])
0	0.0	0.3316831845283843	([473], [473, 472])
0	0.0	0.3317466168813533	([383], [383, 382])
0	0.0	0.33224277294183935	([313], [313, 312])
0	0.0	0.33290265774621774	([476], [476, 475])
0	0.0	0.3337347282177495	([244], [244, 243])
0	0.0	0.33409396198783775	([593], [593, 592])
0	0.0	0.3341044479084967	([145], [145, 144])
0	0.0	0.33419162558365606	([61], [61, 60])
0	0.0	0.3342213539953469	([174], [174, 173])
0	0.0	0.33465195057136804	([178], [178, 177])
0	0.0	0.33481681959288406	([60], [60, 59])
0	0.0	0.3348779621566011	([389], [389, 388])
0	0.0	0.3351332492314117	([136], [136, 135])
0	0.0	0.3353568132574794	([381], [381, 380])
0	0.0	0.33536019644434584	([516], [516, 515])
0	0.0	0.3355685688113096	([16], [16, 15])
0	0.0	0.3357014549753706	([498], [498, 497])
0	0.0	0.33577209159701216	([130], [130, 129])
0	0.0	0.3358508913889781	([159], [159, 158])
0	0.0	0.3364034220851732	([348], [348, 347])
0	0.0	0.33650828616558043	([108], [108, 107])
0	0.0	0.33706343797267035	([148], [148, 147])
0	0.0	0.3370822738460892	([335], [335, 334])
0	0.0	0.3374938370940688	([149], [149, 148])
0	0.0	0.33762697008585935	([599], [599, 598])
0	0.0	0.3379064717962874	([228], [228, 225])
0	0.0	0.33791523871232004	([452], [452, 451])
0	0.0	0.3379869166091347	([513], [513, 512])
0	0.0	0.3380420545484547	([546], [546, 545])
0	0.0	0.33805205294188323	([439], [439, 438])
0	0.0	0.3384259994606988	([353], [353, 352])
0	0.0	0.33867386886159967	([573], [573, 572])
0	0.0	0.3386930905747027	([206], [206, 205])
0	0.0	0.33881968573892285	([551], [551, 550])
0	0.0	0.3389738674756935	([602], [602, 601])
0	0.0	0.33906730953357933	([169], [169, 168])
0	0.0	0.3394731629534825	([507], [507, 506])
0	0.0	0.33998166225151955	([469], [469, 468])
0	0.0	0.3405487972177529	([127], [127, 126])
0	0.0	0.3405736254526369	([307], [307, 306])
0	0.0	0.3406422967212254	([261], [261, 260])
0	0.0	0.34076068212338656	([70], [70, 69])
0	0.0	0.3409715067575054	([351], [351, 350])
0	0.0	0.3410301965618877	([537], [537, 536])
0	0.0	0.3412402422794859	([470], [470, 469])
0	0.0	0.3413594239354666	([328], [328, 327])
0	0.0	0.34148062595326023	([115], [115, 114])
0	0.0	0.34191090715476474	([89], [89, 88])
0	0.0	0.3419718064422941	([8], [8, 7])
0	0.0	0.3420112012665332	([287], [287, 286])
0	0.0	0.3422773597271934	([20], [20, 19])
0	0.0	0.34240520520569745	([27], [27, 26])
0	0.0	0.34242649175073714	([19], [19, 18])
0	0.0	0.34260328703080095	([131], [131, 130])
0	0.0	0.34264726136541873	([308], [308, 307])
0	0.0	0.34309957323677276	([65], [65, 64])
0	0.0	0.3434126152633072	([252], [252, 251])
0	0.0	0.3434727931377875	([14], [14, 13])
0	0.0	0.34347882433833016	([365], [365, 364])
0	0.0	0.3434875520386533	([147], [147, 146])
0	0.0	0.34351173014932396	([94], [94, 93])
0	0.0	0.3440717051807955	([87], [87, 86])
0	0.0	0.3441147941274763	([88], [88, 87])
0	0.0	0.3441975556064414	([315], [315, 314])
0	0.0	0.3444141052264973	([359], [359, 358])
0	0.0	0.34469392625400874	([83], [83, 81])
0	0.0	0.3447060062742091	([110], [110, 109])
0	0.0	0.34474872304967724	([50], [50, 49])
0	0.0	0.34493951109653304	([401], [401, 400])
0	0.0	0.345556517596714	([82], [82, 81])
0	0.0	0.34568711626951454	([370], [370, 369])
0	0.0	0.34569745689067227	([146], [146, 145])
0	0.0	0.3457504778806922	([459], [459, 458])
0	0.0	0.3458674542400763	([441], [441, 440])
0	0.0	0.34593397665257175	([128], [128, 127])
0	0.0	0.3459437648434824	([489], [489, 488])
0	0.0	0.3460751846343146	([152], [152, 151])
0	0.0	0.3463980944224124	([592], [592, 590])
0	0.0	0.3464031945673335	([167], [167, 166])
0	0.0	0.3464073069853233	([187], [187, 186])
0	0.0	0.3466478838814568	([449], [449, 448])
0	0.0	0.3466618201538999	([23], [23, 22])
0	0.0	0.3467008656153904	([558], [558, 557])
0	0.0	0.3469769665037181	([603], [603, 602])
0	0.0	0.34735150245502966	([120], [120, 119])
0	0.0	0.34738446573721926	([179], [179, 178])
0	0.0	0.3474409106412245	([10], [11, 9])
0	0.0	0.3479896653677278	([425], [425, 424])
0	0.0	0.3480046289716289	([293], [293, 292])
0	0.0	0.3481188528928477	([562], [562, 561])
0	0.0	0.3483071045325581	([168], [168, 167])
0	0.0	0.34832750755313824	([454], [454, 453])
0	0.0	0.348413799135231	([175], [175, 174])
0	0.0	0.34855034807796836	([589], [592, 591])
0	0.0	0.34860512919605463	([283], [283, 282])
0	0.0	0.348753351306758	([7], [7, 6])
0	0.0	0.3488107918634532	([245], [245, 244])
0	0.0	0.3488118359044109	([288], [288, 287])
0	0.0	0.3488321904001081	([316], [316, 315])
0	0.0	0.3488495883228369	([258], [258, 257])
0	0.0	0.3490138253181826	([362], [362, 361])
0	0.0	0.349396931308071	([103], [103, 102])
0	0.0	0.3495945776389926	([137], [137, 136])
0	0.0	0.3497413737253376	([18], [18, 17])
0	0.0	0.34976207348424665	([334], [334, 333])
0	0.0	0.34983019137718363	([368], [368, 367])
0	0.0	0.35021321406775785	([270], [270, 269])
0	0.0	0.35031621084754244	([369], [369, 368])
0	0.0	0.3504091147241593	([91], [91, 90])
0	0.0	0.35042413942015355	([213], [213, 212])
0	0.0	0.3508737948643984	([480], [480, 479])
0	0.0	0.35089757555238066	([56], [56, 55])
0	0.0	0.35099527764463034	([199], [199, 198])
0	0.0	0.35105857736383916	([379], [379, 378])
0	0.0	0.3510706205561488	([433], [433, 432])
0	0.0	0.3512275121465115	([482], [482, 481])
0	0.0	0.35134620301988023	([472], [472, 471])
0	0.0	0.3514629093082122	([290], [290, 289])
0	0.0	0.3519958478206814	([210], [210, 209])
0	0.0	0.3520154356762792	([366], [366, 365])
0	0.0	0.3523675383878804	([576], [576, 575])
0	0.0	0.352371988410643	([435], [435, 434])
0	0.0	0.35244913729087873	([394], [394, 393])
0	0.0	0.35267903746950235	([406], [406, 405])
0	0.0	0.3527973006500402	([585], [585, 584])
0	0.0	0.35283211162930433	([191], [191, 190])
0	0.0	0.3533493562455476	([92], [92, 91])
0	0.0	0.3535001017483573	([24], [24, 23])
0	0.0	0.35394491877598827	([423], [423, 422])
0	0.0	0.35395307712054325	([321], [321, 320])
0	0.0	0.3541713008766421	([77], [77, 76])
0	0.0	0.35417823335783805	([119], [119, 118])
0	0.0	0.35462906343285977	([151], [151, 150])
0	0.0	0.35476091713067237	([43], [43, 42])
0	0.0	0.3549403562514785	([38], [38, 37])
0	0.0	0.35505327637762896	([360], [360, 359])
0	0.0	0.35518567819510155	([363], [363, 362])
0	0.0	0.3555211478026133	([259], [259, 257])
0	0.0	0.35564607822724	([486], [486, 485])
0	0.0	0.355971164458217	([157], [157, 156])
0	0.0	0.35606030492688945	([497], [498, 496])
0	0.0	0.3561040531603751	([185], [185, 184])
0	0.0	0.35618323294038307	([95], [95, 94])
0	0.0	0.35653441999908564	([364], [364, 363])
0	0.0	0.3565361840485588	([204], [204, 203])
0	0.0	0.3570866054417318	([80], [80, 79])
0	0.0	0.357294533213431	([594], [594, 593])
0	0.0	0.35741271994360074	([42], [42, 41])
0	0.0	0.35753265792232647	([202], [202, 201])
0	0.0	0.35779385339078107	([173], [173, 172])
0	0.0	0.357954293406231	([306], [306, 305])
0	0.0	0.3581668315025033	([31], [31, 30])
0	0.0	0.3581758083339827	([575], [575, 574])
0	0.0	0.3585558795397827	([35], [35, 34])
0	0.0	0.35867781609542526	([429], [429, 428])
0	0.0	0.3593598710978745	([391], [391, 390])
0	0.0	0.35966132028813996	([352], [352, 351])
0	0.0	0.3598479041317582	([338], [338, 337])
0	0.0	0.3599038943753334	([501], [501, 499])
0	0.0	0.3601407481394494	([180], [180, 179])
0	0.0	0.3604880927950407	([412], [412, 411])
0	0.0	0.36064799671590686	([508], [508, 507])
0	0.0	0.3610463484990646	([198], [199, 197])
0	0.0	0.36121779562752915	([317], [317, 316])
0	0.0	0.36148656148454644	([292], [292, 291])
0	0.0	0.36149940689228405	([150], [150, 149])
0	0.0	0.3615163668225727	([190], [190, 189])
0	0.0	0.36152800413914704	([361], [361, 360])
0	0.0	0.36160483712028196	([109], [109, 108])
0	0.0	0.36162627698573935	([36], [36, 35])
0	0.0	0.36166876279905363	([324], [324, 323])
0	0.0	0.362058013484279	([143], [143, 142])
0	0.0	0.3624587998484009	([250], [250, 248])
0	0.0	0.36250874462387944	([142], [142, 141])
0	0.0	0.3628184340368713	([448], [448, 447])
0	0.0	0.3632347491793135	([331], [331, 330])
0	0.0	0.36373391307277836	([475], [475, 474])
0	0.0	0.3637872841689295	([357], [357, 356])
0	0.0	0.3638775498693791	([129], [129, 128])
0	0.0	0.3641434433885661	([485], [485, 484])
0	0.0	0.3643773222234199	([299], [299, 223])
0	0.0	0.3652275760595763	([194], [194, 193])
0	0.0	0.36567109326959957	([408], [408, 407])
0	0.0	0.3657565423196765	([350], [350, 349])
0	0.0	0.3661653112941144	([557], [557, 556])
0	0.0	0.36617137861786736	([33], [33, 32])
0	0.0	0.3665646941211502	([318], [318, 317])
0	0.0	0.3665897823506538	([49], [49, 48])
0	0.0	0.3669604641567489	([479], [479, 478])
0	0.0	0.3673192620097363	([461], [461, 460])
0	0.0	0.3674422200633986	([604], [604, 603])
0	0.0	0.36764814254711303	([209], [209, 208])
0	0.0	0.36765375591762534	([114], [114, 113])
0	0.0	0.3677024751302808	([323], [323, 322])
0	0.0	0.3678251302154593	([445], [445, 444])
0	0.0	0.36800803317063757	([21], [21, 20])
0	0.0	0.3681551269576017	([248], [250, 249])
0	0.0	0.3681858125753612	([79], [79, 78])
0	0.0	0.3684056495472682	([344], [344, 343])
0	0.0	0.36849413643887	([132], [132, 131])
0	0.0	0.36875844038915356	([500], [500, 499])
0	0.0	0.36877471421841096	([418], [418, 417])
0	0.0	0.3688583788104732	([517], [518, 516])
0	0.0	0.3689791801175337	([487], [487, 486])
0	0.0	0.369323938986828	([443], [443, 442])
0	0.0	0.3693818126221299	([405], [405, 404])
0	0.0	0.36954022646174883	([460], [460, 459])
0	0.0	0.3696808948834354	([515], [515, 514])
0	0.0	0.37010754493890113	([102], [102, 101])
0	0.0	0.37081469586432436	([503], [503, 502])
0	0.0	0.37089357752946617	([367], [367, 366])
0	0.0	0.3710872329899063	([12], [12, 11])
0	0.0	0.3711211132675784	([260], [260, 259])
0	0.0	0.3712692617248868	([582], [582, 581])
0	0.0	0.37173128698226315	([457], [457, 456])
0	0.0	0.37188908678305155	([402], [402, 400])
0	0.0	0.3718927757104954	([403], [403, 402])
0	0.0	0.37239315756761165	([536], [536, 535])
0	0.0	0.37261427776226974	([548], [548, 547])
0	0.0	0.37269667557047814	([64], [64, 63])
0	0.0	0.37273352565484497	([195], [195, 194])
0	0.0	0.37290065122882166	([13], [13, 12])
0	0.0	0.3729647668931961	([390], [390, 389])
0	0.0	0.37337451285094375	([289], [289, 288])
0	0.0	0.37340965943321636	([294], [294, 293])
0	0.0	0.3735253582550145	([201], [201, 200])
0	0.0	0.37360032447367747	([596], [596, 595])
0	0.0	0.3738413302428582	([67], [67, 66])
0	0.0	0.3743816734087333	([410], [410, 409])
0	0.0	0.3745583793131482	([122], [122, 121])
0	0.0	0.37457939308717264	([256], [256, 255])
0	0.0	0.37481323750245266	([550], [550, 549])
0	0.0	0.37499736850400467	([51], [51, 50])
0	0.0	0.37527997721642165	([333], [333, 332])
0	0.0	0.37528124694670995	([477], [477, 476])
0	0.0	0.3758018653528563	([193], [193, 192])
0	0.0	0.3759332888205107	([330], [330, 329])
0	0.0	0.3759864326710799	([216], [216, 215])
0	0.0	0.37647242312116147	([246], [246, 245])
0	0.0	0.37650188110946886	([205], [205, 204])
0	0.0	0.3768623321440819	([502], [502, 501])
0	0.0	0.37690192020874613	([569], [569, 568])
0	0.0	0.3770604645791046	([182], [182, 181])
0	0.0	0.37709453300898904	([541], [541, 540])
0	0.0	0.37738570020246753	([492], [492, 491])
0	0.0	0.3776980572633053	([505], [505, 504])
0	0.0	0.37792550920195306	([529], [529, 528])
0	0.0	0.37792922234219506	([243], [243, 242])
0	0.0	0.3779366030779983	([601], [601, 600])
0	0.0	0.3782644746080242	([392], [392, 390])
0	0.0	0.37833767324654677	([73], [74, 72])
0	0.0	0.37842051939180976	([329], [329, 328])
0	0.0	0.37864281206604106	([559], [559, 558])
0	0.0	0.3788404223250782	([547], [547, 546])
0	0.0	0.3788969086905838	([277], [277, 276])
0	0.0	0.37925688769890625	([298], [298, 297])
0	0.0	0.37937479649799605	([595], [595, 594])
0	0.0	0.3796114326761612	([358], [358, 357])
0	0.0	0.3799369578069712	([98], [98, 97])
0	0.0	0.3801346673931026	([499], [499, 498])
0	0.0	0.38047240432561824	([84], [84, 83])
0	0.0	0.3806986679213307	([466], [466, 464])
0	0.0	0.3807580652672785	([153], [153, 152])
0	0.0	0.38118381074407615	([171], [171, 170])
0	0.0	0.38164113470321037	([203], [203, 202])
0	0.0	0.38170679610340535	([464], [464, 463])
0	0.0	0.3817439313333302	([413], [413, 412])
0	0.0	0.38179401654016587	([271], [271, 270])
0	0.0	0.38192387319192483	([490], [490, 489])
0	0.0	0.3821078981084883	([280], [280, 279])
0	0.0	0.3821098501444953	([172], [172, 171])
0	0.0	0.38211818345754023	([78], [78, 77])
0	0.0	0.3821300776394924	([81], [81, 80])
0	0.0	0.3821508978009832	([265], [265, 264])
0	0.0	0.38251332922990855	([200], [200, 199])
0	0.0	0.3826810579478113	([474], [474, 473])
0	0.0	0.38268508294950127	([32], [32, 31])
0	0.0	0.3833308220368542	([26], [26, 25])
0	0.0	0.3835425764096343	([162], [162, 161])
0	0.0	0.3839024176066028	([398], [399, 397])
0	0.0	0.38396757695665246	([161], [161, 160])
0	0.0	0.3842691136030409	([319], [319, 318])
0	0.0	0.38446473050787305	([44], [44, 43])
0	0.0	0.384602163961902	([53], [53, 52])
0	0.0	0.3847929290668182	([154], [154, 152])
0	0.0	0.384845453712912	([291], [291, 290])
0	0.0	0.38500293493224413	([85], [85, 84])
0	0.0	0.3854464617815062	([372], [372, 371])
0	0.0	0.38605762697484314	([160], [160, 159])
0	0.0	0.38619089377855226	([314], [314, 313])
0	0.0	0.386304866455097	([62], [62, 61])
0	0.0	0.38639230217101367	([371], [371, 370])
0	0.0	0.3867293941729758	([138], [138, 137])
0	0.0	0.38684288583637255	([376], [376, 375])
0	0.0	0.38690521529995	([597], [597, 596])
0	0.0	0.38729317006500213	([144], [144, 143])
0	0.0	0.38754251354882546	([96], [96, 95])
0	0.0	0.3877922175518506	([47], [47, 46])
0	0.0	0.38826151957043176	([327], [327, 326])
0	0.0	0.38858790480558375	([407], [407, 406])
0	0.0	0.3891808601136365	([512], [512, 511])
0	0.0	0.3893980093709526	([196], [196, 195])
0	0.0	0.38946349438675987	([118], [118, 117])
0	0.0	0.3895183043818342	([4], [4, 3])
0	0.0	0.38973844603734004	([514], [514, 513])
0	0.0	0.38985463788940694	([215], [215, 214])
0	0.0	0.38989536031390715	([382], [382, 381])
0	0.0	0.3901526166696102	([415], [415, 414])
0	0.0	0.39023771598718215	([577], [577, 576])
0	0.0	0.3903867294924344	([37], [37, 36])
0	0.0	0.39090220656690844	([66], [66, 65])
0	0.0	0.3917416715259704	([312], [312, 311])
0	0.0	0.3921651063596598	([465], [465, 464])
0	0.0	0.3922517786684249	([273], [273, 272])
0	0.0	0.39257781549525833	([342], [342, 341])
0	0.0	0.3927376576303226	([484], [484, 483])
0	0.0	0.39321527786500277	([46], [46, 45])
0	0.0	0.3935756532830519	([58], [58, 57])
0	0.0	0.39378029257124536	([386], [386, 385])
0	0.0	0.3939185453530632	([378], [378, 377])
0	0.0	0.39422392614463136	([586], [586, 585])
0	0.0	0.39424971056806773	([22], [22, 21])
0	0.0	0.39435578493844636	([48], [48, 46])
0	0.0	0.3944421115650681	([567], [567, 566])
0	0.0	0.39478864313061757	([471], [471, 469])
0	0.0	0.3948260066201612	([556], [556, 555])
0	0.0	0.3948855456638095	([455], [455, 454])
0	0.0	0.39554407814668685	([197], [197, 196])
0	0.0	0.39560295153279706	([523], [523, 521])
0	0.0	0.3958277510283326	([568], [568, 567])
0	0.0	0.3961556161314254	([257], [257, 256])
0	0.0	0.3963454348825041	([446], [446, 445])
0	0.0	0.39659407434983895	([217], [217, 216])
0	0.0	0.39665516151738	([526], [526, 525])
0	0.0	0.39669626377916883	([254], [254, 253])
0	0.0	0.39696038924356886	([59], [59, 58])
0	0.0	0.39716492865136466	([170], [170, 169])
0	0.0	0.39717819424883843	([41], [41, 40])
0	0.0	0.3973022088469403	([134], [134, 133])
0	0.0	0.3979479940057812	([208], [208, 206])
0	0.0	0.3980416576609206	([444], [444, 443])
0	0.0	0.39808025195949814	([192], [192, 191])
0	0.0	0.39831210425168967	([124], [124, 123])
0	0.0	0.3989429096119978	([278], [278, 277])
0	0.0	0.3990480327209863	([69], [69, 68])
0	0.0	0.39940639716551507	([422], [422, 421])
0	0.0	0.3997709330567281	([282], [282, 281])
0	0.0	0.3997841788892767	([93], [93, 92])
0	0.0	0.3999747574540721	([156], [156, 155])
0	0.0	0.4000537477413797	([25], [25, 24])
0	0.0	0.4001563428506109	([63], [63, 62])
0	0.0	0.4006653973334677	([184], [184, 183])
0	0.0	0.4007011552150689	([262], [262, 261])
0	0.0	0.40078394257411165	([339], [339, 337])
0	0.0	0.4009957041738112	([135], [136, 134])
0	0.0	0.40236341612663107	([411], [411, 410])
0	0.0	0.402829777643679	([281], [281, 280])
0	0.0	0.40298469071932896	([493], [493, 492])
0	0.0	0.4035692794666485	([450], [450, 449])
0	0.0	0.4036087436154019	([320], [320, 319])
0	0.0	0.40366035193067623	([310], [310, 309])
0	0.0	0.40397309969216194	([420], [420, 419])
0	0.0	0.4040041634762674	([99], [99, 98])
0	0.0	0.40449839737431775	([303], [303, 302])
0	0.0	0.40469250988789146	([336], [336, 335])
0	0.0	0.40488004470974764	([432], [432, 431])
0	0.0	0.40498910839911495	([218], [218, 217])
0	0.0	0.4050821339465024	([72], [72, 71])
0	0.0	0.4054267959427373	([431], [431, 430])
0	0.0	0.40601280313760413	([139], [139, 138])
0	0.0	0.40623429300786695	([186], [186, 185])
0	0.0	0.40768282709086584	([458], [458, 457])
0	0.0	0.4077881267346095	([549], [549, 548])
0	0.0	0.4081603211326974	([304], [304, 303])
0	0.0	0.4081603829185317	([519], [519, 518])
0	0.0	0.40870842794905143	([295], [295, 294])
0	0.0	0.40917496775431533	([521], [521, 520])
0	0.0	0.40922396373941916	([104], [104, 103])
0	0.0	0.4093245825301902	([341], [341, 340])
0	0.0	0.40942846091241475	([326], [326, 325])
0	0.0	0.4101429225607325	([545], [545, 544])
0	0.0	0.41046021431844726	([380], [380, 379])
0	0.0	0.4104614057741341	([112], [112, 111])
0	0.0	0.410721681670188	([600], [600, 599])
0	0.0	0.41090506388758563	([325], [325, 324])
0	0.0	0.4109926841935236	([506], [506, 505])
0	0.0	0.4110274283031861	([300], [300, 298])
0	0.0	0.41153203416595585	([583], [583, 582])
0	0.0	0.4118103914664328	([97], [97, 96])
0	0.0	0.41204802521564043	([574], [574, 573])
0	0.0	0.4121744518446166	([166], [166, 165])
0	0.0	0.4127809318883998	([272], [272, 271])
0	0.0	0.4128282401508776	([463], [463, 462])
1	0.39238955201486986	0.41394577443193803	([21, 17], [21, 19, 18])
0	0.0	0.4149953136896676	([395], [396, 394])
0	0.0	0.41552766590502316	([116], [116, 115])
0	0.0	0.4158553699250803	([235], [235, 231])
0	0.0	0.41664640993545143	([251], [251, 250])
0	0.0	0.4167194325522084	([494], [494, 492])
0	0.0	0.4174238748079581	([263], [263, 262])
0	0.0	0.41785273104006626	([488], [489, 487])
0	0.0	0.4185714617975431	([253], [253, 252])
0	0.0	0.4187210824395953	([540], [540, 539])
0	0.0	0.4189247626632817	([438], [438, 437])
0	0.0	0.41967060084472974	([68], [68, 67])
0	0.0	0.41970412579277033	([538], [538, 537])
0	0.0	0.4223654358435747	([189], [208, 207])
0	0.0	0.422511374902485	([384], [384, 383])
0	0.0	0.4225904693736985	([240], [240, 239])
0	0.0	0.4230839277349992	([239], [239, 238])
0	0.0	0.4233207779911311	([397], [397, 396])
0	0.0	0.4234524679311249	([266], [266, 265])
0	0.0	0.42383591279295924	([591], [589, 588])
0	0.0	0.42466502655767946	([121], [121, 120])
0	0.0	0.4247903349530037	([232], [232, 211])
0	0.0	0.42549175899820485	([71], [71, 70])
0	0.0	0.426364493699771	([269], [269, 266])
0	0.0	0.4264247163940778	([416], [416, 415])
0	0.0	0.4265824031039944	([374], [374, 373])
0	0.0	0.42709918944552006	([177], [177, 176])
0	0.0	0.4272737428165587	([337], [337, 336])
0	0.0	0.42762054854937404	([533], [533, 531])
0	0.0	0.4284631455977856	([140], [140, 139])
0	0.0	0.4299640464620279	([579], [579, 578])
0	0.0	0.4299667720670656	([467], [467, 466])
0	0.0	0.43024920385973797	([430], [430, 429])
0	0.0	0.430385406443535	([117], [117, 116])
0	0.0	0.4318103728475744	([17], [17, 16])
0	0.0	0.4319891128672081	([255], [255, 254])
0	0.0	0.43262131078352256	([275], [275, 274])
0	0.0	0.43291045186556043	([531], [531, 530])
0	0.0	0.43361250949151237	([544], [544, 543])
0	0.0	0.4338207359678679	([286], [286, 283])
0	0.0	0.4338281171673046	([520], [520, 519])
0	0.0	0.4348963295150687	([436], [436, 435])
0	0.0	0.43584716321900485	([29], [29, 28])
0	0.0	0.43599575735917384	([510], [510, 509])
0	0.0	0.4379930952322466	([107], [107, 106])
0	0.0	0.43916068937396224	([225], [225, 224])
0	0.0	0.4400146783767921	([297], [297, 295])
0	0.0	0.44026462548351863	([241], [241, 232])
0	0.0	0.4408141491780148	([347], [347, 346])
0	0.0	0.44081997130060835	([356], [356, 354])
0	0.0	0.4416347112724733	([440], [440, 439])
0	0.0	0.44164400596157855	([555], [555, 554])
0	0.0	0.4422520531791004	([393], [393, 392])
0	0.0	0.4432367436905198	([247], [247, 232])
0	0.0	0.445312023764513	([564], [564, 563])
0	0.0	0.44562637401933997	([284], [284, 232])
0	0.0	0.4464968916716896	([221], [221, 220])
0	0.0	0.44665263368059177	([581], [581, 580])
0	0.0	0.4470936811980828	([223], [223, 222])
0	0.0	0.4476858608625484	([126], [126, 125])
0	0.0	0.44834161492084484	([242], [242, 241])
0	0.0	0.4485508485911461	([400], [400, 399])
0	0.0	0.4488830340738402	([238], [238, 234])
0	0.0	0.4488882048369492	([233], [233, 221])
0	0.0	0.45002280280047896	([236], [236, 234])
0	0.0	0.45160153848538664	([222], [222, 221])
0	0.0	0.45175970744807264	([355], [355, 233])
0	0.0	0.45318528024614	([214], [214, 213])
0	0.0	0.4544437660341676	([285], [285, 234])
0	0.0	0.45467288736045597	([207], [189, 188])
0	0.0	0.4550825261927572	([268], [268, 267])
0	0.0	0.4554429239003029	([234], [239, 237])
0	0.0	0.4558508308759167	([183], [183, 182])
0	0.0	0.45751285464038627	([164], [164, 163])
0	0.0	0.45796909953575193	([224], [228, 218])
0	0.0	0.45819909013854143	([220], [220, 218])
0	0.0	0.45858743866734514	([237], [234, 233])
0	0.0	0.4588183669357649	([9], [9, 8])
0	0.0	0.4593773730343488	([249], [268, 232])
0	0.0	0.46199541442851355	([211], [241, 240])
0	0.0	0.462828046520058	([229], [229, 225])
0	0.0	0.46290160663687024	([230], [230, 229])
0	0.0	0.4636486750597806	([231], [235, 229])
0	0.0	0.46456716778284296	([75], [75, 74])
0	0.0	0.46836168732028977	([388], [388, 387])
0	0.0	0.47112929719496976	([212], [279, 277])
0	0.0	0.4721326235883647	([427], [427, 425])
0	0.0	0.4727690114089098	([219], [219, 214])
0	0.0	0.47401434510758084	([504], [504, 503])
1	0.47279946362057496	0.474268823856217	([237, 236], [239, 238, 237])
0	0.0	0.48979933964776845	([39], [39, 38])
1	0.46001134944583755	0.4919132718577966	([225, 222], [225, 222, 218])
1	0.48892363945430983	0.5089435525572773	([285, 284], [286, 285, 284])
0	0.0	0.5108933203934223	([276], [231, 207])
1	0.48410098919278804	0.5194589860031709	([276, 275], [279, 277, 276])
1	0.517607715347816	0.5253294003760957	([499, 493], [499, 495, 493])
1	0.46809745172033146	0.5293322774204057	([224, 223], [224, 223, 222])
1	0.4971156827573156	0.5347047242792949	([217, 214], [217, 216, 214])
1	0.5076837511941524	0.535264281810012	([394, 391], [394, 393, 391])
1	0.5280519020761968	0.5457561707496199	([239, 228], [239, 235, 229])
1	0.523335823359658	0.5457561707496199	([239, 235], [239, 236, 229])
1	0.5236073211348249	0.5457561707496199	([243, 229], [243, 239, 229])
1	0.46422050224925065	0.5583473635400305	([243, 239], [243, 242, 241])
1	0.5598248717186918	0.5606154954084054	([570, 564], [570, 568, 564])
1	0.5648421916754274	0.5665568586793993	([218, 212], [219, 218, 212])
1	0.5632522757901091	0.5794550709595316	([605, 595], [605, 600, 595])
1	0.5632728385549235	0.5815096379687531	([218, 209], [218, 212, 209])
1	0.5455067478780247	0.584226082360101	([241, 234], [241, 239, 238])
1	0.5637558129071367	0.5842858486079675	([242, 222], [243, 242, 229])
1	0.4919802890468329	0.5959297548020317	([220, 219], [217, 213, 212])
1	0.595511282398781	0.5985425296589524	([302, 217], [303, 302, 217])
1	0.5934676654506394	0.6017539073961345	([257, 217], [257, 255, 217])
1	0.5990900201795937	0.6075239449165107	([222, 213], [222, 216, 213])
1	0.5649707545236781	0.6103514828035815	([219, 207], [219, 207, 202])
1	0.5938201382699637	0.6151220359241566	([241, 230], [241, 238, 237])
1	0.6018743357605657	0.6152602684189171	([39, 28], [39, 35, 29])
1	0.5389825463689653	0.6160458689247484	([219, 195], [219, 211, 207])
1	0.5434693137678313	0.6170314954910594	([278, 228], [279, 278, 218])
1	0.6020229677300106	0.6189327830918434	([317, 303], [317, 310, 303])
1	0.5976588171349194	0.6192776453351995	([515, 506], [515, 513, 506])
1	0.561717883066238	0.6193166268539361	([269, 217], [274, 269, 265])
1	0.6169958479931296	0.6201801637551672	([22, 8], [22, 17, 8])
1	0.613212025362581	0.6217649963753041	([297, 282], [297, 296, 282])
1	0.6148045444684583	0.6229241060093433	([249, 235], [249, 245, 235])
1	0.6074498858823204	0.6237364725202441	([223, 215], [223, 220, 215])
1	0.6190193189892582	0.6241993898328412	([235, 197], [235, 225, 198])
1	0.5921649308383073	0.6274102976668247	([246, 238], [246, 244, 239])
1	0.5537536469153905	0.6278281103437063	([248, 219], [246, 238, 237])
1	0.5609060609624268	0.6279551327675637	([251, 243], [250, 246, 244])
1	0.5921385030408979	0.6283898538965433	([298, 219], [303, 300, 298])
1	0.5687396422033558	0.6312532562494989	([240, 217], [240, 237, 222])
1	0.5962867068979579	0.6333272062838592	([219, 184], [219, 213, 211])
1	0.5899484237540193	0.6373964755152326	([258, 219], [266, 262, 219])
1	0.5649028857092029	0.6378070105443837	([271, 219], [262, 254, 219])
1	0.6076773898477184	0.6405147552236069	([280, 219], [284, 282, 219])
1	0.6134012428784245	0.6434941118081825	([265, 235], [262, 254, 253])
1	0.6057435822948868	0.6435045634088364	([295, 278], [295, 286, 282])
1	0.5416679852938455	0.6460911067896189	([279, 217], [278, 272, 218])
1	0.6472033896991873	0.6481617348695529	([593, 219], [603, 598, 219])
1	0.6048013745449662	0.6505565066192811	([248, 225], [248, 225, 218])
1	0.6417133259209603	0.6509894135228849	([229, 203], [229, 228, 210])
1	0.641092766919261	0.6509894135228849	([278, 210], [278, 228, 210])
1	0.6078720110196256	0.6512989113844716	([265, 243], [265, 261, 243])
1	0.648593192151932	0.6524632575533716	([135, 119], [135, 130, 127])
1	0.5388885449646639	0.6539389930741739	([284, 219], [280, 219, 216])
1	0.6117432628496738	0.6548329882186451	([605, 583], [595, 590, 589])
1	0.646987466487337	0.6572264489490782	([107, 95], [107, 104, 98])
1	0.585223369883994	0.6572889295307173	([217, 185], [219, 191, 188])
1	0.584958997852328	0.6590724627450708	([303, 219], [298, 295, 219])
1	0.6581604973267053	0.659419686730814	([280, 239], [330, 283, 239])
1	0.6500083295038802	0.6598736604623932	([218, 182], [218, 217, 185])
1	0.6551521230104761	0.6630885038674248	([219, 108], [219, 116, 113])
1	0.5928814617385708	0.6631727585369801	([218, 175], [218, 182, 179])
1	0.6493359555079149	0.6636862216352767	([212, 186], [212, 199, 186])
1	0.6558963127778212	0.6639094408025942	([417, 403], [417, 411, 403])
1	0.5940923882970032	0.6643700784173738	([217, 190], [217, 203, 198])
1	0.6180915325530932	0.6643700784173738	([225, 198], [225, 217, 198])
1	0.5635691805579364	0.6644260888487808	([243, 213], [243, 221, 213])
1	0.649500121652964	0.6646846164580573	([519, 505], [519, 514, 505])
1	0.6524560284467519	0.6660416806550276	([271, 225], [278, 271, 264])
1	0.6478121871263998	0.6668432741788756	([151, 134], [152, 150, 138])
1	0.6493958760742691	0.6671969824276769	([184, 175], [218, 184, 182])
1	0.634498657099661	0.6672306692595462	([276, 252], [276, 252, 242])
1	0.6254911264139518	0.6677343026033602	([219, 68], [219, 77, 69])
1	0.6416516018249144	0.6678281596905054	([335, 229], [335, 327, 323])
1	0.6658232380103002	0.6680914988090745	([98, 90], [98, 94, 90])
1	0.6562722465214732	0.6699140121465365	([243, 69], [243, 69, 62])
1	0.6328268658840784	0.6699285398976376	([279, 242], [274, 262, 252])
1	0.6231675256265555	0.6699736835875163	([218, 193], [218, 217, 195])
1	0.6498489534979593	0.6702509621619114	([219, 178], [219, 185, 178])
1	0.6132327662024677	0.670314905846833	([228, 200], [228, 218, 202])
1	0.6584352142894386	0.6724821802271566	([243, 208], [243, 213, 207])
1	0.6437780735159159	0.6731390585872725	([336, 324], [336, 328, 327])
1	0.6530720414621014	0.6735577755119677	([243, 177], [243, 184, 177])
1	0.5886273013867597	0.6736792643647558	([253, 217], [255, 246, 243])
1	0.6538623595471542	0.6739544998028528	([334, 219], [334, 327, 218])
1	0.6332402610103892	0.673985741217203	([514, 230], [514, 505, 504])
1	0.6320325142105514	0.6747635864132414	([283, 270], [283, 276, 272])
1	0.5835667290016715	0.6748225883114289	([217, 165], [218, 175, 174])
1	0.6678389028318394	0.6749525500308778	([568, 243], [568, 567, 243])
1	0.6743335267302284	0.6757483074855956	([218, 70], [219, 218, 77])
1	0.6231816728466658	0.6761051089522093	([229, 168], [229, 168, 160])
1	0.6751860083918004	0.6761935530723111	([370, 218], [378, 369, 218])
1	0.6759087916775737	0.676607918386443	([539, 520], [539, 532, 520])
1	0.5910073399330822	0.6780501103661887	([264, 217], [269, 264, 256])
1	0.6614197989570048	0.6790502159671061	([218, 115], [219, 218, 116])
1	0.676063334020151	0.679289089103544	([100, 85], [100, 98, 90])
1	0.6353137628879125	0.6799098494958393	([278, 253], [278, 264, 253])
1	0.6746849511120399	0.6799992201578703	([602, 585], [602, 593, 585])
1	0.6619202607665726	0.6802506547975932	([329, 312], [329, 323, 312])
1	0.6502185194818114	0.6808376366968841	([229, 127], [326, 243, 127])
1	0.6155981571248503	0.6811711224757117	([229, 160], [229, 225, 168])
1	0.608914127736593	0.6819535835724968	([329, 239], [329, 280, 239])
1	0.641132125407019	0.6827901435039413	([219, 160], [219, 218, 158])
1	0.6703418717917351	0.6830451747073912	([225, 206], [225, 206, 200])
1	0.588127688123532	0.683461126585543	([219, 96], [219, 108, 96])
1	0.6833756840340051	0.6836880651993752	([300, 275], [300, 294, 275])
1	0.6648987106056434	0.6839001343462012	([28, 7], [28, 22, 8])
1	0.6036379544554693	0.6839199542089466	([324, 217], [329, 323, 320])
1	0.6486393725084189	0.684765068856258	([219, 167], [219, 167, 160])
1	0.670044119987888	0.6849373411168347	([545, 218], [559, 540, 218])
1	0.6562027568648654	0.6850924433689988	([288, 275], [300, 278, 275])
1	0.6751957056098836	0.6863387330554261	([218, 53], [218, 63, 59])
1	0.5986425224370125	0.6864096557485826	([217, 106], [218, 217, 106])
1	0.6228845614072194	0.6868033963694226	([217, 80], [218, 217, 80])
1	0.6728079599333341	0.6872792484275194	([281, 238], [281, 242, 238])
1	0.6764362469906431	0.6886211713447642	([572, 550], [572, 566, 550])
1	0.6535243146707845	0.6886364786979651	([336, 278], [336, 324, 320])
1	0.6723091088106862	0.6894123601689433	([326, 225], [331, 326, 243])
1	0.6664838501996019	0.6894123601689433	([331, 243], [331, 327, 326])
1	0.6701352257554664	0.6897259529464255	([524, 512], [524, 519, 517])
1	0.6719593346726398	0.6904284442462484	([540, 519], [541, 539, 520])
1	0.6849770942546722	0.6904284442462484	([545, 520], [545, 541, 520])
1	0.5629497417240638	0.6914627942379679	([325, 283], [330, 322, 283])
1	0.6565254941602343	0.6922433819836251	([418, 219], [418, 411, 405])
1	0.6853703221367421	0.6923194459064002	([329, 298], [329, 298, 283])
1	0.6658900335842851	0.6925550947147086	([30, 16], [30, 24, 22])
1	0.6853764954471181	0.6932187067506598	([218, 22], [218, 22, 3])
1	0.661240454064536	0.6932963396377257	([383, 219], [392, 384, 383])
1	0.6857890586511712	0.6933820735669805	([577, 544], [578, 577, 545])
1	0.6902179216706589	0.6940427557720491	([218, 145], [218, 157, 151])
1	0.6064875376402593	0.6942245889588564	([223, 207], [223, 222, 204])
1	0.654200084562803	0.6947474329612443	([266, 239], [283, 270, 239])
1	0.6756877135657297	0.6950972818789565	([574, 556], [574, 566, 557])
1	0.5765198151282916	0.6956931679428546	([219, 116], [218, 145, 120])
1	0.686410906414417	0.6957087785178949	([330, 309], [330, 320, 317])
1	0.6713540121533003	0.6960899121294246	([506, 218], [519, 514, 218])
1	0.6948878754428073	0.6961442899751774	([519, 491], [519, 504, 491])
1	0.6711300955523413	0.6967931654935259	([32, 10], [32, 30, 10])
1	0.5343169229810418	0.6968639154738631	([330, 283], [319, 303, 301])
1	0.6744592237570333	0.6970312327114383	([70, 24], [62, 50, 27])
1	0.6769107247374806	0.6974452895650889	([578, 545], [577, 574, 556])
1	0.6561385660763146	0.6985102378179485	([536, 219], [540, 532, 530])
1	0.641719566800705	0.6986296231398408	([310, 283], [323, 322, 283])
1	0.6922712219228595	0.6994708417136588	([218, 42], [218, 53, 42])
1	0.6991563821250368	0.6997704299305796	([540, 500], [540, 519, 518])
1	0.6985433516478587	0.7006667073913471	([518, 500], [519, 518, 500])
1	0.6493865737405172	0.7007432896212448	([582, 546], [582, 577, 544])
1	0.6227773744576927	0.7009183635065706	([229, 180], [229, 215, 184])
1	0.6118627650189082	0.7009183635065706	([235, 184], [235, 229, 184])
1	0.6124510873779061	0.7009183635065706	([243, 184], [243, 229, 184])
1	0.6710153146231003	0.7009564230614451	([275, 214], [278, 275, 214])
1	0.6914506360037068	0.7009564230614451	([283, 214], [283, 278, 214])
1	0.700163436988314	0.7014149844911728	([188, 173], [188, 180, 173])
1	0.6980310897740907	0.701691090125626	([493, 474], [493, 488, 474])
1	0.6998685374489908	0.7021500589139174	([239, 191], [239, 228, 202])
1	0.6863886374342357	0.7029208021750022	([52, 33], [52, 43, 42])
1	0.684193551069506	0.7036687868345898	([29, 17], [29, 25, 18])
1	0.6896128599047251	0.7037321385958311	([591, 577], [591, 583, 577])
1	0.6658036948982875	0.7037890640963949	([356, 329], [356, 348, 329])
1	0.6628825218679614	0.7047246970709579	([430, 243], [439, 431, 430])
1	0.6884355442822921	0.7050919077364471	([285, 269], [285, 279, 218])
1	0.6893601243588915	0.7052084836746336	([519, 477], [519, 491, 477])
1	0.7037034804445114	0.7057216040932106	([422, 397], [422, 411, 400])
1	0.6794656450336035	0.7057652849636405	([67, 25], [67, 66, 25])
1	0.6818427274809238	0.7057901509406824	([395, 218], [395, 380, 379])
1	0.6976612263278991	0.7064521806809912	([545, 502], [545, 506, 502])
1	0.6481274660509333	0.7069437756475477	([320, 278], [327, 320, 278])
1	0.6811877859642047	0.707124503732975	([307, 290], [310, 307, 290])
1	0.5973634958871211	0.7071562943456754	([280, 230], [280, 230, 229])
1	0.6393312893963973	0.7071562943456754	([293, 229], [287, 280, 229])
1	0.6007863127599543	0.708233882129001	([219, 33], [219, 46, 34])
1	0.7045132769807687	0.7083189547837475	([315, 269], [315, 269, 239])
1	0.6353775106713894	0.7083696921725501	([292, 235], [292, 287, 229])
1	0.6993441439022815	0.7086846430635109	([41, 16], [41, 31, 16])
1	0.6826308755178995	0.7090449189510599	([501, 477], [501, 497, 477])
1	0.6989701174069282	0.7091089502609988	([500, 470], [500, 488, 470])
1	0.6744833911937202	0.7094170484864485	([496, 243], [502, 496, 491])
1	0.46004664899445075	0.7095364026988293	([247, 246], [247, 241, 232])
1	0.6697009472226149	0.7095364026988293	([275, 249], [275, 247, 241])
1	0.7085735608887596	0.7098593581255132	([517, 470], [517, 505, 500])
1	0.7058698266680948	0.7105114896003507	([148, 123], [148, 142, 123])
1	0.6257286965223078	0.7107265972278769	([229, 190], [222, 204, 190])
1	0.7018300540104476	0.710873897393936	([579, 540], [579, 578, 548])
1	0.7061991812277953	0.7111958897122692	([276, 213], [278, 276, 213])
1	0.6995780212617028	0.7112914866547188	([158, 140], [158, 151, 148])
1	0.6724400080229506	0.7117894095905322	([243, 41], [243, 39, 0])
1	0.6625931893614566	0.7118597887715276	([342, 219], [342, 334, 331])
1	0.7035295091970355	0.7119004107034648	([301, 274], [301, 297, 280])
1	0.7096720770048645	0.7119361847531275	([325, 238], [325, 283, 238])
1	0.6627880261274808	0.7125383866586217	([291, 222], [291, 283, 282])
1	0.6972014960944444	0.7125625690973958	([597, 228], [597, 594, 228])
1	0.7021475172528966	0.7126054922694145	([410, 387], [410, 400, 396])
1	0.7016748171681715	0.7129276641137074	([35, 15], [35, 31, 15])
1	0.6769652574415327	0.7131486109229899	([284, 228], [284, 281, 225])
1	0.7049085001252948	0.7133974693137314	([327, 294], [327, 294, 278])
1	0.7056329063896558	0.7134807659964988	([123, 102], [122, 121, 102])
1	0.6763228282461298	0.7138495061074358	([353, 330], [353, 343, 341])
1	0.7113254088514411	0.7141513131154096	([42, 11], [42, 31, 15])
1	0.7105136145515045	0.7142336504878114	([278, 67], [278, 218, 77])
1	0.7102810517294263	0.714480884121543	([503, 476], [517, 505, 476])
1	0.7072588530955533	0.7145968721263828	([134, 109], [134, 117, 109])
1	0.68830575103074	0.7148770526425015	([308, 292], [308, 307, 292])
1	0.7040871327075215	0.7149716181548678	([95, 60], [95, 66, 60])
1	0.7125704890197121	0.7151128842057635	([283, 131], [283, 150, 139])
1	0.7080150715402246	0.7152463875072608	([528, 511], [528, 523, 511])
1	0.7147517037311911	0.7153087733664344	([520, 493], [540, 520, 493])
1	0.7154031450960274	0.715766103253738	([326, 293], [330, 326, 293])
1	0.703338050089063	0.715923551467585	([457, 423], [457, 430, 429])
1	0.7112774692322651	0.7159515538196031	([177, 154], [177, 161, 154])
1	0.6495958429271315	0.7162813850336571	([229, 147], [229, 154, 152])
1	0.7135985354051657	0.7164695426139046	([118, 92], [118, 106, 92])
1	0.6978473778829138	0.7166205231898984	([61, 0], [61, 50, 39])
1	0.7163852626813169	0.7168841516060509	([472, 447], [476, 457, 447])
1	0.5893255064120917	0.716914753963656	([217, 180], [228, 217, 180])
1	0.7072520110554062	0.7176267257465956	([282, 255], [282, 262, 255])
1	0.7148067876888838	0.7176818573070529	([269, 201], [269, 212, 201])
1	0.7101849897340285	0.7178511746709991	([542, 515], [545, 542, 515])
1	0.6204770009152228	0.7179662971379086	([223, 193], [224, 223, 193])
1	0.7174827818381132	0.7181352671910666	([563, 532], [563, 558, 532])
1	0.7009096773986999	0.718566726455723	([457, 430], [457, 441, 437])
1	0.6835614898222664	0.7188623745723266	([329, 265], [329, 265, 236])
1	0.6451623391658629	0.7189449165728704	([230, 108], [230, 229, 108])
1	0.6572923464250078	0.7189541477582622	([439, 243], [430, 423, 422])
1	0.5371600520762972	0.7191405361891696	([326, 127], [229, 147, 139])
1	0.6293204544329801	0.7191405361891696	([235, 139], [235, 229, 139])
1	0.7192748968208662	0.7194201198867087	([463, 283], [471, 458, 283])
1	0.6254178814922955	0.7194614427414554	([323, 229], [320, 318, 229])
1	0.7160890417302024	0.7196276863614661	([92, 39], [92, 79, 39])
1	0.672360195065472	0.7197835217354868	([604, 545], [605, 581, 546])
1	0.7165774827168394	0.7203740352583581	([137, 91], [137, 118, 92])
1	0.6313768596704533	0.720386552243458	([230, 24], [230, 71, 24])
1	0.5584508220022014	0.7206442890115978	([326, 116], [326, 127, 116])
1	0.7127179620920836	0.7207007300456956	([430, 394], [424, 418, 394])
1	0.7106549380698512	0.7210536303486542	([49, 20], [49, 39, 8])
1	0.7137120494825746	0.7211840576834772	([603, 548], [603, 581, 578])
1	0.7151144224720546	0.721402309808844	([153, 117], [153, 135, 119])
1	0.7066766241364828	0.7215102249215353	([558, 538], [558, 556, 538])
1	0.6208697689458639	0.7215408496884365	([316, 219], [316, 304, 303])
1	0.7160468467456447	0.7216954013497252	([314, 291], [314, 308, 291])
1	0.6951821589346788	0.7217486694716626	([58, 22], [58, 47, 43])
1	0.7046020005439241	0.7218938087361527	([379, 356], [379, 370, 356])
1	0.7007271459811807	0.7219458857332689	([283, 180], [329, 283, 180])
1	0.706859245014305	0.7219993829660514	([439, 421], [438, 431, 421])
1	0.6035497001539885	0.7221781666708138	([219, 21], [219, 31, 21])
1	0.6977887826170848	0.722289835245796	([415, 392], [415, 408, 392])
1	0.7218290432452555	0.7223287094770767	([283, 56], [283, 65, 59])
1	0.7209976575475541	0.722329803373873	([463, 439], [463, 449, 448])
1	0.6526216034157515	0.7223423314998003	([328, 275], [328, 324, 275])
1	0.7207010481077311	0.7224286700457648	([405, 385], [405, 401, 385])
1	0.7013776945756377	0.7225575195572782	([79, 50], [79, 71, 50])
1	0.691318598664838	0.7226051427691405	([95, 66], [93, 77, 75])
1	0.7222288659846393	0.7226790247724287	([278, 138], [278, 155, 138])
1	0.6662249815651564	0.7228800977074734	([289, 243], [298, 289, 283])
1	0.7217067065329675	0.7234844968763882	([339, 294], [339, 319, 318])
1	0.7111919486504534	0.7239471744482374	([126, 101], [126, 121, 102])
1	0.6106598571051618	0.7240941372183224	([256, 223], [256, 223, 222])
1	0.7189883037934927	0.7242292251232545	([278, 155], [283, 278, 139])
1	0.7084830368534051	0.7245422566693852	([574, 539], [574, 559, 539])
1	0.7066946407804583	0.7248507911770249	([568, 522], [568, 541, 519])
1	0.7214227583860399	0.7249847552265339	([380, 352], [380, 374, 354])
1	0.6109925989144372	0.7251119669459081	([219, 77], [108, 95, 63])
1	0.71445648885082	0.725750883966233	([138, 105], [138, 119, 105])
1	0.6715756261078554	0.7258800065999621	([430, 218], [430, 229, 222])
1	0.7210424928016187	0.7260501965779218	([387, 357], [387, 379, 374])
1	0.6120852799132953	0.7261236399991124	([223, 171], [223, 222, 171])
1	0.7240553309770721	0.7263982568873697	([222, 71], [222, 218, 70])
1	0.6397538353500707	0.7268286978761305	([547, 219], [603, 548, 547])
1	0.6915223901394765	0.7268286978761305	([601, 547], [603, 601, 547])
1	0.7131304934757927	0.726844438301476	([242, 179], [242, 214, 185])
1	0.712795672393381	0.7274314786650516	([57, 12], [58, 57, 12])
1	0.7257652507059298	0.7274686540045701	([325, 213], [325, 283, 276])
1	0.6982295093625623	0.7275057957855187	([130, 100], [137, 121, 97])
1	0.6501795869475623	0.7277911140500716	([591, 218], [591, 568, 519])
1	0.6946880878883646	0.7278699643641419	([120, 75], [137, 120, 91])
1	0.6425086778523729	0.7280535957794143	([230, 7], [230, 24, 7])
1	0.7245583911751796	0.7281877515758263	([416, 283], [429, 421, 283])
1	0.6931548505817362	0.7284624032739101	([127, 103], [126, 125, 103])
1	0.7224375802292191	0.7284691345013358	([140, 103], [140, 126, 122])
1	0.6422422424538812	0.728546491329495	([229, 94], [229, 94, 92])
1	0.724150269933497	0.72855673885394	([403, 283], [416, 404, 401])
1	0.7271197641594371	0.7286170651369094	([365, 283], [365, 359, 283])
1	0.6735876132267319	0.7286425247350816	([417, 243], [439, 421, 418])
1	0.702338406615278	0.7291486691714895	([240, 186], [240, 217, 186])
1	0.7147955630685627	0.7294025379923543	([570, 536], [570, 557, 537])
1	0.7065130491792581	0.729424180055026	([94, 72], [94, 81, 69])
1	0.7144276578025124	0.7294373605353316	([287, 266], [287, 282, 266])
1	0.7247023897972135	0.7294904781436847	([125, 88], [125, 103, 102])
1	0.712314897946842	0.7297499094987504	([110, 66], [110, 98, 96])
1	0.7071966688092388	0.7300213352777148	([283, 197], [283, 222, 197])
1	0.7237337384762849	0.7301967405522332	([56, 10], [56, 42, 10])
1	0.720573044676641	0.730274886642501	([294, 236], [294, 280, 275])
1	0.6570748785167667	0.7304743087932083	([599, 218], [599, 591, 582])
1	0.6026988849276068	0.7308005770641636	([337, 217], [337, 336, 217])
1	0.6180320613907193	0.730827397599006	([303, 229], [318, 278, 228])
1	0.7272083935427526	0.7308698159187004	([321, 222], [321, 319, 222])
1	0.6579549996219191	0.7314446780810785	([298, 243], [310, 300, 242])
1	0.7245497922924501	0.7315537127721642	([283, 92], [283, 92, 81])
1	0.726353039966921	0.7319907473209607	([198, 172], [236, 190, 172])
1	0.7254867087009087	0.7320040909168118	([551, 533], [558, 551, 532])
1	0.6620013076471368	0.7323236600601536	([243, 0], [243, 229, 41])
1	0.7035894518133026	0.7323915653295159	([117, 93], [114, 107, 97])
1	0.7044217613838917	0.7324318720595212	([276, 177], [276, 242, 177])
1	0.6978121910789179	0.7325196121669414	([127, 90], [127, 103, 90])
1	0.7092825838239032	0.7326473921387083	([431, 283], [458, 457, 283])
1	0.6480714991182216	0.7331196404827035	([229, 19], [229, 41, 19])
1	0.7191387470120477	0.7331881318560738	([375, 283], [375, 365, 357])
1	0.6556831259275475	0.7332810118581595	([392, 219], [383, 368, 361])
1	0.7300741769833385	0.7334261559945833	([423, 278], [403, 397, 278])
1	0.7260043584474234	0.7334920832510426	([169, 148], [169, 161, 150])
1	0.7211335183986878	0.7336038408299298	([433, 278], [443, 433, 278])
1	0.7057317151476153	0.7337522492312071	([239, 142], [239, 222, 142])
1	0.6559465614725708	0.7338530725951149	([243, 62], [243, 62, 39])
1	0.7314007470869619	0.7343087285069749	([516, 228], [516, 504, 500])
1	0.7273085069458135	0.7343497751589203	([520, 473], [520, 493, 477])
1	0.7081484942145455	0.7343855281455569	([340, 297], [340, 327, 319])
1	0.7271677923044537	0.7347012733330133	([477, 445], [477, 472, 447])
1	0.7266525203255135	0.7349371735117417	([106, 62], [106, 96, 62])
1	0.7190217032513901	0.7349620374723876	([275, 183], [275, 214, 212])
1	0.7273153613851995	0.7350153312577917	([605, 67], [605, 67, 23])
1	0.6755462214355056	0.7351689853276742	([353, 243], [353, 331, 330])
1	0.7300959030626105	0.7351947761220704	([295, 249], [295, 277, 275])
1	0.7083456575603734	0.7352632202372849	([474, 442], [474, 452, 448])
1	0.7116299919382372	0.7352632202372849	([497, 448], [497, 474, 448])
1	0.7209487781128582	0.7353573202927909	([283, 81], [283, 92, 65])
1	0.7243547719334789	0.7353695055266415	([570, 521], [570, 536, 526])
1	0.7232278374531067	0.7357166181675847	([561, 530], [561, 551, 532])
1	0.7136579272375957	0.7363842068640218	([511, 494], [511, 504, 499])
1	0.7266111973407405	0.7364798647762648	([59, 4], [59, 39, 25])
1	0.7280025235547505	0.7366973391386824	([543, 511], [543, 528, 526])
1	0.6450296235161421	0.7367096827223918	([423, 229], [444, 440, 229])
1	0.6500798021530996	0.7367096827223918	([470, 229], [470, 440, 229])
1	0.7219010349245499	0.7367212318016827	([370, 229], [390, 378, 376])
1	0.7308453650610807	0.7367697724736473	([498, 229], [498, 486, 485])
1	0.7104460041538585	0.7368255923452195	([481, 455], [481, 471, 466])
1	0.729266385457868	0.7368668862201811	([454, 408], [444, 408, 398])
1	0.6948893757196938	0.7369655896053577	([225, 140], [225, 140, 130])
1	0.7298388142735412	0.7369855944807063	([222, 107], [222, 160, 154])
1	0.7365125390973649	0.7372925871764014	([584, 542], [584, 579, 542])
1	0.7260272424383849	0.7373589751087531	([503, 228], [514, 503, 228])
1	0.6890978437182297	0.7375109577827923	([225, 130], [228, 166, 140])
1	0.6160966724627486	0.7375630407478545	([219, 142], [229, 222, 139])
1	0.7090772113298012	0.7375630407478545	([283, 150], [283, 222, 139])
1	0.7282065281112073	0.7379002679107531	([88, 43], [91, 88, 43])
1	0.6961464002726803	0.7380284175939011	([82, 48], [82, 75, 48])
1	0.7383448263443626	0.738591693357042	([464, 278], [464, 457, 278])
1	0.6562319037914505	0.738591693357042	([471, 283], [505, 457, 278])
1	0.7246335903229602	0.7386091500183655	([160, 107], [222, 139, 121])
1	0.7319178235674154	0.738609307583995	([444, 419], [444, 419, 418])
1	0.7244135980965501	0.7386241854813438	([432, 398], [432, 429, 398])
1	0.7301349186560598	0.7388295279870564	([401, 367], [413, 401, 370])
1	0.7260021956836638	0.738896541220238	([91, 29], [91, 79, 43])
1	0.6974703565940664	0.7389499154144215	([461, 218], [454, 438, 437])
1	0.6274806304310142	0.7389518752444393	([368, 219], [405, 392, 384])
1	0.7308731112488084	0.7389694732212031	([426, 371], [426, 423, 394])
1	0.7359160634766295	0.7391969680241153	([222, 23], [222, 71, 23])
1	0.6394625696760512	0.7397625072192038	([603, 219], [598, 580, 568])
1	0.7284246268583682	0.7398197021435787	([73, 28], [80, 73, 28])
1	0.7361121263487019	0.7399309873421894	([60, 2], [62, 60, 2])
1	0.7241432196685152	0.7400270538694261	([530, 283], [530, 512, 510])
1	0.7283080398780419	0.7400270538694261	([537, 510], [537, 530, 510])
1	0.733161877063097	0.7401031852170935	([560, 531], [560, 556, 536])
1	0.7297285739727564	0.7401096670629334	([128, 99], [138, 128, 99])
1	0.7211389370550445	0.7404611270109853	([357, 326], [357, 345, 339])
1	0.6238454414946234	0.7405382714847679	([229, 82], [229, 222, 94])
1	0.6716392162651091	0.7406038860125274	([378, 218], [397, 380, 378])
1	0.7156182130542469	0.7406746262378568	([93, 27], [93, 71, 27])
1	0.7405219008651026	0.7411155738591139	([453, 228], [453, 445, 228])
1	0.7314253158232193	0.7412198404679853	([188, 137], [188, 173, 155])
1	0.7014933622629699	0.7412970161061369	([536, 488], [539, 536, 488])
1	0.7311283062657699	0.7413972058126765	([387, 278], [402, 387, 382])
1	0.7022869479121047	0.7414318407462995	([88, 57], [88, 58, 57])
1	0.7276567353236971	0.7414318407462995	([97, 58], [97, 88, 58])
1	0.6656478786639001	0.7414590867885184	([307, 243], [309, 301, 222])
1	0.7194679675834975	0.7414632321896611	([522, 489], [522, 499, 493])
1	0.6622207873406741	0.7415296052237974	([243, 158], [243, 169, 156])
1	0.7034775222330427	0.7415343818114296	([417, 329], [417, 416, 329])
1	0.506146802165659	0.7419414645905259	([326, 244], [326, 263, 225])
1	0.7276133347970968	0.7420388772762153	([502, 432], [502, 499, 457])
1	0.7197920444321801	0.7422176591265923	([445, 413], [448, 445, 413])
1	0.7401388616864623	0.74223082920197	([605, 503], [605, 545, 503])
1	0.7288286189099155	0.7422752471972126	([605, 558], [605, 574, 558])
1	0.736899520928509	0.7425763513317921	([177, 107], [177, 137, 118])
1	0.7305302440085624	0.7426336825747133	([469, 435], [469, 457, 441])
1	0.7022289296151628	0.7426910653910005	([397, 329], [393, 387, 329])
1	0.7325287898981493	0.7429230260676886	([160, 120], [222, 160, 120])
1	0.7320416239508153	0.7430063855843507	([388, 363], [388, 363, 350])
1	0.7233002298353919	0.7431261571590815	([529, 497], [536, 529, 497])
1	0.7200725430954635	0.743221897414197	([550, 525], [552, 542, 528])
1	0.6975401837744521	0.7434513396708812	([496, 463], [496, 482, 463])
1	0.7335853221221833	0.7435634277330296	([530, 494], [530, 510, 509])
1	0.7288435161329476	0.7439223642212499	([484, 450], [484, 471, 460])
1	0.7305252518975341	0.7439507966646247	([261, 194], [261, 243, 194])
1	0.47662668550591536	0.7440552523909862	([254, 234], [254, 242, 236])
1	0.7264134676660928	0.7440731448189936	([575, 533], [575, 556, 551])
1	0.7431315791108511	0.7442157070977439	([401, 348], [401, 387, 329])
1	0.6412166216643228	0.7442157070977439	([559, 217], [416, 401, 329])
1	0.654197764562182	0.7443510007275117	([239, 115], [239, 225, 115])
1	0.7351961504381894	0.7444739026398177	([374, 330], [374, 370, 330])
1	0.7083916689266461	0.7446021985457087	([151, 107], [151, 134, 98])
1	0.7181777071696016	0.7446650349101481	([379, 336], [380, 371, 336])
1	0.7333142858003148	0.7449318657459312	([372, 331], [372, 359, 331])
1	0.7091101183755062	0.7449366334918155	([605, 1], [605, 604, 0])
1	0.7196586049330819	0.7450126003154102	([228, 110], [228, 110, 93])
1	0.7289805676194178	0.7450251580881913	([84, 44], [84, 79, 39])
1	0.7205667586087432	0.7451619999101218	([112, 65], [112, 109, 65])
1	0.7226153882921706	0.7451665740580817	([510, 283], [510, 500, 457])
1	0.7110649055041324	0.745171159262778	([105, 71], [105, 94, 71])
1	0.7220060531199143	0.7452318882147235	([360, 274], [360, 327, 274])
1	0.7275418978131792	0.7453408509511955	([413, 370], [401, 395, 370])
1	0.6785789634941525	0.7453900597315942	([243, 105], [243, 222, 105])
1	0.735694658878135	0.7457812111087025	([526, 474], [526, 519, 491])
1	0.7264008672976042	0.745943255094502	([439, 275], [443, 439, 275])
1	0.7448963832987521	0.7462021111881683	([391, 365], [391, 377, 365])
1	0.7205826983117981	0.7463872197210593	([366, 337], [366, 360, 337])
1	0.740135711868884	0.7466520823674788	([511, 479], [511, 500, 494])
1	0.716231676901407	0.7473276815489984	([599, 239], [599, 597, 239])
1	0.5932329747511406	0.7473900992294178	([217, 114], [217, 114, 106])
1	0.7443889601664921	0.748192659013762	([452, 417], [467, 460, 329])
1	0.727586718297335	0.7486809541293432	([167, 139], [171, 167, 145])
1	0.7260615156440938	0.7487832137240747	([450, 415], [450, 444, 419])
1	0.7372167830192732	0.748832240371364	([512, 482], [512, 500, 482])
1	0.7044825373313005	0.7489069900187619	([380, 325], [380, 335, 325])
1	0.7471373833202745	0.7491691765810489	([156, 114], [217, 164, 114])
1	0.7361616760664279	0.7492649928893919	([524, 486], [524, 519, 491])
1	0.7265370515066009	0.7496518945588325	([437, 399], [441, 432, 398])
1	0.6006809543690239	0.7500557572350792	([219, 46], [219, 77, 46])
1	0.7308163541808153	0.7501270746282804	([103, 42], [103, 98, 53])
1	0.7393051622463173	0.7501398931507327	([569, 529], [569, 560, 536])
1	0.7435090370259716	0.7502912338242355	([590, 555], [590, 588, 555])
1	0.7432816650228634	0.7505327961460119	([153, 71], [153, 117, 71])
1	0.7362055349421046	0.7506556852562742	([123, 82], [123, 100, 82])
1	0.7164154414834609	0.7508917067051317	([278, 107], [278, 96, 77])
1	0.7212747150725904	0.750906658555197	([447, 392], [447, 444, 419])
1	0.7502957325922115	0.7512129105136145	([501, 440], [501, 469, 435])
1	0.7268227569170866	0.7512540826471044	([102, 47], [88, 86, 47])
1	0.7456051358311863	0.7512843737801974	([222, 54], [222, 52, 49])
1	0.7401040720054421	0.7512843737801974	([228, 40], [228, 222, 49])
1	0.7436622998975311	0.7513076133586571	([549, 521], [549, 542, 523])
1	0.7257015175045263	0.7513449829769152	([228, 79], [228, 110, 79])
1	0.6383810654805626	0.7514419509446563	([229, 38], [243, 113, 77])
1	0.7501215745732759	0.7517274877899611	([204, 156], [204, 198, 171])
1	0.7440363293269756	0.7517342274124257	([122, 76], [122, 85, 78])
1	0.7294521943321791	0.7521392636397308	([388, 350], [388, 380, 363])
1	0.7049519418863047	0.7522160930114133	([586, 543], [586, 584, 543])
1	0.6027043806217813	0.7522277614965702	([555, 223], [555, 223, 222])
1	0.7196618027709144	0.7522326772422042	([229, 59], [229, 67, 59])
1	0.6926202473555585	0.7522693000028914	([380, 225], [380, 326, 325])
1	0.7517326913735352	0.7527074169679994	([207, 165], [207, 187, 181])
1	0.7051378816278763	0.7529071831765966	([229, 67], [229, 59, 41])
1	0.7528979071529569	0.7529450173045131	([225, 86], [228, 225, 79])
1	0.7472210280255928	0.7531927923353641	([474, 222], [488, 470, 438])
1	0.7027479905050434	0.7532644237713567	([239, 60], [239, 109, 60])
1	0.7019239657053693	0.7533365562803745	([602, 278], [602, 591, 278])
1	0.7260529441361264	0.753373565042032	([485, 229], [485, 472, 467])
1	0.7371154620723758	0.7538350629795972	([485, 451], [485, 471, 467])
1	0.7439021959635264	0.7539078202094626	([460, 329], [452, 448, 417])
1	0.6219815101285351	0.7543639009144063	([594, 235], [599, 589, 236])
1	0.74066434782257	0.754760935635808	([589, 552], [589, 579, 547])
1	0.748157147316558	0.7548028629513519	([415, 373], [422, 415, 373])
1	0.7290725443832742	0.7549705191816809	([378, 328], [378, 356, 339])
1	0.5904047922417487	0.7550757792069782	([567, 326], [599, 236, 225])
1	0.6627487741009636	0.755121644228921	([219, 5], [219, 21, 5])
1	0.7021320517734538	0.7552320056580956	([585, 229], [597, 585, 239])
1	0.7038546253625475	0.7552801570725073	([394, 353], [394, 381, 353])
1	0.7171149433195848	0.75546463628701	([446, 416], [446, 439, 408])
1	0.6709700155651254	0.7555391176978812	([218, 3], [218, 59, 22])
1	0.702504510612682	0.7556081299340172	([583, 283], [574, 555, 519])
1	0.7251158261221174	0.7556087056959488	([278, 55], [278, 47, 14])
1	0.7492625828283186	0.7558450635176484	([83, 30], [83, 75, 58])
1	0.7319455503725366	0.7559916854734557	([78, 53], [103, 84, 78])
1	0.7529879717965882	0.7562875293271134	([402, 360], [402, 399, 360])
1	0.7447587552790734	0.7562884305261431	([175, 134], [175, 154, 134])
1	0.6095972111687317	0.756506780448649	([230, 71], [236, 222, 172])
1	0.7312835335399759	0.7565116353817588	([275, 170], [275, 214, 170])
1	0.7287230158950027	0.7565408533895457	([503, 242], [503, 242, 225])
1	0.7538767419051671	0.7565565589104648	([459, 406], [459, 448, 438])
1	0.7432844165369613	0.7566476937151271	([438, 329], [438, 421, 416])
1	0.7478063672767042	0.7576894538087033	([521, 484], [532, 521, 490])
1	0.7528586626018273	0.7577367993727933	([356, 290], [356, 306, 300])
1	0.7349927586801551	0.7577367993727933	([356, 300], [356, 329, 306])
1	0.7564013411080391	0.7578534214915876	([563, 494], [575, 563, 494])
1	0.7568925534234642	0.757958832411908	([187, 135], [187, 154, 135])
1	0.7556187188311236	0.7579892650393311	([384, 351], [384, 375, 351])
1	0.6958353820772892	0.7580758434046463	([275, 60], [275, 239, 212])
1	0.7542226655996189	0.7583532044308058	([518, 430], [518, 504, 427])
1	0.7449002818436045	0.7584658155420773	([481, 440], [497, 481, 440])
1	0.7428126731575719	0.7584693295399153	([599, 554], [599, 585, 554])
1	0.7526358020625793	0.7587243712888729	([517, 243], [517, 493, 243])
1	0.7203643949048362	0.7589606202410334	([576, 278], [602, 576, 541])
1	0.6447630663539704	0.7594398345550386	([235, 93], [236, 225, 79])
1	0.7476385796126014	0.7596406018183326	([503, 431], [503, 457, 438])
1	0.7566193514845602	0.7596406018183326	([515, 438], [515, 503, 438])
1	0.7375722426719284	0.7602580150826044	([175, 111], [177, 175, 111])
1	0.7463692490526258	0.7604555512413985	([107, 27], [107, 98, 50])
1	0.7483152290483397	0.7605034340488602	([534, 222], [541, 534, 528])
1	0.7446081078327814	0.7606661097912991	([346, 275], [365, 300, 283])
1	0.7530630049440645	0.7612691751592209	([578, 225], [599, 578, 577])
1	0.755294478949483	0.7620082491540822	([461, 418], [461, 451, 418])
1	0.7355325481953784	0.7625785740621273	([521, 459], [521, 499, 484])
1	0.6254111390691559	0.7627187150265959	([435, 217], [435, 283, 274])
1	0.6264967950911087	0.7627945124968115	([444, 229], [397, 329, 236])
1	0.750391022381034	0.762819787865187	([430, 336], [430, 399, 336])
1	0.6803983475486332	0.7628700343614424	([600, 229], [601, 547, 236])
1	0.7049065407791724	0.7628918367314238	([283, 65], [283, 139, 81])
1	0.49240735606573127	0.7629260110272524	([236, 229], [236, 233, 221])
1	0.7469999475516442	0.7629748449373009	([328, 192], [328, 239, 212])
1	0.7519060059042675	0.7631422296907726	([456, 409], [456, 446, 409])
1	0.7263582828879271	0.7632245796571144	([329, 73], [329, 222, 180])
1	0.6932810150135604	0.7632245796571144	([438, 218], [438, 329, 222])
1	0.7459745715157778	0.7634653492872102	([352, 314], [352, 338, 314])
1	0.7354764282830214	0.7636331714831465	([495, 278], [489, 457, 448])
1	0.7458622891504734	0.7636954435557649	([541, 222], [578, 541, 225])
1	0.745623347406817	0.7637402731027169	([465, 410], [465, 448, 443])
1	0.7409941766071818	0.7639914326687333	([275, 88], [283, 275, 214])
1	0.6381408971945746	0.7645604344997957	([390, 229], [410, 401, 370])
1	0.7578465783127485	0.7649383366929497	([439, 225], [439, 278, 275])
1	0.7621788988189265	0.7649942886992767	([427, 376], [427, 420, 380])
1	0.6771180309673536	0.765017011092558	([460, 243], [460, 440, 435])
1	0.7406426638540786	0.7650547186650819	([383, 228], [383, 375, 225])
1	0.6761270099124291	0.7652042652735542	([480, 243], [480, 475, 243])
1	0.6689572285926515	0.7652042652735542	([502, 243], [502, 475, 243])
1	0.6310862062515522	0.7652322182823359	([488, 217], [488, 222, 217])
1	0.6416259556801391	0.7653444249247386	([400, 235], [400, 380, 225])
1	0.7583732034231403	0.7653446157240033	([486, 225], [488, 482, 225])
1	0.7581561702178887	0.7656898597630273	([87, 46], [87, 85, 54])
1	0.7655263328507123	0.7658325363233297	([439, 373], [439, 415, 408])
1	0.6782515535200673	0.7659757352187453	([480, 218], [519, 480, 470])
1	0.7346171272738249	0.7668855339542767	([169, 124], [169, 166, 124])
1	0.6337056120997808	0.7669135216528378	([337, 230], [337, 243, 236])
1	0.7375259649014747	0.767582308169475	([537, 473], [537, 529, 473])
1	0.740266287413634	0.7679484009520786	([328, 259], [328, 259, 239])
1	0.7665053450678294	0.7680524512667265	([184, 66], [225, 184, 66])
1	0.7515503061623717	0.7681950473882739	([359, 318], [378, 359, 318])
1	0.7342700284590034	0.7682545502443872	([367, 278], [387, 367, 329])
1	0.7630556633297298	0.7683302556692072	([78, 36], [78, 36, 3])
1	0.7488857733132459	0.7687112675700859	([585, 516], [585, 543, 516])
1	0.7181573153084756	0.7687112675700859	([543, 229], [585, 545, 543])
1	0.740915260794357	0.7687467934593982	([579, 67], [605, 579, 545])
1	0.7266701390284208	0.7688099379458736	([168, 141], [168, 166, 141])
1	0.7530711540544698	0.7688725602646734	([78, 3], [78, 53, 36])
1	0.7669340986971827	0.76919745141916	([279, 117], [279, 239, 117])
1	0.7683294486956621	0.76968549179146	([236, 100], [236, 131, 128])
1	0.7653524109205692	0.7698362182883416	([239, 3], [239, 78, 60])
1	0.7634951227618075	0.7699628471532998	([384, 243], [384, 358, 243])
1	0.760826681690174	0.7700358879498835	([193, 133], [236, 193, 133])
1	0.7477767173868691	0.7707046144762093	([244, 153], [244, 222, 173])
1	0.7685162427884892	0.7708964280815715	([478, 418], [478, 447, 418])
1	0.7306277489722249	0.7710803358290818	([328, 178], [328, 216, 192])
1	0.7493364407663184	0.7713516878065253	([412, 359], [412, 391, 359])
1	0.7598369656375255	0.7720682881709862	([464, 411], [464, 445, 411])
1	0.768704514842017	0.7724371117337707	([124, 54], [124, 99, 81])
1	0.7383060975212782	0.772506540762753	([427, 275], [439, 427, 418])
1	0.7717845575749981	0.773129733227909	([534, 486], [534, 526, 486])
1	0.7637356768245018	0.7733777567513173	([535, 469], [536, 535, 469])
1	0.7298284353091493	0.7733951087273468	([257, 192], [257, 225, 217])
1	0.7704604082210554	0.7739132781651541	([427, 340], [427, 376, 340])
1	0.5709784039168307	0.7739686906421521	([272, 233], [272, 236, 233])
1	0.7664256903363792	0.7739957086064564	([210, 150], [212, 210, 150])
1	0.7708272673594051	0.7740357146980302	([141, 83], [141, 138, 83])
1	0.7730237736976127	0.7740664561672357	([605, 114], [605, 216, 115])
1	0.7703169754759696	0.774066904733947	([601, 275], [601, 599, 275])
1	0.7589039284882182	0.7742113724709614	([225, 10], [225, 66, 2])
1	0.7654198003760722	0.774676209858204	([573, 480], [573, 500, 488])
1	0.7277106473573509	0.7747312786706206	([217, 64], [217, 106, 64])
1	0.593231192567958	0.7749877943069778	([234, 46], [236, 234, 46])
1	0.7708775831918584	0.7751186095042765	([213, 104], [214, 172, 113])
1	0.754044699699012	0.7751844999605182	([90, 35], [90, 54, 43])
1	0.6653815500077879	0.7753500508275667	([529, 278], [524, 489, 472])
1	0.7758852586220988	0.7759053890485136	([535, 450], [535, 494, 490])
1	0.7372113535408672	0.775988595009508	([577, 228], [577, 505, 504])
1	0.7530893607489497	0.7760360760966283	([383, 332], [383, 351, 332])
1	0.7738060871117708	0.7760896696064138	([449, 405], [449, 446, 405])
1	0.7095949225927766	0.776173325730327	([283, 5], [283, 225, 5])
1	0.7735287147606867	0.7761788804597473	([376, 323], [376, 357, 323])
1	0.7732796616841369	0.7763203460884303	([563, 479], [563, 496, 479])
1	0.7733819124127239	0.777083566544689	([238, 114], [238, 225, 79])
1	0.6292596642743371	0.7771755193061579	([338, 235], [338, 266, 262])
1	0.7772390975869705	0.7775190940512398	([588, 502], [588, 548, 546])
1	0.7573255848833312	0.7776109662431415	([600, 565], [600, 585, 565])
1	0.7758196263687953	0.7776620352072865	([557, 25], [579, 557, 25])
1	0.7600558923466012	0.7776873974486967	([405, 239], [405, 375, 374])
1	0.7767291811958118	0.7778507156795081	([477, 416], [477, 449, 416])
1	0.7767563362536821	0.7779082309790454	([600, 328], [601, 600, 328])
1	0.771222554278744	0.7781977634492189	([301, 176], [301, 222, 188])
1	0.7382464446575648	0.7785403876063138	([391, 297], [391, 328, 303])
1	0.7513006401099488	0.7790797649425347	([592, 507], [592, 579, 542])
1	0.7731421519409865	0.779157666293926	([577, 0], [604, 577, 228])
1	0.765321938812826	0.7799090819644234	([197, 140], [229, 197, 147])
1	0.7409541726337091	0.7804236125969657	([565, 228], [585, 565, 239])
1	0.7417781705383408	0.7810931003560052	([328, 160], [328, 216, 160])
1	0.6185159835334221	0.7819604677997557	([230, 207], [230, 220, 207])
1	0.780071617207365	0.7820196069105839	([453, 356], [453, 405, 401])
1	0.6465086663667863	0.7824070587043211	([230, 91], [230, 108, 91])
1	0.7700343177264468	0.7827648041829448	([501, 395], [501, 435, 395])
1	0.7652733160543745	0.7833375569999395	([485, 384], [485, 471, 384])
1	0.7783267799296114	0.783791581303561	([467, 394], [467, 439, 394])
1	0.7701708521442319	0.7839049381041465	([518, 274], [518, 429, 274])
1	0.7217034351207623	0.7841373314364962	([228, 6], [228, 49, 6])
1	0.7784201953414167	0.7848395981000553	([178, 97], [178, 109, 97])
1	0.7622076959654515	0.7848395981000553	([178, 65], [178, 165, 109])
1	0.7139332630933024	0.7849891004802102	([283, 31], [283, 56, 31])
1	0.7793019817202815	0.7851981531012271	([474, 385], [474, 423, 415])
1	0.7597092217296089	0.7856003635683522	([385, 305], [385, 356, 305])
1	0.7741034883463762	0.7866450682736944	([390, 298], [390, 336, 298])
1	0.7550062313771643	0.7867124899768428	([594, 430], [594, 592, 507])
1	0.722986928747252	0.7871821387845074	([560, 283], [563, 560, 471])
1	0.618992404369225	0.7876594546290169	([405, 219], [431, 383, 360])
1	0.73533998172165	0.7876850245931386	([481, 228], [516, 481, 463])
1	0.7685181818178933	0.7879407907180362	([432, 318], [432, 427, 331])
1	0.7801371359969114	0.7886690474026862	([411, 290], [411, 342, 329])
1	0.7841506825728503	0.7887901402521483	([592, 66], [592, 579, 66])
1	0.7821880402421328	0.7888068220682326	([451, 239], [478, 469, 239])
1	0.7878781444042148	0.7889108161870918	([306, 224], [306, 282, 224])
1	0.7846845964957904	0.7894638113684048	([477, 271], [477, 469, 239])
1	0.7718663847057352	0.7895424845016717	([581, 424], [605, 581, 428])
1	0.7489178378636966	0.7895812409390927	([547, 325], [593, 547, 330])
1	0.7752930855912971	0.7898820874670318	([491, 398], [491, 445, 398])
1	0.6003711055798062	0.7904477261144668	([326, 95], [326, 225, 95])
1	0.7780721496921791	0.7906706876813557	([582, 62], [582, 547, 62])
1	0.7674563113829947	0.7909392497915199	([596, 2], [603, 596, 2])
1	0.7904116912371014	0.7914942379573877	([198, 124], [198, 148, 144])
1	0.7518654753510853	0.7918131373267545	([464, 217], [488, 464, 438])
1	0.7718705543628867	0.7920923668856746	([299, 225], [299, 225, 184])
1	0.7849277383540452	0.7930066701173452	([588, 329], [590, 588, 329])
1	0.6616374924823037	0.7932111115284731	([489, 219], [530, 489, 472])
1	0.7757640163288884	0.7933096438640027	([419, 177], [419, 328, 177])
1	0.7819272838035662	0.7933526590487732	([429, 112], [429, 297, 112])
1	0.7153455494580269	0.7935250042665479	([445, 328], [445, 419, 383])
1	0.7857471509716932	0.7935970504137801	([324, 107], [324, 213, 107])
1	0.752205173848844	0.7937050533573295	([493, 329], [588, 579, 329])
1	0.7819924871903089	0.7942644806925587	([377, 188], [377, 360, 301])
1	0.7893912161335851	0.7943233169744561	([579, 458], [579, 500, 493])
1	0.7936042443842366	0.7945999322922299	([588, 72], [588, 242, 73])
1	0.771563241021064	0.7946315628916467	([437, 333], [437, 426, 333])
1	0.7900830028753546	0.7950340709288034	([598, 325], [596, 591, 325])
1	0.7457297385737539	0.7951535107159254	([420, 242], [429, 420, 242])
1	0.7952751999180124	0.795515867874731	([582, 181], [585, 582, 217])
1	0.7933288507086378	0.7955501965335557	([504, 319], [504, 434, 319])
1	0.7746347495116468	0.7957501205089088	([209, 123], [209, 156, 140])
1	0.7706553163420851	0.7962281791738358	([582, 434], [582, 500, 434])
1	0.7675796514549237	0.7963651956550042	([498, 403], [498, 458, 403])
1	0.7888779296425575	0.7965704541616985	([300, 118], [330, 300, 239])
1	0.583182953068901	0.7965927766066905	([431, 219], [383, 342, 292])
1	0.7788830742355459	0.7968287687312177	([394, 271], [394, 306, 271])
1	0.787093077059075	0.7968641836621814	([544, 64], [579, 544, 64])
1	0.7931525395632968	0.7971285776813476	([570, 330], [570, 547, 522])
1	0.7858449561886355	0.7973753114793493	([546, 71], [593, 71, 24])
1	0.782251817452787	0.7973753114793493	([593, 22], [604, 593, 24])
1	0.793059798708625	0.797820947525974	([587, 281], [593, 587, 276])
1	0.7860495926430239	0.7982885984806416	([427, 177], [427, 419, 380])
1	0.7855401334130399	0.7984476904507257	([195, 103], [195, 169, 103])
1	0.749747309072232	0.7984817922904562	([418, 324], [418, 343, 313])
1	0.7928506605018645	0.7989864346178366	([393, 269], [413, 393, 269])
1	0.7981190642860515	0.7991061601871725	([591, 65], [603, 591, 65])
1	0.7980353465226981	0.7995544885128628	([437, 293], [437, 336, 333])
1	0.7941440031032556	0.7999794351818087	([174, 94], [236, 174, 94])
1	0.7924469184906237	0.8000842372290411	([317, 173], [329, 322, 173])
1	0.799696928370679	0.8002502899902787	([595, 69], [595, 579, 69])
1	0.7964045106086509	0.8002569851299708	([489, 389], [489, 485, 389])
1	0.7993046651091582	0.8003118146607202	([509, 275], [603, 509, 275])
1	0.8004775610690271	0.800484132166867	([521, 242], [521, 459, 242])
1	0.7833785505659293	0.8006112418186164	([586, 214], [586, 182, 118])
1	0.7910358835401194	0.8010373730376548	([548, 50], [548, 547, 67])
1	0.8004507640705405	0.8010828305758138	([432, 248], [432, 329, 300])
1	0.7995692579896353	0.801156866645693	([328, 70], [328, 160, 115])
1	0.7665432776247137	0.8015213598612401	([431, 321], [431, 329, 321])
1	0.7987922038187114	0.8015317361945509	([303, 23], [303, 275, 23])
1	0.7820771303290679	0.8015870852973973	([574, 8], [574, 557, 8])
1	0.7996154510330936	0.8015904978426815	([473, 357], [473, 402, 357])
1	0.7843110149634765	0.8019905915584749	([597, 70], [586, 118, 63])
1	0.7889504886070288	0.8019905915584749	([580, 63], [586, 580, 63])
1	0.7908258838070378	0.8020093346774211	([568, 10], [568, 50, 23])
1	0.7880556214628595	0.8021924993468719	([598, 26], [598, 225, 66])
1	0.559228748974393	0.8023629602102903	([506, 326], [506, 328, 242])
1	0.7815985649063989	0.8025030626529004	([586, 118], [580, 243, 62])
1	0.8031721849242855	0.8033921941205325	([521, 199], [521, 242, 225])
1	0.800767863622427	0.8037280696643065	([436, 265], [436, 337, 329])
1	0.7848628925430163	0.8041030649520635	([128, 38], [128, 86, 73])
1	0.8036672422901707	0.8043300896159524	([545, 26], [581, 545, 26])
1	0.8031623066634779	0.8057386432037873	([505, 21], [510, 505, 21])
1	0.8052363745820781	0.8061436958352465	([441, 244], [441, 435, 244])
1	0.799946641862023	0.8061736016567073	([201, 101], [201, 165, 121])
1	0.8063933168282935	0.8069293421428239	([129, 10], [129, 88, 47])
1	0.7703800569930326	0.8076846221717122	([587, 427], [587, 579, 427])
1	0.8068855135264119	0.8078010351685927	([542, 459], [542, 496, 474])
1	0.6382120892157529	0.8079769648119359	([366, 235], [365, 275, 259])
1	0.7962331228769218	0.8084283201847379	([508, 24], [544, 508, 24])
1	0.7927984509357462	0.8084720565043502	([492, 376], [492, 438, 433])
1	0.7797769592647334	0.8086946570890623	([422, 279], [422, 398, 279])
1	0.805232419814271	0.8089154835944686	([585, 27], [585, 111, 61])
1	0.7759901588678773	0.809150536053086	([475, 118], [475, 430, 118])
1	0.80550412065679	0.8093081184295315	([143, 68], [143, 104, 87])
1	0.7957820656144738	0.809362058976887	([582, 371], [582, 503, 371])
1	0.7980267853107189	0.8096202819104377	([542, 20], [542, 541, 3])
1	0.783353108007244	0.8097153890940502	([579, 245], [579, 245, 67])
1	0.8063990387380224	0.8100794945001256	([540, 19], [519, 217, 66])
1	0.8062761098708512	0.8101124429442924	([574, 32], [574, 50, 30])
1	0.8049982207934417	0.8101451579737791	([540, 154], [582, 540, 500])
1	0.807288105406237	0.8105333639445601	([468, 24], [505, 468, 24])
1	0.8024252966705814	0.8106554014220274	([422, 158], [422, 329, 279])
1	0.6316058653720958	0.8107326750927444	([299, 219], [299, 223, 222])
1	0.8108184013830719	0.8108505815421714	([561, 88], [561, 517, 275])
1	0.8042503998905041	0.8113203186653402	([580, 5], [580, 63, 4])
1	0.8057152073004961	0.811401231447682	([436, 111], [436, 275, 265])
1	0.8107732792328686	0.8114320969481701	([475, 19], [519, 518, 19])
1	0.810223409064868	0.8118359480147995	([466, 30], [466, 330, 283])
1	0.8108751305119981	0.8122656270387053	([600, 113], [600, 113, 0])
1	0.8106333735575609	0.8127843971509465	([156, 8], [156, 122, 8])
1	0.8071034993969912	0.8133218515034162	([425, 117], [439, 425, 19])
1	0.4696030586586517	0.8144220644923896	([248, 246], [285, 236, 234])
1	0.8106242720377272	0.814556040442609	([325, 8], [325, 62, 22])
1	0.8012004299983173	0.8149189524457526	([477, 61], [477, 239, 61])
1	0.8128951029422267	0.8151261355341236	([549, 18], [549, 500, 18])
1	0.8087757530071593	0.8152253213254864	([221, 65], [221, 220, 65])
1	0.7876094083078077	0.8152481845865068	([274, 27], [274, 212, 74])
1	0.8124933106788226	0.8155223037746722	([457, 27], [457, 434, 27])
1	0.7926902080804358	0.815799034639488	([434, 18], [544, 457, 27])
1	0.7838889088207981	0.815799034639488	([575, 47], [575, 544, 27])
1	0.6020540319054892	0.815909554996311	([326, 37], [329, 326, 37])
1	0.8144586610971596	0.8160713980349027	([572, 2], [572, 48, 31])
1	0.8089524436899701	0.8166163025676193	([591, 135], [591, 135, 114])
1	0.8101310784840071	0.817093263856133	([399, 194], [418, 399, 194])
1	0.8166103974517466	0.8173303811706996	([601, 191], [601, 192, 191])
1	0.8177640930691663	0.8179385936408002	([584, 397], [584, 574, 222])
1	0.8163445212453087	0.8181924720185618	([470, 204], [470, 283, 275])
1	0.7815462374952181	0.8182534921081358	([370, 155], [370, 274, 155])
1	0.8177645470249056	0.8183024258888786	([426, 120], [426, 329, 59])
1	0.812346115652479	0.8185891581438255	([399, 106], [399, 217, 194])
1	0.8024403063562092	0.8186307548314601	([572, 433], [584, 572, 433])
1	0.7847054373686347	0.8188537020476094	([576, 28], [576, 557, 8])
1	0.8177378036670261	0.8189005162681489	([557, 51], [557, 51, 8])
1	0.8097731162310402	0.8190836299445987	([391, 123], [391, 325, 123])
1	0.8143104399118533	0.8191293510797327	([266, 8], [266, 75, 8])
1	0.8143794836251071	0.8191337726095743	([583, 455], [583, 502, 475])
1	0.8016630931730218	0.8195007433769873	([572, 31], [572, 556, 2])
1	0.8056947884036658	0.8199682432154473	([425, 169], [425, 176, 169])
1	0.8192669850017992	0.8199957781249372	([193, 62], [325, 193, 162])
1	0.8175182797316309	0.820463532389112	([352, 171], [352, 349, 171])
1	0.8193250063044547	0.8216509455321596	([596, 444], [599, 596, 444])
1	0.8195391246943451	0.8217044725683806	([520, 255], [520, 318, 239])
1	0.8191719661703069	0.8218451127506801	([470, 58], [470, 426, 22])
1	0.8194144514234638	0.8219384223259782	([589, 151], [589, 240, 153])
1	0.819277908703943	0.8219756869278599	([438, 65], [438, 222, 54])
1	0.8206073235978281	0.8220860382293803	([321, 104], [419, 402, 104])
1	0.6238019581384855	0.8226005527503426	([504, 230], [504, 266, 241])
1	0.7984416072130404	0.8226016892771922	([408, 178], [408, 328, 275])
1	0.8187636890798976	0.8229550745132164	([494, 158], [494, 446, 329])
1	0.818422318658254	0.8230756202858525	([546, 213], [546, 274, 213])
1	0.8139614880911735	0.8230756202858525	([546, 201], [546, 427, 274])
1	0.8214748476303837	0.8233265913022269	([380, 25], [582, 371, 25])
1	0.8170469558465248	0.8235523933420865	([539, 29], [539, 217, 64])
1	0.7827605584390319	0.8236203352866988	([584, 287], [584, 540, 287])
1	0.8192373562218195	0.8240001190816167	([249, 1], [249, 152, 117])
1	0.8097522506648592	0.8241726190388086	([376, 145], [376, 278, 138])
1	0.8157037424084845	0.8242500254001044	([501, 252], [548, 501, 252])
1	0.820986277463209	0.8247352166552344	([414, 17], [414, 329, 302])
1	0.8157894324449189	0.8248200143387873	([573, 38], [598, 571, 29])
1	0.8241518645120942	0.8249980467146018	([333, 89], [387, 333, 278])
1	0.8112649974814562	0.8252153871386039	([599, 155], [599, 583, 155])
1	0.818809173888745	0.8252834259979553	([412, 166], [412, 240, 225])
1	0.8094222193056634	0.8257400138508442	([483, 265], [483, 456, 412])
1	0.8195200281977426	0.82583386944841	([407, 3], [407, 114, 3])
1	0.80851904884219	0.8268493526915294	([387, 89], [333, 329, 48])
1	0.8207497969455747	0.8269515491733793	([582, 414], [582, 431, 414])
1	0.8207233155023674	0.8271535645339451	([497, 310], [497, 443, 310])
1	0.8160888339070879	0.8277225566575422	([522, 7], [522, 484, 15])
1	0.805884264511518	0.8278998027688673	([171, 7], [171, 112, 7])
1	0.8250746102993614	0.8282273764547063	([566, 33], [566, 522, 10])
1	0.8182169566602923	0.8282310611849117	([418, 13], [418, 407, 3])
1	0.8152841318070689	0.8286899252088233	([382, 103], [382, 217, 148])
1	0.8249205218145642	0.8287226296956004	([441, 20], [441, 398, 20])
1	0.78098978215561	0.8288097243502313	([561, 17], [569, 561, 17])
1	0.825212544447086	0.8288505900397815	([550, 55], [570, 550, 13])
1	0.8283779927984695	0.828852368563973	([406, 28], [444, 434, 28])
1	0.8104104207019932	0.8289309122873858	([441, 66], [441, 66, 20])
1	0.8205642807716335	0.829287411241511	([422, 5], [422, 106, 21])
1	0.821982958959988	0.829374565190238	([271, 6], [503, 271, 225])
1	0.8244263476302521	0.8297489549160356	([562, 86], [566, 562, 10])
1	0.8291577626785567	0.8297541266214656	([492, 316], [492, 476, 316])
1	0.8006116580039858	0.8304192909161319	([533, 36], [551, 533, 36])
1	0.8145773996564345	0.8309508020047136	([363, 184], [363, 326, 184])
1	0.8303058767124408	0.8311276312726841	([421, 63], [421, 398, 20])
1	0.8100624135311448	0.8312904864520374	([601, 299], [601, 299, 238])
1	0.7966123151441723	0.8318068523886776	([577, 358], [577, 386, 358])
1	0.8097482387059054	0.8319206166624633	([437, 179], [437, 179, 106])
1	0.8218034416831049	0.8319362789765377	([470, 299], [577, 470, 299])
1	0.823992332523503	0.8319704878991946	([592, 104], [592, 104, 72])
1	0.8277830050938277	0.8319735584719429	([529, 148], [529, 148, 137])
1	0.8121751672703953	0.8332454258793494	([543, 177], [585, 543, 177])
1	0.8263355191619772	0.8335808056123607	([359, 156], [359, 311, 156])
1	0.8337831869347216	0.8338650248049965	([448, 129], [448, 418, 129])
1	0.8157529123569773	0.8344667238495026	([504, 191], [504, 266, 191])
1	0.8160558851671726	0.834764630217636	([572, 294], [572, 433, 294])
1	0.8340918853190222	0.8347844549358613	([363, 147], [363, 283, 132])
1	0.8055826065267699	0.8348690997676511	([315, 86], [315, 195, 190])
1	0.833776536061007	0.8349629056330091	([451, 81], [451, 81, 45])
1	0.8234391031884418	0.8350845268871439	([537, 173], [537, 475, 243])
1	0.8229099936543763	0.8353909580018358	([497, 11], [497, 495, 11])
1	0.8215058145717252	0.8358267550649038	([448, 79], [458, 448, 79])
1	0.8285980250775701	0.836390089746415	([399, 1], [399, 335, 1])
1	0.8103479189943444	0.8364516949208549	([485, 101], [485, 467, 44])
1	0.8335767176414939	0.836722967222951	([550, 124], [550, 124, 46])
1	0.7938687316719596	0.8369798448118367	([605, 364], [605, 364, 321])
1	0.8369635329836641	0.8371890852696738	([535, 48], [535, 466, 30])
1	0.8212871084619876	0.8373738730108219	([492, 267], [492, 316, 271])
1	0.8317495279665158	0.8374039964461042	([543, 186], [543, 186, 171])
1	0.8313838154649015	0.8374400945977902	([539, 120], [539, 120, 18])
1	0.8349560008945289	0.8374946325606258	([565, 406], [565, 472, 443])
1	0.8287339817652365	0.837611286925025	([349, 119], [349, 171, 119])
1	0.8338732917265619	0.8376401662635332	([597, 396], [597, 519, 396])
1	0.819890296750266	0.838064876996944	([309, 148], [309, 279, 148])
1	0.8344205300573054	0.8391535126705849	([586, 357], [586, 425, 394])
1	0.808671457772946	0.839182494381265	([498, 32], [563, 498, 463])
1	0.8359731890652915	0.8395143375016223	([178, 11], [178, 74, 52])
1	0.8293207500228106	0.8396621418606849	([273, 28], [273, 245, 217])
1	0.48423739324907866	0.8397727765003703	([284, 283], [284, 268, 232])
1	0.8197229088065954	0.8398498937775533	([449, 10], [522, 449, 384])
1	0.8338096394303736	0.8401277322245927	([437, 144], [437, 156, 144])
1	0.8346498904850833	0.8406723055057012	([571, 264], [571, 522, 264])
1	0.8410074295419573	0.8411724848903165	([484, 70], [507, 501, 70])
1	0.818704763830829	0.8412380515615807	([341, 8], [341, 321, 214])
1	0.8359341904231534	0.8415616195515521	([415, 41], [415, 384, 41])
1	0.8188841308518331	0.8417790528644251	([551, 196], [551, 427, 173])
1	0.8173650434751873	0.8418099771641344	([346, 100], [346, 100, 98])
1	0.8079868436215257	0.8424554169621502	([401, 35], [422, 401, 5])
1	0.6117617333340811	0.8425432706545443	([594, 223], [594, 555, 433])
1	0.8312317783635312	0.8425953633	([492, 180], [492, 376, 180])
1	0.8235008661568224	0.8426165385399635	([443, 49], [443, 146, 70])
1	0.8279342295304816	0.8429504596658138	([469, 131], [469, 380, 82])
1	0.5918317855437464	0.8431244335295507	([234, 195], [238, 234, 195])
1	0.8309678661352654	0.8431406219600919	([486, 9], [486, 82, 24])
1	0.8337670684644268	0.8431792820507847	([500, 147], [500, 217, 176])
1	0.8214696114942543	0.8436870773206712	([337, 43], [337, 185, 107])
1	0.8251907855955716	0.8440068612284313	([493, 139], [493, 139, 65])
1	0.5050054389092489	0.8440738536955253	([212, 211], [284, 232, 211])
1	0.8409984761470558	0.8441844133630853	([408, 66], [408, 346, 275])
1	0.8326521286499012	0.8448030103366709	([393, 83], [393, 278, 83])
1	0.8378979088834878	0.8451835143532311	([446, 12], [446, 432, 14])
1	0.8406884505423688	0.8454264846247146	([552, 166], [552, 166, 40])
1	0.8314905773088603	0.845431904889128	([342, 81], [471, 342, 81])
1	0.8387900183776698	0.8460159394875639	([539, 83], [539, 94, 83])
1	0.8173325243342275	0.8460159394875639	([564, 85], [564, 539, 94])
1	0.8350155543439022	0.8465977036410907	([383, 16], [383, 92, 8])
1	0.8277491267818734	0.846601077493545	([565, 76], [576, 565, 76])
1	0.8385629803207691	0.8470579430679174	([413, 100], [413, 346, 275])
1	0.8410017254414751	0.84708885361767	([532, 104], [532, 345, 321])
1	0.8276897593608157	0.8480223974015444	([308, 56], [308, 142, 56])
1	0.8297977289656924	0.8483309178545199	([416, 140], [416, 283, 140])
1	0.8344448052836363	0.8485322995007526	([473, 96], [493, 473, 96])
1	0.8439835702666398	0.8485829498552071	([488, 42], [523, 488, 42])
1	0.8459860959900798	0.8486192158269665	([343, 9], [343, 103, 30])
1	0.8388416617497774	0.8495163373818608	([358, 46], [362, 66, 65])
1	0.8284145528186442	0.8504976901838894	([533, 193], [533, 271, 238])
1	0.8312488797240171	0.8508568147756546	([525, 205], [564, 525, 201])
1	0.8248111231007718	0.850951311248677	([523, 157], [523, 507, 157])
1	0.8306469947600315	0.8526265483363826	([483, 119], [483, 451, 119])
1	0.8401193754674952	0.853016920495131	([392, 38], [392, 295, 38])
1	0.8363516810430236	0.8530548807705526	([464, 102], [480, 464, 102])
1	0.8583250155573191	0.8597804390229125	([527, 192], [527, 242, 192])
1	0.4648318992053353	0.8633169970038714	([286, 285], [241, 232, 211])
1	0.4975828647294393	0.8844295684783785	([465, 232], [465, 284, 232])
1	0.46547495872640726	0.8943677763122263	([356, 355], [355, 233, 220])
1	0.5160443459635037	0.9250296345351666	([211, 210], [235, 231, 207])
0	0.0	1.0	([226], [226, 0])
0	0.0	1.0	([227], [227, 0])
0	0.0	inf	([0], [])
