0	0.0	0.1994831320481361	([11], [11, 10])
0	0.0	0.20116358187190878	([67], [67, 66])
0	0.0	0.20290556565970008	([25], [25, 24])
0	0.0	0.20332000687573631	([17], [17, 16])
0	0.0	0.20690761190470394	([168], [168, 167])
0	0.0	0.20774816709554075	([238], [238, 237])
0	0.0	0.20973186498866978	([242], [242, 241])
0	0.0	0.21019885123622153	([70], [70, 69])
0	0.0	0.21125659309156913	([194], [194, 193])
0	0.0	0.2112569706548992	([190], [190, 189])
0	0.0	0.21261656590364014	([15], [15, 14])
0	0.0	0.21278226648362572	([292], [292, 291])
0	0.0	0.21279495818831554	([91], [91, 90])
0	0.0	0.21467164757213097	([231], [231, 230])
0	0.0	0.21510869732343652	([13], [13, 12])
0	0.0	0.21574010740779515	([4], [4, 3])
0	0.0	0.21633941715983537	([57], [57, 56])
0	0.0	0.21761680360076235	([179], [179, 178])
0	0.0	0.21811077923325453	([23], [23, 22])
0	0.0	0.2183610628042619	([55], [55, 54])
0	0.0	0.2185679258681349	([234], [234, 233])
0	0.0	0.2198338103253052	([41], [41, 40])
0	0.0	0.22073429060824873	([277], [277, 276])
0	0.0	0.22145363956808709	([94], [94, 93])
0	0.0	0.221491037241762	([164], [164, 163])
0	0.0	0.22152065555178133	([50], [50, 49])
0	0.0	0.22169172710617055	([8], [8, 7])
0	0.0	0.22199937053139632	([6], [6, 5])
0	0.0	0.22218186400637022	([64], [64, 63])
0	0.0	0.2222215582567901	([40], [40, 39])
0	0.0	0.2225626646974819	([265], [265, 264])
0	0.0	0.2227612079537055	([249], [249, 248])
0	0.0	0.2232554981309002	([202], [202, 201])
0	0.0	0.22329576935287257	([19], [19, 18])
0	0.0	0.2237876947058098	([84], [84, 83])
0	0.0	0.22382288468525263	([185], [185, 184])
0	0.0	0.2240470662258303	([99], [99, 98])
0	0.0	0.22434052895106138	([97], [97, 96])
0	0.0	0.22447366375474173	([5], [5, 4])
0	0.0	0.2248606420236325	([288], [288, 287])
0	0.0	0.22536308348448378	([7], [7, 6])
0	0.0	0.22565787309058324	([62], [62, 61])
0	0.0	0.22603061508620692	([36], [36, 35])
0	0.0	0.22605212223862262	([255], [255, 254])
0	0.0	0.2264902271040161	([193], [193, 192])
0	0.0	0.2265380651523638	([230], [230, 229])
0	0.0	0.22667765021709477	([281], [281, 280])
0	0.0	0.226734664118902	([226], [226, 225])
0	0.0	0.2271166864679764	([268], [268, 267])
0	0.0	0.22786083173513463	([176], [176, 175])
0	0.0	0.22818650347185007	([93], [93, 92])
0	0.0	0.22828407278449295	([196], [196, 195])
0	0.0	0.22850863740000416	([247], [247, 246])
0	0.0	0.22854764387703544	([108], [108, 107])
0	0.0	0.22920448550832015	([27], [27, 26])
0	0.0	0.2297245215947466	([59], [59, 58])
0	0.0	0.2298335971095013	([10], [10, 9])
0	0.0	0.2299122235744948	([85], [85, 84])
0	0.0	0.2311918058636977	([228], [228, 227])
0	0.0	0.2319480366602696	([159], [159, 158])
0	0.0	0.23201803217285116	([270], [270, 269])
0	0.0	0.2320315952615122	([162], [162, 161])
0	0.0	0.23283540564653246	([96], [96, 95])
0	0.0	0.2336579470938706	([232], [232, 231])
0	0.0	0.23370395224676496	([188], [188, 187])
0	0.0	0.2337849101291787	([38], [38, 37])
0	0.0	0.2340748318289896	([160], [160, 159])
0	0.0	0.23410356712647787	([170], [170, 169])
0	0.0	0.23413865843195014	([65], [65, 64])
0	0.0	0.23474707592570956	([200], [200, 199])
0	0.0	0.23539075995921382	([152], [152, 151])
0	0.0	0.2357577039374795	([20], [20, 19])
0	0.0	0.23591951193999727	([237], [237, 236])
0	0.0	0.2360970517908957	([14], [14, 13])
0	0.0	0.23639292841629714	([156], [156, 155])
0	0.0	0.23647944725482198	([246], [246, 245])
0	0.0	0.23654804794934875	([150], [150, 149])
0	0.0	0.23663758856299014	([42], [42, 41])
0	0.0	0.23698040980886634	([143], [143, 142])
0	0.0	0.2370594571006824	([178], [178, 177])
0	0.0	0.23761510699943242	([149], [149, 148])
0	0.0	0.2376556966130055	([22], [22, 21])
0	0.0	0.23789855955208986	([221], [221, 220])
0	0.0	0.23804459026010144	([261], [261, 260])
0	0.0	0.23840715247179628	([18], [18, 17])
0	0.0	0.2384634499300218	([142], [142, 141])
0	0.0	0.23921747060295837	([248], [248, 247])
0	0.0	0.2397344519826704	([198], [198, 197])
0	0.0	0.24017628571172336	([26], [26, 25])
0	0.0	0.24040879596344436	([165], [165, 164])
0	0.0	0.24073383272650162	([102], [102, 101])
0	0.0	0.24077118873341388	([211], [211, 210])
0	0.0	0.2412815890075615	([222], [222, 221])
0	0.0	0.24153883724826178	([191], [191, 190])
0	0.0	0.24179093545347227	([86], [86, 85])
0	0.0	0.2418595994680104	([88], [88, 87])
0	0.0	0.24205620099148917	([267], [267, 266])
0	0.0	0.2424185255286202	([83], [83, 82])
0	0.0	0.24242889668174927	([9], [9, 8])
0	0.0	0.2430520807072257	([263], [263, 262])
0	0.0	0.24317626303987105	([56], [56, 55])
0	0.0	0.24321156366466593	([208], [208, 207])
0	0.0	0.2434648240246447	([29], [29, 28])
0	0.0	0.24358678145604915	([284], [284, 283])
0	0.0	0.24382465811160398	([175], [175, 174])
0	0.0	0.24387230747545585	([206], [206, 205])
0	0.0	0.24404624865508232	([177], [177, 176])
0	0.0	0.24421874027970408	([195], [195, 194])
0	0.0	0.2445632411623951	([39], [39, 38])
0	0.0	0.24472720706474319	([155], [155, 154])
0	0.0	0.24531144458615387	([251], [251, 250])
0	0.0	0.24532198063983038	([236], [236, 235])
0	0.0	0.24542816008419552	([205], [205, 204])
0	0.0	0.245596413929329	([253], [253, 252])
0	0.0	0.24563187178162266	([48], [48, 47])
0	0.0	0.24577192744838344	([264], [264, 263])
0	0.0	0.2460125698250864	([33], [33, 32])
0	0.0	0.24669775972577748	([153], [153, 152])
0	0.0	0.24684920437667765	([71], [71, 70])
0	0.0	0.24698171930881546	([151], [151, 150])
0	0.0	0.24725651221964537	([199], [199, 198])
0	0.0	0.24750186326098003	([180], [180, 179])
0	0.0	0.24765305982397282	([146], [146, 145])
0	0.0	0.24771476723221605	([74], [74, 73])
0	0.0	0.24805312467567128	([61], [61, 60])
0	0.0	0.2480890891077427	([116], [116, 115])
0	0.0	0.2483437788473473	([187], [187, 186])
0	0.0	0.24876563829429676	([220], [220, 219])
0	0.0	0.24933355609810307	([274], [274, 273])
0	0.0	0.24951741327163765	([141], [141, 140])
0	0.0	0.24974435354418195	([258], [258, 257])
0	0.0	0.24982039014242785	([16], [16, 15])
0	0.0	0.2499350710031467	([47], [47, 46])
0	0.0	0.2500456679180131	([63], [63, 62])
0	0.0	0.2503072985717506	([28], [28, 27])
0	0.0	0.25052796713795333	([45], [45, 44])
0	0.0	0.2506441963385604	([12], [12, 11])
0	0.0	0.2507692191886143	([229], [229, 228])
0	0.0	0.2509471811924456	([254], [254, 253])
0	0.0	0.25146774663809407	([89], [89, 88])
0	0.0	0.25153767781190284	([76], [76, 75])
0	0.0	0.25155041624553626	([285], [285, 284])
0	0.0	0.2523290069897255	([171], [171, 170])
0	0.0	0.2525425731411667	([262], [262, 261])
0	0.0	0.25341338812884256	([260], [260, 259])
0	0.0	0.25356474902536025	([174], [174, 173])
0	0.0	0.2538796487916378	([87], [87, 86])
0	0.0	0.2539241970339	([92], [92, 91])
0	0.0	0.25440385161034984	([256], [256, 255])
0	0.0	0.25463159268974705	([118], [118, 117])
0	0.0	0.25495367556481674	([69], [69, 68])
0	0.0	0.25498079986437083	([204], [204, 203])
0	0.0	0.2550681432305208	([21], [21, 20])
0	0.0	0.2551982015697602	([79], [79, 78])
0	0.0	0.2555396436378147	([201], [201, 200])
0	0.0	0.25594009966620773	([24], [24, 23])
0	0.0	0.2566859458512362	([225], [225, 224])
0	0.0	0.257024560317241	([266], [266, 265])
0	0.0	0.2573281590039745	([235], [235, 234])
0	0.0	0.25738136928458166	([72], [72, 71])
0	0.0	0.2575525967712514	([189], [189, 188])
0	0.0	0.2581343012329813	([2], [2, 1])
0	0.0	0.2586010799799379	([77], [77, 76])
0	0.0	0.2587053215446716	([107], [107, 106])
0	0.0	0.2597827843386486	([240], [240, 239])
0	0.0	0.25989316536884716	([287], [287, 286])
0	0.0	0.2605144329977503	([32], [32, 31])
0	0.0	0.26089570891493596	([144], [144, 143])
0	0.0	0.2610533947651014	([101], [101, 100])
0	0.0	0.26123799907857187	([273], [273, 272])
0	0.0	0.26150634110636317	([186], [186, 185])
0	0.0	0.26153311426376863	([60], [60, 59])
0	0.0	0.26195200486129855	([34], [34, 33])
0	0.0	0.2619910692371374	([252], [252, 251])
0	0.0	0.2620028649811823	([157], [157, 156])
0	0.0	0.262026655975003	([95], [95, 94])
0	0.0	0.2623894165465318	([66], [66, 65])
0	0.0	0.262802272723525	([210], [210, 209])
0	0.0	0.26310912231871303	([259], [259, 258])
0	0.0	0.2632416980716508	([119], [119, 117])
0	0.0	0.2636487451561403	([245], [245, 244])
0	0.0	0.2636898857408267	([120], [120, 119])
0	0.0	0.263997218268335	([44], [45, 43])
0	0.0	0.2641691643810202	([233], [233, 232])
0	0.0	0.26418366688104156	([269], [269, 268])
0	0.0	0.26444726277290725	([90], [90, 89])
0	0.0	0.26476318322439346	([276], [276, 275])
0	0.0	0.2650536932410159	([241], [241, 240])
0	0.0	0.26550884638499317	([257], [257, 256])
0	0.0	0.265838106042407	([58], [58, 57])
0	0.0	0.26614635262690783	([291], [291, 290])
0	0.0	0.2662388635278728	([138], [138, 137])
0	0.0	0.26686090923221806	([158], [158, 157])
0	0.0	0.2670692768349109	([184], [184, 183])
0	0.0	0.26714346583157084	([68], [68, 67])
0	0.0	0.26718193675863583	([272], [272, 271])
0	0.0	0.26874670840879356	([224], [224, 223])
0	0.0	0.26883810727654484	([181], [181, 180])
0	0.0	0.2699299368320232	([166], [166, 165])
0	0.0	0.2699344604714566	([154], [154, 153])
0	0.0	0.27063641680512385	([100], [100, 99])
0	0.0	0.27104124177310035	([283], [283, 282])
0	0.0	0.2716374844674085	([223], [223, 222])
0	0.0	0.2722144287392186	([139], [139, 138])
0	0.0	0.27252957624080426	([250], [250, 249])
0	0.0	0.27309459232607736	([37], [37, 36])
0	0.0	0.27411589867210145	([75], [75, 74])
0	0.0	0.2746256738549543	([98], [98, 97])
0	0.0	0.2746698668584345	([239], [239, 238])
0	0.0	0.27497580037853286	([271], [271, 270])
0	0.0	0.2752678921247038	([109], [109, 108])
0	0.0	0.27610230653746937	([167], [167, 166])
0	0.0	0.27628684799324404	([192], [192, 191])
0	0.0	0.27668205472912794	([244], [244, 243])
0	0.0	0.2769658870518928	([31], [31, 30])
0	0.0	0.27728447599877115	([215], [215, 213])
0	0.0	0.2789227800685591	([46], [46, 45])
0	0.0	0.2791955453655795	([227], [227, 226])
0	0.0	0.2803390696747952	([209], [209, 208])
0	0.0	0.28035166214183377	([203], [203, 202])
0	0.0	0.28068682983161364	([112], [112, 110])
0	0.0	0.281613799209283	([217], [217, 216])
0	0.0	0.2819664351888536	([182], [182, 181])
0	0.0	0.2844664780739483	([275], [275, 274])
0	0.0	0.28483263776433604	([51], [51, 50])
0	0.0	0.285158572905237	([207], [207, 206])
0	0.0	0.2861378626977986	([80], [80, 79])
0	0.0	0.28775720715288744	([173], [173, 172])
0	0.0	0.28794462794240444	([163], [163, 162])
0	0.0	0.28808436634387996	([30], [30, 29])
0	0.0	0.2894174462594005	([183], [183, 182])
0	0.0	0.29166916236713275	([286], [286, 285])
0	0.0	0.2916954274066472	([279], [279, 278])
0	0.0	0.2920656647917969	([161], [161, 160])
0	0.0	0.29368548485076434	([212], [212, 211])
0	0.0	0.29376470913411135	([49], [49, 48])
0	0.0	0.2942801839750765	([73], [73, 72])
0	0.0	0.2943906828407163	([52], [52, 51])
0	0.0	0.2944770869192869	([197], [197, 196])
0	0.0	0.2949942282467932	([218], [218, 217])
0	0.0	0.296086046123053	([148], [148, 147])
0	0.0	0.29739303562696007	([147], [147, 146])
0	0.0	0.29766023096468747	([282], [282, 281])
0	0.0	0.2988267941019031	([290], [290, 289])
0	0.0	0.29899359089600247	([43], [43, 42])
0	0.0	0.29956217729506446	([78], [78, 77])
0	0.0	0.29962986975877937	([114], [114, 113])
0	0.0	0.3003757950167774	([140], [140, 139])
0	0.0	0.30058502835080736	([104], [104, 103])
0	0.0	0.3024885034431262	([289], [289, 288])
0	0.0	0.3031555299884422	([35], [35, 34])
0	0.0	0.3033230721585048	([172], [172, 171])
0	0.0	0.3041558201939743	([82], [82, 81])
0	0.0	0.3052322747592459	([213], [213, 212])
0	0.0	0.3061130362009041	([145], [145, 144])
0	0.0	0.308110637306596	([216], [216, 215])
0	0.0	0.31058202924514305	([214], [214, 213])
0	0.0	0.3106820637856741	([278], [278, 277])
0	0.0	0.3107002044505526	([103], [104, 102])
0	0.0	0.31086515347882804	([169], [170, 168])
0	0.0	0.3130810630401572	([243], [243, 242])
0	0.0	0.31478571313185727	([105], [105, 104])
0	0.0	0.3149240266191477	([81], [81, 80])
0	0.0	0.31568278737121735	([117], [117, 116])
0	0.0	0.3167977365524542	([1], [1, 0])
0	0.0	0.3212445597879062	([106], [106, 105])
0	0.0	0.32371136709731246	([53], [53, 52])
0	0.0	0.3252997509630749	([110], [110, 109])
0	0.0	0.3266879073217212	([219], [219, 218])
0	0.0	0.32829790656369084	([113], [114, 112])
0	0.0	0.3342376526158556	([280], [280, 279])
0	0.0	0.33480348550180805	([54], [112, 111])
0	0.0	0.3445294769141867	([121], [121, 120])
0	0.0	0.3454418233708356	([115], [115, 114])
0	0.0	0.35282211147987463	([111], [54, 53])
1	0.3395081841564741	0.3536197828124382	([113, 111], [114, 113, 112])
0	0.0	0.3598646841699688	([122], [122, 121])
1	0.3648598938707206	0.3795375536444372	([79, 74], [78, 77, 75])
0	0.0	0.38167301690891997	([137], [137, 136])
1	0.33425165404482	0.3823884607109413	([284, 279], [284, 282, 279])
0	0.0	0.3833678870370709	([3], [3, 2])
1	0.38108385870596734	0.440464836537825	([279, 273], [279, 278, 273])
1	0.4737511456595478	0.48633623437137896	([121, 111], [121, 117, 111])
0	0.0	0.4880667863407204	([136], [136, 124])
1	0.5004717597566142	0.5033803700665348	([257, 250], [257, 254, 253])
0	0.0	0.5150066053081165	([124], [137, 111])
1	0.4195606839369301	0.5196726249356827	([213, 208], [213, 212, 209])
1	0.5188288443522673	0.5747139623801548	([136, 121], [137, 136, 121])
1	0.4760053278807923	0.5945745729663492	([44, 34], [43, 41, 36])
1	0.5347271239847038	0.6029168425177145	([124, 113], [136, 124, 111])
1	0.6097694024853599	0.6151759833698787	([141, 120], [141, 136, 120])
1	0.587165463340643	0.6166469266046272	([138, 112], [138, 136, 120])
1	0.6190483073849764	0.6255060518319505	([124, 105], [124, 111, 105])
1	0.6264388105878691	0.6293068566210641	([191, 179], [191, 186, 183])
1	0.619597092325059	0.6324630416043154	([171, 149], [171, 164, 162])
1	0.5700754722948731	0.6351794871624059	([273, 257], [271, 266, 258])
1	0.6148247581477396	0.6408567941299039	([182, 174], [182, 179, 175])
1	0.6150086919959846	0.6427724839739933	([272, 259], [272, 268, 267])
1	0.6308015645309722	0.6522394227081199	([273, 213], [279, 273, 214])
1	0.6265140049040822	0.6588640936177526	([250, 240], [250, 247, 240])
1	0.6378061301573175	0.6625422126943555	([275, 249], [270, 261, 250])
1	0.6256634134029465	0.6682175495794517	([283, 216], [284, 272, 216])
1	0.6321271594621398	0.6688421929182542	([86, 69], [86, 81, 69])
1	0.6421159560544124	0.672786435707393	([58, 48], [58, 54, 53])
1	0.6476384579811992	0.6729586901153626	([158, 138], [158, 148, 138])
1	0.6583679144743442	0.6733723901223087	([292, 249], [292, 272, 270])
1	0.666114498487403	0.6779800471686247	([21, 3], [21, 15, 3])
1	0.6612606223654285	0.6782194094828295	([192, 178], [192, 184, 181])
1	0.6694477788360803	0.6789361902460311	([110, 74], [110, 109, 79])
1	0.6741499797832318	0.6793020644019087	([73, 61], [73, 68, 66])
1	0.654916734310678	0.6802953907071484	([105, 91], [105, 97, 91])
1	0.676559028714681	0.680852833428796	([121, 78], [121, 109, 79])
1	0.6588339871682284	0.681149672058311	([73, 45], [78, 73, 43])
1	0.675749781545529	0.6819020576444602	([215, 197], [215, 208, 197])
1	0.6585064430940554	0.6848649849311794	([61, 34], [61, 55, 52])
1	0.6770360721133502	0.6872681286888942	([32, 14], [32, 26, 14])
1	0.6821702830535582	0.6885991106780442	([114, 44], [114, 109, 79])
1	0.6875605565813632	0.6938541253334397	([244, 226], [244, 235, 234])
1	0.6262996477335857	0.7008743125257499	([79, 44], [79, 73, 61])
1	0.6563461433867063	0.7042767337909515	([182, 124], [182, 172, 169])
1	0.6995439827610691	0.7062485518516989	([104, 73], [109, 104, 73])
1	0.6884474628504752	0.7090475741816726	([214, 114], [214, 114, 74])
1	0.658955825071672	0.7101347280534078	([249, 223], [248, 242, 232])
1	0.7084522687965314	0.710268855829896	([99, 77], [99, 91, 83])
1	0.6968625121386554	0.711259655164258	([211, 176], [211, 199, 176])
1	0.6930627207244607	0.7115389866097828	([208, 185], [207, 199, 185])
1	0.6524350579115309	0.711807208499215	([41, 3], [41, 37, 4])
1	0.6976148135253903	0.7126343153592505	([52, 22], [52, 36, 28])
1	0.6930555283664176	0.7126343153592505	([55, 28], [55, 52, 28])
1	0.6966961226300044	0.7129905186248832	([252, 215], [257, 252, 215])
1	0.6637525027879593	0.7130313180066433	([215, 111], [215, 111, 79])
1	0.6795592108190096	0.7130313180066433	([216, 79], [216, 215, 79])
1	0.708824719074728	0.7142161678477504	([33, 13], [33, 23, 13])
1	0.6511350406019717	0.7144379051322938	([108, 80], [108, 99, 80])
1	0.7086805292496698	0.7146776012787801	([240, 215], [240, 239, 215])
1	0.7011993450562009	0.7146776012787801	([239, 212], [252, 239, 215])
1	0.6929468645160418	0.7154297432267995	([189, 163], [189, 183, 163])
1	0.6788797758983762	0.7168799730667772	([173, 136], [173, 164, 160])
1	0.7135085651074589	0.7168799730667772	([186, 160], [186, 173, 160])
1	0.7097368761147752	0.7181968482027221	([143, 102], [143, 140, 103])
1	0.7100890371706048	0.7189362777687296	([115, 81], [120, 115, 81])
1	0.6833064380048786	0.7191586422026499	([122, 30], [122, 79, 46])
1	0.7026059285297993	0.719343744300446	([217, 175], [217, 206, 175])
1	0.6878186068691986	0.7193965963638062	([215, 173], [215, 173, 138])
1	0.7108543241118875	0.7196474767470555	([174, 116], [174, 173, 139])
1	0.64912929414159	0.7204805993450607	([72, 42], [72, 63, 50])
1	0.7182008667901375	0.7218331022244348	([53, 25], [55, 53, 25])
1	0.7210208923450753	0.7231993564257223	([42, 2], [42, 30, 2])
1	0.7158681269490248	0.7239546604554861	([154, 100], [154, 140, 118])
1	0.7197851622699801	0.7252712978395476	([247, 206], [248, 247, 206])
1	0.6569729446455989	0.7255765712651912	([214, 78], [213, 207, 173])
1	0.608282669734048	0.7256836430300759	([111, 79], [118, 91, 79])
1	0.7206316720627388	0.7258560608631229	([208, 73], [213, 208, 74])
1	0.7259456099670731	0.7263703440122672	([287, 219], [287, 273, 219])
1	0.7003946240689991	0.728357342954832	([291, 211], [291, 248, 211])
1	0.6630347750829847	0.7302005455221111	([208, 44], [208, 74, 44])
1	0.7242812770834203	0.7302703398197754	([218, 178], [218, 190, 178])
1	0.5982349667846026	0.7309085428323531	([284, 214], [250, 249, 209])
1	0.722073562667252	0.7320735182121695	([246, 218], [249, 246, 218])
1	0.723038022538426	0.7320765871288596	([205, 170], [205, 197, 185])
1	0.7274609416249223	0.7322918074144993	([258, 122], [275, 258, 216])
1	0.7227051362591475	0.7327190726066614	([92, 68], [92, 84, 83])
1	0.7004572432427572	0.7328253429123727	([253, 221], [278, 253, 221])
1	0.7224626918784705	0.7331592223084465	([33, 1], [42, 33, 1])
1	0.6987886371913454	0.7333417646181056	([213, 137], [215, 213, 111])
1	0.7234859090099783	0.734040787111279	([112, 45], [112, 78, 44])
1	0.7308076967438764	0.7345342111050427	([276, 232], [276, 266, 252])
1	0.731729263919523	0.7346019487420472	([59, 38], [59, 49, 42])
1	0.715890428976521	0.7348923406829526	([64, 29], [64, 52, 51])
1	0.7271554995523778	0.7355354304487816	([252, 228], [252, 239, 228])
1	0.7114712362579311	0.7360252850102604	([61, 14], [61, 44, 14])
1	0.7225507491805567	0.7377727284312546	([218, 190], [218, 207, 178])
1	0.7046876224170842	0.7390428181014849	([48, 12], [48, 32, 1])
1	0.7172073770465495	0.7408843865689514	([266, 232], [276, 246, 239])
1	0.7229700660555872	0.7411401417843374	([93, 52], [93, 68, 56])
1	0.7380696112216611	0.7416080797019382	([165, 98], [165, 148, 118])
1	0.741747452874414	0.7419733267483519	([106, 49], [106, 71, 49])
1	0.7404580782979969	0.7421809614273713	([227, 179], [227, 203, 179])
1	0.730732986787796	0.7427170610657613	([235, 214], [235, 224, 220])
1	0.7234809876270007	0.743045161058083	([62, 21], [62, 52, 21])
1	0.7358547355818669	0.7431514255148562	([223, 189], [223, 210, 189])
1	0.6946437950090758	0.7438181105387566	([214, 147], [214, 147, 137])
1	0.7130761922921487	0.7439821161138757	([281, 217], [281, 279, 222])
1	0.6818942871498224	0.7441738278715756	([237, 210], [237, 227, 210])
1	0.7423632670616557	0.7445033354554315	([57, 19], [57, 19, 16])
1	0.704395039195315	0.7449561992550674	([57, 7], [57, 38, 30])
1	0.7429501636835768	0.7455228085210694	([195, 140], [195, 188, 140])
1	0.7188177047858896	0.7460625025269984	([289, 223], [289, 269, 223])
1	0.6727615820518804	0.746200322573874	([65, 8], [64, 57, 8])
1	0.730118426745569	0.7477792501172214	([40, 8], [52, 40, 8])
1	0.7412484731568613	0.7489851731120757	([214, 187], [214, 206, 187])
1	0.6950095685269603	0.7491985147616327	([292, 224], [292, 243, 236])
1	0.746785112953357	0.7502072252630566	([60, 13], [60, 57, 13])
1	0.737003171791614	0.7504190045958014	([267, 227], [269, 267, 227])
1	0.736298785597554	0.7508731905876231	([264, 229], [264, 245, 226])
1	0.740571549504652	0.7518394726783068	([68, 32], [74, 68, 32])
1	0.7458825362968345	0.7522280431607615	([75, 22], [91, 79, 75])
1	0.7516443332343216	0.7522654457565464	([212, 76], [212, 144, 72])
1	0.7506078578597758	0.7529180690120045	([242, 193], [242, 228, 224])
1	0.7536401205942372	0.7539406910344968	([232, 196], [232, 229, 196])
1	0.7524232693609115	0.7546812209949699	([181, 93], [181, 175, 150])
1	0.7419685768991499	0.7548298371793655	([271, 230], [271, 262, 230])
1	0.7385438750333783	0.7557108343605774	([144, 72], [144, 140, 72])
1	0.6356093733509174	0.7559644426087824	([124, 81], [124, 105, 81])
1	0.7550851474263497	0.7563710884237576	([244, 197], [244, 225, 210])
1	0.7403430294575774	0.7570957645437507	([290, 233], [290, 252, 250])
1	0.7434713513850396	0.757104433577901	([238, 176], [238, 224, 176])
1	0.7023395032163513	0.7574058667602448	([91, 22], [75, 43, 31])
1	0.7560519847950766	0.7576072431382679	([109, 63], [109, 90, 83])
1	0.7267473225719571	0.7600876650862052	([212, 120], [214, 212, 118])
1	0.7451034014055172	0.7603091530788864	([220, 167], [220, 212, 167])
1	0.7337268852812585	0.7613181721156275	([88, 20], [88, 67, 32])
1	0.7444038040171954	0.7616840211320711	([63, 15], [63, 61, 15])
1	0.7555659642923958	0.7626549943418928	([185, 142], [205, 196, 142])
1	0.7547953949680235	0.7626549943418928	([196, 142], [212, 205, 142])
1	0.7528713239408682	0.7630257613925995	([95, 40], [97, 95, 50])
1	0.7599987099059469	0.7640554083419924	([60, 24], [60, 38, 35])
1	0.7518684426931415	0.7648359834217855	([171, 86], [205, 171, 170])
1	0.7558970814550657	0.764950362796125	([99, 52], [99, 93, 84])
1	0.7266535530999005	0.7659761242608042	([203, 71], [211, 207, 73])
1	0.7448166744277643	0.7668934824530219	([100, 37], [100, 84, 82])
1	0.7666549639159489	0.7669076547380436	([108, 26], [108, 47, 40])
1	0.7616496162716524	0.7671699387879678	([172, 97], [172, 165, 97])
1	0.7597184622132133	0.7673869373705617	([223, 158], [223, 205, 170])
1	0.7540514478241584	0.7675172194669303	([174, 81], [174, 138, 74])
1	0.7500402209652519	0.7680580337463951	([262, 201], [262, 252, 218])
1	0.7635793485085381	0.7688518800571565	([226, 6], [247, 226, 198])
1	0.7680800736620812	0.7694130183635622	([91, 36], [91, 64, 36])
1	0.7379000728693385	0.7704079597615603	([239, 71], [239, 212, 71])
1	0.7545874278847194	0.7712037943146657	([243, 191], [243, 207, 191])
1	0.7605318699448518	0.7717692222538789	([204, 82], [212, 204, 82])
1	0.7609958720118738	0.7721436877018857	([185, 112], [185, 142, 139])
1	0.730095045551746	0.7724871440603639	([234, 177], [234, 227, 193])
1	0.7418706789525616	0.772655256256618	([178, 51], [178, 171, 86])
1	0.7694401443364466	0.7731707825086196	([269, 191], [269, 223, 191])
1	0.7500292205670217	0.7737074488727679	([271, 190], [271, 262, 190])
1	0.7230079997298632	0.773818574270808	([89, 24], [89, 64, 7])
1	0.744062000864193	0.7740007716815427	([224, 86], [224, 176, 96])
1	0.7554395260847372	0.7740007716815427	([218, 96], [224, 218, 96])
1	0.7523727756677189	0.7749968808488726	([183, 91], [183, 164, 91])
1	0.773381528929809	0.7753707760901676	([225, 165], [225, 192, 189])
1	0.748522336740182	0.7754091310528582	([196, 72], [211, 196, 72])
1	0.7543595164748386	0.7760578699286053	([92, 27], [92, 62, 52])
1	0.7639417516287742	0.7764400286474061	([175, 69], [175, 93, 86])
1	0.7510124713728508	0.7764400286474061	([175, 93], [175, 171, 86])
1	0.7471400285972304	0.7764627334369869	([219, 145], [209, 208, 145])
1	0.7526444520356201	0.7774564938620183	([209, 64], [209, 82, 77])
1	0.7775568810174657	0.7783282216849091	([214, 93], [214, 105, 93])
1	0.7776180381189641	0.7784630775309278	([245, 76], [245, 76, 52])
1	0.7755877025413759	0.780079693755205	([259, 185], [259, 250, 185])
1	0.7728126556093755	0.7801769877797694	([166, 71], [190, 177, 71])
1	0.7351428649332081	0.7803597646378131	([122, 88], [122, 111, 88])
1	0.7608024715456999	0.7805861055546272	([192, 97], [211, 192, 95])
1	0.7002694612920747	0.7810309408114823	([191, 96], [224, 205, 172])
1	0.6433926037440255	0.7811332596923617	([289, 124], [289, 219, 218])
1	0.7365129539741115	0.7814626328724473	([94, 18], [94, 41, 40])
1	0.7685181039311205	0.7823826285646388	([244, 51], [292, 244, 51])
1	0.7698017490679443	0.7824639110489832	([263, 178], [263, 178, 162])
1	0.7632795895139084	0.7832201349672868	([151, 95], [151, 118, 101])
1	0.7775022160235688	0.7835972337600481	([202, 70], [202, 176, 70])
1	0.7801380069216916	0.7839266992926724	([238, 15], [243, 238, 31])
1	0.7536530579837117	0.7841942780175988	([211, 95], [192, 166, 97])
1	0.7682191924835114	0.7848497361859675	([263, 162], [263, 216, 207])
1	0.7475445683687477	0.7851666004292029	([176, 68], [176, 142, 70])
1	0.7814253640549209	0.7856113045455302	([219, 102], [219, 216, 102])
1	0.7506711694989172	0.7860164425313187	([171, 24], [171, 82, 24])
1	0.7586210966748629	0.7861607584201984	([215, 49], [216, 215, 49])
1	0.7712745225781664	0.7867994465773551	([245, 33], [262, 252, 76])
1	0.6359129105453724	0.7878401261242982	([218, 124], [218, 146, 124])
1	0.7873895062633477	0.7880750675391365	([237, 92], [237, 175, 92])
1	0.7886169272838155	0.788625588992694	([244, 72], [244, 72, 22])
1	0.7757553075320323	0.7887390782765092	([232, 22], [247, 244, 22])
1	0.7885020237261084	0.7887542514980398	([161, 93], [161, 143, 99])
1	0.7852259373377457	0.7894239744303657	([204, 33], [245, 206, 33])
1	0.7611335962959072	0.7894953164765284	([247, 6], [244, 51, 20])
1	0.769744754286178	0.7902219680599847	([247, 87], [247, 87, 22])
1	0.7729385352917465	0.7902281699197395	([246, 62], [246, 218, 62])
1	0.7440655751880404	0.7904863055465818	([262, 76], [247, 245, 52])
1	0.789986562508027	0.791495968538439	([244, 89], [244, 89, 72])
1	0.6483280217513024	0.7917422088392159	([172, 124], [172, 146, 124])
1	0.7854303216032857	0.7919659275645922	([180, 21], [194, 193, 21])
1	0.7804143829406052	0.792189724718749	([248, 41], [248, 41, 29])
1	0.766725675106265	0.7922239226127735	([193, 5], [224, 193, 88])
1	0.650477379750263	0.7927100179546435	([124, 51], [124, 81, 51])
1	0.7596331523610284	0.7928749593172173	([243, 31], [247, 235, 15])
1	0.7882479674063902	0.7928768267190364	([236, 23], [236, 192, 23])
1	0.736597940589717	0.7930651220539564	([97, 23], [97, 69, 23])
1	0.7674127339234417	0.7931062349629233	([228, 68], [244, 228, 89])
1	0.7750700534227293	0.793206586882926	([201, 69], [209, 201, 76])
1	0.773892679560577	0.7934088314096751	([204, 56], [204, 89, 82])
1	0.7697837619188793	0.7936340784706041	([223, 87], [223, 204, 87])
1	0.7935149008787064	0.7936571131647592	([264, 100], [264, 244, 89])
1	0.7754218851016389	0.7936764517483871	([243, 55], [243, 55, 38])
1	0.7877187597472378	0.7942427867169831	([250, 88], [250, 247, 88])
1	0.7815676469414603	0.794802064543965	([174, 41], [174, 74, 62])
1	0.7299357310706845	0.7951891092415085	([292, 1], [292, 51, 18])
1	0.7951543652723361	0.7962112607588696	([264, 56], [264, 243, 56])
1	0.717280000544235	0.7962701164809045	([223, 122], [223, 122, 116])
1	0.7551208540451411	0.7964379675795761	([227, 90], [226, 201, 90])
1	0.795882163912134	0.7964890675221825	([254, 188], [254, 224, 188])
1	0.7865722045410731	0.7965514696361906	([221, 98], [221, 209, 98])
1	0.775839349041968	0.796615736126141	([238, 65], [238, 65, 5])
1	0.7705863625658609	0.7966449884280672	([225, 37], [277, 244, 20])
1	0.7659515321362398	0.796877656345427	([223, 19], [223, 122, 30])
1	0.7949925008400834	0.796877656345427	([251, 30], [251, 223, 30])
1	0.7908030035645299	0.797230980346497	([266, 87], [266, 265, 87])
1	0.7781880197095981	0.7976570390023383	([221, 60], [206, 60, 44])
1	0.7792383777823153	0.79808936907951	([246, 7], [246, 89, 62])
1	0.782922795282961	0.7982720254830002	([242, 59], [242, 204, 190])
1	0.7891450818415794	0.7987486481929736	([268, 84], [292, 268, 84])
1	0.7812791031394835	0.7989538570170234	([178, 7], [178, 52, 51])
1	0.7864473973199875	0.799251460455039	([291, 48], [292, 291, 3])
1	0.7972643769927612	0.7996185654881643	([209, 9], [209, 42, 9])
1	0.7986063478361153	0.799807509084776	([226, 160], [226, 201, 160])
1	0.7997941077192678	0.7999699295241022	([290, 11], [290, 71, 11])
1	0.796030159482296	0.8010415668549302	([239, 94], [239, 94, 71])
1	0.793144242868568	0.8010665201686336	([235, 60], [235, 65, 60])
1	0.7927775348184434	0.8015611749451671	([275, 72], [275, 211, 205])
1	0.7931501832421031	0.8016780405099075	([251, 67], [251, 210, 67])
1	0.7604477591789374	0.8022251236067846	([229, 150], [229, 201, 150])
1	0.800955488984788	0.8028660736573628	([234, 42], [234, 177, 71])
1	0.7530194646588152	0.8030316063287528	([278, 43], [250, 207, 79])
1	0.7863828173497412	0.809390001857462	([239, 24], [239, 118, 24])
1	0.7968984897249974	0.8107912581400182	([268, 49], [268, 236, 59])
1	0.7782190685799577	0.8109507809432314	([289, 57], [289, 228, 195])
1	0.774951319552578	0.8111978043006681	([286, 35], [286, 219, 35])
1	0.7864708636095267	0.8120001667756483	([263, 17], [263, 216, 36])
1	0.7923859718063829	0.8133026382040677	([166, 46], [166, 71, 41])
1	0.7963259219369888	0.8137223465959222	([277, 164], [277, 202, 199])
1	0.8078063584459568	0.8145366917303454	([259, 148], [289, 259, 148])
1	0.7956528416686868	0.8157458911385581	([262, 144], [262, 205, 144])
1	0.7738152280753816	0.8177337974042194	([269, 99], [280, 269, 99])
1	0.8091035023789875	0.8180035951704829	([269, 73], [269, 224, 191])
1	0.8089408405403246	0.8186899538070697	([271, 81], [271, 190, 99])
1	0.8191773560154936	0.8229975719067069	([278, 5], [278, 256, 5])
1	0.7146898730933732	0.8236108715254303	([275, 122], [275, 223, 205])
1	0.7716567077216802	0.8282417102957165	([189, 26], [239, 189, 15])
1	0.8242930132792059	0.8322112680456657	([153, 31], [153, 99, 81])
1	0.8381292858034096	0.8396194403101369	([272, 31], [289, 272, 31])
1	0.5525727200963628	0.8466050953906767	([53, 0], [53, 4, 2])
1	0.8274476959058574	0.8478215481085253	([172, 13], [208, 172, 13])
1	0.6492069447934353	0.8611022153010658	([243, 124], [243, 218, 124])
0	0.0	1.0	([123], [123, 0])
0	0.0	1.0	([125], [125, 0])
0	0.0	1.0	([126], [126, 0])
0	0.0	1.0	([127], [127, 0])
0	0.0	1.0	([128], [128, 0])
0	0.0	1.0	([129], [129, 0])
0	0.0	1.0	([130], [130, 0])
0	0.0	1.0	([131], [131, 0])
0	0.0	1.0	([132], [132, 0])
0	0.0	1.0	([133], [133, 0])
0	0.0	1.0	([134], [134, 0])
0	0.0	1.0	([135], [135, 0])
0	0.0	inf	([0], [])
