0	0.0	0.19920451716854576	([409], [409, 408])
0	0.0	0.20504847030874887	([68], [68, 67])
0	0.0	0.20584674520069643	([396], [396, 395])
0	0.0	0.20692979629208147	([136], [136, 135])
0	0.0	0.21030592686279218	([479], [479, 478])
0	0.0	0.21387905989390685	([157], [157, 156])
0	0.0	0.2144112796554911	([452], [452, 451])
0	0.0	0.21498688337936706	([93], [93, 92])
0	0.0	0.21749213088485314	([138], [138, 137])
0	0.0	0.21761227142844916	([476], [476, 475])
0	0.0	0.21876379323846598	([466], [466, 465])
0	0.0	0.22014188544896054	([462], [462, 461])
0	0.0	0.22061005672132258	([471], [471, 470])
0	0.0	0.22069319796152947	([403], [403, 402])
0	0.0	0.22082772030013006	([168], [168, 167])
0	0.0	0.22106985836636825	([417], [417, 416])
0	0.0	0.22108226277264612	([44], [44, 43])
0	0.0	0.2212751152512195	([425], [425, 424])
0	0.0	0.2218756740587658	([464], [464, 463])
0	0.0	0.22196603287746314	([480], [480, 479])
0	0.0	0.2223479597262576	([60], [60, 59])
0	0.0	0.22326450491723207	([143], [143, 142])
0	0.0	0.22370684425316656	([411], [411, 410])
0	0.0	0.2238493375944888	([477], [477, 476])
0	0.0	0.22474648733648658	([300], [300, 299])
0	0.0	0.22530977298274776	([475], [475, 474])
0	0.0	0.22531540329253227	([444], [444, 443])
0	0.0	0.2260365565237164	([384], [384, 383])
0	0.0	0.22636337774411866	([401], [401, 400])
0	0.0	0.22643609539619822	([302], [302, 301])
0	0.0	0.22681265660269379	([456], [456, 455])
0	0.0	0.22706172029047916	([474], [474, 473])
0	0.0	0.22706579778695923	([418], [418, 417])
0	0.0	0.22753712792875483	([264], [264, 263])
0	0.0	0.22786723253568708	([10], [10, 9])
0	0.0	0.22815550266059909	([470], [470, 469])
0	0.0	0.22852998459943458	([389], [389, 388])
0	0.0	0.2289638193340506	([58], [58, 57])
0	0.0	0.22901404155351887	([146], [146, 145])
0	0.0	0.22975938830225198	([159], [159, 158])
0	0.0	0.22978577082421273	([291], [291, 290])
0	0.0	0.23019718552894536	([311], [311, 310])
0	0.0	0.23040777257114034	([166], [166, 165])
0	0.0	0.23044794700870644	([140], [140, 139])
0	0.0	0.23047844906836684	([453], [453, 452])
0	0.0	0.23056855454347172	([15], [15, 14])
0	0.0	0.23067566265819062	([296], [296, 295])
0	0.0	0.23138093053023046	([77], [77, 76])
0	0.0	0.23171183566661085	([454], [454, 453])
0	0.0	0.23195237854738385	([280], [280, 279])
0	0.0	0.23197742150976994	([221], [221, 220])
0	0.0	0.23221927268091044	([174], [174, 173])
0	0.0	0.23246170167585653	([450], [450, 449])
0	0.0	0.2325087465380871	([56], [56, 55])
0	0.0	0.2325691175238106	([392], [392, 391])
0	0.0	0.23268324658356018	([468], [468, 467])
0	0.0	0.23288856707810437	([261], [261, 260])
0	0.0	0.23301573377674337	([107], [107, 106])
0	0.0	0.23308402058497527	([406], [406, 405])
0	0.0	0.23318129125158701	([285], [285, 284])
0	0.0	0.23318729560683082	([55], [56, 54])
0	0.0	0.23320856229450945	([155], [155, 154])
0	0.0	0.23366411511089336	([313], [313, 312])
0	0.0	0.23370675391427442	([427], [427, 426])
0	0.0	0.2337234888088105	([472], [472, 471])
0	0.0	0.23399770309300663	([116], [116, 115])
0	0.0	0.2342646606694878	([398], [398, 397])
0	0.0	0.2343370095143424	([178], [178, 177])
0	0.0	0.23438811948384866	([420], [420, 419])
0	0.0	0.23440139979642413	([260], [260, 259])
0	0.0	0.23461497082003177	([405], [405, 404])
0	0.0	0.2349225665022381	([177], [177, 176])
0	0.0	0.23493039857410516	([481], [481, 480])
0	0.0	0.2352697585249254	([145], [145, 144])
0	0.0	0.23542064959269818	([465], [465, 464])
0	0.0	0.23631515217943713	([428], [428, 427])
0	0.0	0.23646486159667654	([100], [100, 99])
0	0.0	0.23646595941095622	([414], [414, 413])
0	0.0	0.23654614927969278	([219], [219, 218])
0	0.0	0.23670616277660642	([449], [449, 448])
0	0.0	0.2368037615876433	([345], [345, 344])
0	0.0	0.23689825823004582	([97], [97, 96])
0	0.0	0.23740012789886578	([112], [112, 111])
0	0.0	0.23748754561546545	([306], [306, 305])
0	0.0	0.2383516512762197	([104], [104, 103])
0	0.0	0.23859783672697316	([314], [314, 313])
0	0.0	0.23870107501429927	([412], [412, 411])
0	0.0	0.23878678469962136	([170], [170, 169])
0	0.0	0.23921204397049559	([336], [336, 335])
0	0.0	0.2393124745106451	([342], [342, 341])
0	0.0	0.23950337046938733	([204], [204, 203])
0	0.0	0.2395513312737993	([34], [34, 33])
0	0.0	0.23965220171154084	([289], [289, 288])
0	0.0	0.23968223604245806	([14], [14, 13])
0	0.0	0.2398492327284868	([218], [218, 217])
0	0.0	0.23993888156846843	([148], [148, 147])
0	0.0	0.24015392916982217	([370], [370, 369])
0	0.0	0.24084583969834134	([147], [147, 146])
0	0.0	0.2410479896542509	([262], [262, 261])
0	0.0	0.24130592971309137	([125], [125, 124])
0	0.0	0.2418990489252294	([74], [74, 73])
0	0.0	0.24202118926475136	([248], [248, 247])
0	0.0	0.24208952892112953	([435], [435, 434])
0	0.0	0.2422658050586309	([78], [78, 77])
0	0.0	0.2426845041550102	([448], [448, 447])
0	0.0	0.24272850070313182	([185], [185, 184])
0	0.0	0.2433333603458739	([80], [80, 79])
0	0.0	0.24335405090684553	([85], [85, 84])
0	0.0	0.2436137645429235	([419], [419, 418])
0	0.0	0.2437919364187549	([182], [182, 181])
0	0.0	0.2437951762038729	([96], [96, 95])
0	0.0	0.24381745768417126	([292], [292, 291])
0	0.0	0.24385156585827003	([415], [415, 414])
0	0.0	0.2439171831485181	([64], [64, 63])
0	0.0	0.24404274531470507	([363], [363, 362])
0	0.0	0.24409998291944005	([275], [275, 274])
0	0.0	0.2444570762854495	([265], [265, 264])
0	0.0	0.2448185993253324	([202], [202, 201])
0	0.0	0.2448982352338684	([214], [214, 213])
0	0.0	0.24493060567946692	([422], [422, 421])
0	0.0	0.24501111745374582	([250], [250, 249])
0	0.0	0.24508569152211204	([211], [211, 210])
0	0.0	0.24516301052117317	([94], [94, 93])
0	0.0	0.24526500576918464	([309], [309, 308])
0	0.0	0.24526671555603258	([139], [139, 138])
0	0.0	0.24531456933303117	([228], [228, 227])
0	0.0	0.24540984383255263	([120], [120, 119])
0	0.0	0.24562225767796436	([152], [152, 151])
0	0.0	0.24597234190827502	([91], [91, 90])
0	0.0	0.24597708240279922	([101], [101, 100])
0	0.0	0.24598990725507877	([317], [317, 316])
0	0.0	0.24608303889889585	([447], [447, 446])
0	0.0	0.24610175538787657	([283], [283, 282])
0	0.0	0.2462099181150224	([460], [460, 459])
0	0.0	0.24642720574365637	([276], [276, 275])
0	0.0	0.24646927380230843	([256], [256, 255])
0	0.0	0.24674079639972255	([106], [106, 105])
0	0.0	0.2467622112691758	([361], [361, 360])
0	0.0	0.24682055420309792	([387], [387, 386])
0	0.0	0.24689181408622005	([119], [119, 118])
0	0.0	0.24693084707377919	([62], [62, 61])
0	0.0	0.2470598097469422	([224], [224, 223])
0	0.0	0.24708242633538247	([458], [458, 457])
0	0.0	0.24709428249233975	([197], [197, 196])
0	0.0	0.24713362249445522	([294], [294, 293])
0	0.0	0.24715545981036252	([36], [36, 35])
0	0.0	0.24716841771479267	([259], [259, 258])
0	0.0	0.2472913462994107	([374], [374, 373])
0	0.0	0.24729558497952722	([113], [113, 112])
0	0.0	0.24750781893477608	([76], [76, 75])
0	0.0	0.247533895129848	([459], [459, 458])
0	0.0	0.24756426342192236	([111], [111, 110])
0	0.0	0.24760509646905737	([385], [385, 384])
0	0.0	0.2478376480221369	([388], [388, 387])
0	0.0	0.2479222532441342	([163], [163, 162])
0	0.0	0.24797590918479834	([273], [273, 272])
0	0.0	0.24810567738210682	([325], [325, 324])
0	0.0	0.24816927596548954	([195], [195, 194])
0	0.0	0.24853296219867738	([267], [267, 266])
0	0.0	0.2485880288563401	([463], [463, 462])
0	0.0	0.24860704617925838	([226], [226, 225])
0	0.0	0.2486410391713591	([51], [51, 50])
0	0.0	0.24873284752500738	([151], [151, 150])
0	0.0	0.2489265973981239	([49], [49, 48])
0	0.0	0.249121967288781	([424], [424, 423])
0	0.0	0.2492356960137717	([268], [268, 267])
0	0.0	0.24953866299803615	([215], [215, 214])
0	0.0	0.24957404987609838	([272], [272, 271])
0	0.0	0.24969435301095771	([37], [37, 36])
0	0.0	0.2498568205138882	([278], [278, 277])
0	0.0	0.24986407530146773	([269], [269, 268])
0	0.0	0.24995116914854112	([304], [304, 303])
0	0.0	0.24996154874978754	([133], [133, 132])
0	0.0	0.25010684158111035	([65], [65, 64])
0	0.0	0.2501131839016022	([323], [323, 322])
0	0.0	0.2501397820876988	([141], [141, 140])
0	0.0	0.25024858726555527	([102], [102, 101])
0	0.0	0.2504432259077129	([338], [338, 337])
0	0.0	0.25044470765954846	([393], [393, 392])
0	0.0	0.2505861912191405	([180], [180, 179])
0	0.0	0.2507554132875598	([134], [134, 133])
0	0.0	0.25088205300403005	([130], [130, 129])
0	0.0	0.2509493030750777	([200], [200, 199])
0	0.0	0.2510739383600693	([201], [201, 200])
0	0.0	0.2511309538178989	([241], [241, 240])
0	0.0	0.251628965708205	([71], [71, 70])
0	0.0	0.251663444168941	([38], [38, 37])
0	0.0	0.2516655977614135	([457], [457, 456])
0	0.0	0.251669072478941	([421], [422, 420])
0	0.0	0.251755447338659	([81], [81, 80])
0	0.0	0.2517646355818948	([82], [82, 81])
0	0.0	0.2517711087764134	([372], [372, 371])
0	0.0	0.2518281296848357	([310], [310, 309])
0	0.0	0.25183754950575477	([366], [366, 365])
0	0.0	0.2518602453158321	([431], [431, 430])
0	0.0	0.2520248789599775	([284], [284, 283])
0	0.0	0.25218769532235086	([234], [234, 233])
0	0.0	0.2522654009553689	([210], [210, 209])
0	0.0	0.2524510820347308	([271], [271, 270])
0	0.0	0.2528371914376843	([20], [20, 19])
0	0.0	0.25293290847205246	([189], [189, 188])
0	0.0	0.25294249993618995	([478], [478, 477])
0	0.0	0.2530152634400806	([305], [305, 304])
0	0.0	0.2531950336388867	([362], [362, 361])
0	0.0	0.25344596569412875	([407], [407, 406])
0	0.0	0.25357340493970726	([290], [290, 289])
0	0.0	0.2537446912541526	([277], [277, 276])
0	0.0	0.2537746536456515	([253], [253, 252])
0	0.0	0.25384469735308124	([330], [330, 329])
0	0.0	0.253884153133503	([358], [358, 357])
0	0.0	0.2539029859466784	([249], [249, 248])
0	0.0	0.25395892915991797	([371], [371, 370])
0	0.0	0.2539744138967253	([216], [216, 215])
0	0.0	0.2539798498436364	([237], [237, 236])
0	0.0	0.25422660187792306	([99], [99, 98])
0	0.0	0.2542293977512584	([53], [53, 52])
0	0.0	0.2543693810062137	([303], [303, 302])
0	0.0	0.2544083437953596	([199], [199, 198])
0	0.0	0.2547590202583702	([230], [230, 229])
0	0.0	0.2547638760570647	([70], [70, 69])
0	0.0	0.2549736043174511	([131], [131, 130])
0	0.0	0.2552063158197467	([353], [353, 352])
0	0.0	0.2552116757084589	([321], [321, 320])
0	0.0	0.2552562055914894	([432], [432, 431])
0	0.0	0.2553089056886902	([87], [87, 86])
0	0.0	0.25531707676210896	([137], [137, 136])
0	0.0	0.2555313823094053	([236], [236, 235])
0	0.0	0.255650144112022	([467], [467, 466])
0	0.0	0.2556837085771509	([337], [337, 336])
0	0.0	0.2556947665734149	([227], [227, 226])
0	0.0	0.25614830246353626	([118], [118, 117])
0	0.0	0.25619695819004396	([364], [364, 363])
0	0.0	0.2562805316574226	([254], [254, 253])
0	0.0	0.2564070657743531	([328], [328, 327])
0	0.0	0.25652960348635534	([89], [89, 88])
0	0.0	0.25657564294529234	([473], [473, 472])
0	0.0	0.25666596669698954	([52], [52, 51])
0	0.0	0.2567661942238713	([281], [281, 280])
0	0.0	0.25691509077933355	([231], [231, 230])
0	0.0	0.25698143784053507	([319], [319, 318])
0	0.0	0.2570955140466366	([11], [11, 10])
0	0.0	0.25734170479406004	([161], [161, 160])
0	0.0	0.25762817140990174	([90], [90, 89])
0	0.0	0.2576505181183229	([377], [377, 376])
0	0.0	0.25766409753163594	([103], [103, 102])
0	0.0	0.2576665376013133	([165], [165, 164])
0	0.0	0.2577126224752416	([164], [164, 163])
0	0.0	0.25787159264511034	([287], [287, 286])
0	0.0	0.2579187823572027	([343], [343, 342])
0	0.0	0.25791978706026003	([297], [297, 296])
0	0.0	0.257956122684695	([223], [223, 222])
0	0.0	0.258107676149049	([348], [348, 347])
0	0.0	0.25813669473888273	([191], [191, 190])
0	0.0	0.2581918968072679	([394], [394, 393])
0	0.0	0.258217205591342	([239], [239, 238])
0	0.0	0.2582543897407714	([252], [252, 251])
0	0.0	0.25830443718363133	([22], [22, 21])
0	0.0	0.2585480284659412	([400], [400, 399])
0	0.0	0.25867833880628077	([318], [318, 317])
0	0.0	0.2587537499920291	([293], [293, 292])
0	0.0	0.2588108345166439	([434], [434, 433])
0	0.0	0.2589671480554124	([110], [110, 109])
0	0.0	0.25898399967432667	([67], [67, 66])
0	0.0	0.2590483295528816	([282], [282, 281])
0	0.0	0.25905084399311523	([92], [92, 91])
0	0.0	0.2590767161151138	([21], [21, 20])
0	0.0	0.259404637499643	([445], [445, 444])
0	0.0	0.2594072972645089	([172], [172, 171])
0	0.0	0.2594879317631087	([430], [430, 429])
0	0.0	0.2595927526838812	([404], [404, 403])
0	0.0	0.2598046123436933	([150], [150, 149])
0	0.0	0.25980697537433883	([352], [352, 351])
0	0.0	0.2599591065072962	([6], [6, 5])
0	0.0	0.26008200904701395	([270], [270, 269])
0	0.0	0.26008746530852284	([356], [356, 355])
0	0.0	0.2601169728433757	([124], [124, 123])
0	0.0	0.2601293783949823	([416], [416, 415])
0	0.0	0.2601585415386727	([59], [59, 58])
0	0.0	0.26027428073694103	([245], [245, 244])
0	0.0	0.2604043882497523	([162], [162, 161])
0	0.0	0.2604829274204521	([115], [115, 114])
0	0.0	0.2605032138801735	([208], [208, 207])
0	0.0	0.26128974149903456	([75], [75, 74])
0	0.0	0.2613596713788557	([88], [88, 87])
0	0.0	0.2615422826268912	([324], [324, 323])
0	0.0	0.2615641164794477	([132], [132, 131])
0	0.0	0.26176721628637056	([206], [206, 205])
0	0.0	0.26178474886760544	([327], [327, 326])
0	0.0	0.26200668477605144	([410], [410, 409])
0	0.0	0.262017457427769	([207], [207, 206])
0	0.0	0.2621867323346034	([251], [251, 250])
0	0.0	0.26222291331122877	([437], [437, 436])
0	0.0	0.2628856926291694	([335], [335, 334])
0	0.0	0.26315931903822026	([109], [109, 108])
0	0.0	0.26345360589826455	([244], [244, 243])
0	0.0	0.26358094707313956	([391], [391, 390])
0	0.0	0.2635890011995575	([213], [213, 212])
0	0.0	0.2635950284032709	([397], [397, 396])
0	0.0	0.2636171069762657	([43], [43, 42])
0	0.0	0.26362082259630404	([379], [379, 378])
0	0.0	0.26386126448017866	([369], [369, 368])
0	0.0	0.2641386010162185	([203], [203, 202])
0	0.0	0.2645799413684655	([332], [332, 331])
0	0.0	0.2646448476346292	([235], [235, 234])
0	0.0	0.26470297691199435	([167], [167, 166])
0	0.0	0.26490833514870005	([380], [380, 379])
0	0.0	0.2650398937128217	([257], [257, 256])
0	0.0	0.26530279783703953	([307], [307, 306])
0	0.0	0.2656816113946451	([359], [359, 358])
0	0.0	0.26581964279497605	([46], [46, 44])
0	0.0	0.26598338267514865	([378], [378, 377])
0	0.0	0.2661010936503771	([39], [39, 38])
0	0.0	0.26610649103084016	([333], [333, 332])
0	0.0	0.26625125507234215	([233], [233, 232])
0	0.0	0.2667795214036136	([316], [316, 315])
0	0.0	0.2677916073399623	([209], [209, 208])
0	0.0	0.26819974155795395	([61], [61, 60])
0	0.0	0.2683434735411828	([355], [355, 354])
0	0.0	0.26859754785245055	([217], [217, 216])
0	0.0	0.2686743220637524	([243], [243, 242])
0	0.0	0.2688354074103331	([351], [351, 350])
0	0.0	0.2689712356408662	([347], [347, 346])
0	0.0	0.2692910249199229	([322], [322, 321])
0	0.0	0.2694999407560524	([27], [27, 26])
0	0.0	0.2695495953190523	([402], [402, 401])
0	0.0	0.2699488565759811	([326], [326, 325])
0	0.0	0.27000615643737097	([373], [373, 372])
0	0.0	0.2700349083324856	([240], [240, 239])
0	0.0	0.27118709422429516	([331], [331, 330])
0	0.0	0.2712006646740817	([360], [360, 359])
0	0.0	0.27130958915856684	([126], [126, 125])
0	0.0	0.27143765640694856	([443], [443, 442])
0	0.0	0.2715785943117442	([381], [381, 380])
0	0.0	0.2719009679177749	([194], [194, 193])
0	0.0	0.2722951752329279	([350], [350, 349])
0	0.0	0.2727585235133547	([196], [196, 195])
0	0.0	0.273024357359375	([258], [258, 257])
0	0.0	0.27324371074461085	([190], [190, 189])
0	0.0	0.27346431627908674	([66], [66, 65])
0	0.0	0.2735405416459114	([175], [175, 174])
0	0.0	0.2737074162207428	([160], [160, 159])
0	0.0	0.2737752010387781	([433], [433, 432])
0	0.0	0.2738808098997652	([184], [184, 183])
0	0.0	0.2739917563742191	([156], [156, 155])
0	0.0	0.27404231909040694	([255], [255, 254])
0	0.0	0.2742853960926127	([357], [357, 356])
0	0.0	0.2743342788432168	([298], [298, 297])
0	0.0	0.2744482735962877	([183], [183, 182])
0	0.0	0.27505294284178006	([288], [288, 287])
0	0.0	0.27508872076338686	([40], [40, 39])
0	0.0	0.27527825911920945	([108], [108, 106])
0	0.0	0.27531761445859393	([375], [375, 374])
0	0.0	0.27532702427939987	([242], [242, 241])
0	0.0	0.27539094754182736	([225], [225, 224])
0	0.0	0.2757042303786397	([365], [365, 364])
0	0.0	0.2757308962231531	([158], [158, 157])
0	0.0	0.275796719200062	([193], [193, 192])
0	0.0	0.2758538279533268	([84], [84, 83])
0	0.0	0.27606862102135954	([128], [128, 126])
0	0.0	0.2770194491414333	([121], [121, 120])
0	0.0	0.27712202263173347	([142], [142, 141])
0	0.0	0.27722062642370116	([127], [127, 126])
0	0.0	0.277256169585737	([98], [98, 97])
0	0.0	0.2774421105536179	([48], [48, 47])
0	0.0	0.277700901833211	([266], [266, 265])
0	0.0	0.2778757295999929	([376], [376, 375])
0	0.0	0.27791359762545154	([423], [423, 422])
0	0.0	0.27814150772324936	([63], [63, 62])
0	0.0	0.2785692711038794	([349], [349, 348])
0	0.0	0.27877616976118724	([105], [105, 104])
0	0.0	0.2788054722277649	([320], [320, 319])
0	0.0	0.2788465704139401	([440], [440, 439])
0	0.0	0.2789564711616323	([187], [187, 186])
0	0.0	0.2790107785361567	([232], [232, 231])
0	0.0	0.27917838600298	([354], [354, 353])
0	0.0	0.2792911808993369	([455], [455, 454])
0	0.0	0.27983114781411617	([346], [346, 345])
0	0.0	0.28037854396452866	([149], [149, 148])
0	0.0	0.2804102943279429	([286], [286, 285])
0	0.0	0.28064344643958034	([47], [47, 46])
0	0.0	0.2807692971736042	([390], [390, 389])
0	0.0	0.2809554256093948	([386], [386, 385])
0	0.0	0.28117989451061176	([83], [83, 82])
0	0.0	0.2815761671185172	([19], [19, 18])
0	0.0	0.2816864441086617	([461], [461, 460])
0	0.0	0.2819089648495233	([426], [426, 425])
0	0.0	0.2821816660261399	([436], [436, 435])
0	0.0	0.2827083405485499	([205], [205, 204])
0	0.0	0.2827532462267379	([30], [30, 29])
0	0.0	0.2835992122816399	([29], [29, 27])
0	0.0	0.28384012062205266	([179], [179, 178])
0	0.0	0.2842249425764783	([28], [28, 27])
0	0.0	0.28428306049437696	([69], [69, 68])
0	0.0	0.28464385389056546	([122], [122, 121])
0	0.0	0.2847756222825912	([399], [399, 398])
0	0.0	0.28488974660397226	([413], [413, 412])
0	0.0	0.28538835405744384	([344], [344, 343])
0	0.0	0.28588484119923185	([42], [46, 45])
0	0.0	0.28653479974355733	([95], [95, 94])
0	0.0	0.28661116400448616	([117], [117, 116])
0	0.0	0.2866460358791344	([341], [342, 340])
0	0.0	0.2866904338165606	([299], [299, 298])
0	0.0	0.28691374327302366	([340], [340, 339])
0	0.0	0.2875622621781426	([383], [383, 382])
0	0.0	0.2877700295579504	([57], [57, 56])
0	0.0	0.2885032939384814	([31], [31, 29])
0	0.0	0.28866547442615176	([54], [54, 53])
0	0.0	0.28888094497028166	([192], [192, 191])
0	0.0	0.28888527632765176	([9], [9, 8])
0	0.0	0.2889920870243744	([429], [429, 428])
0	0.0	0.2896169686971547	([12], [12, 11])
0	0.0	0.28984400640709423	([308], [308, 307])
0	0.0	0.2904042928916066	([301], [301, 300])
0	0.0	0.29043833651197953	([32], [32, 31])
0	0.0	0.2905949014878936	([129], [129, 128])
0	0.0	0.2910131632207402	([329], [329, 328])
0	0.0	0.2910224432226766	([222], [222, 221])
0	0.0	0.2912530090502315	([368], [368, 367])
0	0.0	0.2914592420407232	([442], [442, 440])
0	0.0	0.29179449124228585	([73], [73, 72])
0	0.0	0.2921895848479706	([173], [173, 172])
0	0.0	0.29252264889419344	([395], [395, 394])
0	0.0	0.2925976219299609	([451], [451, 450])
0	0.0	0.2928996135738368	([79], [79, 78])
0	0.0	0.2930560470584572	([186], [186, 185])
0	0.0	0.29353104779190303	([171], [171, 170])
0	0.0	0.29413097643945024	([153], [153, 152])
0	0.0	0.2957186661180761	([238], [238, 237])
0	0.0	0.2958842870216829	([181], [181, 180])
0	0.0	0.2959629690749867	([72], [72, 71])
0	0.0	0.2966363501940639	([114], [114, 113])
0	0.0	0.297084020797817	([279], [279, 278])
0	0.0	0.2982133821985491	([33], [33, 32])
0	0.0	0.2990452785056508	([18], [18, 17])
0	0.0	0.29978649133954305	([135], [135, 134])
0	0.0	0.29982600252835306	([367], [368, 366])
0	0.0	0.3000102098607863	([188], [188, 187])
0	0.0	0.3015520866392674	([35], [35, 34])
0	0.0	0.30160920469268887	([469], [469, 468])
0	0.0	0.3020094264892019	([13], [13, 12])
0	0.0	0.30244217286717484	([312], [312, 311])
0	0.0	0.30341529855447374	([441], [441, 440])
0	0.0	0.30341693667951064	([408], [408, 407])
0	0.0	0.3042787101695792	([382], [382, 381])
0	0.0	0.3059552240354996	([220], [220, 219])
0	0.0	0.3059767354328245	([123], [123, 122])
0	0.0	0.30691862662650166	([50], [50, 49])
0	0.0	0.3074034498992694	([439], [439, 438])
0	0.0	0.30871209997449695	([438], [439, 437])
0	0.0	0.3088335476558562	([334], [334, 333])
0	0.0	0.30916826017842775	([212], [212, 211])
0	0.0	0.30990016910500523	([315], [315, 314])
0	0.0	0.3104264053298838	([198], [198, 197])
0	0.0	0.312193338587802	([154], [154, 153])
0	0.0	0.3131170121055042	([295], [295, 294])
0	0.0	0.3147517447633853	([246], [246, 245])
0	0.0	0.31494173684469196	([86], [86, 85])
0	0.0	0.31498425813033876	([339], [339, 338])
0	0.0	0.31578145795978263	([169], [169, 168])
0	0.0	0.3169135181939956	([7], [7, 3])
0	0.0	0.3170450543580155	([8], [8, 7])
0	0.0	0.31738696666262917	([17], [17, 16])
0	0.0	0.317835906505178	([229], [229, 228])
0	0.0	0.3182629471044267	([144], [144, 143])
1	0.31635029249884966	0.32083266437594976	([470, 467], [470, 469, 468])
0	0.0	0.3215354311848832	([3], [7, 6])
0	0.0	0.3222185103449697	([45], [42, 40])
0	0.0	0.3236658990420973	([247], [247, 246])
0	0.0	0.32380172211935837	([16], [17, 15])
0	0.0	0.3261713913637669	([274], [274, 273])
0	0.0	0.3269426368222415	([176], [176, 175])
0	0.0	0.3327267710995874	([446], [446, 445])
0	0.0	0.33378045419954083	([263], [263, 262])
0	0.0	0.34081436854854236	([26], [26, 25])
0	0.0	0.3414322182203415	([25], [25, 24])
0	0.0	0.3429669719470683	([5], [3, 2])
0	0.0	0.34681280980975115	([2], [7, 4])
1	0.3644382704755616	0.3773859419784997	([381, 374], [381, 378, 376])
0	0.0	0.38090730038921355	([23], [23, 22])
0	0.0	0.3929568901341077	([24], [24, 18])
0	0.0	0.40642696204869344	([4], [42, 41])
1	0.39973676352014126	0.4074792545600286	([25, 22], [25, 24, 22])
0	0.0	0.4784108073476743	([41], [41, 0])
0	0.0	0.5687398445913114	([0], [5, 1])
1	0.5880394938634959	0.6013637348999361	([16, 2], [16, 12, 2])
1	0.5792353587811465	0.6061432186140746	([461, 443], [461, 451, 449])
1	0.5902029024864753	0.6096790237854817	([481, 462], [481, 472, 470])
1	0.6154687140128925	0.6256283140854944	([443, 407], [443, 424, 423])
1	0.6473740545537717	0.6483056850623659	([45, 1], [45, 31, 1])
1	0.6465523088677302	0.6486726622173183	([473, 405], [473, 463, 403])
1	0.6403446681075418	0.6501046694281686	([43, 13], [43, 32, 30])
1	0.6399864030515523	0.6514110190247548	([444, 406], [444, 423, 409])
1	0.6066004207889761	0.6521221818335446	([24, 1], [28, 24, 1])
1	0.6481116906990853	0.6588183091489129	([441, 408], [441, 423, 409])
1	0.6452054843168394	0.6596810296615181	([463, 403], [463, 461, 403])
1	0.6236131246483356	0.6609614353515687	([53, 20], [53, 42, 27])
1	0.6554726400622041	0.6660816155031374	([477, 400], [477, 461, 405])
1	0.6508508622226983	0.6678027811105656	([72, 32], [72, 58, 52])
1	0.6697259530767535	0.6705909521886966	([416, 392], [416, 405, 392])
1	0.6661071973242226	0.6765803404281678	([421, 393], [421, 406, 397])
1	0.6589617609842976	0.6822585731540893	([481, 412], [481, 464, 412])
1	0.6652156251949003	0.6832431297452869	([146, 127], [146, 140, 127])
1	0.6838669625701814	0.6864845099569262	([210, 157], [210, 173, 171])
1	0.6831808301866595	0.6866914913433911	([64, 14], [64, 45, 34])
1	0.684063881452944	0.690514208475775	([179, 151], [179, 161, 151])
1	0.677793572244325	0.6905810802417576	([70, 37], [70, 59, 37])
1	0.6896671964433112	0.6908271775651834	([298, 265], [298, 283, 280])
1	0.6907511410930717	0.691134337541752	([402, 352], [402, 384, 352])
1	0.6764810120815375	0.691909987127856	([398, 335], [398, 384, 341])
1	0.6895307911126879	0.694352624318292	([245, 193], [245, 226, 193])
1	0.6956003661702201	0.696167870377333	([117, 55], [117, 76, 65])
1	0.6878012078493018	0.6962653857491821	([116, 62], [116, 94, 63])
1	0.6988030546304606	0.6992047985804366	([139, 90], [139, 118, 115])
1	0.6786528466506967	0.7006933572930053	([163, 127], [163, 142, 141])
1	0.6845750152299231	0.7011146853392085	([375, 331], [375, 371, 331])
1	0.6923443150670631	0.7021344873642803	([130, 86], [130, 105, 86])
1	0.6715230533954342	0.7038166917379479	([392, 336], [392, 363, 347])
1	0.6925748472395731	0.7040748725296084	([92, 19], [92, 69, 61])
1	0.6876232193461399	0.7045078495269056	([132, 84], [132, 114, 84])
1	0.6834968649879918	0.7061470376908857	([82, 38], [82, 64, 53])
1	0.6961483957749605	0.7062768253048136	([460, 382], [460, 440, 405])
1	0.695439789375805	0.706500493785406	([133, 52], [133, 116, 52])
1	0.7023269853853956	0.7068418141498342	([145, 109], [145, 130, 126])
1	0.7017565941299292	0.706957786531682	([134, 59], [134, 115, 59])
1	0.6928009073303238	0.7071597984338545	([279, 247], [279, 263, 262])
1	0.6894340953152043	0.7072594068238064	([437, 371], [428, 415, 391])
1	0.7076030893387092	0.7082262583948792	([123, 64], [123, 116, 62])
1	0.6967810666102505	0.7088236451108912	([230, 177], [230, 210, 205])
1	0.70207650213914	0.709204038037692	([377, 305], [377, 341, 330])
1	0.6752085095851073	0.7094047323869053	([367, 296], [367, 338, 336])
1	0.6601922870043041	0.7095058282259923	([72, 1], [72, 47, 39])
1	0.6793826174165376	0.7095225028572004	([173, 119], [173, 135, 122])
1	0.7081446668126629	0.7098604225474744	([417, 329], [417, 404, 356])
1	0.6958867586603548	0.7098834936810142	([87, 49], [87, 66, 64])
1	0.6982009921199112	0.710788315659864	([136, 60], [136, 113, 60])
1	0.7040592615235333	0.7109213330326022	([273, 221], [273, 258, 221])
1	0.7102335278691229	0.7119476612287353	([412, 310], [412, 406, 310])
1	0.7054631257625611	0.712290708303062	([406, 333], [400, 391, 333])
1	0.7006651243225692	0.7123773608646594	([249, 201], [249, 220, 201])
1	0.7051929574532302	0.7137068939689862	([275, 165], [275, 273, 171])
1	0.7084229911188473	0.7142936870300416	([480, 299], [404, 401, 299])
1	0.7083234923458566	0.7146529581034236	([447, 363], [447, 431, 363])
1	0.7005829926112453	0.7146642232106784	([273, 171], [299, 275, 270])
1	0.7065578235969671	0.7153440418615358	([188, 113], [188, 173, 113])
1	0.7042976476605836	0.715934383760761	([431, 372], [431, 421, 372])
1	0.6944336362199838	0.716038523268586	([228, 145], [215, 167, 162])
1	0.7144197892813546	0.716079455237816	([408, 317], [410, 408, 341])
1	0.7014636611564921	0.7169827442201034	([446, 378], [446, 414, 394])
1	0.7129879382774704	0.7175496680960951	([409, 311], [409, 401, 299])
1	0.6947425255736779	0.7177585645368357	([111, 46], [114, 70, 50])
1	0.697467338519814	0.7180747021279288	([83, 3], [83, 50, 3])
1	0.688465386737091	0.7183574817929825	([260, 191], [262, 260, 196])
1	0.6835878385692196	0.7190176337056385	([299, 165], [275, 253, 212])
1	0.6948626645562174	0.7194980396414519	([378, 318], [379, 378, 318])
1	0.7020786903713896	0.7195410782607675	([167, 73], [167, 134, 59])
1	0.698616297314385	0.7195410782607675	([165, 59], [167, 165, 59])
1	0.7121555178135427	0.7203779665041457	([168, 84], [168, 84, 62])
1	0.6997416213065016	0.7203779665041457	([168, 47], [168, 150, 62])
1	0.7062437662236732	0.7208988826988366	([272, 224], [272, 249, 223])
1	0.710746141656049	0.7222068248492564	([104, 54], [104, 82, 66])
1	0.7094877821548994	0.7224393235143318	([148, 70], [148, 118, 114])
1	0.7142114563734698	0.7225840758610688	([142, 79], [142, 120, 114])
1	0.7141148707773751	0.7229191758055805	([418, 314], [418, 391, 333])
1	0.7170133691911528	0.7233533506942719	([296, 223], [296, 289, 223])
1	0.7221242928543729	0.7237545715390722	([149, 68], [149, 138, 68])
1	0.6979708029249411	0.7244793907881845	([263, 197], [263, 240, 219])
1	0.7163150896402745	0.7245149399166512	([453, 367], [453, 420, 367])
1	0.6901506711900707	0.7247539571069584	([136, 43], [136, 60, 43])
1	0.7153909289756637	0.7250518842540503	([338, 259], [338, 299, 295])
1	0.7118904706014396	0.7250697939316638	([454, 375], [454, 416, 392])
1	0.7233001334948913	0.7251864033371789	([100, 28], [100, 80, 54])
1	0.7221147265678006	0.7252002482750791	([400, 306], [400, 333, 306])
1	0.7033210406746742	0.7262985748129234	([255, 166], [255, 223, 210])
1	0.7237855307330571	0.7265863684617732	([288, 226], [288, 272, 226])
1	0.7232773570552484	0.7266757302665988	([328, 272], [328, 302, 272])
1	0.7164250672741209	0.7266911345740384	([280, 182], [280, 253, 212])
1	0.7253588355434477	0.7267091910136231	([244, 165], [244, 227, 161])
1	0.7207080570954797	0.7270237076820343	([227, 161], [227, 196, 179])
1	0.7194536900665957	0.7283520664145529	([279, 179], [279, 216, 214])
1	0.7209688960115386	0.7285350181791939	([313, 250], [313, 303, 250])
1	0.7242926104982812	0.7290710497829722	([108, 3], [108, 87, 3])
1	0.7232351699950198	0.7292998393313322	([422, 336], [422, 392, 387])
1	0.7225219966413687	0.7297363075141763	([191, 131], [191, 173, 131])
1	0.722723530134613	0.7298465785806527	([287, 228], [287, 256, 240])
1	0.729856303395405	0.7304137497391	([351, 297], [351, 330, 298])
1	0.7300052053726701	0.7307826459372148	([205, 147], [205, 175, 147])
1	0.7134099469532855	0.7308756291651538	([290, 218], [296, 290, 218])
1	0.7072300512714077	0.7308772951020556	([462, 366], [462, 399, 366])
1	0.7159910211103845	0.7309401610431275	([385, 327], [385, 354, 351])
1	0.7155562474930417	0.7310886339723521	([253, 150], [248, 240, 150])
1	0.7236286586621672	0.7313864867299918	([134, 3], [132, 27, 22])
1	0.7308758650901322	0.7321849404047652	([264, 176], [280, 264, 176])
1	0.7251376957405857	0.7328774219282301	([152, 28], [160, 49, 28])
1	0.7074634591951494	0.7329984813096262	([449, 341], [449, 447, 341])
1	0.7195687205518813	0.7333846563300952	([367, 272], [367, 296, 272])
1	0.7128634317918541	0.7336151339780921	([377, 255], [377, 300, 280])
1	0.7171072865372476	0.7336151339780921	([383, 280], [383, 377, 280])
1	0.7325965410781425	0.7342092495417029	([374, 311], [374, 340, 327])
1	0.7189721025579625	0.7343898229318798	([268, 188], [268, 253, 188])
1	0.7284014796929582	0.7351673021403528	([242, 155], [255, 242, 155])
1	0.7097201421248547	0.7351673021403528	([276, 175], [276, 255, 155])
1	0.7311322310330647	0.7356265007150344	([269, 149], [269, 246, 228])
1	0.7169872812539977	0.735696742581354	([244, 107], [244, 161, 152])
1	0.7248835418774421	0.7361530514727408	([212, 72], [212, 168, 162])
1	0.7344689827415504	0.7363357460495513	([239, 154], [239, 215, 177])
1	0.7270721844011961	0.7380979209344973	([360, 291], [373, 316, 296])
1	0.7347697503917409	0.7385969965278624	([209, 103], [209, 173, 103])
1	0.7232485205131882	0.7386131488098251	([155, 82], [155, 117, 87])
1	0.7305025171063565	0.7386274213039803	([274, 202], [291, 259, 220])
1	0.7141410154860536	0.7386942650215693	([169, 65], [169, 112, 65])
1	0.7199683828134564	0.7400004816111037	([153, 77], [153, 124, 111])
1	0.724571829485357	0.7402579088474384	([310, 151], [296, 175, 169])
1	0.7238115009763566	0.7404834865599399	([106, 36], [115, 106, 24])
1	0.726077262268366	0.7407608800188977	([156, 15], [154, 114, 63])
1	0.7286388774890751	0.7409974850989992	([355, 293], [355, 340, 293])
1	0.7402933726972685	0.7411170682828914	([386, 276], [386, 306, 300])
1	0.7282690337716503	0.7412773255786131	([281, 217], [281, 255, 244])
1	0.735406147238176	0.7415176482680336	([370, 287], [370, 331, 287])
1	0.7352023645864874	0.741578174559925	([133, 18], [133, 52, 35])
1	0.7382373843446183	0.7416354435803462	([347, 274], [347, 307, 274])
1	0.7401035650136525	0.7418287550143298	([299, 90], [299, 167, 130])
1	0.7311521145129827	0.7418938178143781	([373, 263], [373, 291, 263])
1	0.7314858806905573	0.7419492236891535	([240, 97], [240, 207, 115])
1	0.68338871801467	0.742133551023705	([160, 49], [152, 123, 28])
1	0.7304071054994228	0.7421481705988452	([307, 212], [307, 280, 272])
1	0.7381322261215063	0.7426610390770954	([381, 288], [381, 351, 297])
1	0.7424141242958329	0.7428147534021244	([182, 102], [182, 162, 102])
1	0.7401187012270408	0.7428879613668402	([180, 106], [245, 187, 106])
1	0.7381568683219065	0.7429559698433692	([368, 265], [368, 304, 294])
1	0.7296339317897627	0.7433074895504778	([229, 146], [229, 203, 146])
1	0.7422636983712827	0.74389726586933	([312, 244], [312, 273, 253])
1	0.739383293880941	0.7439519190839233	([216, 109], [216, 162, 148])
1	0.7401279121578612	0.7439575595539084	([278, 172], [295, 278, 172])
1	0.7430306094191114	0.7450567140814419	([185, 76], [215, 185, 76])
1	0.7174282128401412	0.7455233349054585	([375, 285], [378, 375, 295])
1	0.7424554262291044	0.7455353141560063	([427, 309], [427, 391, 309])
1	0.7428451454267373	0.7457160425829444	([314, 230], [314, 298, 230])
1	0.7453511990383461	0.7463519849185521	([206, 100], [206, 167, 100])
1	0.6549416663591637	0.7464243951858176	([122, 1], [122, 39, 24])
1	0.7229707308271961	0.7466806649414393	([388, 275], [388, 375, 275])
1	0.7352413827238133	0.7470712351193864	([172, 58], [172, 87, 79])
1	0.663402449786408	0.747226986136807	([153, 1], [153, 122, 110])
1	0.712468286781837	0.7473820557978438	([372, 268], [372, 368, 265])
1	0.7370201518175526	0.7476622902228229	([166, 39], [166, 66, 65])
1	0.7305410863714894	0.7478846228219141	([380, 270], [390, 380, 270])
1	0.7273158086243096	0.7481286416446165	([245, 106], [187, 132, 112])
1	0.7398455829341952	0.7485421373460998	([157, 48], [157, 135, 42])
1	0.7419938908344957	0.7486349298060792	([248, 85], [248, 215, 113])
1	0.7244623758104012	0.7486369554286315	([177, 109], [181, 177, 109])
1	0.744090172565477	0.749104234238836	([392, 171], [392, 352, 330])
1	0.7356111301277812	0.749338875999275	([439, 318], [439, 421, 379])
1	0.7481371675828508	0.7499080173488781	([342, 264], [391, 368, 264])
1	0.7489928345587253	0.750595223218376	([224, 110], [224, 152, 110])
1	0.7150051458976652	0.750882015997219	([147, 21], [142, 73, 62])
1	0.7154198320988264	0.7510087319315639	([249, 114], [249, 181, 142])
1	0.7414981874856824	0.7518376941989395	([338, 196], [338, 262, 259])
1	0.7215490784946624	0.7521968464585614	([306, 136], [306, 174, 163])
1	0.7419275297309661	0.7526311338782677	([253, 86], [253, 223, 87])
1	0.740301934159489	0.7530689383491774	([199, 101], [199, 193, 101])
1	0.7484730366254178	0.7530853811143688	([456, 295], [456, 365, 345])
1	0.7488524356304375	0.7535530480591092	([217, 136], [217, 189, 167])
1	0.7312206299985807	0.7539424666301537	([406, 279], [406, 344, 307])
1	0.7392386163624041	0.7545041525652381	([258, 130], [299, 258, 256])
1	0.7487299628352554	0.7553395847268473	([469, 268], [469, 394, 310])
1	0.7555413690857389	0.755733723763332	([354, 267], [354, 327, 302])
1	0.7390911172565636	0.7558863658888317	([223, 87], [223, 145, 141])
1	0.7488324458888538	0.7565725991266112	([219, 127], [219, 184, 164])
1	0.7522092679355498	0.7576814279672571	([259, 157], [281, 217, 210])
1	0.7292453781110575	0.7580465529207883	([258, 100], [258, 130, 100])
1	0.7356008896537675	0.7581241622804703	([460, 275], [460, 388, 368])
1	0.7420078382888083	0.7583743721173427	([287, 93], [287, 188, 173])
1	0.757153046571616	0.7585885716316585	([392, 260], [392, 296, 260])
1	0.7407876110309725	0.7594648606134946	([454, 300], [454, 386, 371])
1	0.7574007487141644	0.7599392659230229	([352, 258], [352, 300, 299])
1	0.749860755408947	0.7607359588772005	([431, 294], [431, 367, 338])
1	0.7498782435170247	0.7612786978449858	([262, 101], [262, 223, 101])
1	0.7365129954333414	0.7615380442300393	([256, 3], [275, 256, 53])
1	0.7356662894058954	0.761939392710413	([256, 105], [256, 191, 105])
1	0.7601876860767969	0.7621414935184134	([225, 108], [225, 149, 140])
1	0.7326588066831431	0.762206302924875	([343, 185], [343, 309, 185])
1	0.7541740398710098	0.7627522511722258	([352, 216], [327, 313, 216])
1	0.7601732606101737	0.7630522852310696	([475, 308], [475, 397, 299])
1	0.7405293009762474	0.7634813210135507	([352, 171], [392, 310, 171])
1	0.7497325359174546	0.7638697253553896	([222, 117], [222, 207, 117])
1	0.7332364920735319	0.7639615797108815	([384, 185], [384, 310, 287])
1	0.7632344390238788	0.7640453360755711	([368, 226], [368, 265, 226])
1	0.7497331338174885	0.7643573872294188	([288, 147], [288, 226, 147])
1	0.75384575680305	0.7644124563698501	([326, 233], [326, 284, 281])
1	0.7217389041829755	0.7650229599972588	([376, 172], [376, 275, 258])
1	0.737818236878106	0.7657436250244612	([421, 3], [421, 301, 297])
1	0.7488591122191417	0.7661234425972504	([409, 168], [409, 299, 280])
1	0.7650506504481212	0.7671771871912428	([414, 263], [414, 378, 287])
1	0.7503901489337454	0.7687102066984326	([211, 43], [211, 161, 43])
1	0.728155384161925	0.7687386703769885	([161, 3], [161, 87, 42])
1	0.7670013254078061	0.7690705959922379	([214, 27], [214, 97, 70])
1	0.7432421956935689	0.770339185730349	([379, 239], [379, 293, 265])
1	0.7603336498554882	0.7703894059385747	([269, 94], [269, 209, 94])
1	0.7383608169035304	0.7704167081756524	([218, 67], [218, 150, 103])
1	0.7648986268315303	0.7709172034000197	([204, 123], [204, 144, 123])
1	0.7486775622496276	0.7719201077534046	([402, 156], [409, 402, 168])
1	0.7363298582536539	0.7719420552166402	([377, 127], [377, 228, 142])
1	0.7715831471381672	0.7719420552166402	([363, 142], [377, 363, 142])
1	0.7099130614116973	0.7721200191019997	([297, 3], [297, 256, 234])
1	0.7630448405050873	0.7728028529547798	([420, 271], [420, 341, 275])
1	0.7512658266047726	0.7728840088026246	([351, 166], [351, 296, 166])
1	0.7418991773869352	0.7748800900956851	([261, 81], [261, 145, 142])
1	0.7693395570927554	0.7749360754516296	([375, 141], [375, 352, 141])
1	0.7537316014754177	0.7751653856660196	([353, 200], [353, 317, 200])
1	0.7749735316011666	0.7756070788134399	([339, 182], [339, 307, 275])
1	0.7630308437081051	0.7759354160032141	([380, 204], [380, 245, 227])
1	0.7718769393437042	0.7760065522351852	([377, 76], [377, 253, 127])
1	0.7715640708501936	0.7778989545824694	([481, 17], [481, 473, 45])
1	0.7706486517291082	0.7786922821937167	([379, 147], [379, 370, 147])
1	0.7729771466211234	0.7787369351275305	([381, 169], [381, 288, 174])
1	0.7653138072410461	0.779384411762548	([391, 180], [391, 290, 278])
1	0.7777858924762661	0.779597146221085	([474, 30], [474, 466, 30])
1	0.7694034303742247	0.7798499907385134	([309, 117], [309, 241, 117])
1	0.7715108600719055	0.7803685161896871	([403, 157], [462, 403, 133])
1	0.7681745552592615	0.7805666461906968	([359, 233], [378, 359, 233])
1	0.7680868985308025	0.7806316486282321	([399, 28], [474, 472, 28])
1	0.7790737759294489	0.7807042141825178	([342, 135], [342, 276, 135])
1	0.6633353608264626	0.780909264277029	([175, 1], [175, 122, 59])
1	0.7227101151633316	0.7813759621153064	([183, 3], [183, 161, 76])
1	0.7697168848808427	0.7817184922129892	([476, 15], [476, 400, 15])
1	0.7509080765515864	0.7821043137554903	([378, 128], [379, 343, 128])
1	0.7649212978868793	0.7821593658134188	([468, 42], [468, 162, 158])
1	0.7691417774811082	0.7826580128724625	([401, 140], [401, 378, 140])
1	0.764202676570498	0.7828559019279441	([239, 56], [239, 188, 73])
1	0.7738342534305344	0.782922919065696	([405, 252], [405, 287, 252])
1	0.7571843396682187	0.7831008231969534	([399, 124], [399, 155, 124])
1	0.7668364964438688	0.7840965856514325	([294, 32], [294, 173, 75])
1	0.7779413309603385	0.7844092157726629	([470, 54], [470, 384, 50])
1	0.7613058284819361	0.7844092157726629	([473, 11], [481, 470, 50])
1	0.7769894947642676	0.784806758979579	([313, 101], [313, 217, 101])
1	0.7592597106423411	0.7859765365720118	([477, 169], [477, 386, 288])
1	0.7785809588362934	0.786398130954022	([394, 195], [394, 307, 195])
1	0.7617859283624353	0.7869818490708294	([405, 62], [466, 410, 30])
1	0.7763204973606772	0.7870409923799975	([389, 72], [365, 72, 45])
1	0.7732441183709172	0.7870922292358632	([479, 163], [479, 385, 171])
1	0.759516455812778	0.7873781614169105	([463, 164], [463, 401, 152])
1	0.78047102689664	0.7879728395638825	([474, 137], [474, 137, 46])
1	0.7629647520145185	0.7884234307378918	([408, 94], [410, 408, 30])
1	0.6519165686041019	0.7886743800377265	([246, 1], [246, 175, 112])
1	0.7706135789552091	0.7897410751694374	([332, 144], [332, 293, 148])
1	0.7868714972239162	0.7898250608246726	([342, 86], [342, 169, 86])
1	0.769698414670669	0.7899613962139205	([386, 53], [386, 163, 57])
1	0.7865294177967319	0.794684959821636	([400, 109], [400, 352, 109])
1	0.7941126121052612	0.7947046531598451	([368, 84], [377, 368, 84])
1	0.7969435898173228	0.7977602883550922	([401, 59], [463, 401, 47])
1	0.7897788300561246	0.7980619385085808	([456, 206], [456, 295, 288])
1	0.6316864301745674	0.7984221068379207	([367, 2], [438, 367, 299])
1	0.7890131316306389	0.7992424863191855	([374, 129], [374, 262, 248])
1	0.7839736650845033	0.8005141893879825	([339, 114], [339, 225, 114])
1	0.7721022098983142	0.8009846419717558	([471, 68], [471, 299, 136])
1	0.7906679729237479	0.8021882738544915	([478, 59], [478, 462, 119])
1	0.7790400788393964	0.8040921647441989	([432, 184], [432, 405, 184])
1	0.7953932163186709	0.8043721825050753	([289, 15], [289, 154, 80])
1	0.8048670076623108	0.805969287953308	([373, 26], [373, 127, 20])
1	0.7921202531730477	0.8086434102117269	([461, 51], [461, 410, 51])
1	0.7954048813953046	0.8115908521154019	([455, 89], [455, 375, 89])
1	0.6259431163963306	0.8139355971830563	([441, 2], [441, 47, 16])
1	0.8132438248407025	0.8146007862689447	([395, 25], [478, 395, 25])
1	0.8146859008020703	0.817650657272319	([456, 38], [456, 409, 288])
1	0.7996837266928996	0.8189174701493501	([440, 10], [440, 431, 10])
1	0.7964864845688486	0.8192831576201128	([471, 180], [471, 302, 288])
1	0.8162044890621141	0.8193177075880281	([315, 16], [315, 76, 74])
1	0.8052302063402026	0.8193537536130728	([366, 8], [366, 141, 111])
1	0.8115509236709127	0.8270609554814274	([435, 11], [477, 435, 11])
1	0.8039044310168026	0.83008306328277	([314, 6], [414, 314, 192])
1	0.8111472046014573	0.8301099210262991	([467, 29], [467, 125, 63])
1	0.7620321865539463	0.8354389158020308	([414, 6], [414, 42, 6])
1	0.5092584186239498	0.8568087474988428	([23, 0], [41, 23, 9])
0	0.0	inf	([1], [])
