0	0.0	0.21193646303164665	([797], [797, 796])
0	0.0	0.21288128713680768	([137], [137, 136])
0	0.0	0.21569105372766167	([794], [794, 793])
0	0.0	0.21686561592360043	([39], [39, 38])
0	0.0	0.2177114375123126	([127], [127, 126])
0	0.0	0.2196754957607994	([753], [753, 752])
0	0.0	0.2224800759846343	([198], [198, 197])
0	0.0	0.22308419445382596	([159], [159, 158])
0	0.0	0.2234734358689951	([62], [62, 61])
0	0.0	0.22478218637610578	([789], [789, 788])
0	0.0	0.22490326266569557	([554], [554, 553])
0	0.0	0.22507557850396684	([625], [625, 624])
0	0.0	0.2258063056619735	([828], [828, 827])
0	0.0	0.22893316318372783	([417], [417, 416])
0	0.0	0.22922352875708452	([592], [592, 591])
0	0.0	0.22922405825672107	([657], [657, 656])
0	0.0	0.22964718918804083	([175], [175, 174])
0	0.0	0.22967262553979878	([446], [446, 445])
0	0.0	0.2298086189411966	([767], [767, 766])
0	0.0	0.23032227427218002	([436], [436, 435])
0	0.0	0.23036043756255614	([679], [679, 678])
0	0.0	0.2307689114893662	([169], [169, 168])
0	0.0	0.23101243347672087	([655], [655, 654])
0	0.0	0.23115164013690406	([833], [833, 832])
0	0.0	0.23177926227151863	([144], [144, 143])
0	0.0	0.23196445971456198	([735], [735, 734])
0	0.0	0.23201680542320657	([212], [212, 211])
0	0.0	0.232081427726589	([94], [94, 93])
0	0.0	0.23213410145910388	([44], [44, 43])
0	0.0	0.23218870728874172	([147], [147, 146])
0	0.0	0.23256166583955434	([377], [377, 376])
0	0.0	0.23406336505702896	([24], [24, 23])
0	0.0	0.23423916868055836	([534], [534, 533])
0	0.0	0.23478764217268705	([744], [744, 743])
0	0.0	0.23533825753059084	([763], [763, 762])
0	0.0	0.23553433393605647	([852], [852, 851])
0	0.0	0.23589824343728144	([178], [178, 177])
0	0.0	0.236041468895236	([663], [663, 662])
0	0.0	0.23629321038252768	([192], [192, 191])
0	0.0	0.23638165535019243	([577], [577, 576])
0	0.0	0.23661241344448006	([31], [31, 30])
0	0.0	0.23669481419683208	([846], [846, 845])
0	0.0	0.2370392291294679	([756], [756, 755])
0	0.0	0.23709865507402283	([32], [32, 31])
0	0.0	0.23710378556046743	([559], [559, 558])
0	0.0	0.23716221722161399	([557], [557, 556])
0	0.0	0.23728271233798476	([59], [59, 58])
0	0.0	0.23729936822456305	([805], [805, 804])
0	0.0	0.237342044577037	([155], [155, 154])
0	0.0	0.2375224196314991	([170], [170, 169])
0	0.0	0.23752875448629635	([90], [90, 89])
0	0.0	0.23762464745443748	([616], [616, 615])
0	0.0	0.23788224953805004	([51], [51, 50])
0	0.0	0.238010188946116	([53], [53, 52])
0	0.0	0.2382673040875059	([751], [751, 750])
0	0.0	0.23852816191381532	([628], [628, 627])
0	0.0	0.23865758483122215	([565], [565, 564])
0	0.0	0.23888296289385394	([173], [173, 172])
0	0.0	0.23913953971987587	([180], [180, 179])
0	0.0	0.2391483917961315	([727], [727, 726])
0	0.0	0.23915786460668206	([695], [695, 694])
0	0.0	0.23919584075031725	([87], [87, 86])
0	0.0	0.23969693278766258	([662], [662, 661])
0	0.0	0.23984570775406466	([158], [158, 157])
0	0.0	0.2398639970978799	([181], [181, 180])
0	0.0	0.24016893130403835	([515], [515, 514])
0	0.0	0.24018390548413165	([760], [760, 759])
0	0.0	0.24048783863170914	([414], [414, 413])
0	0.0	0.2405668990588541	([143], [143, 142])
0	0.0	0.240616049003362	([215], [215, 214])
0	0.0	0.2409083444417681	([526], [526, 525])
0	0.0	0.2409703835211165	([125], [125, 124])
0	0.0	0.24098626131631326	([433], [433, 432])
0	0.0	0.24113543664399129	([775], [775, 774])
0	0.0	0.24113554066079884	([568], [568, 567])
0	0.0	0.24182114177106628	([141], [141, 140])
0	0.0	0.2418814898344906	([542], [542, 541])
0	0.0	0.24198521617488986	([375], [375, 374])
0	0.0	0.24212206914760165	([847], [847, 846])
0	0.0	0.24218186212235285	([665], [665, 664])
0	0.0	0.24226635329465712	([163], [163, 162])
0	0.0	0.24235014150604992	([214], [214, 213])
0	0.0	0.24300722382230194	([637], [637, 636])
0	0.0	0.24341752975055772	([709], [709, 708])
0	0.0	0.24388563669681215	([166], [166, 165])
0	0.0	0.2441344030845531	([676], [676, 675])
0	0.0	0.24419140417865565	([719], [719, 718])
0	0.0	0.24458475360703968	([474], [474, 473])
0	0.0	0.2446148873634672	([731], [731, 730])
0	0.0	0.2446687797444795	([843], [843, 842])
0	0.0	0.24486812277420425	([498], [498, 497])
0	0.0	0.24491927123646914	([219], [219, 218])
0	0.0	0.24518295246893182	([687], [687, 686])
0	0.0	0.2452050181504455	([5], [5, 4])
0	0.0	0.24527620494128966	([579], [579, 578])
0	0.0	0.245527054856603	([149], [149, 148])
0	0.0	0.24567621582813612	([368], [368, 367])
0	0.0	0.24573398507993843	([738], [738, 737])
0	0.0	0.24577030391783722	([165], [165, 164])
0	0.0	0.24583238179463276	([109], [109, 108])
0	0.0	0.24606607920504184	([146], [146, 145])
0	0.0	0.24611788516272645	([563], [563, 562])
0	0.0	0.24623602968182923	([92], [92, 91])
0	0.0	0.24626916979501545	([623], [623, 622])
0	0.0	0.24689774358873426	([830], [830, 829])
0	0.0	0.2469389950180361	([781], [781, 780])
0	0.0	0.24700469030641756	([340], [340, 339])
0	0.0	0.24715801967215217	([281], [281, 280])
0	0.0	0.2472669120257595	([412], [412, 411])
0	0.0	0.24728733716602871	([525], [525, 524])
0	0.0	0.2473128640958919	([168], [168, 167])
0	0.0	0.24754833954530245	([841], [841, 840])
0	0.0	0.24765487885306842	([153], [153, 152])
0	0.0	0.24782185970480544	([10], [10, 9])
0	0.0	0.247873355819753	([582], [582, 581])
0	0.0	0.24793623141212934	([228], [228, 227])
0	0.0	0.2486923795857736	([28], [28, 27])
0	0.0	0.24869781663250942	([427], [427, 426])
0	0.0	0.2488860821135757	([167], [167, 166])
0	0.0	0.2489735322165537	([771], [771, 770])
0	0.0	0.24908262939831166	([521], [521, 520])
0	0.0	0.24913914337984205	([792], [792, 791])
0	0.0	0.24919485363843036	([653], [653, 652])
0	0.0	0.24927016461355134	([454], [454, 453])
0	0.0	0.24928888315397285	([633], [633, 632])
0	0.0	0.2493531857784269	([601], [601, 600])
0	0.0	0.24976924542453624	([138], [138, 137])
0	0.0	0.24978294279074018	([430], [430, 429])
0	0.0	0.250061752040071	([18], [18, 17])
0	0.0	0.25008427623159313	([748], [748, 747])
0	0.0	0.25018737363347526	([365], [365, 364])
0	0.0	0.2502207365091206	([19], [19, 18])
0	0.0	0.2502671760539167	([621], [621, 620])
0	0.0	0.25033932175625395	([359], [359, 358])
0	0.0	0.2505845352753557	([851], [851, 850])
0	0.0	0.25067006801069736	([402], [402, 401])
0	0.0	0.2507141366922694	([674], [674, 673])
0	0.0	0.2508040873841062	([530], [530, 529])
0	0.0	0.25110840653846744	([17], [17, 16])
0	0.0	0.2511689228399127	([822], [822, 821])
0	0.0	0.2512507637718565	([83], [83, 82])
0	0.0	0.25150041060196127	([686], [686, 685])
0	0.0	0.25156271191202306	([96], [96, 95])
0	0.0	0.2515994719954902	([34], [34, 33])
0	0.0	0.25167806504987544	([667], [667, 666])
0	0.0	0.2517132006750874	([722], [722, 721])
0	0.0	0.25171565917406563	([466], [466, 465])
0	0.0	0.2517623612674496	([839], [839, 838])
0	0.0	0.25178515195656564	([608], [608, 607])
0	0.0	0.2518368567611094	([243], [243, 242])
0	0.0	0.25186815778832844	([774], [774, 773])
0	0.0	0.251964247037385	([584], [584, 583])
0	0.0	0.2520128824407407	([678], [678, 677])
0	0.0	0.25215986840280097	([279], [279, 278])
0	0.0	0.2522884629686661	([618], [618, 617])
0	0.0	0.2523812625106273	([2], [2, 1])
0	0.0	0.2524600570353344	([22], [22, 21])
0	0.0	0.2525811875386574	([548], [548, 547])
0	0.0	0.2525829166788809	([606], [606, 605])
0	0.0	0.2527670895358033	([389], [389, 388])
0	0.0	0.252839258407518	([777], [777, 776])
0	0.0	0.2529061659851063	([835], [835, 834])
0	0.0	0.2529123030899217	([432], [432, 431])
0	0.0	0.25294932384247476	([35], [35, 34])
0	0.0	0.2529715388811316	([462], [462, 461])
0	0.0	0.2531671859846682	([57], [57, 56])
0	0.0	0.2531808363656106	([202], [202, 201])
0	0.0	0.25338207716444777	([409], [409, 408])
0	0.0	0.2534167264576327	([682], [682, 681])
0	0.0	0.2534275893853962	([736], [736, 735])
0	0.0	0.2534327160027566	([689], [689, 688])
0	0.0	0.2534446174212451	([207], [207, 206])
0	0.0	0.25374391028467946	([278], [279, 277])
0	0.0	0.25383439217321285	([132], [132, 131])
0	0.0	0.2539140987563658	([217], [217, 216])
0	0.0	0.25393925527617617	([603], [603, 602])
0	0.0	0.2543597139865034	([452], [452, 451])
0	0.0	0.25436577005166516	([393], [393, 392])
0	0.0	0.2544077641416643	([500], [500, 499])
0	0.0	0.25441209065643045	([502], [502, 501])
0	0.0	0.25452132798814536	([154], [154, 153])
0	0.0	0.25461281887587806	([80], [80, 79])
0	0.0	0.25466146222137165	([42], [42, 41])
0	0.0	0.2547079700744719	([780], [780, 779])
0	0.0	0.25475329765313454	([850], [850, 849])
0	0.0	0.2548553244317951	([707], [707, 706])
0	0.0	0.25488033594474147	([29], [29, 28])
0	0.0	0.2549137476008552	([784], [784, 783])
0	0.0	0.2549578955797105	([121], [121, 120])
0	0.0	0.2552200548581529	([162], [163, 161])
0	0.0	0.2552274666561787	([725], [725, 724])
0	0.0	0.25525480905425885	([701], [701, 700])
0	0.0	0.2553072356480467	([645], [645, 644])
0	0.0	0.2553772459830895	([282], [282, 281])
0	0.0	0.25542663101584245	([131], [131, 130])
0	0.0	0.25549507366367813	([195], [195, 194])
0	0.0	0.2555085561034189	([518], [518, 517])
0	0.0	0.25551332176615404	([501], [501, 500])
0	0.0	0.25556996111558516	([779], [779, 778])
0	0.0	0.255602724952699	([484], [484, 483])
0	0.0	0.25561066603838073	([746], [746, 745])
0	0.0	0.2556486413273249	([785], [785, 784])
0	0.0	0.2556579009378109	([179], [179, 178])
0	0.0	0.25570682970628983	([495], [495, 494])
0	0.0	0.25576372336874176	([346], [346, 345])
0	0.0	0.2557866115243995	([549], [549, 548])
0	0.0	0.25580017596452403	([241], [241, 240])
0	0.0	0.2560128432436351	([459], [459, 458])
0	0.0	0.25603601079108024	([512], [512, 511])
0	0.0	0.25609801944385235	([716], [716, 715])
0	0.0	0.25613538317230566	([220], [220, 219])
0	0.0	0.25617942464372234	([11], [11, 10])
0	0.0	0.2562509176802021	([537], [537, 536])
0	0.0	0.256251012255807	([450], [450, 449])
0	0.0	0.2562715252879463	([449], [449, 448])
0	0.0	0.25630219068237525	([206], [206, 205])
0	0.0	0.25631271838593955	([360], [360, 359])
0	0.0	0.2563434297604889	([208], [208, 207])
0	0.0	0.2564379254404654	([528], [528, 527])
0	0.0	0.25649430431176923	([425], [425, 424])
0	0.0	0.256748182138759	([196], [196, 195])
0	0.0	0.25688678853392966	([571], [571, 570])
0	0.0	0.2569834421113604	([646], [646, 645])
0	0.0	0.2570557528288237	([82], [82, 81])
0	0.0	0.2570693393322379	([72], [72, 71])
0	0.0	0.25715884202704814	([844], [844, 843])
0	0.0	0.25739734230228356	([156], [156, 155])
0	0.0	0.2574265378204748	([635], [635, 634])
0	0.0	0.25743860955365716	([120], [120, 119])
0	0.0	0.2574462117121575	([733], [733, 732])
0	0.0	0.2574621263512798	([615], [615, 614])
0	0.0	0.2574975410037982	([749], [749, 748])
0	0.0	0.2575763276530689	([426], [426, 425])
0	0.0	0.2576392769382385	([286], [286, 285])
0	0.0	0.2577046010907165	([672], [672, 671])
0	0.0	0.2577548823249877	([585], [585, 584])
0	0.0	0.2577627712053391	([443], [443, 442])
0	0.0	0.25778983249321136	([486], [486, 485])
0	0.0	0.2579014553344521	([652], [652, 651])
0	0.0	0.2579578665701249	([184], [184, 183])
0	0.0	0.25812847242120923	([575], [575, 574])
0	0.0	0.2582121254152208	([447], [447, 446])
0	0.0	0.25833601769979464	([140], [140, 139])
0	0.0	0.258368711938484	([102], [102, 101])
0	0.0	0.25848656944272375	([788], [788, 787])
0	0.0	0.25851698183827415	([205], [205, 204])
0	0.0	0.2585987747879269	([151], [151, 150])
0	0.0	0.2586830022982498	([595], [595, 594])
0	0.0	0.25886243962530137	([352], [352, 351])
0	0.0	0.2590797904084042	([97], [97, 96])
0	0.0	0.2590977253975892	([819], [819, 818])
0	0.0	0.25922925897483	([64], [64, 63])
0	0.0	0.2592556714471545	([649], [649, 648])
0	0.0	0.2592926913987768	([545], [545, 544])
0	0.0	0.25960825668479287	([508], [508, 507])
0	0.0	0.2597228209537288	([472], [472, 471])
0	0.0	0.2597732859117697	([778], [778, 777])
0	0.0	0.25978353388941655	([610], [610, 609])
0	0.0	0.25981651087480706	([802], [802, 800])
0	0.0	0.2599356669653147	([706], [706, 705])
0	0.0	0.25999028866899676	([826], [826, 825])
0	0.0	0.2600004787445386	([47], [47, 46])
0	0.0	0.26001171641512194	([739], [739, 738])
0	0.0	0.2600820641599355	([236], [236, 235])
0	0.0	0.2601503221535231	([119], [119, 118])
0	0.0	0.2601583125973151	([538], [538, 537])
0	0.0	0.26018356392402686	([84], [84, 83])
0	0.0	0.2602093081630577	([451], [451, 450])
0	0.0	0.2602753475030043	([673], [673, 672])
0	0.0	0.26029567166028594	([123], [123, 122])
0	0.0	0.26034561601066014	([553], [553, 552])
0	0.0	0.26038164528684965	([26], [26, 25])
0	0.0	0.26039028205601766	([16], [16, 15])
0	0.0	0.26041869401103607	([407], [407, 406])
0	0.0	0.2604360552444776	([541], [541, 540])
0	0.0	0.26046755845750025	([187], [187, 186])
0	0.0	0.2606668298317817	([113], [113, 112])
0	0.0	0.2606713762856125	([804], [804, 803])
0	0.0	0.26082291813142006	([354], [354, 353])
0	0.0	0.2608919957980397	([728], [728, 727])
0	0.0	0.2609334763569781	([172], [172, 171])
0	0.0	0.2611011669669727	([546], [546, 545])
0	0.0	0.26113062877439813	([764], [764, 763])
0	0.0	0.26120996324172874	([478], [478, 477])
0	0.0	0.2612916781107543	([308], [308, 307])
0	0.0	0.26130079445075743	([161], [161, 160])
0	0.0	0.2613233328057869	([698], [698, 697])
0	0.0	0.26138207469530317	([838], [839, 837])
0	0.0	0.26140874174139606	([493], [493, 492])
0	0.0	0.26155609380221023	([724], [724, 723])
0	0.0	0.2616611491596391	([800], [800, 799])
0	0.0	0.26168468164430525	([46], [46, 45])
0	0.0	0.26170230797023225	([56], [56, 55])
0	0.0	0.26171526915731225	([23], [23, 22])
0	0.0	0.26171653064638356	([177], [177, 176])
0	0.0	0.26174832507022855	([249], [249, 248])
0	0.0	0.261952924621982	([561], [561, 560])
0	0.0	0.26202609763242446	([551], [551, 550])
0	0.0	0.262040910871397	([347], [347, 346])
0	0.0	0.26207203079184427	([773], [773, 772])
0	0.0	0.26219256029463156	([49], [49, 48])
0	0.0	0.2622121650966391	([787], [787, 786])
0	0.0	0.26228027447956015	([801], [801, 800])
0	0.0	0.26229026503405356	([6], [6, 5])
0	0.0	0.26235671280773765	([522], [522, 521])
0	0.0	0.26240252499756367	([204], [204, 203])
0	0.0	0.26240862336289833	([842], [842, 841])
0	0.0	0.2626221145951024	([782], [782, 781])
0	0.0	0.2626863364570242	([485], [485, 484])
0	0.0	0.2627543521330355	([806], [806, 805])
0	0.0	0.2628912682647118	([489], [489, 488])
0	0.0	0.26304897344954403	([747], [747, 746])
0	0.0	0.2632191974944413	([586], [586, 585])
0	0.0	0.2632521299345148	([420], [420, 419])
0	0.0	0.26325673249489	([475], [475, 474])
0	0.0	0.2633244515195053	([488], [488, 487])
0	0.0	0.2633441300540749	([238], [238, 237])
0	0.0	0.2634449780257987	([234], [234, 233])
0	0.0	0.26345911632732516	([361], [361, 360])
0	0.0	0.2634987426674839	([768], [768, 767])
0	0.0	0.263546727237821	([374], [374, 373])
0	0.0	0.26364249993175654	([517], [517, 516])
0	0.0	0.26367220717896833	([201], [201, 200])
0	0.0	0.2636836466296875	([79], [79, 78])
0	0.0	0.2637504546449444	([60], [60, 59])
0	0.0	0.2638734276171999	([349], [349, 348])
0	0.0	0.26405391816108215	([233], [233, 232])
0	0.0	0.264065746483387	([367], [367, 366])
0	0.0	0.26410009188328193	([186], [186, 185])
0	0.0	0.26410245789006676	([670], [670, 669])
0	0.0	0.26410282934756396	([529], [529, 528])
0	0.0	0.26414153543472435	([265], [265, 264])
0	0.0	0.26420081329138384	([848], [848, 847])
0	0.0	0.26420852496193054	([423], [423, 422])
0	0.0	0.26424950841814454	([458], [458, 457])
0	0.0	0.26429114756276795	([824], [824, 823])
0	0.0	0.2643655312020669	([4], [4, 3])
0	0.0	0.2643808447722611	([710], [710, 709])
0	0.0	0.2644125654930295	([15], [15, 14])
0	0.0	0.26441698131131874	([556], [556, 555])
0	0.0	0.26442622276009775	([704], [704, 703])
0	0.0	0.2645183863535441	([364], [364, 363])
0	0.0	0.26452351049908546	([216], [216, 215])
0	0.0	0.2645669056934044	([666], [666, 665])
0	0.0	0.2645971045274122	([809], [809, 808])
0	0.0	0.2647097129718867	([829], [829, 828])
0	0.0	0.2648676740779229	([699], [699, 698])
0	0.0	0.26498308461436515	([799], [799, 798])
0	0.0	0.2649868476746401	([597], [597, 596])
0	0.0	0.2650112948602482	([408], [408, 407])
0	0.0	0.2650230590481655	([267], [267, 265])
0	0.0	0.2653314556905319	([831], [831, 830])
0	0.0	0.2653427447397574	([614], [614, 613])
0	0.0	0.2654183081695731	([476], [476, 475])
0	0.0	0.2656053959904961	([620], [620, 619])
0	0.0	0.2656488345754528	([769], [769, 768])
0	0.0	0.2659828962812724	([669], [669, 668])
0	0.0	0.2659903377023234	([598], [598, 597])
0	0.0	0.26602478704697097	([275], [275, 274])
0	0.0	0.26605267536525196	([651], [651, 650])
0	0.0	0.26627581419378765	([808], [808, 807])
0	0.0	0.26633835704509157	([481], [481, 480])
0	0.0	0.2665810748640102	([627], [627, 626])
0	0.0	0.2665921798570036	([613], [613, 612])
0	0.0	0.2667595061470152	([353], [353, 352])
0	0.0	0.2667965218859028	([470], [470, 469])
0	0.0	0.266815522059819	([680], [680, 679])
0	0.0	0.2668794435951502	([840], [840, 839])
0	0.0	0.2669161524625827	([640], [640, 639])
0	0.0	0.2669387653488246	([479], [479, 478])
0	0.0	0.26718898263627827	([189], [189, 188])
0	0.0	0.26719410554480466	([810], [810, 809])
0	0.0	0.2672191692391387	([77], [77, 76])
0	0.0	0.26724095080536886	([107], [107, 106])
0	0.0	0.26725628277474855	([520], [520, 519])
0	0.0	0.2673053748615678	([89], [89, 88])
0	0.0	0.26740987760044466	([532], [532, 531])
0	0.0	0.26742587879571206	([356], [356, 355])
0	0.0	0.2674537764949341	([43], [43, 42])
0	0.0	0.26753153678954894	([185], [185, 184])
0	0.0	0.2675555146860713	([264], [264, 263])
0	0.0	0.26773547017528104	([815], [815, 814])
0	0.0	0.26779362384283156	([491], [491, 490])
0	0.0	0.26802765804750683	([246], [246, 245])
0	0.0	0.2680401345629229	([600], [600, 599])
0	0.0	0.26809444763490287	([505], [505, 504])
0	0.0	0.26817879387986554	([20], [20, 19])
0	0.0	0.268285227726594	([845], [845, 844])
0	0.0	0.26837332751556214	([372], [372, 371])
0	0.0	0.26849605086528505	([213], [213, 212])
0	0.0	0.2685148604312782	([183], [183, 182])
0	0.0	0.2685175993569677	([424], [424, 423])
0	0.0	0.26856626297651565	([480], [480, 479])
0	0.0	0.2685812214990764	([91], [91, 90])
0	0.0	0.26858976812780605	([823], [823, 822])
0	0.0	0.26868879668296625	([221], [221, 220])
0	0.0	0.268692032078384	([145], [145, 144])
0	0.0	0.26875261783775956	([661], [661, 660])
0	0.0	0.26883991600622015	([572], [572, 571])
0	0.0	0.26894874707254374	([404], [404, 403])
0	0.0	0.26895254933019963	([740], [740, 739])
0	0.0	0.2691089155653732	([73], [73, 72])
0	0.0	0.26915547121420136	([338], [338, 337])
0	0.0	0.26918213604001845	([604], [604, 603])
0	0.0	0.2692062727687737	([483], [483, 482])
0	0.0	0.2693560549705284	([21], [21, 20])
0	0.0	0.2694444835822248	([277], [277, 276])
0	0.0	0.26945941725164063	([371], [371, 370])
0	0.0	0.26956836516946747	([509], [509, 508])
0	0.0	0.2696600514247627	([434], [434, 433])
0	0.0	0.26967553534590605	([611], [611, 610])
0	0.0	0.26970767373760984	([632], [632, 631])
0	0.0	0.2697562246708518	([61], [61, 60])
0	0.0	0.2699181448842824	([766], [766, 765])
0	0.0	0.27007712397434697	([188], [188, 187])
0	0.0	0.270085468015671	([190], [190, 189])
0	0.0	0.27017793914154803	([245], [245, 244])
0	0.0	0.2702687860774564	([440], [440, 439])
0	0.0	0.27031423139633154	([429], [429, 428])
0	0.0	0.2703366742777481	([157], [157, 156])
0	0.0	0.2704843121269446	([634], [634, 633])
0	0.0	0.27052965373447346	([497], [497, 496])
0	0.0	0.2705415357890904	([405], [405, 404])
0	0.0	0.2705548715366056	([543], [543, 542])
0	0.0	0.2706243150796906	([772], [772, 771])
0	0.0	0.2707223062390617	([160], [160, 159])
0	0.0	0.27074885664689513	([837], [837, 836])
0	0.0	0.2707571247245145	([336], [336, 335])
0	0.0	0.27077488651143056	([720], [720, 719])
0	0.0	0.2707777708041911	([76], [76, 75])
0	0.0	0.2707985361870217	([391], [391, 390])
0	0.0	0.27095786205633315	([152], [152, 151])
0	0.0	0.2710904517580114	([399], [399, 398])
0	0.0	0.2711210060120273	([150], [150, 149])
0	0.0	0.27118917786953417	([390], [390, 389])
0	0.0	0.27121512393888825	([323], [323, 322])
0	0.0	0.2713838353717234	([588], [588, 587])
0	0.0	0.27147000469876864	([263], [263, 262])
0	0.0	0.2715854396940669	([576], [576, 575])
0	0.0	0.2716872788642193	([609], [609, 608])
0	0.0	0.271693452030635	([396], [396, 395])
0	0.0	0.2717168003010995	([9], [9, 8])
0	0.0	0.2718471750134316	([100], [100, 99])
0	0.0	0.2718720604262231	([257], [257, 256])
0	0.0	0.2718731458571308	([639], [639, 638])
0	0.0	0.27192019589454136	([369], [369, 368])
0	0.0	0.27197388919450066	([98], [98, 97])
0	0.0	0.2720890820847474	([531], [531, 530])
0	0.0	0.2721524949089915	([105], [105, 104])
0	0.0	0.27219476103427487	([36], [36, 35])
0	0.0	0.2722241620735659	([599], [599, 598])
0	0.0	0.2722244396563442	([337], [337, 336])
0	0.0	0.27224551321472373	([442], [442, 441])
0	0.0	0.27230538541213295	([48], [48, 47])
0	0.0	0.27240722652332394	([461], [461, 460])
0	0.0	0.27253433166522206	([210], [210, 209])
0	0.0	0.27257794256700946	([75], [75, 74])
0	0.0	0.2726319850639588	([713], [713, 712])
0	0.0	0.2726890760126233	([448], [448, 447])
0	0.0	0.2727576209179837	([544], [544, 543])
0	0.0	0.2727585905555047	([37], [37, 36])
0	0.0	0.27281199080221497	([685], [685, 684])
0	0.0	0.27282874632524506	([148], [148, 147])
0	0.0	0.2729833236033581	([468], [468, 467])
0	0.0	0.273010602401358	([790], [790, 789])
0	0.0	0.27305579581091227	([373], [373, 372])
0	0.0	0.2730627496202191	([260], [260, 259])
0	0.0	0.2731011356410548	([580], [580, 579])
0	0.0	0.27310803031430597	([385], [385, 384])
0	0.0	0.2731662392320389	([631], [631, 630])
0	0.0	0.2731829506933791	([445], [445, 444])
0	0.0	0.27323104728378655	([540], [540, 539])
0	0.0	0.2734290746552187	([386], [386, 385])
0	0.0	0.27346272393816445	([441], [441, 440])
0	0.0	0.27353918767650465	([250], [250, 249])
0	0.0	0.2737376014177803	([259], [259, 258])
0	0.0	0.2738053181222096	([759], [759, 758])
0	0.0	0.2740597537418315	([203], [203, 202])
0	0.0	0.27414241164156067	([171], [171, 170])
0	0.0	0.27416427728156567	([437], [437, 436])
0	0.0	0.2742023837058685	([770], [770, 769])
0	0.0	0.27430269371016996	([457], [457, 456])
0	0.0	0.2743552813073258	([370], [370, 369])
0	0.0	0.2743680013394302	([536], [536, 535])
0	0.0	0.2744995415288244	([460], [460, 459])
0	0.0	0.2745129768682342	([419], [419, 418])
0	0.0	0.27457911493499526	([492], [492, 491])
0	0.0	0.2746413455182492	([182], [182, 181])
0	0.0	0.2747653134290026	([642], [642, 641])
0	0.0	0.27482397016868415	([732], [732, 731])
0	0.0	0.27485941965910915	([539], [539, 538])
0	0.0	0.27492030457975075	([591], [591, 590])
0	0.0	0.2750084572224611	([65], [65, 64])
0	0.0	0.27502197626923497	([229], [229, 228])
0	0.0	0.2750585110714391	([194], [194, 193])
0	0.0	0.27510207660283886	([750], [750, 749])
0	0.0	0.2751177532475083	([176], [176, 175])
0	0.0	0.27516237547589034	([12], [12, 11])
0	0.0	0.27520751146644507	([106], [106, 105])
0	0.0	0.2752177375737234	([726], [726, 725])
0	0.0	0.2752397014280047	([231], [231, 230])
0	0.0	0.27540433235840645	([811], [811, 810])
0	0.0	0.27544638423375434	([721], [721, 720])
0	0.0	0.2754666243663003	([400], [400, 399])
0	0.0	0.27559859793247643	([761], [761, 760])
0	0.0	0.2756311016197165	([567], [567, 566])
0	0.0	0.27598151075748406	([116], [116, 115])
0	0.0	0.2759930614421379	([99], [99, 98])
0	0.0	0.2761467691148233	([255], [255, 254])
0	0.0	0.27624294773505104	([813], [813, 812])
0	0.0	0.27625043154543355	([812], [812, 811])
0	0.0	0.2764170052722462	([164], [164, 163])
0	0.0	0.276424784114994	([251], [251, 250])
0	0.0	0.2764341013635592	([438], [438, 437])
0	0.0	0.27647796239758343	([758], [758, 757])
0	0.0	0.2765683779223026	([240], [240, 239])
0	0.0	0.27658851581994087	([482], [482, 481])
0	0.0	0.2766159058747964	([226], [226, 225])
0	0.0	0.2766195374886583	([69], [69, 68])
0	0.0	0.2767780070636276	([315], [315, 314])
0	0.0	0.2767952100238367	([342], [342, 341])
0	0.0	0.27679845802849745	([587], [587, 586])
0	0.0	0.2768847724185767	([692], [692, 691])
0	0.0	0.2770159915868012	([566], [566, 565])
0	0.0	0.2770628921035805	([622], [622, 621])
0	0.0	0.2773050092341776	([55], [55, 54])
0	0.0	0.27739059757763124	([244], [244, 243])
0	0.0	0.2774166342234233	([334], [334, 333])
0	0.0	0.27742827857106317	([511], [511, 510])
0	0.0	0.2775561094390586	([392], [392, 391])
0	0.0	0.2775591377059873	([550], [550, 549])
0	0.0	0.2777488241315456	([638], [638, 637])
0	0.0	0.27776683208063635	([276], [276, 275])
0	0.0	0.27804535550822784	([684], [684, 683])
0	0.0	0.2780679347841014	([135], [135, 133])
0	0.0	0.2780740868070226	([117], [117, 116])
0	0.0	0.27807742701833066	([714], [714, 713])
0	0.0	0.27811150771688964	([406], [406, 405])
0	0.0	0.27816658270872424	([332], [332, 331])
0	0.0	0.2781999726848091	([129], [129, 128])
0	0.0	0.2782043242807954	([398], [398, 397])
0	0.0	0.2782216420766219	([256], [256, 255])
0	0.0	0.27826176157683125	([711], [711, 710])
0	0.0	0.2784400272229311	([307], [307, 306])
0	0.0	0.27850433385366896	([465], [465, 464])
0	0.0	0.2785864102442385	([142], [142, 141])
0	0.0	0.27860964627478696	([218], [218, 217])
0	0.0	0.2788038834013224	([118], [118, 117])
0	0.0	0.2788706472355584	([693], [693, 692])
0	0.0	0.27889287064509116	([590], [590, 589])
0	0.0	0.2791774460708069	([114], [114, 113])
0	0.0	0.27921170002261614	([41], [41, 40])
0	0.0	0.2792540997070959	([74], [74, 73])
0	0.0	0.27931282137875374	([50], [50, 49])
0	0.0	0.27944557812619314	([30], [30, 29])
0	0.0	0.2795919930542257	([574], [574, 573])
0	0.0	0.27961946197537885	([821], [821, 820])
0	0.0	0.27964247995207864	([193], [193, 192])
0	0.0	0.2797354774203257	([261], [261, 260])
0	0.0	0.2798387311017991	([593], [593, 592])
0	0.0	0.27987106781988824	([562], [562, 561])
0	0.0	0.27987128096427527	([230], [230, 229])
0	0.0	0.27990552739446245	([793], [793, 792])
0	0.0	0.2799175261917457	([306], [306, 305])
0	0.0	0.28008146579038706	([428], [428, 427])
0	0.0	0.280087712035856	([416], [416, 415])
0	0.0	0.2801408738343453	([703], [703, 702])
0	0.0	0.28022782848316835	([232], [232, 231])
0	0.0	0.28024944252719663	([827], [827, 826])
0	0.0	0.28034959492133604	([523], [523, 522])
0	0.0	0.2803867255800297	([648], [648, 647])
0	0.0	0.2804003216092168	([174], [174, 173])
0	0.0	0.2805504777407789	([849], [849, 848])
0	0.0	0.2805772672448677	([683], [683, 682])
0	0.0	0.2806639454737054	([382], [382, 381])
0	0.0	0.280745709478795	([496], [496, 495])
0	0.0	0.2808065396810154	([641], [641, 640])
0	0.0	0.28089396694895374	([702], [702, 701])
0	0.0	0.2809313623676777	([533], [533, 532])
0	0.0	0.28098316625873715	([1], [2, 0])
0	0.0	0.2810147862892072	([331], [331, 330])
0	0.0	0.28106498317148343	([110], [110, 109])
0	0.0	0.2810731128863147	([68], [68, 67])
0	0.0	0.28109357217746733	([111], [111, 110])
0	0.0	0.2811153605443158	([783], [783, 782])
0	0.0	0.28123790475917115	([439], [439, 438])
0	0.0	0.281239085817015	([248], [248, 247])
0	0.0	0.2813541082166657	([45], [45, 44])
0	0.0	0.2813675101124362	([313], [313, 312])
0	0.0	0.28158219111196336	([314], [314, 313])
0	0.0	0.28162406866650913	([834], [834, 833])
0	0.0	0.28162574585328964	([715], [715, 714])
0	0.0	0.2816285267941996	([413], [413, 412])
0	0.0	0.28165587982163537	([814], [814, 813])
0	0.0	0.28166002497748405	([115], [115, 114])
0	0.0	0.28179734903676446	([223], [223, 222])
0	0.0	0.2819348232852132	([516], [516, 515])
0	0.0	0.282034399312292	([395], [395, 394])
0	0.0	0.28205435847513993	([222], [222, 221])
0	0.0	0.28224776305589644	([384], [384, 383])
0	0.0	0.2824757520803721	([3], [3, 2])
0	0.0	0.2824942817673146	([473], [473, 472])
0	0.0	0.2826063080886957	([387], [387, 386])
0	0.0	0.282758868241996	([13], [13, 12])
0	0.0	0.2829102667022321	([242], [242, 241])
0	0.0	0.28295545042819176	([712], [712, 711])
0	0.0	0.2830642802280354	([547], [547, 546])
0	0.0	0.2830847991582404	([122], [122, 121])
0	0.0	0.283091267486866	([762], [762, 761])
0	0.0	0.28311658999484	([191], [191, 190])
0	0.0	0.28318613739239396	([705], [705, 704])
0	0.0	0.28338494652268276	([660], [660, 659])
0	0.0	0.2834541962270273	([258], [258, 257])
0	0.0	0.2836020462358482	([101], [101, 100])
0	0.0	0.2837491691658344	([320], [320, 319])
0	0.0	0.28380318058215565	([444], [444, 443])
0	0.0	0.28391229686084096	([504], [504, 503])
0	0.0	0.28412767447525494	([506], [506, 505])
0	0.0	0.28419104820299074	([124], [124, 123])
0	0.0	0.28432772013932806	([825], [825, 824])
0	0.0	0.2845187921012807	([742], [742, 741])
0	0.0	0.2845589218290171	([647], [647, 646])
0	0.0	0.2847371404698451	([324], [324, 323])
0	0.0	0.2848466731189844	([357], [357, 356])
0	0.0	0.2854510748803606	([363], [363, 362])
0	0.0	0.28551965622711756	([379], [379, 378])
0	0.0	0.285531758079424	([650], [650, 649])
0	0.0	0.28555555921960113	([569], [569, 568])
0	0.0	0.28569975032983114	([403], [403, 402])
0	0.0	0.28575954201061027	([235], [235, 234])
0	0.0	0.28587122274126886	([832], [832, 831])
0	0.0	0.2859319602020021	([343], [343, 342])
0	0.0	0.285954715050369	([499], [499, 498])
0	0.0	0.28614992629918967	([397], [397, 396])
0	0.0	0.28641072795948347	([681], [681, 680])
0	0.0	0.2864122263077347	([211], [211, 210])
0	0.0	0.2865298467355342	([513], [513, 512])
0	0.0	0.2866087851411296	([40], [40, 39])
0	0.0	0.28666849418666124	([112], [112, 111])
0	0.0	0.28675711095450224	([696], [696, 695])
0	0.0	0.28702641279904784	([383], [383, 382])
0	0.0	0.28725360043280457	([755], [755, 754])
0	0.0	0.2872668009068583	([776], [776, 775])
0	0.0	0.2872838009899872	([596], [596, 595])
0	0.0	0.28730767833268134	([362], [362, 361])
0	0.0	0.2873453556337806	([85], [85, 84])
0	0.0	0.28753449247293544	([583], [583, 582])
0	0.0	0.28790250663820915	([560], [560, 558])
0	0.0	0.28793660288766443	([280], [280, 279])
0	0.0	0.2880033129054003	([524], [524, 523])
0	0.0	0.2882721227919473	([326], [326, 325])
0	0.0	0.28830542483243704	([729], [729, 728])
0	0.0	0.28830731704251955	([564], [564, 563])
0	0.0	0.28841478454928	([325], [325, 324])
0	0.0	0.28846027952329895	([431], [431, 430])
0	0.0	0.28859827464810356	([469], [470, 468])
0	0.0	0.28863020016587343	([209], [209, 208])
0	0.0	0.2889934999123036	([339], [339, 338])
0	0.0	0.2890119580758742	([659], [659, 658])
0	0.0	0.2892885541223607	([415], [415, 414])
0	0.0	0.28941452698487335	([224], [224, 223])
0	0.0	0.2894302171472978	([104], [104, 103])
0	0.0	0.28960420234557055	([328], [328, 327])
0	0.0	0.2897728446193636	([78], [78, 77])
0	0.0	0.28981059823383215	([471], [471, 470])
0	0.0	0.2898197377679638	([330], [330, 329])
0	0.0	0.2902608310295516	([7], [7, 6])
0	0.0	0.2903196169395894	([52], [52, 51])
0	0.0	0.29067720975717226	([378], [378, 377])
0	0.0	0.2909374231393652	([643], [643, 642])
0	0.0	0.2911892584191896	([225], [225, 224])
0	0.0	0.29133244617607645	([786], [786, 785])
0	0.0	0.2915528656864104	([237], [237, 236])
0	0.0	0.2916944536512447	([717], [717, 716])
0	0.0	0.29195071320263233	([95], [95, 94])
0	0.0	0.29229502458047224	([795], [795, 794])
0	0.0	0.2924494312717063	([86], [86, 85])
0	0.0	0.29247704345463915	([644], [644, 643])
0	0.0	0.2930088224250068	([14], [14, 13])
0	0.0	0.29301855957142686	([54], [54, 53])
0	0.0	0.29303099813327455	([510], [510, 509])
0	0.0	0.29303870556421974	([677], [677, 675])
0	0.0	0.2930901495060298	([626], [626, 625])
0	0.0	0.29328686772045676	([503], [503, 502])
0	0.0	0.29332236388855354	([366], [366, 365])
0	0.0	0.2934078652827674	([311], [311, 310])
0	0.0	0.2934466438973688	([605], [605, 604])
0	0.0	0.29345527359726864	([490], [490, 489])
0	0.0	0.293859623466081	([327], [327, 326])
0	0.0	0.2943018408312805	([765], [765, 764])
0	0.0	0.29443963678313373	([558], [558, 557])
0	0.0	0.29458340963733504	([796], [796, 795])
0	0.0	0.2946344821628067	([197], [197, 196])
0	0.0	0.2946669650774874	([133], [135, 134])
0	0.0	0.2948547785952823	([467], [467, 466])
0	0.0	0.2951427732749373	([578], [578, 577])
0	0.0	0.29518321534175607	([688], [688, 686])
0	0.0	0.2952063278305148	([388], [388, 387])
0	0.0	0.29544484884357497	([791], [791, 790])
0	0.0	0.295473039423421	([262], [262, 261])
0	0.0	0.2958927308891973	([656], [657, 655])
0	0.0	0.29593351003590596	([254], [254, 253])
0	0.0	0.29600590944363714	([754], [754, 753])
0	0.0	0.2960137499438593	([718], [719, 717])
0	0.0	0.2960645713430114	([358], [358, 357])
0	0.0	0.2961974489262245	([401], [401, 400])
0	0.0	0.29620178159076205	([435], [435, 434])
0	0.0	0.29633366200251426	([519], [519, 518])
0	0.0	0.2964060515459353	([67], [67, 66])
0	0.0	0.29677754194149636	([514], [514, 513])
0	0.0	0.29695214525136626	([418], [418, 417])
0	0.0	0.29726538164433824	([730], [730, 729])
0	0.0	0.29733340940239317	([675], [675, 674])
0	0.0	0.29733992440381163	([573], [573, 572])
0	0.0	0.29743060358156725	([199], [199, 198])
0	0.0	0.2975826804196124	([355], [355, 354])
0	0.0	0.29812159318004233	([487], [487, 486])
0	0.0	0.2989558008836921	([410], [410, 409])
0	0.0	0.2991221492542941	([200], [200, 199])
0	0.0	0.2992605451242907	([136], [136, 135])
0	0.0	0.29940219132488183	([816], [816, 815])
0	0.0	0.29965157047360086	([723], [723, 722])
0	0.0	0.29984941021464545	([456], [456, 455])
0	0.0	0.2999763654122655	([594], [594, 593])
0	0.0	0.3004005579204741	([329], [329, 328])
0	0.0	0.3004218237014172	([33], [33, 32])
0	0.0	0.30045526083655283	([93], [93, 92])
0	0.0	0.30057218860149854	([348], [348, 347])
0	0.0	0.30067549284386225	([629], [629, 628])
0	0.0	0.30070812936668334	([668], [668, 667])
0	0.0	0.3011343050379196	([128], [128, 126])
0	0.0	0.30121713804861383	([654], [654, 653])
0	0.0	0.3016469667875202	([88], [88, 87])
0	0.0	0.30182847681038755	([312], [312, 311])
0	0.0	0.30184894331582485	([798], [798, 797])
0	0.0	0.3019054463037921	([552], [552, 551])
0	0.0	0.3026979224421763	([335], [335, 334])
0	0.0	0.3029098230648088	([671], [671, 670])
0	0.0	0.303311945713276	([134], [133, 132])
0	0.0	0.30335914799355335	([658], [658, 657])
0	0.0	0.30345138261385673	([700], [700, 699])
0	0.0	0.30367868683405935	([318], [318, 316])
0	0.0	0.30393601643782775	([290], [290, 289])
0	0.0	0.303940220692183	([589], [589, 588])
0	0.0	0.30449863145264255	([333], [333, 332])
0	0.0	0.3045737599799467	([103], [103, 102])
0	0.0	0.3047160666650545	([227], [227, 226])
0	0.0	0.30474443506754656	([602], [602, 601])
0	0.0	0.3051167423964854	([66], [66, 65])
0	0.0	0.30542822305677564	([8], [8, 7])
0	0.0	0.3055829494307117	([636], [636, 635])
0	0.0	0.3065009752069766	([818], [818, 817])
0	0.0	0.3065594839392528	([697], [697, 696])
0	0.0	0.3070716735725491	([477], [477, 476])
0	0.0	0.3074451965152341	([817], [817, 816])
0	0.0	0.30774938106364447	([612], [612, 611])
0	0.0	0.30778378741686163	([752], [752, 751])
0	0.0	0.30832780753100925	([27], [27, 26])
0	0.0	0.3084318194677158	([836], [836, 835])
0	0.0	0.308901459170571	([305], [305, 304])
0	0.0	0.30899464596014503	([807], [807, 806])
0	0.0	0.3091102276457385	([130], [130, 129])
0	0.0	0.30918280734295445	([38], [38, 37])
0	0.0	0.3094410674713047	([581], [581, 580])
0	0.0	0.3096781795436625	([745], [745, 744])
0	0.0	0.3099135348254161	([741], [741, 740])
0	0.0	0.3109795129856075	([253], [253, 251])
0	0.0	0.31147562173044707	([270], [270, 269])
0	0.0	0.3115248503663904	([411], [411, 410])
0	0.0	0.31200735932843776	([494], [494, 493])
0	0.0	0.312012540534934	([25], [25, 24])
0	0.0	0.3120261982140098	([381], [381, 379])
0	0.0	0.3124130170043281	([694], [694, 693])
0	0.0	0.31248688817236225	([81], [81, 80])
0	0.0	0.31283438318957746	([292], [292, 290])
0	0.0	0.31310876699508394	([743], [743, 742])
0	0.0	0.31323369534448514	([289], [290, 288])
0	0.0	0.3133567624009954	([555], [555, 554])
0	0.0	0.31391183640329917	([630], [630, 629])
0	0.0	0.314168923371582	([341], [341, 340])
0	0.0	0.31451234900066893	([527], [527, 526])
0	0.0	0.31478383450170794	([316], [316, 315])
0	0.0	0.314945100799822	([247], [267, 266])
0	0.0	0.3157475563739397	([294], [294, 293])
0	0.0	0.31588431777221143	([239], [239, 238])
0	0.0	0.3170855984266926	([624], [624, 623])
0	0.0	0.31746982404767593	([737], [737, 736])
0	0.0	0.3181203572612222	([345], [345, 344])
0	0.0	0.3187202905977773	([139], [139, 138])
0	0.0	0.31941842399976633	([453], [453, 452])
0	0.0	0.3208263813060666	([344], [344, 343])
0	0.0	0.32139262814576264	([63], [63, 62])
0	0.0	0.3215268259829731	([619], [619, 618])
0	0.0	0.32181637143839786	([274], [275, 273])
0	0.0	0.3220855203221317	([266], [247, 246])
0	0.0	0.32333830665849594	([108], [108, 107])
0	0.0	0.3237597397668966	([535], [535, 534])
0	0.0	0.32387636888288973	([734], [734, 733])
0	0.0	0.32417682347032867	([394], [394, 393])
0	0.0	0.3244979037672909	([853], [853, 852])
0	0.0	0.3248106074736887	([319], [319, 318])
0	0.0	0.3256086576486953	([455], [455, 454])
0	0.0	0.32735777568913865	([126], [126, 125])
0	0.0	0.3278238277594846	([287], [287, 286])
0	0.0	0.3279618038377811	([58], [58, 57])
0	0.0	0.32802209793826165	([803], [803, 802])
0	0.0	0.3280659224639942	([570], [570, 569])
0	0.0	0.32993903985283585	([820], [820, 819])
0	0.0	0.33146281110941683	([607], [607, 606])
0	0.0	0.332197586287354	([507], [507, 506])
0	0.0	0.33523702977239844	([322], [322, 320])
0	0.0	0.3364714666481857	([757], [757, 756])
1	0.30517660785058043	0.3377418735738838	([674, 670], [674, 673, 670])
0	0.0	0.33911461177292734	([304], [305, 303])
0	0.0	0.34029025993306766	([664], [664, 663])
0	0.0	0.34219041193028576	([422], [422, 421])
0	0.0	0.34355810199959147	([617], [617, 616])
0	0.0	0.34470994092170104	([70], [70, 69])
0	0.0	0.345727669428014	([376], [376, 375])
0	0.0	0.3461636081312948	([708], [708, 707])
0	0.0	0.34663117282924805	([271], [271, 270])
0	0.0	0.34686261407761887	([252], [252, 251])
0	0.0	0.3471424741987137	([268], [268, 267])
1	0.3462782798002842	0.34770721116865616	([510, 506], [510, 508, 507])
0	0.0	0.3535042791268822	([310], [310, 308])
0	0.0	0.35456617146808544	([463], [463, 462])
0	0.0	0.3550749257106296	([303], [310, 309])
0	0.0	0.3569274291950486	([269], [269, 268])
0	0.0	0.3589506069879937	([350], [350, 349])
0	0.0	0.36102349938509537	([288], [289, 287])
0	0.0	0.3644277676599199	([421], [421, 419])
0	0.0	0.3669746272558803	([464], [464, 463])
0	0.0	0.3760406019040236	([380], [380, 379])
0	0.0	0.37637319291563176	([283], [283, 282])
0	0.0	0.3772064632631823	([273], [273, 270])
0	0.0	0.37836392155588533	([691], [691, 689])
0	0.0	0.37945988146717047	([321], [321, 320])
0	0.0	0.38028861379714496	([71], [71, 70])
0	0.0	0.38129584923861104	([351], [691, 690])
0	0.0	0.3880407170165873	([285], [285, 282])
0	0.0	0.38877465159793656	([0], [285, 284])
0	0.0	0.3942556389578616	([284], [273, 272])
0	0.0	0.40221633509221905	([690], [351, 349])
0	0.0	0.4067023752183554	([309], [318, 317])
0	0.0	0.41567057250181316	([317], [303, 302])
1	0.4039905175568863	0.41637539617925373	([802, 797], [802, 799, 797])
0	0.0	0.43102618139888305	([291], [291, 290])
0	0.0	0.4479333018485991	([301], [301, 295])
0	0.0	0.4721217363207168	([302], [303, 301])
0	0.0	0.4732490626512878	([295], [317, 298])
0	0.0	0.47449264424013227	([298], [302, 297])
1	0.47517825162173316	0.4788107157314014	([52, 40], [52, 47, 42])
0	0.0	0.48347865490635306	([297], [295, 291])
0	0.0	0.5125144661727382	([296], [296, 284])
1	0.5195568729647583	0.5327557936413686	([288, 280], [288, 285, 280])
1	0.4999613660588975	0.573445783195201	([321, 298], [321, 317, 316])
1	0.5492852537432631	0.5807316236952372	([301, 287], [306, 304, 292])
1	0.5779941336024995	0.5985859606129419	([714, 694], [714, 711, 694])
1	0.5865405414701566	0.6090462851312672	([119, 95], [119, 105, 98])
0	0.0	0.6117172308999164	([293], [294, 284])
1	0.6091738380094089	0.614288019520138	([271, 258], [271, 265, 263])
1	0.6009595990575466	0.6157802409801998	([744, 721], [744, 741, 721])
1	0.6129874987312464	0.6193364962444265	([526, 501], [526, 517, 515])
1	0.6145996556853477	0.6260309857452171	([743, 718], [743, 731, 721])
1	0.6231514851964797	0.6261211074669709	([84, 64], [84, 82, 64])
1	0.6166746593960591	0.6279621381563042	([318, 285], [318, 301, 287])
1	0.6278760206586872	0.6338448096018633	([529, 497], [529, 524, 497])
1	0.6108441387837706	0.6345165956876878	([266, 237], [262, 260, 237])
1	0.5600159494636774	0.6384707126418824	([295, 271], [295, 283, 271])
1	0.625359747101896	0.6388882835780515	([209, 185], [209, 206, 186])
1	0.6301801248497679	0.640754131351929	([836, 801], [836, 830, 801])
1	0.6362821860917154	0.6414637090506351	([794, 756], [794, 787, 756])
1	0.6340435744674503	0.6418452561407962	([28, 3], [28, 16, 3])
1	0.6408836976121918	0.6446688315439187	([263, 235], [263, 250, 248])
1	0.5255641522150757	0.6457228115060558	([306, 292], [301, 295, 291])
1	0.6328247255669054	0.6466095385451223	([202, 180], [202, 193, 180])
1	0.6452987246339477	0.6483312152328198	([760, 739], [760, 753, 739])
1	0.6164917542999157	0.6501667883062137	([540, 498], [540, 529, 497])
1	0.6426559428594879	0.6541584694650946	([831, 787], [831, 801, 794])
1	0.648526146772933	0.655258925035134	([32, 4], [32, 28, 4])
1	0.6432499122283385	0.6569670460380925	([53, 14], [53, 34, 14])
1	0.6526273564102245	0.6600011696793753	([79, 35], [79, 68, 35])
1	0.6574665135471565	0.6607236707033919	([747, 719], [747, 742, 719])
1	0.6460885469152683	0.6609730212760759	([531, 496], [531, 524, 497])
1	0.6505290120873028	0.6624638823380068	([130, 69], [130, 69, 14])
1	0.635705809669517	0.6636492416461203	([139, 15], [139, 129, 14])
1	0.6574566216533646	0.6637072728155048	([273, 248], [273, 264, 255])
1	0.6574650973745197	0.6655695476192511	([38, 0], [38, 29, 0])
1	0.6596216366978023	0.666071186558908	([834, 802], [834, 831, 794])
1	0.6656946843278829	0.6671275341579929	([169, 149], [169, 158, 157])
1	0.6611618095090903	0.6671815400630672	([49, 3], [52, 49, 3])
1	0.6258601582034736	0.6682817355892886	([853, 820], [853, 820, 817])
1	0.6536662139315035	0.6690788503278015	([785, 743], [785, 756, 743])
1	0.6685229814943278	0.6695807320381891	([63, 0], [63, 50, 41])
1	0.6176548819936201	0.6695828936298579	([289, 259], [289, 278, 259])
1	0.6577076257074383	0.6702579040839561	([759, 736], [762, 759, 727])
1	0.671868044183982	0.6719908925126429	([842, 795], [842, 834, 795])
1	0.6232308079829101	0.6754631507561932	([803, 767], [804, 803, 767])
1	0.6757774078194582	0.6758993340368339	([220, 183], [220, 209, 183])
1	0.6705238152175252	0.6762390345451449	([743, 695], [743, 718, 695])
1	0.6750625591862832	0.6771473489514962	([416, 369], [416, 401, 369])
1	0.674173600513109	0.6773559027565919	([402, 364], [402, 388, 382])
1	0.6694015906216491	0.6788621134548725	([348, 287], [348, 319, 287])
1	0.672465347882795	0.6789906451862205	([703, 680], [703, 698, 680])
1	0.6730940163568364	0.6796516249233474	([795, 748], [795, 787, 748])
1	0.6771047155381349	0.6803872225311604	([90, 55], [90, 83, 56])
1	0.678636104596098	0.6810912811809009	([134, 92], [134, 109, 92])
1	0.6763090801137327	0.6815619687801859	([797, 746], [797, 794, 746])
1	0.6785105661857846	0.6823400381374074	([220, 153], [220, 168, 167])
1	0.6769223742741094	0.6825305443775974	([340, 288], [340, 324, 288])
1	0.6829867956463817	0.6830634083507016	([91, 37], [91, 74, 55])
1	0.6465569356762794	0.6832733521034917	([831, 755], [831, 787, 755])
1	0.6620745977861237	0.6834870244358254	([801, 751], [801, 785, 751])
1	0.6301686015926335	0.683894574770383	([287, 228], [287, 264, 257])
1	0.6797383070232526	0.684753247042863	([71, 22], [71, 55, 37])
1	0.6845315383645847	0.6848831224661013	([825, 779], [825, 823, 779])
1	0.6655095602906705	0.6853878334995696	([288, 253], [288, 274, 255])
1	0.6835155537434762	0.6855790618241212	([843, 744], [843, 830, 799])
1	0.6632360254421676	0.685647875060048	([446, 412], [446, 437, 412])
1	0.6813994680824388	0.6861847682366647	([533, 489], [533, 523, 497])
1	0.6857351682097329	0.6872402404889699	([744, 683], [744, 718, 694])
1	0.6829463279081915	0.6872804631936508	([711, 676], [711, 692, 676])
1	0.6886666205849304	0.6893491174878545	([631, 596], [631, 618, 596])
1	0.6826139965718075	0.6894313758021489	([758, 728], [758, 746, 739])
1	0.5654828353019392	0.6894574517995848	([853, 796], [853, 835, 804])
1	0.683597086843634	0.690004062671277	([764, 725], [764, 741, 730])
1	0.6852255624475236	0.690008635152121	([72, 17], [72, 67, 20])
1	0.6689974717447524	0.690319679484367	([62, 9], [62, 59, 9])
1	0.6586209867980415	0.6905881293973756	([123, 53], [129, 123, 14])
1	0.6767227989843758	0.6909475778475792	([144, 79], [144, 126, 123])
1	0.6886754783973581	0.6918732400834782	([124, 56], [124, 103, 56])
1	0.6184325875388165	0.6919693011133128	([130, 14], [130, 101, 84])
1	0.6702326241127262	0.692166102317842	([75, 24], [75, 53, 24])
1	0.6900493097605285	0.692181638648854	([290, 224], [290, 287, 224])
1	0.6919337316607775	0.6924797370698186	([637, 605], [637, 618, 605])
1	0.6555767227334264	0.6928336921449343	([823, 765], [825, 801, 796])
1	0.6832389567588026	0.692890426495234	([204, 175], [204, 191, 175])
1	0.689013242251764	0.6940240594029036	([61, 11], [61, 51, 11])
1	0.6803540969079258	0.6941760398878332	([97, 45], [97, 93, 45])
1	0.6837403180500067	0.6941892584737221	([110, 69], [110, 94, 89])
1	0.6691645807634151	0.6945977296117862	([215, 168], [220, 183, 168])
1	0.674534850841874	0.6951313273831271	([129, 68], [131, 68, 67])
1	0.6876776028045195	0.6952294013586612	([345, 286], [345, 320, 310])
1	0.6921959662022735	0.6952329224218162	([361, 301], [361, 342, 325])
1	0.6913248084584471	0.6953885799821485	([119, 48], [127, 119, 63])
1	0.6811179444895947	0.695565231074707	([817, 741], [817, 787, 784])
1	0.6895688348901462	0.6958555603133993	([101, 40], [101, 67, 53])
1	0.6829310784760462	0.6958638854742328	([768, 734], [761, 749, 741])
1	0.6818332956884176	0.6966375546809352	([617, 567], [617, 590, 567])
1	0.6814816743593242	0.6972078917503034	([96, 42], [96, 60, 48])
1	0.6876382563678144	0.6974200827345605	([693, 651], [693, 688, 651])
1	0.6953323695902727	0.6982442219113711	([792, 750], [829, 803, 750])
1	0.6913953414395958	0.6983449449991523	([216, 165], [216, 185, 177])
1	0.6968047010671717	0.698488634808762	([623, 586], [623, 604, 600])
1	0.6889785431322953	0.6986200920485688	([77, 23], [77, 66, 36])
1	0.6719087758007825	0.6992532528658114	([137, 75], [137, 136, 75])
1	0.6915375773015511	0.7002536377892065	([79, 10], [79, 63, 10])
1	0.6788671968619128	0.7012290055011873	([853, 742], [853, 795, 754])
1	0.6925655337234589	0.701582681577281	([99, 47], [99, 96, 48])
1	0.6830021056802486	0.7015983584397448	([495, 450], [495, 486, 450])
1	0.6857188683151481	0.7021230286040429	([829, 750], [792, 775, 756])
1	0.7005846410806736	0.7023407462806082	([809, 769], [833, 809, 757])
1	0.7001140785054305	0.702485785879586	([822, 764], [822, 810, 778])
1	0.6886223728404403	0.7024881303395172	([377, 311], [377, 340, 318])
1	0.6652418742541782	0.7025690923642551	([830, 744], [830, 801, 788])
1	0.6794155068265482	0.7025744865149598	([836, 749], [835, 799, 749])
1	0.6824831088695914	0.7029102863767811	([214, 152], [214, 187, 172])
1	0.6998653823831663	0.7035423258563007	([444, 395], [445, 395, 367])
1	0.6812912489230475	0.7037483809844424	([827, 780], [813, 808, 765])
1	0.7025546866248549	0.7038619300620346	([704, 678], [704, 695, 679])
1	0.6981587940810526	0.703967814918538	([784, 721], [784, 755, 754])
1	0.6973760944733748	0.704090870859962	([682, 617], [682, 666, 617])
1	0.7010798909489468	0.7042985153860909	([746, 658], [746, 685, 676])
1	0.699986702184305	0.7042985153860909	([759, 676], [759, 746, 676])
1	0.6993254597966699	0.7043926281893782	([185, 134], [185, 175, 134])
1	0.6839565669616888	0.7047906043458543	([336, 280], [336, 318, 313])
1	0.6624189530291017	0.705458618105653	([743, 656], [744, 743, 656])
1	0.703877792471689	0.7058167470378156	([821, 759], [826, 821, 759])
1	0.6897422593337882	0.705961240597436	([609, 562], [609, 583, 581])
1	0.6945763156515449	0.7063223851148229	([445, 367], [444, 437, 395])
1	0.6730207378701788	0.7072148256208428	([173, 132], [173, 170, 132])
1	0.7030789423817235	0.7072766871904975	([234, 202], [234, 223, 202])
1	0.6766977710893076	0.7079533058996342	([810, 778], [810, 808, 780])
1	0.6905965560987108	0.7083203903340398	([689, 618], [689, 682, 617])
1	0.7055094349418839	0.7090645160379895	([812, 768], [825, 812, 768])
1	0.7080320530132502	0.7092514469815664	([618, 570], [618, 594, 570])
1	0.677689735279391	0.7094320792690004	([262, 207], [262, 222, 219])
1	0.7015560332812689	0.7095742956166013	([686, 627], [692, 686, 627])
1	0.6929784468542438	0.7102927594542784	([358, 302], [358, 329, 302])
1	0.6901199965096724	0.7105040051493419	([827, 726], [827, 821, 739])
1	0.7016635677153852	0.7105252499295693	([663, 613], [663, 645, 639])
1	0.635433198110895	0.7105932546941345	([294, 273], [294, 284, 273])
1	0.6800175924165498	0.7108089844619211	([199, 134], [199, 185, 180])
1	0.6715187489643709	0.7109153320415278	([749, 687], [749, 718, 691])
1	0.707446173676372	0.7109153320415278	([787, 691], [749, 747, 691])
1	0.6985155212327792	0.7110112356852392	([624, 584], [624, 616, 584])
1	0.7036245083274465	0.7111535297092512	([209, 159], [209, 175, 169])
1	0.7050278996505688	0.7113136061198898	([447, 378], [447, 437, 394])
1	0.7089631062168662	0.7123114009893571	([302, 246], [302, 281, 280])
1	0.7116852215203606	0.7126139719793291	([745, 686], [745, 718, 713])
1	0.708835251684045	0.7127745614838594	([807, 752], [807, 802, 752])
1	0.708497790030662	0.7129463999813156	([391, 333], [391, 375, 333])
1	0.7086150108085177	0.7130987347060327	([559, 492], [559, 533, 469])
1	0.7124543248235111	0.7132064192014843	([392, 344], [392, 372, 344])
1	0.7089502406424006	0.7137919053403874	([628, 559], [626, 618, 559])
1	0.6914226761738259	0.7144055731818778	([212, 156], [214, 212, 148])
1	0.7145007657940652	0.7145038638772007	([813, 735], [813, 762, 760])
1	0.7018034012326686	0.7145692218209426	([209, 133], [209, 191, 173])
1	0.7136432090871421	0.7147135807586843	([105, 51], [105, 97, 51])
1	0.6901748867437869	0.7148428935323787	([133, 66], [133, 128, 76])
1	0.7099941987380107	0.7150170472157048	([323, 275], [323, 305, 292])
1	0.6996227386709184	0.7151901831534074	([191, 133], [209, 175, 134])
1	0.7080539460428799	0.7153574779866718	([383, 341], [383, 356, 340])
1	0.6846748816807032	0.7160828604432732	([853, 659], [853, 702, 689])
1	0.7161738250195805	0.7162188949303521	([834, 719], [834, 791, 743])
1	0.7132842956463175	0.7165132603114464	([148, 74], [148, 139, 74])
1	0.7011535160879866	0.7170953494186721	([660, 612], [660, 633, 626])
1	0.5556088134513537	0.7171365098492634	([297, 268], [297, 268, 252])
1	0.7092744236057734	0.7172378130722217	([287, 133], [287, 209, 188])
1	0.7017577975680285	0.7172378130722217	([287, 188], [287, 221, 209])
1	0.7009926664689224	0.7175265761331099	([761, 705], [761, 729, 705])
1	0.6937572023417362	0.7177300252634145	([261, 134], [266, 222, 134])
1	0.7120096114505525	0.7177439883142768	([822, 738], [822, 821, 738])
1	0.7156275281095787	0.7182207161787411	([374, 315], [377, 374, 315])
1	0.704734295374242	0.718285231672241	([370, 316], [370, 334, 323])
1	0.6633282349725227	0.7184069499017818	([376, 287], [376, 363, 287])
1	0.7109800487856316	0.7184483461016223	([340, 240], [340, 286, 266])
1	0.7163681333410526	0.7185412544805325	([850, 750], [850, 794, 792])
1	0.7110374728300771	0.7193895554133898	([443, 391], [446, 443, 378])
1	0.7184295518775211	0.7196821648160366	([459, 414], [459, 441, 431])
1	0.703976294634684	0.7202187930388104	([329, 258], [329, 304, 274])
1	0.7089144234179691	0.7203750101638975	([752, 696], [752, 735, 701])
1	0.7018279856845585	0.7205330223464239	([853, 225], [853, 266, 225])
1	0.6948089725206961	0.7209685819549322	([593, 524], [593, 545, 537])
1	0.7153360887110863	0.721019152114764	([696, 619], [696, 686, 627])
1	0.7204233389067012	0.721667309554969	([706, 644], [706, 687, 644])
1	0.715043457988931	0.7220434315474075	([676, 623], [676, 641, 632])
1	0.7142670267512368	0.7224620807500313	([367, 282], [367, 313, 287])
1	0.7200937276391229	0.7224778825682653	([810, 733], [810, 777, 734])
1	0.7224258347383148	0.7225565298678628	([334, 134], [334, 313, 134])
1	0.7058274911242451	0.7226096707320349	([358, 292], [355, 323, 319])
1	0.7183467245325686	0.7228000263874655	([127, 13], [134, 127, 13])
1	0.7112523691088407	0.7229314960796479	([205, 151], [205, 173, 171])
1	0.7085797126587149	0.7229603086276667	([304, 226], [304, 253, 245])
1	0.7047124633956683	0.7229974553191109	([366, 261], [366, 289, 287])
1	0.7016251180726655	0.7229974553191109	([366, 289], [366, 348, 287])
1	0.7226782326619509	0.7236653401234371	([283, 197], [283, 263, 209])
1	0.7104550074102856	0.723760454789285	([697, 612], [697, 671, 660])
1	0.7231180688272207	0.7243087489800687	([684, 593], [684, 628, 626])
1	0.7188655716541982	0.7243290542334679	([404, 304], [422, 404, 304])
1	0.7222563673714404	0.7243290542334679	([435, 304], [435, 422, 304])
1	0.7170481387840485	0.7243652920149702	([422, 301], [404, 395, 304])
1	0.7122876770571297	0.7243824038411733	([763, 680], [740, 725, 680])
1	0.6994222825758217	0.7244265773569275	([762, 668], [762, 759, 668])
1	0.7057644418954282	0.7247155455665585	([156, 76], [156, 134, 76])
1	0.7244862607742079	0.7248063347915464	([441, 383], [441, 413, 402])
1	0.7093468201388202	0.7249136154240435	([382, 288], [382, 304, 301])
1	0.5383070996464377	0.7258271384186209	([295, 283], [301, 295, 283])
1	0.700230984423583	0.7262935071473096	([191, 149], [209, 191, 149])
1	0.7266035598625156	0.7272182725406269	([453, 404], [453, 428, 411])
1	0.727376711970285	0.7275355172027214	([200, 140], [200, 170, 162])
1	0.7192810524239175	0.7276977348182632	([783, 713], [783, 754, 713])
1	0.7271077573026118	0.7278303220456971	([739, 632], [739, 735, 632])
1	0.7030949448429736	0.7278954635699456	([146, 6], [146, 144, 6])
1	0.7270229007244267	0.7279326163676035	([213, 138], [213, 185, 158])
1	0.7065255480254037	0.7280392508752809	([383, 278], [383, 324, 319])
1	0.7176652491838992	0.7282318731871097	([151, 23], [151, 134, 23])
1	0.7228513732779429	0.7282632086544089	([723, 652], [723, 704, 697])
1	0.7237981200685218	0.7283478532167885	([588, 529], [588, 559, 558])
1	0.7262461524083685	0.7288067392057457	([419, 359], [419, 393, 392])
1	0.7080890843469653	0.7288348079985552	([306, 134], [385, 373, 134])
1	0.7174131280552692	0.7289580762551746	([517, 459], [517, 484, 481])
1	0.7250281849777761	0.7290095009536884	([608, 526], [608, 556, 545])
1	0.7203888979096786	0.7290155260844157	([347, 270], [347, 333, 270])
1	0.7041209105639556	0.7292671986937824	([405, 303], [405, 395, 287])
1	0.7237224607081523	0.7292701321406236	([589, 533], [589, 563, 554])
1	0.725070193907633	0.7293405459057319	([653, 580], [653, 636, 580])
1	0.7092383435510466	0.729735505092207	([853, 523], [853, 535, 523])
1	0.6978463192223164	0.7302326525575805	([397, 134], [325, 278, 134])
1	0.7221407724760257	0.7305071980177058	([735, 641], [735, 682, 676])
1	0.7284756802688304	0.7306853636150473	([571, 453], [571, 530, 524])
1	0.721158204781504	0.7307255152531418	([642, 587], [642, 622, 587])
1	0.7211957447533112	0.7310476443433309	([729, 630], [743, 729, 637])
1	0.7217963884292139	0.7313498541724166	([490, 420], [490, 443, 420])
1	0.7142623179117703	0.7315275719238853	([659, 572], [659, 637, 581])
1	0.7062031969106323	0.7321162548281601	([458, 433], [458, 446, 442])
1	0.7242832380613956	0.7322002588203275	([679, 603], [680, 679, 603])
1	0.7317082027088123	0.7324930801248283	([382, 257], [382, 288, 287])
1	0.7300924954946977	0.7329609478141891	([680, 134], [693, 671, 134])
1	0.7293184341011076	0.7329797542915903	([412, 340], [412, 390, 340])
1	0.7288861891293866	0.7332583312020389	([640, 562], [640, 622, 562])
1	0.7330473235798277	0.7337596600856806	([643, 582], [643, 625, 582])
1	0.7190156097307508	0.7337685393905524	([730, 629], [730, 710, 636])
1	0.7330297438582001	0.7338635133704664	([384, 251], [384, 361, 251])
1	0.712474524777273	0.7339609010692187	([853, 370], [853, 400, 370])
1	0.7319527759062192	0.7342330854691754	([702, 638], [702, 668, 639])
1	0.7047992570946704	0.7347326367393832	([451, 376], [451, 445, 398])
1	0.7321752839542578	0.7349265893762574	([378, 290], [386, 378, 290])
1	0.7085575732984924	0.7349716286486038	([656, 548], [656, 626, 559])
1	0.7280185028060636	0.7350040397622541	([288, 218], [288, 218, 216])
1	0.7064745316681411	0.7350227889619546	([853, 400], [853, 421, 400])
1	0.7347132159602195	0.7350782165972761	([732, 134], [732, 714, 134])
1	0.7267508529582263	0.7350782165972761	([754, 134], [754, 714, 134])
1	0.7289618710502229	0.7351656414156311	([812, 134], [812, 772, 134])
1	0.7207799516911012	0.735207558300575	([289, 132], [289, 266, 132])
1	0.5215592063368225	0.7354750913328405	([296, 272], [296, 284, 272])
1	0.7013298112119436	0.735844782988399	([289, 174], [289, 175, 132])
1	0.7350672070705232	0.7361965749423538	([833, 686], [833, 744, 695])
1	0.7276476659548449	0.7362921344694571	([705, 646], [725, 705, 631])
1	0.7176740641317896	0.7363806741116119	([727, 640], [727, 660, 640])
1	0.7337531214632597	0.736927292016187	([523, 134], [545, 537, 134])
1	0.7363477637213499	0.7369865297174895	([572, 504], [572, 540, 523])
1	0.7319905714815246	0.7369865297174895	([576, 523], [576, 572, 523])
1	0.7068168175640099	0.7371394217962548	([725, 631], [725, 680, 631])
1	0.6913486986049847	0.7371593302825931	([617, 528], [617, 583, 543])
1	0.7360967318911001	0.7372461594626375	([555, 449], [555, 546, 449])
1	0.737542096495071	0.7380082375062295	([493, 287], [493, 478, 287])
1	0.724507838802173	0.7380211897482669	([465, 432], [465, 458, 432])
1	0.7344911908640019	0.7383714961261133	([786, 657], [801, 786, 657])
1	0.730511390833	0.738461430328644	([288, 151], [288, 205, 194])
1	0.7312374019442976	0.7386234993116215	([801, 655], [801, 693, 655])
1	0.7355627148152817	0.7387843206788323	([556, 451], [556, 543, 451])
1	0.7222787519556445	0.7390987200853704	([732, 645], [732, 706, 645])
1	0.7286799005922662	0.7391619188123241	([453, 377], [453, 404, 393])
1	0.7023278704835217	0.7392496376802454	([644, 565], [644, 630, 565])
1	0.714766476830853	0.7393682606599383	([390, 289], [390, 338, 325])
1	0.732568162269208	0.739447100062295	([732, 673], [732, 673, 645])
1	0.7369893303642217	0.7395588766094121	([698, 608], [698, 682, 608])
1	0.7337252447080643	0.7396747137824907	([562, 490], [562, 561, 490])
1	0.7249510642384454	0.7402221369706663	([563, 520], [571, 563, 520])
1	0.7290027997521253	0.7410179912291925	([396, 266], [396, 353, 340])
1	0.7276574582976657	0.7410984544174317	([661, 599], [661, 632, 628])
1	0.7287989576191054	0.7412662861598359	([687, 582], [687, 628, 582])
1	0.7131255576806752	0.7413138632611548	([315, 197], [315, 227, 197])
1	0.7372010079807143	0.741333334985498	([486, 134], [527, 495, 134])
1	0.7133436789531791	0.7418142713732981	([790, 685], [790, 748, 720])
1	0.7286619764619242	0.7418382795461985	([478, 292], [478, 466, 287])
1	0.7410500896269695	0.7419039575171272	([616, 521], [616, 563, 520])
1	0.7283393675852201	0.7419039575171272	([632, 520], [632, 616, 520])
1	0.722696212264914	0.7422208061051923	([583, 486], [583, 562, 486])
1	0.7380798521961275	0.7424821487085499	([422, 365], [422, 399, 383])
1	0.7424450865666992	0.7424833474409737	([473, 406], [483, 473, 419])
1	0.7340603964519651	0.742585611827641	([586, 497], [586, 555, 550])
1	0.7421096094655225	0.7426463936779054	([483, 419], [496, 473, 399])
1	0.7414636719208803	0.7427452264661678	([715, 600], [715, 679, 603])
1	0.7398689282210059	0.7427923034152958	([237, 137], [237, 220, 137])
1	0.7383466525475701	0.7428732325088145	([823, 708], [823, 735, 732])
1	0.7252556407413373	0.7428898533516319	([311, 225], [311, 259, 244])
1	0.7253460185613766	0.7428898533516319	([342, 244], [342, 311, 244])
1	0.7379360442328459	0.743023125677623	([528, 455], [528, 495, 455])
1	0.7370388141447508	0.743345227547237	([651, 563], [651, 607, 571])
1	0.698586357807128	0.7435095765999543	([569, 134], [486, 452, 436])
1	0.737677606902081	0.7435176373545649	([524, 412], [524, 442, 395])
1	0.7273128002214078	0.7436440709588246	([474, 391], [474, 442, 431])
1	0.7352363140965023	0.7436557021478722	([147, 65], [147, 129, 74])
1	0.7351831205898978	0.7441683597997204	([376, 237], [376, 287, 285])
1	0.7165171990515676	0.7441881877613721	([693, 550], [693, 593, 551])
1	0.7395223071256544	0.7450406038940511	([242, 189], [242, 226, 224])
1	0.7355964542029123	0.7450545376256648	([751, 549], [751, 714, 656])
1	0.7339490490368936	0.7454737935344639	([618, 522], [618, 539, 533])
1	0.6905540648459092	0.7455501327780731	([693, 134], [603, 581, 134])
1	0.7368001196049041	0.7459663619279295	([501, 422], [501, 451, 422])
1	0.7166286142249768	0.7466193351618069	([421, 288], [421, 392, 386])
1	0.7420643451647897	0.7467053512528095	([703, 634], [703, 699, 634])
1	0.7365015096930898	0.7468097308421725	([436, 353], [436, 399, 367])
1	0.7146583104289436	0.7469040175279253	([853, 123], [853, 123, 74])
1	0.7416106116114517	0.7473483638435026	([580, 466], [586, 580, 497])
1	0.7037554677835346	0.7474334875118346	([381, 255], [381, 303, 255])
1	0.7098417683238923	0.7478629310399685	([575, 526], [575, 549, 526])
1	0.7315708165428783	0.7481310798136055	([662, 589], [662, 616, 596])
1	0.7410977502764595	0.748201014150992	([459, 290], [459, 452, 290])
1	0.7404866672986147	0.7483769543086384	([597, 515], [597, 580, 515])
1	0.7440708548217085	0.7486733355631796	([454, 365], [454, 416, 395])
1	0.7265845725177856	0.748688512389102	([287, 8], [287, 133, 16])
1	0.745367513077015	0.7489194156658797	([612, 489], [612, 559, 547])
1	0.7063602116888307	0.7490712010468312	([853, 589], [853, 635, 588])
1	0.7260847075681678	0.749343997072256	([140, 30], [140, 69, 30])
1	0.7461417062940109	0.7494831381519464	([286, 189], [286, 265, 189])
1	0.7050666865196533	0.7502091625764915	([495, 429], [495, 447, 422])
1	0.749479461678972	0.7504845645035203	([762, 647], [762, 727, 647])
1	0.736765653246363	0.7511213782859729	([822, 673], [822, 759, 673])
1	0.7491166926928777	0.7511456281838538	([715, 541], [715, 687, 541])
1	0.6952195204896277	0.7511479993324508	([603, 511], [603, 568, 561])
1	0.48581613064677287	0.7517877849395216	([297, 291], [302, 297, 291])
1	0.7514875089783195	0.7518324912341479	([525, 424], [525, 451, 400])
1	0.7317571929678797	0.7520162234352131	([404, 278], [404, 369, 278])
1	0.7494518109833624	0.7525618340305728	([470, 385], [480, 440, 420])
1	0.7440710950533658	0.7530188047991088	([433, 302], [433, 402, 302])
1	0.7444003528568309	0.7530243050533639	([560, 479], [560, 501, 496])
1	0.7474385766666856	0.75327098855647	([232, 127], [264, 232, 127])
1	0.7388372568439266	0.7533649333384905	([705, 589], [705, 631, 590])
1	0.7281351178277398	0.7533701682272087	([573, 517], [580, 573, 519])
1	0.7490072724982977	0.7533701682272087	([602, 519], [602, 580, 519])
1	0.750735911585727	0.7535675725484418	([474, 302], [474, 433, 391])
1	0.7534495285320478	0.7535865456094831	([178, 13], [178, 150, 13])
1	0.7528179879334115	0.7536000245010182	([562, 462], [562, 482, 478])
1	0.7511039235497048	0.7536425573530526	([264, 164], [289, 264, 164])
1	0.7342349258486311	0.7540846307539764	([502, 437], [502, 469, 453])
1	0.7402488717115183	0.7541851569917452	([585, 498], [585, 571, 498])
1	0.7221693626290193	0.7543866855570192	([590, 491], [590, 582, 491])
1	0.7424914823920243	0.7547399933293749	([594, 474], [594, 556, 451])
1	0.751404830133671	0.7550001572329302	([655, 525], [655, 628, 535])
1	0.7459519318589127	0.7551697806908985	([457, 392], [457, 438, 413])
1	0.7120790546599013	0.7552021665753565	([477, 289], [489, 478, 288])
1	0.7468482322571949	0.7556420385106055	([827, 644], [827, 739, 644])
1	0.7422392385150215	0.7558138124303266	([264, 131], [264, 218, 130])
1	0.7371521444874226	0.757418618449467	([692, 570], [692, 618, 612])
1	0.7431688257644045	0.7575777058130159	([565, 483], [565, 561, 483])
1	0.7536280752601419	0.7577220783617532	([782, 652], [782, 726, 709])
1	0.7569592148784283	0.7578129340587398	([796, 613], [796, 759, 739])
1	0.7572508669684469	0.7578608598512877	([756, 558], [756, 693, 558])
1	0.7525168089321902	0.757976526233094	([499, 409], [499, 450, 430])
1	0.7511447975432187	0.7580670532263153	([469, 369], [469, 395, 393])
1	0.7353411178085493	0.7582534365974145	([260, 123], [266, 260, 123])
1	0.7100120617471832	0.7582534365974145	([853, 74], [853, 266, 123])
1	0.6994887538669479	0.7587162292802149	([853, 535], [853, 659, 551])
1	0.7496894026322307	0.7587837629333681	([517, 416], [517, 459, 457])
1	0.755745236360605	0.759499816170691	([178, 67], [178, 67, 13])
1	0.7518232147287657	0.7595602268736847	([464, 387], [464, 420, 386])
1	0.7585721196546612	0.7595881976061388	([727, 605], [727, 705, 605])
1	0.7588873100781023	0.7596323482803676	([553, 437], [553, 493, 444])
1	0.7588783198430421	0.7596524868598008	([194, 12], [194, 181, 20])
1	0.7482697086053358	0.759717495170125	([292, 152], [292, 287, 177])
1	0.7478811777297759	0.7598444297230026	([733, 621], [733, 709, 621])
1	0.7402433689171297	0.7599340281859861	([752, 626], [752, 687, 626])
1	0.7555167261396419	0.760014192782088	([778, 607], [778, 694, 607])
1	0.7549535817311017	0.7605596982173726	([182, 71], [182, 147, 71])
1	0.7500287216794093	0.7607490661558235	([445, 315], [445, 367, 315])
1	0.7553674346453968	0.7608933764636522	([187, 9], [187, 130, 76])
1	0.7577006227097217	0.7613115148137375	([620, 510], [620, 573, 517])
1	0.6826526475266133	0.7618995228184161	([853, 266], [853, 74, 37])
1	0.7599855178868223	0.7619853272648768	([383, 236], [383, 274, 246])
1	0.750341627920929	0.7620837386838125	([368, 218], [368, 285, 220])
1	0.6170682752970278	0.7626494703377814	([317, 294], [317, 294, 284])
1	0.7549484127148525	0.7629191641994861	([650, 469], [650, 607, 469])
1	0.7582680926214906	0.7629191641994861	([685, 469], [685, 607, 469])
1	0.7628648106612423	0.7630356137018672	([223, 16], [223, 205, 16])
1	0.7209787492209716	0.7632502770056616	([168, 20], [181, 137, 20])
1	0.7612464265373478	0.7634646615300882	([487, 398], [487, 450, 398])
1	0.7627467558988997	0.7636247469959297	([708, 606], [708, 648, 612])
1	0.7476342953229574	0.7639099968313284	([472, 371], [472, 420, 404])
1	0.7575370417960288	0.7646354713041076	([388, 248], [388, 325, 303])
1	0.7610671012091769	0.7649338584308721	([446, 286], [446, 390, 378])
1	0.7473987799261333	0.764941212828518	([461, 381], [461, 433, 422])
1	0.7484439566722588	0.7651267502794884	([606, 516], [606, 571, 520])
1	0.7610950116346783	0.7651353212614912	([521, 403], [521, 481, 403])
1	0.7582581534962891	0.7653508380192673	([494, 393], [494, 469, 445])
1	0.5478911315814878	0.765629291572462	([297, 252], [309, 297, 252])
1	0.7436661929455792	0.7660738114908379	([803, 292], [803, 746, 287])
1	0.719070953728265	0.7662992073010637	([853, 481], [853, 481, 440])
1	0.7642107717403591	0.7666266452164721	([424, 292], [424, 320, 292])
1	0.7662835430675452	0.7668135555598636	([457, 331], [457, 440, 303])
1	0.762769885837848	0.7669380521640835	([197, 109], [197, 138, 137])
1	0.7612498057954413	0.767134596904003	([237, 59], [237, 137, 89])
1	0.7547839188076044	0.7684145986156897	([511, 415], [511, 465, 461])
1	0.762569143848462	0.7686214265552859	([353, 194], [353, 289, 262])
1	0.7592025998158702	0.7688155627824184	([642, 507], [642, 612, 507])
1	0.7516230507396775	0.7691154753973981	([240, 124], [240, 226, 124])
1	0.7545295469570988	0.7691990341049831	([718, 568], [718, 636, 568])
1	0.7433123943877473	0.7692166145099154	([409, 231], [409, 231, 200])
1	0.7670959007513986	0.7695546897919946	([576, 481], [577, 576, 481])
1	0.7668172183768235	0.769686961835415	([451, 226], [438, 318, 226])
1	0.7534192960284638	0.7697120185232484	([447, 221], [447, 382, 221])
1	0.7628630149875214	0.7699492120831225	([630, 481], [630, 595, 481])
1	0.7649321413941138	0.7699940133992398	([605, 485], [613, 605, 485])
1	0.7612177053556961	0.7701009527422834	([480, 351], [480, 374, 366])
1	0.7696512950772448	0.770312532467548	([580, 405], [580, 498, 405])
1	0.7547050087820968	0.7704460999895426	([204, 75], [189, 144, 75])
1	0.7599603381198672	0.7706487903227301	([375, 245], [375, 284, 281])
1	0.7581024036247598	0.7707641576045073	([389, 243], [389, 289, 243])
1	0.7688726539008887	0.7712079197360547	([843, 549], [843, 751, 688])
1	0.7620316708111506	0.7716187471667807	([588, 460], [588, 542, 460])
1	0.7673835662166144	0.7717016437379968	([707, 574], [707, 622, 612])
1	0.7601867538768667	0.7717855353415976	([410, 245], [410, 349, 245])
1	0.7700527928756977	0.772964015465201	([780, 625], [780, 778, 625])
1	0.766487476375205	0.7729996510301322	([383, 206], [383, 236, 222])
1	0.7621117562278024	0.7733371336478748	([291, 208], [291, 267, 248])
1	0.7670372850591981	0.7736578128361651	([223, 122], [223, 155, 137])
1	0.773963539721997	0.7740177750410757	([570, 397], [570, 548, 397])
1	0.7731419772584718	0.7741466321716848	([371, 253], [371, 340, 253])
1	0.749891962542131	0.7742158150398467	([616, 492], [616, 520, 517])
1	0.7698628584465474	0.7746043531697536	([590, 461], [590, 520, 491])
1	0.7668189327869928	0.7749981882856244	([522, 433], [522, 469, 468])
1	0.7649251619393083	0.7752374422768681	([267, 135], [233, 189, 135])
1	0.7688139816589106	0.7752935248030803	([558, 304], [558, 440, 409])
1	0.735429560616921	0.775497663754591	([188, 0], [188, 140, 19])
1	0.7732990326245859	0.7755009959641105	([448, 173], [448, 211, 182])
1	0.7657501476496004	0.7755009959641105	([448, 211], [448, 366, 182])
1	0.6412737891710686	0.7762894838828917	([344, 293], [344, 293, 266])
1	0.7740819326926246	0.7764375717740664	([487, 319], [487, 398, 303])
1	0.7509415946605109	0.77650358008553	([210, 21], [210, 151, 141])
1	0.775929173345808	0.7776260894381112	([157, 29], [157, 137, 103])
1	0.7707269484067178	0.7776464234231643	([264, 39], [264, 127, 55])
1	0.7676184346594622	0.7785049701628273	([214, 35], [214, 141, 35])
1	0.7777830827979998	0.7787613048904596	([399, 190], [399, 289, 281])
1	0.7731454757281827	0.7790467041000383	([547, 184], [547, 261, 220])
1	0.7231290466965935	0.779444177644693	([292, 48], [292, 127, 48])
1	0.7635575523728557	0.7795615419810444	([571, 288], [571, 452, 366])
1	0.7743203350462305	0.7796771528872001	([498, 347], [498, 404, 347])
1	0.7795320557444232	0.7797358744656958	([273, 147], [273, 227, 208])
1	0.776946550409558	0.7797377261987487	([290, 146], [290, 200, 182])
1	0.7587976541334929	0.7798937027149662	([543, 197], [543, 535, 187])
1	0.7741640412118005	0.7800234973970641	([308, 198], [308, 259, 238])
1	0.7747191906948229	0.7802658384907691	([564, 289], [564, 462, 289])
1	0.7689382312967725	0.7803335510320467	([547, 353], [547, 437, 353])
1	0.7543641184327046	0.7809355152524106	([623, 458], [623, 565, 564])
1	0.7534801042207246	0.7809656627539118	([535, 187], [541, 540, 206])
1	0.7493810526259088	0.7810524537702699	([251, 93], [301, 251, 117])
1	0.7441834098036669	0.7812106447060413	([352, 205], [352, 246, 205])
1	0.715376901029836	0.7813883681565474	([853, 440], [853, 440, 421])
1	0.7590423862415394	0.781396481016828	([514, 302], [514, 489, 450])
1	0.7792945240079147	0.7816501877683812	([505, 372], [505, 479, 372])
1	0.7764091270955321	0.7817841844660677	([523, 339], [523, 449, 289])
1	0.7340147263972742	0.7818849716348075	([290, 26], [290, 210, 171])
1	0.7813094634726043	0.7819027673662954	([743, 292], [808, 731, 292])
1	0.78092637621859	0.7820338368917497	([253, 128], [283, 253, 128])
1	0.7741451273113613	0.7821415767666099	([542, 367], [542, 530, 367])
1	0.77847905302282	0.7821701147245961	([317, 189], [318, 317, 189])
1	0.7803698134877954	0.782390806754297	([445, 208], [445, 443, 212])
1	0.77270100272687	0.7827486239248764	([480, 246], [480, 366, 289])
1	0.7505964280699046	0.7827730132428311	([443, 205], [445, 262, 211])
1	0.7547921032331755	0.7829568143679119	([807, 0], [849, 807, 744])
1	0.7802728906814872	0.7829744733368066	([550, 198], [550, 544, 211])
1	0.7798693325092845	0.783658648191365	([688, 292], [688, 657, 292])
1	0.7393255182139484	0.783658648191365	([746, 287], [743, 657, 292])
1	0.7782217132976877	0.7836892348985769	([545, 178], [545, 289, 180])
1	0.7787560145004696	0.7838533293929455	([636, 506], [636, 581, 506])
1	0.7814704310284756	0.7838794564267736	([233, 66], [260, 233, 66])
1	0.779332501013371	0.7839563686688577	([310, 192], [353, 310, 192])
1	0.7714031575768626	0.7839730904278414	([427, 207], [541, 427, 421])
1	0.7411026781531701	0.7842380899425729	([442, 197], [442, 379, 301])
1	0.7803056905517578	0.7842482698260336	([396, 195], [445, 396, 213])
1	0.7709003210963602	0.7843911348396073	([555, 264], [555, 554, 264])
1	0.7753136284047379	0.7845716380717886	([579, 388], [579, 472, 455])
1	0.7842387162992206	0.7850321425526874	([483, 355], [483, 413, 390])
1	0.7755324727889836	0.7850701860712731	([830, 28], [830, 803, 41])
1	0.7649842370589119	0.7852984052897298	([227, 91], [240, 227, 91])
1	0.7770661890063367	0.785343738663675	([696, 289], [651, 622, 572])
1	0.7779258659965741	0.7855806676265531	([455, 278], [455, 323, 301])
1	0.7835351098941132	0.7857389122106052	([453, 179], [453, 378, 304])
1	0.7497314040187855	0.7857571252273835	([304, 10], [304, 287, 10])
1	0.7658547686589153	0.7858601285190352	([257, 45], [257, 253, 45])
1	0.7802176387064702	0.7859621218315491	([777, 635], [777, 698, 608])
1	0.771682551183823	0.7860824656230133	([539, 181], [447, 221, 218])
1	0.7704275221762055	0.786107109153903	([536, 186], [536, 378, 212])
1	0.756453653296018	0.786107109153903	([546, 212], [546, 536, 212])
1	0.7289491334205714	0.7861580598902232	([540, 206], [541, 477, 197])
1	0.7728098184513525	0.7861689124203751	([663, 499], [663, 557, 507])
1	0.7478703997878553	0.7861784586710205	([850, 289], [798, 746, 287])
1	0.6992535930295383	0.7865571146110967	([853, 421], [853, 400, 225])
1	0.77623999007525	0.7866443606268454	([249, 92], [249, 233, 92])
1	0.7770413703340027	0.7867060053889691	([566, 408], [566, 452, 408])
1	0.6581961793344427	0.7872659781012133	([853, 1], [853, 843, 225])
1	0.737910890680451	0.7877254578357287	([590, 287], [590, 503, 481])
1	0.737473587007806	0.7882505368644777	([528, 290], [546, 528, 450])
1	0.7307449853592178	0.7882905023964736	([546, 290], [546, 290, 287])
1	0.7800001501801952	0.7884825095842444	([246, 118], [246, 234, 86])
1	0.7656725469940673	0.7885825531278385	([610, 302], [610, 491, 489])
1	0.7427481652564802	0.7893318779303092	([750, 290], [750, 746, 287])
1	0.7843840778950019	0.7896847206574394	([303, 82], [303, 248, 98])
1	0.7873738994070656	0.7897265971614432	([242, 143], [253, 242, 143])
1	0.7824985624215979	0.789900531106139	([768, 598], [768, 637, 598])
1	0.7697600382942797	0.7899843393640208	([277, 84], [287, 277, 84])
1	0.7805093186149088	0.7900252318108563	([533, 194], [533, 441, 409])
1	0.7730501960251469	0.790035577407551	([547, 261], [547, 493, 287])
1	0.7888854543028339	0.790142463789473	([840, 181], [840, 289, 164])
1	0.7854344259197831	0.7904328790257816	([445, 103], [445, 206, 129])
1	0.7651779064442993	0.7907633804439226	([258, 94], [248, 231, 125])
1	0.7654691337011158	0.7909123617438338	([527, 79], [527, 445, 79])
1	0.7831462286884336	0.7910183882474747	([261, 3], [261, 234, 86])
1	0.7899629123317986	0.791478599625121	([381, 133], [381, 378, 133])
1	0.7770922920737983	0.7918209020546103	([271, 119], [271, 270, 119])
1	0.7756240431444614	0.791834252184348	([241, 48], [241, 111, 96])
1	0.7802234860687439	0.7920562084329889	([429, 228], [429, 349, 228])
1	0.7386428234427032	0.7922336245157231	([851, 4], [851, 849, 0])
1	0.7856238544531385	0.7927929703968081	([790, 14], [852, 790, 14])
1	0.7924087850707361	0.7927929703968081	([845, 14], [852, 845, 14])
1	0.7894493010671338	0.7928903759752183	([398, 201], [398, 368, 201])
1	0.7928008592124257	0.7930638183938483	([274, 121], [274, 246, 118])
1	0.792960932729384	0.7931828723470961	([410, 192], [410, 340, 192])
1	0.7769651555408474	0.7931987398522355	([836, 23], [836, 290, 23])
1	0.7931731738185115	0.7932629205969152	([522, 345], [522, 402, 386])
1	0.7871895893044241	0.793816331721844	([846, 556], [846, 689, 549])
1	0.7599748387062901	0.7941334677719964	([254, 51], [254, 126, 111])
1	0.7452806889900423	0.7941334677719964	([241, 111], [254, 241, 111])
1	0.7847334351280058	0.7941458740680427	([741, 445], [741, 594, 445])
1	0.7940623440532133	0.7941724666365464	([553, 133], [553, 537, 133])
1	0.7905085098039186	0.7941877616497621	([160, 98], [160, 98, 77])
1	0.7467613801546917	0.7943078029887444	([554, 132], [554, 532, 264])
1	0.7735668306904709	0.7943592987047294	([846, 12], [852, 846, 1])
1	0.779086431851732	0.7944099711682124	([351, 139], [351, 274, 139])
1	0.7889800033003113	0.7944128428156361	([534, 171], [538, 534, 171])
1	0.7723863059971215	0.7948504342847817	([278, 40], [278, 133, 40])
1	0.7948601394940709	0.7948932458268718	([671, 428], [671, 452, 428])
1	0.7719355810626701	0.7950064363789672	([534, 67], [534, 178, 171])
1	0.7503595647062496	0.7950064363789672	([538, 202], [545, 534, 178])
1	0.7705239120875472	0.7952228306191929	([549, 175], [549, 477, 191])
1	0.7377840241430897	0.7957393197091561	([849, 0], [853, 849, 8])
1	0.7866527047985028	0.7960653308527879	([259, 41], [259, 257, 41])
1	0.7747368117050882	0.7960778410822796	([788, 174], [793, 788, 290])
1	0.7809085276295878	0.7961571307302954	([270, 56], [270, 260, 56])
1	0.7735521330029757	0.7965918960110024	([557, 127], [548, 205, 196])
1	0.7664343730357543	0.796788064924584	([803, 41], [803, 287, 41])
1	0.7949212667453096	0.7969638872699127	([654, 188], [747, 655, 654])
1	0.7950891060492457	0.7972809202054387	([469, 188], [469, 396, 213])
1	0.7928374914945794	0.7973941811314808	([557, 410], [557, 497, 438])
1	0.7860184211830398	0.7980582615319266	([434, 233], [434, 290, 233])
1	0.7714575764378202	0.7982326487686303	([533, 24], [553, 533, 146])
1	0.7868561911272995	0.7982599597497448	([348, 122], [348, 287, 122])
1	0.7851964076462254	0.7982737589552931	([232, 17], [263, 232, 17])
1	0.7849289704741698	0.7985149088506971	([605, 423], [605, 464, 423])
1	0.7871121258787249	0.7986463958199079	([575, 407], [575, 458, 388])
1	0.7757742106463713	0.7987095307584968	([721, 212], [721, 546, 544])
1	0.7882189107442142	0.7990726098183096	([631, 393], [631, 563, 501])
1	0.7939225436877885	0.7991503535857396	([286, 5], [286, 131, 77])
1	0.7764687799251134	0.799417472494442	([502, 254], [502, 423, 254])
1	0.787300575489993	0.7994484958744837	([643, 475], [643, 525, 475])
1	0.7810374176921422	0.7997681596154561	([440, 216], [440, 264, 261])
1	0.796921718944844	0.7997817096976694	([727, 510], [727, 641, 599])
1	0.798222259990443	0.7997859095481018	([510, 274], [510, 477, 274])
1	0.7865386661661038	0.800128586563017	([803, 620], [803, 724, 695])
1	0.8001182086640793	0.8005240693900918	([437, 172], [437, 360, 286])
1	0.7617559269315752	0.8006377721997225	([841, 76], [845, 838, 76])
1	0.7837068495785275	0.8008400275540591	([841, 210], [849, 841, 0])
1	0.7825154569014134	0.8012240233593712	([586, 357], [586, 487, 303])
1	0.8001957706412115	0.8013629484090671	([678, 287], [679, 678, 287])
1	0.794916570928998	0.8014078480012461	([420, 83], [420, 260, 120])
1	0.7938283989599872	0.8019527028558694	([416, 43], [416, 348, 43])
1	0.7993278399651487	0.8020903775237594	([756, 8], [756, 67, 56])
1	0.8003242854635648	0.8023307248286059	([453, 126], [453, 287, 179])
1	0.7855959678064393	0.8028651349770641	([228, 26], [228, 101, 18])
1	0.7217501718527288	0.8029831798167774	([543, 0], [543, 207, 15])
1	0.798328415177186	0.8030149093815495	([780, 48], [829, 780, 48])
1	0.7955582475638112	0.8033940638091306	([807, 133], [767, 678, 287])
1	0.7959815193335289	0.8035275385750201	([835, 7], [835, 788, 7])
1	0.7587043923508011	0.8036397547237993	([792, 15], [838, 792, 15])
1	0.797295238317935	0.8038813008936738	([829, 35], [791, 742, 34])
1	0.7882729634631421	0.8038813008936738	([788, 34], [791, 788, 34])
1	0.7932603026166213	0.8039983426768668	([447, 23], [447, 226, 23])
1	0.7949426226484249	0.804193213907446	([360, 172], [437, 216, 189])
1	0.7765082612781473	0.8044707968296503	([542, 148], [542, 531, 205])
1	0.7432441106484651	0.8045210890526793	([248, 0], [263, 248, 0])
1	0.7484507575466096	0.8045210890526793	([334, 0], [334, 263, 0])
1	0.7831726903995747	0.8046088286079407	([837, 80], [839, 837, 130])
1	0.8025068265604304	0.804638426832534	([687, 177], [687, 559, 177])
1	0.7824068363931852	0.8046766370893899	([353, 31], [353, 104, 31])
1	0.797413493448528	0.804867420773398	([838, 168], [838, 236, 218])
1	0.7652722973798405	0.8048759010727061	([836, 217], [836, 217, 20])
1	0.7858234833328046	0.8049833252054596	([832, 132], [832, 534, 132])
1	0.801615716898678	0.8050554470779876	([851, 600], [851, 600, 583])
1	0.7879490288133509	0.8051394967921026	([747, 188], [750, 747, 290])
1	0.7857051272646992	0.8051882224587116	([851, 288], [851, 792, 288])
1	0.7816630937577913	0.8053266403673636	([843, 187], [843, 437, 187])
1	0.8001826308535626	0.8054534344440412	([352, 153], [352, 191, 181])
1	0.7948912555857501	0.8054930011571654	([362, 41], [362, 259, 221])
1	0.7967955943084222	0.8055874921896796	([718, 86], [718, 628, 86])
1	0.7357697307884032	0.8056237179819938	([668, 290], [747, 668, 609])
1	0.7582489323120687	0.8056536001533676	([414, 132], [449, 414, 287])
1	0.7891760899706465	0.8058419777933735	([794, 178], [794, 178, 148])
1	0.7976835008230581	0.8058437400145477	([540, 126], [540, 254, 206])
1	0.7893678868599413	0.8059503523791604	([550, 231], [550, 231, 225])
1	0.7883380933944444	0.8060816939801029	([794, 148], [794, 791, 16])
1	0.8034655477943773	0.8060909471455595	([652, 402], [652, 590, 402])
1	0.8009265591276192	0.8062635704434377	([800, 3], [851, 800, 3])
1	0.7861105061248442	0.8063489156592542	([791, 176], [791, 747, 184])
1	0.8007529485015168	0.8065630698927431	([755, 170], [755, 203, 170])
1	0.7990140542053007	0.8069797809381721	([685, 74], [750, 685, 74])
1	0.7934412980986233	0.8072473430898885	([538, 81], [538, 189, 171])
1	0.8034450184820732	0.8072792783746844	([379, 88], [379, 210, 139])
1	0.7818576354068169	0.8076953293329866	([312, 81], [367, 312, 81])
1	0.7971482747833617	0.8078141176678326	([250, 6], [267, 250, 6])
1	0.8058931256661082	0.8079395252767316	([552, 130], [552, 209, 186])
1	0.8008873199539173	0.8080282002357084	([244, 100], [244, 237, 59])
1	0.7952706556491942	0.8082099399017576	([524, 152], [554, 524, 152])
1	0.7857602052901828	0.8082829668959486	([539, 129], [539, 534, 129])
1	0.7876105864369604	0.8083934452284474	([838, 236], [838, 168, 142])
1	0.8016689884014181	0.8085198487977305	([748, 131], [748, 161, 131])
1	0.8044566823175113	0.8085759825493295	([737, 82], [737, 589, 41])
1	0.7880700364369803	0.8085759825493295	([589, 41], [830, 737, 41])
1	0.807148305559178	0.8086774219360718	([429, 0], [433, 429, 0])
1	0.8045294336999507	0.8089530089899362	([804, 193], [804, 746, 193])
1	0.8054268838070572	0.8090347022541058	([834, 26], [838, 834, 76])
1	0.7952818381700281	0.8090956026934676	([848, 286], [848, 545, 286])
1	0.7918482006570842	0.8091600372947942	([656, 69], [656, 197, 132])
1	0.8037894261109596	0.8091600372947942	([669, 132], [669, 656, 132])
1	0.8088944671910276	0.8094193351534462	([801, 542], [801, 656, 640])
1	0.7983459086359902	0.8094217597475258	([844, 75], [844, 838, 137])
1	0.7948459585932739	0.8095162658230745	([628, 52], [628, 211, 126])
1	0.7754162602593648	0.8095639631579539	([749, 143], [754, 749, 143])
1	0.8047989834043301	0.8095998172018232	([771, 53], [792, 784, 15])
1	0.8015962913311968	0.809665952876234	([439, 76], [439, 367, 212])
1	0.786614554313215	0.8096913532200498	([621, 346], [621, 561, 346])
1	0.7836975643664901	0.8097319998238922	([438, 75], [438, 196, 34])
1	0.7999702225426271	0.8099522075104536	([743, 124], [839, 743, 130])
1	0.8029333697150329	0.8102073824597608	([617, 29], [617, 134, 67])
1	0.7786957601095443	0.8102753490465199	([742, 33], [682, 553, 529])
1	0.7554668968281064	0.8105418369487255	([672, 302], [672, 489, 442])
1	0.8007041777655732	0.8105939232979553	([419, 71], [419, 267, 71])
1	0.8006513616162632	0.8107008991617736	([528, 108], [528, 290, 23])
1	0.8044977423924777	0.8107008991617736	([547, 23], [547, 528, 23])
1	0.8006545615972294	0.8107655671641799	([338, 91], [338, 245, 91])
1	0.7836666435728281	0.8109130946498104	([748, 161], [748, 737, 41])
1	0.8100033162282329	0.8111052327755227	([683, 198], [683, 530, 399])
1	0.8105689681647901	0.8115265241733971	([778, 224], [778, 304, 224])
1	0.7796100198012293	0.8116706092877838	([839, 175], [743, 692, 130])
1	0.7843904359504628	0.8118678574437473	([801, 67], [834, 787, 76])
1	0.8011434936856562	0.8119788437076666	([520, 47], [520, 288, 251])
1	0.8069345155368763	0.812081243168871	([618, 245], [838, 618, 236])
1	0.805867471281059	0.8122377279733971	([594, 9], [594, 555, 9])
1	0.800811253708947	0.8122387635472077	([282, 63], [282, 216, 23])
1	0.8109383369051618	0.812527275645842	([582, 235], [582, 539, 235])
1	0.8021498826152971	0.812768356119937	([499, 114], [499, 255, 251])
1	0.8097844594162855	0.8128301709007051	([847, 155], [847, 788, 185])
1	0.8099535771926707	0.8130319871600103	([698, 464], [698, 657, 559])
1	0.7716622478576269	0.8133799690227611	([693, 191], [721, 693, 191])
1	0.8090226599418068	0.8134088482839171	([693, 410], [693, 530, 525])
1	0.8003613119901143	0.8135341918483243	([785, 2], [851, 785, 2])
1	0.8098897626744225	0.8135408407254396	([841, 179], [841, 179, 15])
1	0.8098506373062231	0.8136932799098503	([692, 208], [692, 208, 186])
1	0.8125581082691011	0.8137019829319765	([713, 209], [713, 549, 537])
1	0.7707150150078509	0.8137539465927242	([649, 301], [649, 600, 508])
1	0.8129299756034304	0.8137756951684358	([719, 179], [719, 553, 542])
1	0.8135568476228786	0.8140524081943388	([635, 359], [635, 499, 480])
1	0.7868387575084888	0.814052587517559	([745, 200], [745, 536, 212])
1	0.7939239925897692	0.8142018800044316	([626, 183], [626, 531, 219])
1	0.8143551511034721	0.8144994507621984	([713, 40], [748, 713, 40])
1	0.8070283645063525	0.8146665448860778	([671, 100], [671, 134, 124])
1	0.8091628922095284	0.8146867202971895	([582, 33], [831, 582, 33])
1	0.7631492307023513	0.8147607771750822	([778, 304], [802, 778, 304])
1	0.8136156055888865	0.8148930631032532	([639, 384], [639, 585, 384])
1	0.7982772894051111	0.8149529039064212	([517, 41], [517, 364, 258])
1	0.8044173858259017	0.8151038203836002	([562, 249], [562, 382, 276])
1	0.8124110904316513	0.8151383959641632	([532, 136], [532, 445, 149])
1	0.8128885332705069	0.8152083157060516	([743, 31], [743, 130, 18])
1	0.8085267478637826	0.815217428554782	([447, 102], [447, 143, 102])
1	0.8131862185518919	0.8153612702931304	([791, 357], [791, 357, 148])
1	0.8113872098568401	0.8154253993082264	([797, 302], [797, 788, 302])
1	0.7912897474935926	0.8160808027178886	([552, 234], [552, 534, 305])
1	0.8105352040360896	0.8161677974801334	([817, 140], [817, 140, 30])
1	0.795644721264447	0.8162938438434144	([329, 168], [329, 231, 168])
1	0.8021239864737847	0.816364120251156	([833, 101], [833, 101, 23])
1	0.814613395591095	0.816436647298705	([839, 353], [851, 839, 353])
1	0.7943126053333418	0.8165058146797617	([469, 90], [469, 438, 90])
1	0.794583505583338	0.816520477130302	([498, 166], [542, 498, 166])
1	0.8102459652396866	0.8165421194236879	([326, 150], [326, 301, 200])
1	0.8097641693494363	0.8167160492124659	([519, 103], [519, 288, 286])
1	0.8027756808643077	0.8170424129666622	([746, 72], [746, 628, 86])
1	0.7847622030747637	0.8170544856433903	([347, 126], [347, 302, 126])
1	0.8159331062970336	0.8172653547823725	([574, 319], [574, 426, 412])
1	0.7956081230221337	0.8177537267894275	([324, 97], [346, 246, 231])
1	0.8121410570345536	0.8178665051213877	([436, 35], [436, 200, 35])
1	0.7806919378243415	0.817977685868729	([355, 39], [355, 116, 39])
1	0.7969670566377391	0.8180691644184863	([682, 7], [841, 682, 7])
1	0.7704537085732949	0.818135653347549	([600, 301], [791, 649, 301])
1	0.80871038839435	0.818161100183055	([558, 37], [558, 445, 37])
1	0.8031840083277676	0.8182325134519077	([377, 118], [377, 256, 206])
1	0.8105158790536798	0.8182850521493723	([744, 10], [788, 744, 62])
1	0.8154591462218854	0.81828517514884	([683, 138], [683, 399, 288])
1	0.8172441413507522	0.8183503612219721	([603, 0], [603, 543, 452])
1	0.8054536158006601	0.8185211464874225	([817, 58], [827, 817, 58])
1	0.8027706657082111	0.8187423422801676	([843, 109], [843, 187, 35])
1	0.808515872664514	0.8188082108766165	([744, 201], [744, 582, 201])
1	0.8187509850664543	0.8188815530814514	([410, 82], [435, 410, 82])
1	0.795093638839736	0.819583128931727	([719, 37], [806, 775, 37])
1	0.8144598573075397	0.8197447106466419	([572, 36], [656, 572, 36])
1	0.80723437565014	0.8197822289157607	([658, 330], [658, 330, 266])
1	0.7928317095098697	0.8199317665932228	([685, 429], [685, 469, 429])
1	0.8047190998361821	0.8200213706997481	([669, 92], [672, 589, 41])
1	0.8197469129293273	0.8200902177608631	([800, 214], [800, 559, 551])
1	0.8159290890011156	0.8201152730526602	([330, 68], [330, 257, 41])
1	0.8025365487368825	0.8202638538158393	([777, 515], [777, 651, 593])
1	0.8014119125479754	0.8203618484958952	([698, 51], [714, 698, 51])
1	0.8166356840889389	0.8203618484958952	([805, 51], [805, 714, 51])
1	0.8011021776358236	0.8204675578695189	([595, 315], [595, 473, 449])
1	0.8153145002100156	0.8205525464282818	([843, 471], [843, 593, 471])
1	0.8196735561461583	0.8207744267143011	([786, 68], [786, 695, 68])
1	0.7897983558540937	0.8208654134660759	([468, 7], [468, 428, 66])
1	0.8139042071436973	0.8208654134660759	([581, 53], [560, 468, 66])
1	0.8162924045801171	0.8210542085358845	([816, 9], [850, 816, 13])
1	0.8109846940180164	0.8211047894154045	([484, 15], [549, 484, 15])
1	0.8114645034743847	0.8212411053189091	([626, 337], [626, 562, 337])
1	0.788441268401399	0.8214390479016761	([667, 413], [667, 556, 413])
1	0.8085136858531844	0.8215545577131377	([851, 186], [851, 552, 547])
1	0.8184273291262647	0.8218267275473065	([633, 307], [651, 633, 307])
1	0.8134186741562798	0.8218267275473065	([822, 307], [822, 651, 307])
1	0.7704624172250211	0.8218676519691746	([842, 435], [842, 435, 0])
1	0.8171119676606928	0.8219162853201792	([781, 97], [813, 781, 95])
1	0.8101989909016248	0.8219876006373821	([561, 164], [748, 675, 547])
1	0.8122281099160538	0.8220352182973358	([654, 240], [654, 482, 288])
1	0.8186110284912501	0.8224003372400609	([401, 27], [401, 348, 98])
1	0.8192157429339223	0.822609295302394	([501, 28], [501, 194, 28])
1	0.8118187393643208	0.8226574560703562	([368, 57], [368, 221, 25])
1	0.8139547950295674	0.8233046122803974	([590, 11], [666, 549, 11])
1	0.8109289102609879	0.8233831419676342	([608, 271], [608, 545, 271])
1	0.804282588885014	0.8233904944691329	([745, 85], [745, 85, 80])
1	0.7816112657918444	0.8233914520706906	([541, 4], [541, 131, 4])
1	0.8012499076812168	0.8238081430900294	([627, 28], [627, 142, 19])
1	0.8237225037948329	0.8238081430900294	([612, 19], [627, 612, 19])
1	0.8219948685970045	0.8238081430900294	([675, 19], [675, 627, 19])
1	0.8203593640133099	0.8238860358360254	([687, 98], [829, 763, 98])
1	0.8108270066327934	0.8239929673127065	([721, 139], [721, 541, 438])
1	0.8002855202733181	0.8240156083074021	([695, 24], [787, 695, 76])
1	0.8116267266517754	0.8241073644302467	([624, 250], [624, 441, 241])
1	0.8200144453645679	0.8242106554230373	([780, 448], [780, 688, 576])
1	0.7965794002650224	0.8242244905567643	([693, 17], [693, 126, 88])
1	0.8094858712982618	0.8242541279171641	([509, 87], [632, 509, 87])
1	0.8207535072364868	0.8245225866595758	([658, 26], [753, 658, 554])
1	0.7886188547528389	0.8246006237638327	([592, 96], [657, 130, 76])
1	0.8233288211433508	0.8251536014428882	([731, 468], [731, 578, 468])
1	0.7977041667148523	0.8252778159518155	([450, 69], [450, 221, 69])
1	0.8191995988582634	0.8254885693087511	([737, 371], [737, 549, 441])
1	0.8193988217592141	0.8257639383638185	([351, 45], [351, 304, 45])
1	0.8240913840396733	0.8257678538316773	([759, 93], [759, 93, 64])
1	0.822084801873235	0.826258036873272	([471, 92], [471, 402, 92])
1	0.8262193938708928	0.8263570507989694	([828, 397], [828, 684, 397])
1	0.8217945258954398	0.8264775988513167	([603, 40], [603, 577, 40])
1	0.8131853046703226	0.8267023960478445	([642, 331], [642, 469, 366])
1	0.7957463808637704	0.826708773611989	([407, 64], [407, 349, 38])
1	0.7928492463540605	0.8268381528779146	([689, 60], [748, 689, 3])
1	0.7996350237144308	0.8269391004369792	([847, 18], [847, 801, 18])
1	0.8233713898066867	0.8271149285709551	([605, 277], [605, 517, 423])
1	0.8262024948127413	0.8271438735104362	([679, 146], [685, 679, 146])
1	0.7884138378037744	0.8275380431550293	([817, 122], [817, 122, 53])
1	0.8130227440228796	0.8275949802320266	([655, 144], [655, 528, 144])
1	0.8195607001684843	0.8276731061650248	([768, 364], [768, 594, 364])
1	0.8208412782333669	0.8277767648239459	([601, 273], [601, 457, 437])
1	0.8226087652124402	0.8280658241353911	([408, 48], [408, 246, 94])
1	0.8098778481247726	0.8281164458151244	([394, 11], [394, 323, 11])
1	0.7933342503988711	0.8281397573287653	([536, 2], [548, 536, 2])
1	0.8053560098964234	0.8281642999545312	([660, 25], [660, 657, 76])
1	0.8169222905853158	0.8282183445998212	([804, 333], [804, 750, 301])
1	0.7930779576452839	0.8286228203971999	([605, 46], [605, 583, 123])
1	0.827271668030165	0.8286616772774623	([728, 77], [783, 728, 42])
1	0.814989167014462	0.8287602037967817	([797, 398], [797, 398, 372])
1	0.8274092193217238	0.8287602037967817	([840, 372], [840, 797, 372])
1	0.8277848132673656	0.8288582676766887	([640, 328], [646, 640, 328])
1	0.8174843015499377	0.8289739884913562	([585, 64], [585, 496, 64])
1	0.821901371534433	0.8289761039792701	([562, 98], [714, 640, 98])
1	0.8117218241281969	0.8290369102830359	([576, 137], [576, 303, 290])
1	0.8258604922650689	0.8291829113726147	([497, 56], [497, 351, 45])
1	0.8098056783086672	0.8291829113726147	([641, 45], [641, 497, 45])
1	0.8018884715015856	0.8292460504525325	([459, 48], [459, 408, 290])
1	0.8220763531201783	0.8293715940022776	([571, 5], [571, 110, 35])
1	0.8143276011283415	0.8293958765761613	([492, 113], [422, 386, 113])
1	0.8229819149914744	0.8307589612184871	([813, 171], [838, 813, 171])
1	0.8133112801878287	0.8308226499529894	([431, 125], [431, 320, 225])
1	0.8261452728019407	0.8311594438256594	([673, 38], [673, 145, 3])
1	0.8002561547767808	0.8311921254960829	([769, 96], [777, 764, 45])
1	0.8291392163299012	0.8312092058303711	([812, 462], [812, 767, 462])
1	0.8237474972755723	0.8314813369527517	([522, 82], [546, 522, 82])
1	0.8108755429149556	0.831740696723579	([570, 25], [629, 570, 25])
1	0.8310040535110053	0.8318394061531307	([635, 227], [635, 580, 227])
1	0.8137917779090826	0.8322809768535557	([764, 156], [815, 802, 156])
1	0.584309464663154	0.8323687254221851	([421, 297], [421, 302, 297])
1	0.8284424004512113	0.8323850704163261	([624, 155], [637, 624, 155])
1	0.8169384719760056	0.8324506296641332	([786, 226], [786, 226, 68])
1	0.8127498662933882	0.8325055692640073	([815, 156], [801, 764, 156])
1	0.8313537438317951	0.8329941594475561	([768, 117], [768, 632, 117])
1	0.8324015864076448	0.8330802956285578	([780, 180], [780, 447, 180])
1	0.8196270116872322	0.833277413793828	([696, 128], [796, 740, 128])
1	0.8241473540205323	0.8336300889011491	([725, 396], [725, 556, 527])
1	0.8213372729477603	0.8338716446280532	([814, 60], [845, 814, 44])
1	0.5665272023294317	0.8342264165459284	([295, 70], [301, 295, 70])
1	0.8023682438957545	0.8342415094132589	([759, 64], [759, 715, 93])
1	0.8274829295892061	0.8343633533022825	([647, 60], [647, 629, 60])
1	0.8281842956452871	0.8348679859472251	([648, 325], [648, 502, 325])
1	0.8259303932416406	0.8350561739545443	([740, 222], [740, 222, 128])
1	0.8249515475143335	0.8350868946051406	([781, 352], [781, 675, 352])
1	0.8345633267062484	0.835433772126444	([814, 495], [814, 577, 495])
1	0.8288732453057769	0.8354995658190393	([845, 385], [845, 538, 496])
1	0.8290814936243774	0.8359323694614214	([764, 247], [764, 749, 247])
1	0.8198982606730855	0.8365116637145014	([845, 320], [845, 385, 320])
1	0.8043008710225557	0.8371205823795362	([731, 405], [731, 488, 464])
1	0.8192746616536608	0.8373468866909225	([614, 14], [614, 553, 14])
1	0.8338964344771943	0.8374601128237287	([459, 105], [459, 231, 196])
1	0.8366035024681171	0.837561193539042	([671, 230], [671, 405, 230])
1	0.8208398592894102	0.8384469271764101	([457, 85], [457, 386, 29])
1	0.8167570970006627	0.8385621537573251	([724, 315], [724, 683, 315])
1	0.8326771215083578	0.8386730776271598	([771, 160], [771, 666, 160])
1	0.813196329476143	0.8387305854302894	([688, 135], [688, 529, 14])
1	0.8111217536416855	0.838806066452111	([765, 114], [765, 481, 289])
1	0.8224486375341102	0.839313562980335	([661, 234], [687, 661, 234])
1	0.8302895266764544	0.8409208111014522	([717, 407], [732, 717, 407])
1	0.6534106022664654	0.8413779905115683	([293, 66], [293, 266, 66])
1	0.8323389901581639	0.8414355818312929	([611, 13], [611, 550, 13])
1	0.5748483777755	0.8421338076590014	([463, 295], [463, 301, 295])
1	0.8244664869541054	0.8431536891904573	([701, 125], [701, 671, 125])
1	0.827226806024587	0.8433095803216082	([707, 166], [794, 707, 166])
1	0.8199622483995159	0.8434905005825248	([822, 43], [822, 769, 96])
1	0.7994748988366829	0.8435001326303538	([841, 318], [841, 318, 77])
1	0.8423603516306343	0.843685750644369	([760, 262], [760, 718, 262])
1	0.8186133465526004	0.843709317464885	([739, 230], [739, 692, 230])
1	0.8194833404929313	0.8439725874383842	([826, 351], [826, 795, 351])
1	0.8309320578737865	0.8447396238719314	([734, 112], [803, 734, 229])
1	0.8237237233729429	0.844960057115852	([771, 349], [771, 526, 356])
1	0.8445167700144969	0.8451660848264694	([779, 369], [779, 668, 369])
1	0.8435109267116873	0.8455373347387298	([818, 248], [818, 764, 248])
1	0.8401997424356422	0.8464348390492414	([820, 347], [820, 711, 347])
1	0.8465703788600261	0.8477523073244586	([763, 336], [815, 763, 336])
1	0.8251836695478137	0.8477523073244586	([852, 336], [852, 815, 336])
1	0.847707886997221	0.8481665597240741	([819, 360], [819, 767, 360])
1	0.830861243945776	0.8481839504036978	([677, 115], [678, 677, 115])
1	0.846767210180169	0.8489329669699305	([812, 383], [812, 754, 346])
1	0.8364133151001364	0.8504168258381618	([777, 239], [777, 533, 515])
1	0.8476157433638613	0.8521131241614243	([782, 265], [782, 469, 265])
1	0.5201965016926559	0.8532508988952147	([380, 296], [380, 296, 284])
1	0.8492833095538141	0.8536508826507626	([821, 341], [821, 746, 341])
1	0.5265557733182578	0.8538994459215623	([350, 296], [350, 296, 272])
1	0.7981307716091619	0.8543777394020875	([837, 306], [837, 306, 207])
1	0.8338897561797712	0.8564980584495014	([770, 331], [770, 663, 446])
1	0.6472083540915419	0.9016350045594625	([455, 294], [455, 317, 294])
1	0.5079069809573682	0.9136882003351864	([690, 298], [690, 689, 298])
1	0.6375729302060728	0.9269376852915151	([293, 266], [294, 293, 284])
0	0.0	1.0	([299], [299, 0])
0	0.0	1.0	([300], [300, 0])
0	0.0	inf	([272], [])
