0	0.0	0.03430585396503632	([42], [42, 9])
0	0.0	0.041049711891663725	([28], [28, 21])
0	0.0	0.22578781879898488	([146], [146, 145])
0	0.0	0.22663223798500137	([132], [132, 131])
0	0.0	0.22682623422475093	([202], [202, 201])
0	0.0	0.2269754017172953	([173], [173, 172])
0	0.0	0.2273185989200096	([140], [140, 139])
0	0.0	0.22908576611158746	([208], [208, 207])
0	0.0	0.2300290355103978	([175], [175, 174])
0	0.0	0.23108950624596075	([162], [162, 161])
0	0.0	0.23181966914311103	([168], [168, 167])
0	0.0	0.23219316081329794	([185], [185, 184])
0	0.0	0.23225591768874818	([198], [198, 197])
0	0.0	0.23479484402362152	([178], [178, 177])
0	0.0	0.23509398360165565	([207], [207, 206])
0	0.0	0.23883593243835202	([186], [186, 185])
0	0.0	0.239348618428847	([201], [201, 200])
0	0.0	0.2436529182751439	([187], [187, 186])
0	0.0	0.24972786428665514	([123], [123, 122])
0	0.0	0.25088465793578096	([197], [197, 196])
0	0.0	0.2513248798011406	([158], [158, 157])
0	0.0	0.2525400127433612	([127], [127, 126])
0	0.0	0.25557191309312305	([59], [59, 58])
0	0.0	0.2576862200749394	([112], [112, 111])
0	0.0	0.25896938936888536	([156], [156, 155])
0	0.0	0.2593780532445053	([135], [135, 134])
0	0.0	0.259901961430364	([121], [121, 120])
0	0.0	0.2603244125400395	([180], [180, 179])
0	0.0	0.2610322885761259	([153], [153, 152])
0	0.0	0.2622329049059642	([184], [184, 183])
0	0.0	0.26589650005966387	([110], [110, 109])
0	0.0	0.26704302195719876	([50], [50, 49])
0	0.0	0.2670706343384047	([163], [163, 162])
0	0.0	0.26849759866653927	([179], [179, 178])
0	0.0	0.26908234567821343	([126], [126, 125])
0	0.0	0.2695044825717182	([87], [87, 86])
0	0.0	0.26959759036824155	([76], [76, 75])
0	0.0	0.27006814287828335	([91], [91, 90])
0	0.0	0.2715186375634077	([71], [71, 70])
0	0.0	0.27184651629099077	([142], [142, 141])
0	0.0	0.27222886374608307	([101], [101, 100])
0	0.0	0.2725976350573435	([182], [182, 181])
0	0.0	0.2730114975308048	([111], [111, 110])
0	0.0	0.2734169206361215	([157], [157, 156])
0	0.0	0.2754982666646564	([172], [172, 171])
0	0.0	0.27663542450088857	([116], [116, 115])
0	0.0	0.277058031502864	([188], [188, 187])
0	0.0	0.27746814112865287	([141], [141, 140])
0	0.0	0.27942031137385265	([68], [68, 67])
0	0.0	0.28036563841257894	([189], [189, 188])
0	0.0	0.2813467466211399	([194], [194, 193])
0	0.0	0.28178215053639033	([79], [79, 78])
0	0.0	0.2823365278874835	([199], [199, 198])
0	0.0	0.28261216207835244	([54], [54, 53])
0	0.0	0.2831349643329463	([181], [181, 180])
0	0.0	0.2831899705298762	([20], [20, 19])
0	0.0	0.2839883154015705	([65], [65, 64])
0	0.0	0.2847299793561744	([96], [96, 95])
0	0.0	0.2847655373838474	([104], [104, 103])
0	0.0	0.2851898814122438	([90], [90, 89])
0	0.0	0.2853259080152356	([105], [105, 104])
0	0.0	0.28668513463467826	([139], [139, 138])
0	0.0	0.28714912250037816	([174], [174, 173])
0	0.0	0.2872536651134982	([108], [108, 107])
0	0.0	0.2877181510199302	([70], [70, 69])
0	0.0	0.2878434726920064	([150], [150, 149])
0	0.0	0.2889866265887876	([119], [119, 118])
0	0.0	0.290122717113159	([97], [97, 96])
0	0.0	0.29023496486334527	([103], [103, 102])
0	0.0	0.2903294947930096	([143], [143, 142])
0	0.0	0.2914007705275792	([152], [152, 151])
0	0.0	0.2914819478308868	([161], [161, 160])
0	0.0	0.29205461754620066	([72], [72, 71])
0	0.0	0.2923246087765908	([74], [74, 73])
0	0.0	0.2924727201590867	([73], [73, 72])
0	0.0	0.29306168733899074	([81], [81, 80])
0	0.0	0.29321347154952293	([183], [183, 182])
0	0.0	0.29357920715914876	([115], [115, 114])
0	0.0	0.2955400374291191	([118], [118, 117])
0	0.0	0.2955961028970528	([124], [124, 123])
0	0.0	0.2956657378876597	([125], [125, 124])
0	0.0	0.29630930843395314	([122], [122, 121])
0	0.0	0.2969089613424503	([66], [66, 65])
0	0.0	0.29721150668936624	([176], [176, 175])
0	0.0	0.2975380606648704	([144], [144, 143])
0	0.0	0.29832300984657445	([69], [69, 68])
0	0.0	0.2994493024832765	([204], [204, 202])
0	0.0	0.2994719354879826	([131], [131, 130])
0	0.0	0.3010570857836556	([95], [95, 94])
0	0.0	0.30124553845555535	([177], [177, 176])
0	0.0	0.30173675713489767	([75], [75, 74])
0	0.0	0.30219877178127624	([67], [67, 66])
0	0.0	0.30223226908538087	([57], [57, 56])
0	0.0	0.3034625168483672	([102], [102, 101])
0	0.0	0.3035296991415854	([56], [56, 55])
0	0.0	0.3035932050953602	([165], [165, 163])
0	0.0	0.30404534995535437	([148], [148, 147])
0	0.0	0.30527000350264943	([136], [136, 135])
0	0.0	0.30565326805816234	([92], [92, 91])
0	0.0	0.3078764531629447	([169], [169, 168])
0	0.0	0.30823231981645527	([151], [151, 150])
0	0.0	0.3083201777173857	([205], [205, 204])
0	0.0	0.30870641272117416	([84], [84, 83])
0	0.0	0.3097928764943818	([120], [120, 119])
0	0.0	0.30993113317020327	([106], [106, 105])
0	0.0	0.3101773099785899	([83], [83, 81])
0	0.0	0.3123812210331701	([154], [154, 153])
0	0.0	0.31393796189687756	([117], [117, 116])
0	0.0	0.3141887139137686	([159], [159, 158])
0	0.0	0.3153369538772459	([107], [107, 106])
0	0.0	0.31633523665729585	([80], [83, 82])
0	0.0	0.3163459108734216	([114], [114, 113])
0	0.0	0.3164131681990571	([78], [78, 77])
0	0.0	0.3171385880105499	([113], [113, 112])
0	0.0	0.3179487583374328	([134], [134, 133])
0	0.0	0.32223273091346166	([52], [52, 50])
0	0.0	0.32383811097037535	([77], [77, 76])
0	0.0	0.3238429275015782	([155], [155, 154])
0	0.0	0.32389658044090697	([196], [196, 0])
0	0.0	0.3239469776373486	([63], [63, 62])
0	0.0	0.3243145391429348	([145], [145, 144])
0	0.0	0.32649548946136225	([58], [58, 57])
0	0.0	0.32867509805469747	([60], [60, 59])
0	0.0	0.33219475360817013	([133], [133, 132])
0	0.0	0.33225388587751	([166], [166, 165])
0	0.0	0.3324444704449964	([55], [56, 54])
0	0.0	0.3341955770132655	([53], [53, 52])
0	0.0	0.33449010003532365	([200], [204, 203])
0	0.0	0.33595942717283683	([49], [52, 51])
0	0.0	0.33725014456723346	([137], [137, 136])
0	0.0	0.3386535648081352	([86], [86, 85])
0	0.0	0.3410195307369766	([149], [150, 148])
0	0.0	0.34490531904085736	([138], [138, 136])
0	0.0	0.34503809361765847	([88], [88, 87])
0	0.0	0.34563596861578566	([98], [98, 97])
0	0.0	0.34606913043051285	([160], [160, 159])
0	0.0	0.34826323561557365	([109], [109, 108])
0	0.0	0.3493129339045143	([167], [167, 166])
0	0.0	0.353388239439294	([193], [193, 191])
0	0.0	0.35353511172409885	([61], [61, 60])
0	0.0	0.3554950562625912	([203], [200, 199])
0	0.0	0.355681509207229	([85], [85, 84])
0	0.0	0.3557465426961195	([94], [94, 92])
0	0.0	0.3564134875910873	([192], [192, 5])
0	0.0	0.3596350111728234	([206], [206, 204])
0	0.0	0.3602955506377759	([82], [80, 79])
0	0.0	0.36144873309738607	([129], [129, 128])
0	0.0	0.36165013867104906	([147], [165, 164])
0	0.0	0.36355166657633325	([164], [147, 146])
0	0.0	0.364506507302583	([130], [130, 127])
0	0.0	0.36472690806839336	([64], [64, 63])
1	0.35955415303166016	0.3676591995784573	([154, 148], [154, 151, 148])
0	0.0	0.37024586334363035	([89], [89, 87])
0	0.0	0.37083980190266064	([41], [41, 40])
0	0.0	0.3755249617485534	([25], [25, 24])
0	0.0	0.3821796158054673	([128], [129, 127])
0	0.0	0.38287639252477945	([191], [193, 5])
0	0.0	0.38539238447717156	([51], [49, 48])
0	0.0	0.3862584941187456	([100], [100, 98])
0	0.0	0.3862784432096309	([190], [190, 5])
0	0.0	0.38829013093024745	([0], [196, 195])
0	0.0	0.3888829711753628	([62], [63, 61])
0	0.0	0.39432745841934225	([170], [170, 169])
0	0.0	0.40019248722403317	([93], [93, 92])
0	0.0	0.40962314569485403	([5], [190, 7])
0	0.0	0.41368669297152955	([44], [44, 41])
0	0.0	0.41415654692096315	([48], [100, 99])
0	0.0	0.4165869265706858	([99], [48, 47])
0	0.0	0.4171528001337343	([27], [27, 11])
0	0.0	0.42557757270589885	([195], [195, 194])
0	0.0	0.42596352902275175	([23], [23, 11])
0	0.0	0.43177388653164017	([40], [40, 39])
0	0.0	0.43333265794951586	([47], [128, 16])
0	0.0	0.43377261038034454	([45], [45, 41])
0	0.0	0.43713754494046786	([43], [43, 39])
0	0.0	0.43737320105278754	([46], [46, 15])
0	0.0	0.4415344964537819	([171], [171, 170])
0	0.0	0.4482957591663426	([26], [26, 23])
0	0.0	0.45579072380338836	([16], [147, 13])
0	0.0	0.4574496133512166	([7], [191, 189])
0	0.0	0.46043195111922397	([13], [47, 17])
1	0.4454435026608728	0.46421567088334265	([79, 67], [79, 74, 73])
0	0.0	0.4704068880462911	([15], [46, 45])
1	0.4592919675195133	0.4705769378638033	([190, 189], [191, 190, 189])
0	0.0	0.47690910516604706	([14], [14, 1])
0	0.0	0.4811265690847096	([11], [23, 1])
0	0.0	0.4911705480635395	([17], [99, 15])
0	0.0	0.49474991774113786	([39], [44, 11])
1	0.453853424333667	0.5006560696742184	([27, 26], [27, 26, 23])
0	0.0	0.5073467577797963	([29], [29, 27])
0	0.0	0.5202920885223491	([24], [24, 1])
1	0.5221420126797105	0.5275940131310372	([27, 14], [27, 23, 14])
1	0.4999849426959683	0.5494268915664802	([203, 0], [203, 200, 199])
1	0.5501564403045764	0.5602453598526085	([26, 24], [26, 24, 23])
1	0.5453197841373251	0.5973616568992861	([41, 26], [44, 41, 27])
1	0.6067293278969668	0.6122936393040906	([137, 13], [145, 139, 137])
1	0.586190511374029	0.6179213670090525	([158, 140], [158, 156, 140])
0	0.0	0.6200145823455189	([1], [27, 20])
1	0.5795117063975581	0.6492274368220401	([61, 11], [61, 51, 49])
1	0.4388067879716552	0.6493529494889412	([192, 7], [192, 190, 7])
1	0.4563109557271241	0.6523124572465284	([45, 43], [45, 43, 39])
1	0.6639777443905768	0.6684261255326166	([184, 161], [184, 182, 161])
1	0.6513300417875781	0.6689339808757634	([113, 40], [129, 124, 40])
1	0.6680180670919679	0.669169655988343	([70, 45], [70, 60, 55])
1	0.6001114198888563	0.6746748796902091	([85, 11], [98, 85, 83])
1	0.6764923243697747	0.6766032111336312	([63, 1], [63, 51, 1])
1	0.6471350347132483	0.6791114217341403	([52, 26], [55, 51, 26])
1	0.6822962747201443	0.6868539687122408	([186, 162], [186, 173, 169])
1	0.6931401279436827	0.6948408797791932	([107, 26], [107, 96, 26])
1	0.6837664153037559	0.6953725579349995	([84, 1], [84, 65, 1])
1	0.5695927482784264	0.6961653480544244	([98, 11], [85, 64, 61])
1	0.6259327846648653	0.6962532574350763	([99, 40], [99, 87, 82])
1	0.6736216184397305	0.6963772620572166	([94, 41], [94, 85, 44])
1	0.6142094848308087	0.6967061278616097	([82, 40], [77, 61, 58])
1	0.6997621633261522	0.7019962096157027	([189, 156], [189, 174, 169])
1	0.6873468762880077	0.7041271051933599	([169, 105], [169, 147, 140])
1	0.688143986272804	0.7042325644885941	([138, 26], [138, 120, 26])
1	0.6962862734181436	0.7071741021110161	([106, 58], [106, 82, 70])
1	0.6955044342822634	0.7081115702391332	([117, 68], [117, 104, 68])
1	0.6947058075653284	0.7128199113681691	([207, 156], [207, 189, 182])
1	0.7067902575615387	0.7236436680899717	([208, 149], [208, 189, 182])
1	0.7094381739747962	0.7243584534512195	([95, 57], [95, 82, 57])
1	0.7099600722555949	0.7243793630318778	([131, 49], [131, 105, 65])
1	0.5069957296587305	0.7251581287357345	([62, 43], [62, 47, 45])
1	0.6832782562156638	0.7256882395889314	([106, 1], [106, 84, 75])
1	0.7174742119241484	0.7285498821791597	([149, 123], [149, 137, 131])
1	0.7187150832281908	0.7300488114678437	([152, 126], [152, 137, 126])
1	0.7155866156997878	0.7314665235826836	([180, 144], [185, 163, 157])
1	0.5844457843976484	0.7316139093720881	([159, 5], [191, 162, 159])
1	0.7268400234488415	0.7335055589147738	([183, 135], [183, 171, 135])
1	0.6988190812813794	0.7345047512060943	([208, 133], [208, 149, 143])
1	0.7259668922729946	0.7379413170550962	([165, 41], [165, 155, 41])
1	0.6805647296600819	0.738793759443485	([147, 41], [155, 105, 41])
1	0.6267438251925451	0.7392416585908961	([129, 40], [113, 94, 82])
1	0.7029037890367555	0.7420652124653936	([147, 65], [147, 134, 129])
1	0.7175245157837365	0.7435050989619725	([135, 44], [135, 105, 60])
1	0.7353399735370425	0.744106606243048	([120, 45], [120, 45, 41])
1	0.7377616951815232	0.7446218080532658	([142, 78], [142, 138, 78])
1	0.722201791485325	0.7456493321115472	([152, 62], [153, 150, 62])
1	0.7379519074386481	0.7458977052317832	([202, 164], [202, 185, 183])
1	0.7385671903375041	0.7460903122195826	([205, 155], [205, 201, 155])
1	0.6953933968284084	0.7501708038564678	([62, 23], [62, 45, 27])
1	0.7401920484863502	0.750867124736419	([146, 27], [146, 135, 27])
1	0.7040365528578941	0.7516230980086932	([100, 27], [135, 102, 91])
1	0.6502911272283072	0.7516395719247311	([106, 29], [106, 93, 64])
1	0.7385239987414836	0.7533430683729009	([174, 107], [174, 143, 107])
1	0.7542421057393485	0.7547931329337895	([181, 116], [181, 143, 135])
1	0.7529599629243234	0.7605852400601837	([176, 108], [176, 153, 108])
1	0.7480620925903025	0.7616976079090132	([179, 114], [179, 173, 114])
1	0.6193990040274607	0.7649376864771649	([164, 40], [164, 133, 132])
1	0.7558531882370187	0.765084336234418	([186, 44], [184, 173, 44])
1	0.7429305031895347	0.7655523490927525	([158, 72], [158, 105, 72])
1	0.7637715200206745	0.7675007524384612	([141, 23], [146, 141, 23])
1	0.7487301994049648	0.7681615714363512	([178, 112], [178, 153, 112])
1	0.7612567608570484	0.7693494594959763	([188, 110], [188, 147, 110])
1	0.7558219284165212	0.7699844251889068	([178, 65], [178, 112, 107])
1	0.7414176365172924	0.7708319117357451	([166, 91], [166, 153, 141])
1	0.681758854501032	0.775949052650704	([176, 26], [188, 138, 110])
1	0.6463819103621564	0.7784531346123471	([48, 1], [106, 50, 23])
1	0.7378340882559523	0.78009170722536	([74, 19], [100, 74, 49])
1	0.7799630668222873	0.7805796459655995	([171, 39], [174, 171, 39])
1	0.7617517875424472	0.7832533542571183	([192, 107], [192, 174, 146])
1	0.7082376484456177	0.7858156955132605	([151, 39], [151, 52, 39])
1	0.7862532500175582	0.7886005466828164	([188, 45], [188, 135, 110])
1	0.7861451623592526	0.7944297927579723	([181, 77], [181, 116, 105])
1	0.6917490431373061	0.7984358659605408	([191, 41], [191, 146, 45])
1	0.7659818829686509	0.8024336494165183	([208, 54], [208, 132, 54])
1	0.7066944548026878	0.8066792764871048	([124, 20], [124, 50, 48])
1	0.8015323514581659	0.8073996222779187	([186, 24], [186, 150, 24])
1	0.7882093510993446	0.8076648546135393	([207, 14], [207, 118, 14])
1	0.69692910734551	0.8078997162753856	([176, 20], [176, 27, 26])
1	0.6820207668538099	0.8081645394179593	([148, 1], [148, 63, 47])
1	0.7965410596121577	0.8084503739859773	([160, 14], [160, 124, 14])
1	0.5916269213587603	0.8114231490918633	([166, 11], [166, 70, 61])
1	0.49137629808519373	0.8178653961479596	([93, 16], [129, 93, 54])
1	0.7508576553575227	0.8180134057801268	([95, 24], [69, 67, 24])
1	0.801321732628602	0.821659748081089	([198, 96], [198, 174, 96])
1	0.6223958177006933	0.839138306061688	([47, 29], [106, 47, 44])
1	0.631583074127141	0.8467810926606852	([169, 29], [169, 106, 51])
1	0.5385697318936886	0.8578813598277658	([164, 7], [192, 164, 138])
1	0.574337570816034	0.8647753923884006	([51, 25], [88, 51, 44])
1	0.49327848490321896	0.8685318931676952	([48, 46], [99, 46, 40])
1	0.7827998657437684	0.8739347197578026	([200, 39], [200, 171, 104])
1	0.48674425714100883	0.8804399730208494	([170, 17], [170, 55, 48])
1	0.5732138454137866	0.8948555257428638	([88, 25], [51, 25, 1])
1	0.7376951955467492	0.9028763809791858	([100, 19], [74, 27, 19])
1	0.5475395590359288	0.9206452447038733	([39, 23], [44, 39, 23])
0	0.0	0.925035069364854	([21], [28, 15])
1	0.7280574113636326	0.9285932187834057	([160, 19], [160, 100, 45])
0	0.0	0.9514424833205942	([9], [42, 11])
1	0.6103666717786884	0.9612001821134634	([93, 29], [47, 29, 26])
1	0.9771847579727475	0.9891242208520236	([28, 25], [29, 28, 27])
1	0.9725054257461172	0.9920207701396553	([29, 28], [28, 15, 11])
0	0.0	1.0	([2], [2, 0])
0	0.0	1.0	([3], [3, 0])
0	0.0	1.0	([4], [4, 0])
0	0.0	1.0	([6], [6, 0])
0	0.0	1.0	([8], [8, 0])
0	0.0	1.0	([10], [10, 0])
0	0.0	1.0	([12], [12, 0])
0	0.0	1.0	([18], [18, 0])
0	0.0	1.0	([22], [22, 0])
0	0.0	1.0	([30], [30, 0])
0	0.0	1.0	([31], [31, 0])
0	0.0	1.0	([32], [32, 0])
0	0.0	1.0	([33], [33, 0])
0	0.0	1.0	([34], [34, 0])
0	0.0	1.0	([35], [35, 0])
0	0.0	1.0	([36], [36, 0])
0	0.0	1.0	([37], [37, 0])
0	0.0	1.0	([38], [38, 0])
0	0.0	inf	([19], [])
