0	0.0	0.02833247201276971	([33], [33, 24])
0	0.0	0.028846423910498877	([36], [36, 3])
0	0.0	0.03654753457845209	([120], [120, 8])
0	0.0	0.03923915393418185	([19], [19, 16])
0	0.0	0.07419778177253139	([5], [5, 2])
0	0.0	0.22087237696302708	([286], [286, 285])
0	0.0	0.2255512652342026	([255], [255, 254])
0	0.0	0.22762096279685132	([307], [307, 306])
0	0.0	0.22820343974420995	([205], [205, 204])
0	0.0	0.22877874444255872	([367], [367, 366])
0	0.0	0.2321529202032303	([405], [405, 404])
0	0.0	0.23300519201846792	([280], [280, 279])
0	0.0	0.23373579420543247	([261], [261, 260])
0	0.0	0.23516148465290018	([247], [247, 246])
0	0.0	0.23564334713012092	([372], [372, 371])
0	0.0	0.23591471537795733	([334], [334, 333])
0	0.0	0.23670778066265133	([347], [347, 346])
0	0.0	0.23703242627639803	([238], [238, 237])
0	0.0	0.23816342800992665	([295], [295, 294])
0	0.0	0.24027014937077593	([156], [156, 155])
0	0.0	0.24182207236564357	([424], [424, 423])
0	0.0	0.24292120408607934	([335], [335, 334])
0	0.0	0.24434658168561313	([219], [219, 218])
0	0.0	0.2449742210651461	([253], [253, 252])
0	0.0	0.2454945459307812	([352], [352, 351])
0	0.0	0.24552355312602805	([230], [230, 229])
0	0.0	0.24731394478744176	([249], [249, 248])
0	0.0	0.24813355001233225	([384], [384, 383])
0	0.0	0.24890915831760113	([282], [282, 281])
0	0.0	0.2490344425933067	([292], [292, 291])
0	0.0	0.24963050951095977	([271], [271, 270])
0	0.0	0.2497045716755474	([246], [246, 245])
0	0.0	0.24982626833836982	([210], [210, 209])
0	0.0	0.24994689928737	([318], [318, 317])
0	0.0	0.24995882472436182	([342], [342, 341])
0	0.0	0.2503414675672795	([83], [83, 81])
0	0.0	0.2506057684036319	([403], [403, 402])
0	0.0	0.2508531587233792	([351], [351, 350])
0	0.0	0.25141908115015765	([231], [231, 230])
0	0.0	0.2520521596629553	([165], [165, 164])
0	0.0	0.2538378702433951	([291], [291, 290])
0	0.0	0.2542105446678239	([118], [118, 117])
0	0.0	0.2543931087247508	([421], [421, 420])
0	0.0	0.2544613652577163	([244], [244, 243])
0	0.0	0.2551181502703176	([310], [310, 309])
0	0.0	0.25521051089613567	([171], [171, 170])
0	0.0	0.25546402139666563	([389], [389, 388])
0	0.0	0.25557357300799916	([204], [204, 203])
0	0.0	0.25565686548589406	([321], [321, 320])
0	0.0	0.2559003577206703	([283], [283, 282])
0	0.0	0.2561500663084996	([245], [245, 244])
0	0.0	0.25640694937914055	([340], [340, 339])
0	0.0	0.25683346975105253	([376], [376, 375])
0	0.0	0.25721274485724505	([383], [383, 382])
0	0.0	0.2572200622100182	([297], [297, 296])
0	0.0	0.2572838866576658	([160], [160, 159])
0	0.0	0.2574284030392	([374], [374, 373])
0	0.0	0.25764116713539387	([378], [378, 377])
0	0.0	0.25774808942834065	([169], [169, 168])
0	0.0	0.258082833274017	([232], [232, 231])
0	0.0	0.2585722312145641	([413], [413, 411])
0	0.0	0.25866436688781846	([373], [373, 372])
0	0.0	0.2588040424563409	([399], [399, 398])
0	0.0	0.2588256120984312	([312], [312, 311])
0	0.0	0.2594881220249962	([422], [422, 421])
0	0.0	0.25962299882603085	([183], [183, 182])
0	0.0	0.259968661480966	([193], [193, 192])
0	0.0	0.2603449950814437	([319], [319, 318])
0	0.0	0.26040000013078	([419], [419, 418])
0	0.0	0.26070760053455627	([124], [124, 123])
0	0.0	0.26105826379548924	([125], [125, 124])
0	0.0	0.26134972929380246	([299], [299, 298])
0	0.0	0.2618014029709069	([182], [182, 181])
0	0.0	0.26212845707887417	([266], [266, 265])
0	0.0	0.26254430231035214	([366], [366, 365])
0	0.0	0.2628202737157242	([289], [289, 288])
0	0.0	0.2631472685703545	([396], [396, 395])
0	0.0	0.2633859342736117	([106], [106, 105])
0	0.0	0.2635548011139627	([158], [158, 157])
0	0.0	0.2637471324163152	([215], [215, 214])
0	0.0	0.2639584077552295	([365], [365, 364])
0	0.0	0.2641968123390131	([298], [298, 297])
0	0.0	0.26430433332270714	([119], [119, 118])
0	0.0	0.2643768867854059	([381], [381, 380])
0	0.0	0.2646587789901034	([264], [264, 263])
0	0.0	0.2653502117151815	([328], [328, 327])
0	0.0	0.2655072106646718	([362], [362, 361])
0	0.0	0.26558195886848823	([402], [402, 401])
0	0.0	0.265803589933153	([339], [339, 338])
0	0.0	0.26591896198474	([162], [162, 161])
0	0.0	0.2659550142149429	([371], [371, 370])
0	0.0	0.26630313841494935	([409], [409, 408])
0	0.0	0.26666808667875674	([177], [177, 176])
0	0.0	0.2667114247401778	([172], [172, 171])
0	0.0	0.2668323162004312	([306], [306, 305])
0	0.0	0.2669418320619986	([273], [273, 272])
0	0.0	0.2674175089140129	([333], [333, 332])
0	0.0	0.26774089368865134	([364], [364, 363])
0	0.0	0.2680721634014973	([239], [239, 238])
0	0.0	0.2688434403115673	([338], [338, 337])
0	0.0	0.2688910227020954	([287], [287, 286])
0	0.0	0.269042698020644	([393], [393, 392])
0	0.0	0.2694377870739769	([423], [423, 422])
0	0.0	0.2695499780448418	([149], [149, 148])
0	0.0	0.26965749016123525	([130], [130, 129])
0	0.0	0.26970441260520345	([408], [409, 407])
0	0.0	0.26981900662848823	([375], [375, 374])
0	0.0	0.27000745958640954	([345], [345, 344])
0	0.0	0.27048571054193865	([395], [395, 394])
0	0.0	0.27074979089475176	([112], [112, 111])
0	0.0	0.27081032458353543	([269], [269, 268])
0	0.0	0.2710405322696625	([212], [212, 210])
0	0.0	0.2710433167811465	([235], [235, 234])
0	0.0	0.2711219623396912	([386], [386, 385])
0	0.0	0.2713482424360072	([263], [263, 262])
0	0.0	0.27146971562307565	([313], [313, 312])
0	0.0	0.27175458211064923	([148], [148, 147])
0	0.0	0.272080395719773	([197], [197, 196])
0	0.0	0.2722920590307926	([357], [357, 356])
0	0.0	0.27246314238474484	([363], [363, 362])
0	0.0	0.27254445942165434	([392], [392, 391])
0	0.0	0.27297558865045385	([400], [400, 399])
0	0.0	0.2729980064454555	([415], [415, 414])
0	0.0	0.2731270517407465	([332], [332, 331])
0	0.0	0.2731988328238742	([379], [379, 378])
0	0.0	0.2732334309605169	([406], [406, 405])
0	0.0	0.27335619364575936	([361], [361, 360])
0	0.0	0.27351009368167345	([223], [223, 222])
0	0.0	0.2736288980250691	([265], [265, 264])
0	0.0	0.2737188873429624	([216], [216, 215])
0	0.0	0.2740794825765399	([150], [150, 149])
0	0.0	0.2741433425005863	([343], [343, 342])
0	0.0	0.27428883538527077	([257], [257, 256])
0	0.0	0.2749006209782063	([385], [385, 384])
0	0.0	0.27539137990488255	([198], [198, 197])
0	0.0	0.27550582218956104	([220], [220, 219])
0	0.0	0.27561835068343704	([234], [234, 233])
0	0.0	0.27584429253312265	([153], [153, 152])
0	0.0	0.2758980740407456	([272], [272, 271])
0	0.0	0.27592820852577593	([166], [166, 165])
0	0.0	0.2760855149260193	([358], [358, 357])
0	0.0	0.27662462512691605	([131], [131, 130])
0	0.0	0.27680250981971954	([288], [288, 287])
0	0.0	0.2771055321284507	([240], [240, 239])
0	0.0	0.27792284747338214	([305], [305, 304])
0	0.0	0.27793584909894636	([222], [222, 221])
0	0.0	0.27799312690391165	([194], [194, 193])
0	0.0	0.2781288259743195	([387], [387, 386])
0	0.0	0.2781774817445638	([126], [126, 125])
0	0.0	0.27833597372302243	([360], [360, 359])
0	0.0	0.2786039133014125	([145], [145, 144])
0	0.0	0.27885663902588315	([281], [281, 280])
0	0.0	0.2793532403718051	([377], [377, 376])
0	0.0	0.27949703138786985	([382], [382, 381])
0	0.0	0.2796286455604303	([170], [170, 169])
0	0.0	0.2797054120548203	([123], [123, 122])
0	0.0	0.2799493870833851	([284], [284, 283])
0	0.0	0.28095799811038885	([416], [416, 415])
0	0.0	0.2813692042753773	([103], [103, 102])
0	0.0	0.2814213247991533	([199], [199, 198])
0	0.0	0.2815602581867019	([252], [252, 251])
0	0.0	0.2816713891980312	([296], [296, 295])
0	0.0	0.2819653464898842	([157], [157, 156])
0	0.0	0.28200277669025703	([391], [391, 390])
0	0.0	0.28211522226914865	([209], [212, 211])
0	0.0	0.28212545123881516	([250], [250, 249])
0	0.0	0.28213977356598896	([127], [127, 126])
0	0.0	0.2821437162483854	([175], [175, 174])
0	0.0	0.2824094247884422	([129], [129, 128])
0	0.0	0.28255221426005644	([174], [174, 173])
0	0.0	0.2829015183279274	([241], [241, 240])
0	0.0	0.2829074444766865	([108], [108, 107])
0	0.0	0.2832397686892892	([411], [411, 410])
0	0.0	0.28348272460168555	([349], [349, 348])
0	0.0	0.2836199456850587	([315], [315, 314])
0	0.0	0.28378061427378054	([236], [236, 235])
0	0.0	0.2840916847066793	([190], [190, 189])
0	0.0	0.28411695650982594	([51], [51, 50])
0	0.0	0.28446917346321865	([248], [248, 247])
0	0.0	0.28478667149417175	([308], [308, 307])
0	0.0	0.2851619465553186	([173], [173, 172])
0	0.0	0.28558764414693544	([355], [355, 354])
0	0.0	0.28669222970701347	([200], [200, 199])
0	0.0	0.286887909730999	([161], [161, 160])
0	0.0	0.2869780143692769	([293], [293, 292])
0	0.0	0.2870850207425887	([324], [324, 322])
0	0.0	0.2873053465052929	([314], [314, 313])
0	0.0	0.2873514087061975	([189], [189, 188])
0	0.0	0.28740701895077436	([128], [128, 127])
0	0.0	0.28756220232137103	([154], [154, 153])
0	0.0	0.28760012502371796	([143], [143, 142])
0	0.0	0.28774536118061494	([270], [270, 269])
0	0.0	0.28780638076189813	([277], [277, 276])
0	0.0	0.2878171622905695	([102], [102, 101])
0	0.0	0.28796121045368356	([196], [196, 195])
0	0.0	0.2880345693155188	([251], [251, 250])
0	0.0	0.28810724178542124	([304], [304, 303])
0	0.0	0.2882789002403208	([350], [350, 349])
0	0.0	0.28837607678110205	([237], [237, 236])
0	0.0	0.28837862499930106	([311], [311, 310])
0	0.0	0.288539799907786	([300], [300, 299])
0	0.0	0.2885555076695688	([146], [146, 145])
0	0.0	0.28895297933719516	([243], [243, 242])
0	0.0	0.28897359537452716	([285], [285, 284])
0	0.0	0.2890634226232734	([137], [137, 136])
0	0.0	0.2891349461868274	([359], [359, 358])
0	0.0	0.2895235329578561	([109], [109, 108])
0	0.0	0.2896314599903999	([410], [410, 409])
0	0.0	0.28989567635361746	([354], [354, 353])
0	0.0	0.28989713976266196	([159], [159, 158])
0	0.0	0.28995755802158785	([242], [242, 241])
0	0.0	0.2900965260078173	([195], [195, 194])
0	0.0	0.290160206189958	([420], [420, 419])
0	0.0	0.290281920769125	([348], [348, 347])
0	0.0	0.2902893054014904	([97], [97, 96])
0	0.0	0.2905325752994784	([316], [316, 315])
0	0.0	0.29069837713271673	([388], [388, 387])
0	0.0	0.29071402900508914	([274], [274, 273])
0	0.0	0.2907789934218958	([301], [301, 300])
0	0.0	0.2910345817386171	([398], [398, 397])
0	0.0	0.2911116413514924	([260], [260, 259])
0	0.0	0.2912250764004874	([326], [326, 325])
0	0.0	0.29142802598661105	([267], [267, 266])
0	0.0	0.29168274411947187	([136], [136, 135])
0	0.0	0.2917787214645195	([290], [290, 289])
0	0.0	0.29219380041006454	([164], [164, 162])
0	0.0	0.2922132187453531	([233], [233, 232])
0	0.0	0.29277396012837653	([417], [417, 416])
0	0.0	0.2929875660569404	([356], [356, 355])
0	0.0	0.2930900670764603	([139], [139, 138])
0	0.0	0.29329974888537175	([224], [224, 223])
0	0.0	0.29423770566157903	([180], [180, 179])
0	0.0	0.29501694996534716	([203], [203, 202])
0	0.0	0.2953385939385867	([370], [370, 369])
0	0.0	0.2954609829466649	([142], [142, 141])
0	0.0	0.2955289409714383	([188], [188, 187])
0	0.0	0.29557292339936775	([418], [418, 417])
0	0.0	0.2956185310338359	([390], [390, 389])
0	0.0	0.29613607910999823	([262], [262, 261])
0	0.0	0.29628068166458743	([218], [218, 217])
0	0.0	0.2964639421575763	([138], [138, 137])
0	0.0	0.2967870625928057	([132], [132, 131])
0	0.0	0.2971410824109178	([401], [401, 400])
0	0.0	0.29716819001051514	([181], [181, 180])
0	0.0	0.29731655204955315	([394], [394, 393])
0	0.0	0.2980865414981152	([294], [294, 293])
0	0.0	0.29861118001904513	([309], [309, 308])
0	0.0	0.29895157825485147	([344], [344, 343])
0	0.0	0.29940003324667236	([268], [268, 267])
0	0.0	0.2994250682322178	([214], [214, 213])
0	0.0	0.29956600993396654	([404], [404, 403])
0	0.0	0.29968451444765964	([104], [104, 103])
0	0.0	0.3002714923645104	([325], [325, 324])
0	0.0	0.3005181663128388	([320], [320, 319])
0	0.0	0.30285017624386945	([254], [254, 253])
0	0.0	0.3033494722632944	([397], [397, 396])
0	0.0	0.3036072153465334	([113], [113, 112])
0	0.0	0.3040714574314053	([221], [221, 220])
0	0.0	0.30437857519493944	([147], [147, 146])
0	0.0	0.3046583249750049	([49], [49, 48])
0	0.0	0.3047799650898493	([217], [217, 216])
0	0.0	0.3047995300478583	([322], [322, 321])
0	0.0	0.3055863059541989	([407], [407, 406])
0	0.0	0.3057791280190226	([213], [213, 212])
0	0.0	0.3063534694284718	([353], [353, 352])
0	0.0	0.307011983353236	([155], [155, 154])
0	0.0	0.30753011849189926	([227], [227, 226])
0	0.0	0.3079587046349814	([317], [317, 316])
0	0.0	0.30987394030877236	([144], [144, 143])
0	0.0	0.3111417634272338	([99], [99, 98])
0	0.0	0.3113699794295979	([98], [98, 97])
0	0.0	0.3117997592080163	([256], [256, 255])
0	0.0	0.31340838798052645	([81], [83, 82])
0	0.0	0.31402182262074746	([176], [176, 175])
0	0.0	0.314265358733425	([48], [48, 47])
0	0.0	0.3152829549952327	([110], [110, 109])
0	0.0	0.31590236174908487	([107], [107, 106])
0	0.0	0.31647142956196883	([346], [346, 345])
0	0.0	0.31654209859899896	([259], [259, 257])
0	0.0	0.3185419596984178	([380], [380, 379])
0	0.0	0.31919139865698753	([53], [53, 51])
0	0.0	0.3193418290663854	([94], [94, 92])
0	0.0	0.319394283401123	([369], [413, 412])
0	0.0	0.3206322988516863	([111], [111, 110])
0	0.0	0.32107800386711105	([133], [133, 132])
0	0.0	0.3214510769494349	([275], [275, 274])
0	0.0	0.322366490567886	([302], [302, 301])
0	0.0	0.32280203176965255	([50], [50, 49])
0	0.0	0.3239161608507156	([412], [369, 368])
0	0.0	0.32429061506545853	([168], [168, 167])
0	0.0	0.3246981255909853	([229], [259, 258])
0	0.0	0.3247185974576819	([93], [93, 92])
0	0.0	0.32473254866645646	([100], [100, 99])
0	0.0	0.3254187152797789	([207], [207, 206])
0	0.0	0.3270442112956437	([202], [202, 201])
0	0.0	0.3271759233484555	([228], [228, 227])
0	0.0	0.32814006040183996	([167], [167, 166])
0	0.0	0.3303039435106056	([59], [59, 58])
0	0.0	0.3305271598365726	([201], [201, 200])
0	0.0	0.3305425367868405	([187], [187, 185])
0	0.0	0.330752722690655	([331], [331, 330])
0	0.0	0.33151834395253066	([414], [414, 413])
0	0.0	0.33273076672934504	([163], [163, 162])
0	0.0	0.33353061631808106	([329], [329, 328])
0	0.0	0.33401128995981927	([368], [368, 367])
0	0.0	0.3343048335203445	([135], [135, 134])
0	0.0	0.3344643633543389	([226], [226, 224])
0	0.0	0.33590220123001174	([79], [79, 78])
0	0.0	0.337013156727771	([152], [152, 151])
0	0.0	0.33720594211505545	([54], [54, 53])
0	0.0	0.33796651949219275	([178], [178, 177])
0	0.0	0.3385681760522917	([43], [43, 42])
0	0.0	0.33927064171012916	([140], [140, 139])
0	0.0	0.33938719093630404	([258], [229, 228])
0	0.0	0.3396084553525635	([89], [89, 88])
0	0.0	0.34109762943356153	([208], [208, 207])
0	0.0	0.3423961584744449	([141], [141, 140])
0	0.0	0.3430996854727738	([278], [278, 277])
0	0.0	0.34427047393135896	([341], [341, 340])
0	0.0	0.3445416218903827	([279], [279, 278])
0	0.0	0.34603611298328624	([327], [327, 326])
0	0.0	0.34682730114255983	([96], [96, 95])
0	0.0	0.34698884210835057	([117], [117, 116])
0	0.0	0.34825769956814423	([47], [47, 46])
0	0.0	0.34952006223725673	([84], [84, 83])
0	0.0	0.3499158736072394	([105], [107, 104])
0	0.0	0.3501521198530301	([185], [185, 184])
0	0.0	0.35120087284472307	([74], [74, 72])
0	0.0	0.35204392766458603	([330], [330, 328])
0	0.0	0.35214274176419386	([92], [92, 91])
0	0.0	0.3530737983960969	([70], [70, 69])
0	0.0	0.35334846472317133	([211], [209, 207])
0	0.0	0.3535393420406497	([95], [95, 94])
0	0.0	0.3547621191889066	([303], [303, 302])
0	0.0	0.35586245078605205	([85], [85, 84])
0	0.0	0.3562707538220997	([71], [71, 70])
0	0.0	0.357701513546803	([337], [337, 336])
0	0.0	0.357933392231067	([101], [101, 100])
0	0.0	0.3580914376961099	([86], [86, 85])
0	0.0	0.3608893899820631	([87], [87, 86])
0	0.0	0.362806840756094	([122], [122, 121])
0	0.0	0.36280937256509876	([184], [187, 186])
0	0.0	0.3634322280909611	([42], [42, 40])
0	0.0	0.3655309998508744	([44], [44, 43])
0	0.0	0.3656898388614079	([323], [323, 322])
0	0.0	0.36588388451402926	([40], [42, 41])
0	0.0	0.36648037228520675	([186], [184, 183])
0	0.0	0.3668920697525562	([179], [179, 178])
0	0.0	0.3676533301468455	([151], [151, 150])
0	0.0	0.3676911546725582	([46], [46, 45])
0	0.0	0.3724601362255732	([134], [134, 133])
0	0.0	0.3734642765549058	([75], [75, 74])
0	0.0	0.37452565136564236	([276], [276, 275])
0	0.0	0.3747020426986607	([192], [192, 190])
0	0.0	0.37472723094631344	([69], [69, 68])
0	0.0	0.37604870162077914	([206], [206, 205])
0	0.0	0.37629189716317735	([45], [45, 43])
0	0.0	0.37881322051588	([91], [91, 90])
0	0.0	0.37903253428085965	([64], [64, 63])
0	0.0	0.37991024628711084	([225], [225, 224])
0	0.0	0.37996639386325104	([72], [74, 73])
0	0.0	0.38185579198688574	([41], [40, 37])
0	0.0	0.38209123259823263	([29], [29, 28])
0	0.0	0.38293116784978903	([121], [121, 119])
0	0.0	0.3857099427215662	([80], [80, 78])
0	0.0	0.38650705604928526	([88], [88, 86])
0	0.0	0.39058269404587054	([34], [34, 32])
0	0.0	0.39306659416739437	([82], [81, 80])
0	0.0	0.39372108113318055	([90], [90, 89])
0	0.0	0.39461673541410375	([35], [35, 34])
0	0.0	0.39902280033510074	([336], [336, 335])
0	0.0	0.40243221873342927	([78], [78, 77])
0	0.0	0.4050272318478998	([32], [32, 31])
0	0.0	0.4056179423584359	([62], [62, 61])
0	0.0	0.40956352116111466	([116], [192, 191])
0	0.0	0.410003421541007	([191], [116, 115])
0	0.0	0.41003430225665005	([65], [65, 63])
0	0.0	0.4132524039810387	([37], [37, 35])
0	0.0	0.41483306337893694	([77], [77, 69])
0	0.0	0.4153990560603443	([114], [114, 113])
0	0.0	0.4168648231731278	([31], [40, 39])
0	0.0	0.41784829154957415	([28], [28, 27])
0	0.0	0.4182647678772953	([60], [60, 59])
0	0.0	0.41842811778625594	([68], [77, 72])
0	0.0	0.41905287404100655	([61], [61, 60])
0	0.0	0.4226354014235213	([63], [63, 62])
0	0.0	0.42269201676078794	([15], [15, 14])
0	0.0	0.42300344513813826	([73], [71, 66])
0	0.0	0.4245457888121716	([76], [76, 74])
0	0.0	0.4253597283274123	([39], [53, 52])
0	0.0	0.42917878534856535	([56], [56, 55])
1	0.4205897201377441	0.42988454820899885	([72, 70], [77, 72, 69])
0	0.0	0.4322636022750509	([55], [55, 54])
1	0.4316085124351326	0.43416007155478104	([63, 60], [63, 62, 60])
0	0.0	0.4344686858453726	([30], [30, 20])
0	0.0	0.4350150218455138	([26], [26, 6])
0	0.0	0.4388274292404243	([14], [14, 13])
0	0.0	0.44177186867500245	([38], [38, 37])
0	0.0	0.44246513126338743	([22], [22, 18])
0	0.0	0.4490575969029717	([20], [30, 29])
0	0.0	0.45366951194864213	([115], [115, 113])
0	0.0	0.4551954065456648	([18], [18, 15])
0	0.0	0.4592181935133488	([58], [58, 56])
0	0.0	0.45941748270355415	([6], [26, 23])
0	0.0	0.46331344430409416	([52], [59, 57])
0	0.0	0.46677730449865906	([66], [68, 67])
0	0.0	0.47093226587191483	([67], [115, 25])
0	0.0	0.4715217958787971	([57], [38, 20])
0	0.0	0.47574754988851514	([25], [66, 64])
1	0.4558625954212707	0.47857370709797675	([424, 417], [424, 423, 417])
0	0.0	0.48032871107220243	([21], [21, 18])
0	0.0	0.48502059983636603	([23], [26, 15])
0	0.0	0.4873113261439616	([27], [114, 23])
1	0.4582962168588859	0.4927524699137507	([75, 66], [75, 74, 66])
0	0.0	0.5052791738617174	([13], [18, 17])
1	0.48533697351789395	0.5273791689522433	([57, 48], [57, 54, 49])
1	0.5338312134214013	0.5349597154955927	([358, 342], [358, 356, 343])
1	0.4848711322151339	0.5441319223639561	([78, 76], [78, 77, 75])
1	0.5085712231594548	0.5516745679229758	([66, 55], [66, 60, 55])
1	0.559869644836893	0.5610216969624129	([79, 73], [79, 77, 75])
1	0.5511410031524485	0.5619121689629362	([68, 65], [68, 67, 63])
1	0.5178040160820694	0.5685096583241248	([57, 29], [57, 39, 28])
1	0.5677685196539525	0.5768737240774456	([304, 293], [304, 299, 293])
1	0.5232068067560036	0.5787170771010077	([34, 27], [34, 31, 29])
1	0.5030484138144177	0.5822940927554433	([57, 39], [57, 46, 39])
1	0.5517480749136308	0.585095737429093	([80, 66], [80, 75, 73])
1	0.48348766959050987	0.5889443682606651	([67, 64], [70, 68, 64])
1	0.5527590298766067	0.5889443682606651	([76, 65], [76, 70, 64])
1	0.5412133421114976	0.596483213213258	([32, 17], [32, 21, 14])
1	0.5170889878385845	0.6005414640822688	([17, 14], [18, 17, 14])
1	0.5258466960466416	0.6005414640822688	([21, 14], [21, 18, 14])
0	0.0	0.6056561365490932	([17], [35, 0])
1	0.5445903921461526	0.6060429757388401	([77, 61], [77, 68, 61])
1	0.6038459756898933	0.6079657091206437	([360, 339], [360, 358, 339])
1	0.49019341625840707	0.6082326453556215	([87, 67], [79, 71, 68])
1	0.6136828955611877	0.6149863927380361	([54, 21], [54, 45, 21])
1	0.6171788362134969	0.6225006363141381	([26, 13], [26, 15, 14])
1	0.5091083520345014	0.6225006363141381	([26, 17], [26, 17, 14])
1	0.5874229090960916	0.6228793912141775	([52, 17], [48, 43, 17])
1	0.5810590517561447	0.6243001845900401	([58, 35], [58, 46, 39])
1	0.5320210004929765	0.626812731495952	([35, 21], [35, 29, 28])
1	0.5976202398732952	0.6350351329103365	([65, 21], [65, 55, 46])
1	0.6164519028625354	0.6350351329103365	([76, 44], [76, 65, 46])
1	0.6052314820186981	0.6374713613684386	([336, 323], [336, 329, 323])
1	0.5678645184182624	0.6436049060505443	([90, 77], [90, 81, 80])
1	0.6112980199178697	0.6457067315896123	([306, 291], [306, 302, 291])
1	0.6383553871232928	0.6470407920365093	([305, 287], [305, 300, 290])
1	0.6247350118699555	0.6475258354885652	([408, 374], [408, 394, 379])
1	0.601033800812467	0.6582087788599558	([80, 57], [80, 72, 57])
1	0.6526955130571306	0.6629290864173307	([168, 141], [168, 156, 141])
1	0.6492986030898699	0.6638251383689711	([408, 359], [408, 374, 367])
1	0.6549060717555322	0.6693843323746419	([189, 164], [189, 178, 171])
1	0.5835610222409641	0.6725040509560805	([67, 46], [67, 63, 46])
1	0.6661216219443689	0.6763708394096742	([307, 285], [307, 293, 290])
1	0.6697447322661325	0.677035565964687	([179, 144], [179, 144, 76])
1	0.5037400101645951	0.6792285070716028	([27, 26], [27, 26, 18])
1	0.6684383873412072	0.6793795097815831	([98, 21], [98, 86, 21])
1	0.6545603335926108	0.6796473211529839	([114, 86], [114, 99, 90])
1	0.6658621115583713	0.679984239214938	([268, 242], [268, 256, 242])
1	0.6611401136103618	0.6803033656602356	([200, 173], [200, 190, 178])
1	0.5835860108301507	0.6808453658279292	([95, 66], [95, 84, 80])
1	0.6629414049293474	0.6816938884377068	([226, 76], [226, 217, 76])
1	0.6344051516166584	0.6818707325074347	([121, 57], [114, 104, 57])
1	0.6500733202454589	0.6822454087414033	([336, 303], [336, 321, 320])
1	0.6314624117198092	0.6851050933746627	([74, 13], [87, 74, 70])
1	0.6377914490065948	0.6852217607730049	([95, 58], [89, 82, 58])
1	0.6671737773916728	0.6864712414312958	([146, 76], [144, 138, 137])
1	0.6842057827056166	0.6871054590384053	([328, 305], [328, 319, 315])
1	0.6859586172296411	0.6884856080478374	([336, 276], [336, 276, 258])
1	0.6876091771321917	0.6901115893274865	([188, 162], [188, 176, 172])
1	0.6894879077173143	0.690123446467561	([190, 57], [190, 180, 57])
1	0.667665536853489	0.6901704160672028	([163, 57], [163, 146, 57])
1	0.6478604175084158	0.6905277142575933	([185, 76], [179, 170, 144])
1	0.6580887943096008	0.6914360756168473	([206, 76], [200, 179, 173])
1	0.6314602032087288	0.6922136945825048	([87, 21], [86, 84, 21])
1	0.6930177797408746	0.693584787209917	([108, 73], [108, 91, 83])
1	0.6705656430864915	0.6942576275813576	([382, 355], [382, 370, 355])
1	0.6862636948374472	0.6955293439685406	([297, 274], [297, 288, 275])
1	0.6741962181483929	0.6957369339095415	([68, 37], [68, 61, 37])
1	0.5259051452435204	0.6963959331588996	([67, 29], [67, 46, 29])
1	0.6888294306513231	0.696610641986155	([337, 310], [337, 327, 320])
1	0.5417210517493676	0.6966283823457489	([60, 15], [60, 45, 44])
1	0.6900671893765917	0.6967509692477545	([373, 356], [383, 382, 355])
1	0.6908780230848033	0.6968613486233383	([424, 363], [424, 373, 363])
1	0.6920141418014291	0.6971471192800058	([78, 17], [78, 74, 17])
1	0.6807810019518048	0.6976562208237945	([424, 373], [424, 412, 400])
1	0.6709759308115087	0.6976830826722952	([336, 258], [336, 293, 284])
1	0.6947864656183503	0.6981589306917498	([296, 268], [296, 284, 268])
1	0.686892043860071	0.6995683337801032	([236, 57], [236, 234, 57])
1	0.6965343564845181	0.7008413963723085	([173, 136], [173, 168, 136])
1	0.6852816170670174	0.701023648970843	([412, 344], [412, 342, 338])
1	0.66398378917529	0.7014157310548936	([151, 57], [141, 130, 127])
1	0.688176404914178	0.7030032624240369	([413, 357], [413, 381, 357])
1	0.6729522252507881	0.7033482186844309	([175, 57], [195, 171, 163])
1	0.6997497957995511	0.703356733497127	([384, 351], [384, 373, 347])
1	0.694112979748022	0.7036454944050959	([250, 57], [250, 237, 236])
1	0.6757207157531901	0.7039620046700809	([412, 336], [412, 373, 344])
1	0.7039790280336885	0.7040921041161557	([174, 137], [174, 161, 137])
1	0.5896323742852251	0.7042799938563221	([77, 45], [77, 61, 45])
1	0.7007735359917436	0.7045042856455533	([392, 356], [392, 386, 356])
1	0.6849512697340446	0.7053272032766751	([415, 347], [415, 410, 336])
1	0.6904630706012025	0.7055583496106375	([422, 333], [422, 367, 338])
1	0.5963846070676104	0.7057906423445431	([178, 27], [208, 178, 175])
1	0.7018049131944536	0.7058378610514584	([109, 17], [109, 94, 17])
1	0.6981920797725854	0.7072546511137362	([404, 354], [404, 398, 352])
1	0.7025201719990317	0.7072986755132238	([128, 58], [128, 119, 58])
1	0.6837139814061712	0.7073970086973423	([410, 326], [408, 360, 340])
1	0.6872811853406681	0.7078306583637926	([285, 250], [285, 276, 250])
1	0.7051420930700942	0.7089645459005727	([143, 21], [143, 134, 21])
1	0.6988211657074498	0.7091370151699636	([258, 58], [293, 284, 58])
1	0.6935618281770742	0.711088716725729	([336, 241], [336, 233, 224])
1	0.5430109553732685	0.7116151443600145	([121, 67], [116, 81, 79])
1	0.6970901104952976	0.7116612677377543	([402, 352], [402, 383, 347])
1	0.6994991572042645	0.71201100208186	([424, 350], [402, 389, 350])
1	0.5668979445228292	0.7122740447170144	([89, 15], [89, 75, 58])
1	0.7081043757870085	0.7130926488938379	([139, 89], [139, 121, 116])
1	0.6857531086045585	0.7131666224934274	([423, 364], [423, 364, 354])
1	0.7044400999868149	0.713290722383247	([122, 17], [135, 126, 17])
1	0.7102216976618991	0.7142488851519437	([126, 73], [126, 114, 108])
1	0.7131442992203366	0.7148902023979958	([285, 234], [285, 250, 234])
1	0.7047528804974653	0.7150161522651352	([143, 58], [153, 143, 58])
1	0.6877374125098566	0.7163551471193995	([187, 148], [187, 172, 165])
1	0.7073061439232624	0.7163764729287245	([337, 252], [337, 252, 241])
1	0.6971546561475626	0.7163764729287245	([337, 223], [337, 336, 241])
1	0.7164707627354182	0.7169442469237242	([299, 265], [299, 285, 282])
1	0.7143602614024158	0.7169483093469525	([175, 17], [173, 141, 136])
1	0.7125340449619301	0.7177204950447423	([340, 304], [340, 325, 305])
1	0.7100853901626373	0.7183121068291771	([141, 105], [141, 127, 105])
1	0.6442173959503191	0.718910499718048	([133, 21], [122, 114, 21])
1	0.7123767722233606	0.7189931432437022	([167, 21], [200, 178, 21])
1	0.5915214739793799	0.7210828311773221	([163, 66], [184, 170, 163])
1	0.7121347242328214	0.7211082378892143	([183, 149], [183, 170, 148])
1	0.7168255854193162	0.7211404429130956	([209, 168], [209, 198, 173])
1	0.715659307888025	0.7214865893120915	([418, 335], [418, 407, 342])
1	0.7164222596611236	0.7217274666254331	([399, 346], [399, 387, 346])
1	0.5189368680510071	0.722613012033625	([114, 66], [114, 95, 79])
1	0.6967019910457555	0.7226689242909836	([294, 239], [293, 287, 239])
1	0.71286167177807	0.7228594343542958	([211, 17], [202, 197, 17])
1	0.6073098478561205	0.7234019482521961	([87, 13], [74, 61, 53])
1	0.7184823922233313	0.7235487163409434	([288, 244], [288, 276, 256])
1	0.7200411011397458	0.7248129246651291	([139, 37], [139, 121, 28])
1	0.7188911175371335	0.7248129246651291	([168, 28], [168, 139, 28])
1	0.7003408174618536	0.7254315856037719	([185, 58], [185, 157, 58])
1	0.7137278240091672	0.7254459332709605	([408, 294], [408, 337, 294])
1	0.6968615149381974	0.7254597965126841	([293, 58], [308, 298, 292])
1	0.708366866363515	0.7268780492068204	([424, 320], [424, 351, 313])
1	0.5959538072074401	0.7272722648367443	([201, 66], [201, 184, 172])
1	0.5180253626759024	0.7275761754232701	([39, 15], [39, 18, 17])
1	0.7258028241676682	0.7277794052480112	([392, 58], [394, 377, 58])
1	0.6295620985463197	0.7278700320703343	([130, 76], [129, 124, 79])
1	0.7268350482138842	0.7283690820746023	([337, 267], [337, 267, 253])
1	0.7090389921478383	0.7285015929077516	([286, 241], [286, 256, 249])
1	0.7167206650380855	0.7285260537363797	([143, 73], [143, 140, 111])
1	0.7274506056283148	0.728901467549219	([159, 119], [159, 140, 136])
1	0.7104932684580845	0.7293463327925912	([145, 111], [140, 129, 117])
1	0.707383870858767	0.7298475729955661	([366, 310], [366, 338, 337])
1	0.6970091976134027	0.7305112843339454	([105, 31], [105, 82, 31])
1	0.4937700306751753	0.730536201077814	([32, 30], [56, 40, 34])
1	0.5853737556627516	0.7309991437938874	([258, 15], [275, 258, 252])
1	0.7066913025430747	0.731295274223587	([213, 21], [141, 106, 105])
1	0.5403813231417327	0.7313563726097734	([75, 15], [75, 44, 37])
1	0.7105840101314397	0.731378946643117	([167, 125], [167, 137, 136])
1	0.684211956721059	0.7316982310339192	([364, 308], [364, 339, 322])
1	0.6844126806532779	0.7319859549616787	([133, 81], [133, 121, 85])
1	0.6845649192766975	0.7330405437333061	([363, 291], [361, 315, 306])
1	0.7299797098240925	0.7330405437333061	([379, 306], [379, 361, 306])
1	0.7167359663966087	0.7334837012326838	([214, 141], [214, 207, 141])
1	0.7290818682039704	0.7338357684479249	([370, 289], [370, 361, 289])
1	0.7095062147225332	0.7341060945474741	([175, 119], [175, 142, 111])
1	0.7263346193088003	0.7342009217254811	([135, 90], [135, 119, 118])
1	0.7322033635905337	0.7344379259654702	([394, 17], [394, 375, 17])
1	0.7170392986586485	0.7344613364934525	([144, 94], [144, 140, 111])
1	0.7343119362107672	0.7348285956565195	([254, 206], [254, 228, 215])
1	0.6965467970370869	0.7349319116874529	([287, 243], [287, 286, 239])
1	0.7340463461736241	0.7362982914302915	([251, 212], [251, 237, 230])
1	0.6858102981146115	0.7365856341323218	([336, 224], [337, 294, 267])
1	0.7050775775913425	0.7372440272009803	([241, 58], [258, 244, 240])
1	0.7016977547171863	0.7379495622433673	([138, 17], [122, 115, 17])
1	0.7302166109896332	0.7388786785163242	([338, 265], [338, 309, 265])
1	0.7131085733494562	0.7389221249600463	([308, 247], [308, 306, 251])
1	0.7153423259036528	0.7403033569828394	([366, 290], [366, 310, 289])
1	0.7369866665904454	0.740473978584986	([421, 17], [421, 394, 377])
1	0.7151870119078737	0.7405202647292538	([239, 21], [239, 222, 211])
1	0.7103690590791777	0.7411460374541738	([237, 133], [237, 219, 202])
1	0.5008909922007284	0.7411642881087535	([39, 23], [55, 39, 23])
1	0.7116311922974843	0.7411732475275437	([118, 64], [118, 105, 65])
1	0.7407799723266151	0.7411811001335643	([301, 232], [301, 271, 248])
1	0.7341959846678318	0.7424638923363579	([105, 37], [105, 96, 37])
1	0.7403500597090937	0.7428773226229854	([277, 219], [277, 268, 234])
1	0.7385186504662098	0.7432591618137167	([164, 92], [164, 151, 92])
1	0.7364962489384617	0.7433504092932991	([102, 53], [102, 90, 53])
1	0.7416257518023286	0.7436477197001353	([117, 31], [117, 105, 84])
1	0.7379415408471965	0.7444273068811218	([422, 295], [422, 342, 295])
1	0.48658338034722953	0.744949324561105	([56, 27], [38, 30, 20])
1	0.7399494135086226	0.7455196020460538	([122, 70], [122, 118, 64])
1	0.7174570965092104	0.745588593955984	([305, 21], [305, 283, 265])
1	0.7162009601692553	0.7462011979425843	([132, 31], [132, 88, 73])
1	0.6938866547337403	0.7478822656462764	([418, 76], [416, 354, 350])
1	0.7388099521861451	0.7485224173017089	([418, 316], [418, 338, 316])
1	0.718196505880369	0.7490729032995068	([327, 275], [327, 288, 286])
1	0.7473917648419446	0.7502228729277759	([92, 35], [92, 82, 35])
1	0.7442162062056358	0.7504966625624144	([315, 259], [315, 282, 275])
1	0.7257384359884086	0.7508885499106118	([125, 78], [133, 125, 78])
1	0.7085139981329845	0.7509292196898494	([369, 58], [340, 308, 304])
1	0.7509193853423775	0.7510908171127632	([212, 31], [256, 229, 31])
1	0.7112591656920195	0.751286326413044	([257, 21], [265, 239, 229])
1	0.7113390593791964	0.7513117722996061	([139, 56], [139, 121, 56])
1	0.6085581260912637	0.7513195132870306	([167, 77], [186, 167, 145])
1	0.6069511010692428	0.7521634498460408	([228, 77], [228, 207, 206])
1	0.7215127568330402	0.7522864995874656	([263, 133], [263, 241, 237])
1	0.736364943896905	0.7527226287491295	([423, 314], [424, 423, 320])
1	0.7492705647591604	0.7528062978391802	([326, 227], [326, 256, 244])
1	0.7512774421688325	0.7535525204795759	([194, 31], [212, 206, 31])
1	0.7534069329742415	0.7539761761616898	([245, 170], [245, 218, 211])
1	0.574688503796322	0.7546643168334016	([140, 66], [140, 117, 71])
1	0.7399769535171524	0.7547224136568361	([150, 109], [163, 150, 109])
1	0.48833457744468295	0.7554994224573207	([62, 22], [62, 41, 32])
1	0.74266551009381	0.7556580989551223	([318, 270], [318, 298, 270])
1	0.7561933588730669	0.7568616862963733	([271, 222], [271, 248, 222])
1	0.7543155731532911	0.7570980443280593	([147, 86], [147, 135, 130])
1	0.7494872235694181	0.7578022247035063	([316, 218], [316, 305, 218])
1	0.7205074853143979	0.7579915646389194	([239, 119], [239, 237, 119])
1	0.5825978488089248	0.7590526588848107	([184, 66], [201, 143, 140])
1	0.7128063364535288	0.7590747662818703	([193, 105], [193, 178, 105])
1	0.7470096313534448	0.7595794564528502	([304, 230], [304, 257, 244])
1	0.7588453447246221	0.7597678416068838	([224, 147], [224, 160, 147])
1	0.746440949611453	0.7598406417888783	([143, 31], [143, 88, 73])
1	0.7524667790779029	0.7602306352888109	([196, 94], [196, 148, 94])
1	0.7408222967348757	0.7605789957087206	([256, 31], [198, 161, 146])
1	0.7560629260516242	0.7613721216092223	([227, 71], [227, 206, 133])
1	0.7518026491554998	0.7614226911161742	([300, 222], [300, 282, 234])
1	0.7360477658139282	0.7617330175008146	([236, 136], [236, 175, 136])
1	0.7525060413949166	0.7617974043587548	([221, 145], [221, 190, 186])
1	0.7482469177300638	0.7618266552945232	([365, 210], [326, 297, 210])
1	0.736926590650861	0.7620165915446088	([362, 133], [362, 282, 133])
1	0.6984032182070837	0.7620453921290129	([103, 14], [102, 75, 69])
1	0.7475590131218794	0.76217095080662	([146, 102], [172, 146, 102])
1	0.7328912701430437	0.76217095080662	([171, 102], [172, 171, 102])
1	0.741692165230147	0.7623329793975175	([208, 87], [208, 193, 87])
1	0.7569996502032762	0.7624505286131201	([224, 139], [224, 198, 195])
1	0.7620994857649986	0.7629073418112698	([180, 103], [180, 112, 103])
1	0.7503076721415026	0.7629268566104053	([176, 89], [176, 175, 89])
1	0.5861278144978439	0.7633490822655058	([151, 27], [178, 151, 141])
1	0.7623038806551081	0.7637489211776299	([339, 261], [339, 282, 260])
1	0.7499008703846193	0.7637489211776299	([341, 260], [341, 339, 260])
1	0.7539806660731406	0.7649286974410953	([383, 31], [383, 369, 342])
1	0.7506721293827099	0.7649398468662916	([363, 281], [363, 341, 281])
1	0.7311226719286517	0.7649825358173814	([231, 134], [231, 215, 134])
1	0.750428142749704	0.7653162839581865	([234, 123], [236, 234, 123])
1	0.763684990634433	0.7653478768436802	([371, 301], [371, 370, 301])
1	0.7546986116386409	0.765457764827527	([337, 133], [337, 282, 252])
1	0.7482524303308512	0.7655546085969931	([330, 233], [330, 270, 243])
1	0.7550881190836839	0.7660208513140732	([413, 31], [413, 369, 338])
1	0.7468685791843551	0.7661307082968152	([292, 132], [292, 276, 132])
1	0.763687674416159	0.7666573362210014	([215, 53], [227, 215, 71])
1	0.7541665205036346	0.7667305209305756	([252, 136], [252, 234, 136])
1	0.7634185184475761	0.7669222597554672	([198, 131], [198, 146, 141])
1	0.6945546326028297	0.7675820472426744	([308, 58], [243, 234, 136])
1	0.7047621400419378	0.7675989246501086	([336, 177], [336, 177, 137])
1	0.7542225635402914	0.7679253209994918	([269, 218], [269, 266, 218])
1	0.7264522320472542	0.7685464265703322	([325, 230], [325, 230, 217])
1	0.7157159364945722	0.768556667017426	([198, 0], [227, 198, 193])
1	0.7577809494319182	0.7686864715040107	([149, 108], [174, 149, 108])
1	0.7228189889597424	0.768817568724837	([338, 0], [338, 277, 256])
1	0.6829784622570462	0.7701833691845978	([325, 76], [325, 318, 217])
1	0.752949406266266	0.7715397102377042	([301, 121], [301, 284, 121])
1	0.7300804316681131	0.771676296680419	([240, 56], [240, 137, 129])
1	0.7537844871658902	0.771676296680419	([247, 137], [247, 240, 137])
1	0.7714325350736747	0.7725268499951291	([205, 129], [205, 163, 140])
1	0.7564631141246032	0.7734615387643409	([290, 125], [326, 290, 125])
1	0.7473179467395368	0.7734800045055363	([303, 31], [303, 273, 250])
1	0.7698447045482504	0.774122927456737	([295, 200], [295, 250, 207])
1	0.7701674548408992	0.7743153257963621	([129, 40], [129, 79, 40])
1	0.7702656112565391	0.7744308028222895	([124, 50], [124, 82, 79])
1	0.48827734348262186	0.7747301390354011	([38, 22], [38, 22, 18])
1	0.7614593153549163	0.7748646000133804	([340, 266], [340, 303, 266])
1	0.7732337719986445	0.7752339626234565	([335, 236], [335, 315, 284])
1	0.7685764328455356	0.7753170825902445	([372, 272], [372, 357, 272])
1	0.7565950406637321	0.7755683754618702	([248, 122], [248, 238, 122])
1	0.7711267602270748	0.7756324137178101	([369, 237], [369, 292, 237])
1	0.7426849129880346	0.7757592582445376	([140, 35], [140, 60, 51])
1	0.7713724612725702	0.7762122908151424	([363, 231], [369, 363, 231])
1	0.750852786278836	0.776219492847819	([326, 135], [290, 289, 125])
1	0.776634554918091	0.7767961692708102	([285, 69], [285, 174, 69])
1	0.7684968095443219	0.7767961692708102	([285, 28], [285, 213, 174])
1	0.7550835767595826	0.7769472538411151	([192, 114], [192, 141, 114])
1	0.694359561896357	0.7769705657482039	([331, 57], [331, 326, 174])
1	0.7740737802831076	0.7772080298778196	([218, 90], [218, 192, 114])
1	0.7387515746918145	0.7780293882987608	([367, 254], [367, 315, 262])
1	0.7580557625063705	0.7782389527181425	([342, 193], [343, 342, 176])
1	0.77370506204706	0.7784882606805915	([162, 14], [166, 162, 14])
1	0.7598198527444643	0.7786858895075317	([364, 226], [364, 304, 227])
1	0.7675047436037066	0.7789965839024544	([220, 86], [220, 180, 86])
1	0.6916098177314017	0.779320477838951	([336, 137], [336, 233, 137])
1	0.7687299101378422	0.7798659470447047	([137, 14], [182, 105, 102])
1	0.7573560854354032	0.7802666357261746	([291, 85], [291, 239, 124])
1	0.779195898505996	0.7808106781579349	([318, 141], [318, 209, 141])
1	0.7800900752473899	0.7809881635790275	([271, 139], [271, 268, 139])
1	0.7657859630015421	0.7809881635790275	([268, 128], [297, 268, 139])
1	0.7774106584328915	0.7809904833151013	([329, 226], [364, 329, 284])
1	0.5946756745846055	0.7811164084447022	([206, 77], [206, 186, 169])
1	0.771168734527732	0.7816137181152043	([378, 228], [378, 337, 292])
1	0.77831918190296	0.7818615034280197	([320, 176], [320, 232, 176])
1	0.7773769530175412	0.7823292137532685	([288, 68], [288, 277, 68])
1	0.7757781976086536	0.7824331470682154	([345, 202], [355, 345, 179])
1	0.7027195163880382	0.7824713883731466	([277, 0], [338, 256, 227])
1	0.756212317798629	0.7825247874891168	([343, 194], [342, 337, 176])
1	0.7131462610236353	0.7829690515938499	([256, 17], [281, 42, 37])
1	0.7828724764441263	0.7831566454669038	([309, 128], [309, 128, 65])
1	0.766973796876906	0.7833877744517679	([352, 222], [352, 341, 271])
1	0.7717500426415935	0.7833877744517679	([376, 271], [376, 341, 271])
1	0.7807925314379979	0.783702111568177	([238, 48], [238, 123, 122])
1	0.695658142553937	0.7849130193521836	([369, 31], [413, 276, 266])
1	0.7507426221100205	0.7849348882828477	([297, 139], [276, 268, 139])
1	0.7437286013735864	0.7849747603003533	([309, 65], [309, 238, 228])
1	0.7760975928986021	0.7850233194254566	([370, 177], [370, 342, 177])
1	0.4991369438030886	0.7852267682837761	([55, 23], [114, 39, 23])
1	0.7476875713990271	0.7853677813364258	([232, 68], [232, 175, 122])
1	0.7228032195958756	0.7855391070706338	([364, 21], [364, 226, 215])
1	0.785153228073065	0.7856045637357217	([210, 40], [210, 123, 116])
1	0.7848895669938386	0.7856848505837076	([302, 14], [302, 273, 250])
1	0.7735272911272112	0.7858701865801363	([303, 140], [303, 241, 140])
1	0.7757574370252535	0.7859656937818427	([299, 134], [299, 237, 134])
1	0.7737519407777482	0.7875745436639191	([341, 173], [367, 341, 135])
1	0.7743147626924534	0.787599709725032	([300, 142], [300, 196, 169])
1	0.5885774203614033	0.7878738637703906	([186, 77], [206, 77, 69])
1	0.7835227851224054	0.7878861557452408	([186, 81], [186, 81, 79])
1	0.774617863345865	0.7882467637148709	([274, 179], [274, 254, 179])
1	0.7813944614279558	0.7883805844003322	([377, 175], [377, 230, 175])
1	0.762628334409203	0.7892727913447483	([383, 183], [383, 194, 183])
1	0.7726452768857662	0.7893024736314066	([317, 136], [317, 288, 28])
1	0.788809132428458	0.7895504421141967	([327, 171], [327, 231, 207])
1	0.7641969920564022	0.7896165474987568	([255, 192], [255, 218, 209])
1	0.7382839929320988	0.7907055414334057	([355, 179], [345, 325, 179])
1	0.6816278092205484	0.7907343529962758	([267, 76], [267, 129, 124])
1	0.7897557790190212	0.7912870424935767	([297, 187], [351, 298, 297])
1	0.7868289119154139	0.7915050995618593	([315, 126], [317, 315, 126])
1	0.766694076924246	0.7915411103392805	([299, 82], [299, 265, 198])
1	0.7832313940705867	0.7917878165452106	([338, 167], [338, 230, 227])
1	0.7779471308795772	0.7919385152655328	([235, 88], [235, 127, 126])
1	0.7267977623067361	0.7921763927029407	([321, 17], [321, 265, 256])
1	0.7889375920889407	0.7924852576605521	([291, 168], [291, 168, 124])
1	0.7865652846647303	0.7936502229643946	([348, 181], [348, 337, 195])
1	0.7458602799358087	0.7938077417090151	([367, 135], [332, 236, 233])
1	0.7653171327943573	0.7938600017109145	([319, 106], [319, 264, 141])
1	0.7915066815481111	0.7940175940250718	([204, 65], [212, 204, 65])
1	0.7752956056757467	0.7940977844133497	([332, 14], [332, 280, 273])
1	0.5997764538189639	0.7941157943802647	([302, 67], [302, 257, 64])
1	0.7631408544401432	0.794236294859498	([424, 145], [424, 199, 144])
1	0.7575886448929301	0.7943589317133319	([424, 265], [424, 309, 293])
1	0.7908267771284626	0.7945956371189132	([219, 48], [219, 133, 48])
1	0.7541645329744859	0.7947821945331539	([321, 172], [321, 273, 172])
1	0.7917392057451418	0.7948886436228748	([301, 189], [301, 221, 216])
1	0.7727443776831424	0.795188101468209	([315, 155], [315, 226, 161])
1	0.785527398589543	0.795188101468209	([290, 161], [315, 290, 161])
1	0.7653978589011866	0.7965538721896428	([358, 138], [361, 141, 28])
1	0.5792731113423558	0.7968332072454409	([208, 27], [208, 37, 28])
1	0.7954876856948019	0.7972048801008601	([330, 142], [424, 413, 142])
1	0.7784765451511255	0.797291014660604	([266, 61], [288, 266, 61])
1	0.7791190343227972	0.7973090582299315	([351, 187], [351, 218, 195])
1	0.788814302812175	0.7974147050852045	([417, 208], [417, 339, 261])
1	0.7806109757924963	0.7975762287085164	([251, 86], [251, 237, 86])
1	0.7108385188556458	0.7979510439216944	([408, 57], [408, 205, 175])
1	0.7967709176415002	0.7981001573924535	([334, 192], [337, 334, 195])
1	0.7738240823320133	0.7983603720785687	([410, 139], [421, 410, 216])
1	0.7871396596662813	0.79849039108245	([373, 252], [373, 366, 252])
1	0.782222585466752	0.7986805432329356	([309, 159], [309, 159, 133])
1	0.7641323948422255	0.798753267412017	([322, 220], [322, 282, 252])
1	0.7870442782616102	0.7993131754395705	([296, 87], [296, 174, 170])
1	0.7532642434423902	0.7994787597585523	([317, 180], [317, 229, 223])
1	0.7880913041569012	0.7999101653443077	([281, 70], [281, 230, 222])
1	0.7778421980263074	0.7999913985765982	([260, 51], [260, 138, 59])
1	0.7754148889259224	0.8001845267768313	([312, 145], [347, 192, 143])
1	0.5943641571530328	0.8003000807949047	([278, 66], [278, 209, 201])
1	0.7993006494676628	0.8004735818589958	([303, 119], [307, 303, 119])
1	0.784376407124736	0.8007164820605456	([379, 178], [379, 326, 178])
1	0.7433991017270213	0.8031538231818133	([424, 199], [424, 282, 182])
1	0.7937849168156805	0.8040051840802896	([290, 35], [290, 88, 35])
1	0.7984449497155746	0.8050427767661033	([382, 68], [382, 312, 297])
1	0.780230166588094	0.805072498818901	([407, 220], [407, 330, 230])
1	0.7880757708897975	0.8065233267404209	([405, 189], [405, 355, 189])
1	0.8037088476947686	0.8066218961818895	([379, 127], [379, 247, 218])
1	0.7776607430279094	0.8070740522956872	([335, 149], [424, 353, 144])
1	0.7789777571863602	0.8076637684171388	([300, 34], [300, 134, 133])
1	0.788424430391779	0.8078450549067453	([313, 185], [313, 245, 170])
1	0.7783762958523659	0.8079639534340715	([316, 147], [316, 309, 147])
1	0.806923519111901	0.808129840806824	([262, 34], [262, 175, 34])
1	0.801914795201065	0.8082810586036961	([363, 161], [363, 231, 210])
1	0.7869670985202126	0.8083441889608434	([403, 207], [403, 367, 207])
1	0.8067659767692394	0.8112757064313942	([416, 190], [416, 350, 190])
1	0.6919340349550972	0.8122055080681105	([354, 76], [354, 185, 183])
1	0.6916377718152832	0.812844750285908	([227, 0], [198, 34, 21])
1	0.7277305494156339	0.8135886611348805	([365, 17], [396, 321, 306])
1	0.6327220401704315	0.8155400507164117	([43, 13], [61, 43, 18])
1	0.767746824554645	0.8156934760826212	([273, 14], [253, 137, 71])
1	0.8143762517332453	0.8164790807621446	([407, 112], [407, 220, 195])
1	0.7902932159989061	0.816491506107345	([293, 84], [293, 84, 59])
1	0.7992468000647495	0.818244601511501	([347, 116], [347, 147, 143])
1	0.8035627400438972	0.818678819361693	([394, 161], [394, 220, 195])
1	0.8174162731839809	0.818760868593031	([374, 35], [374, 346, 35])
1	0.8158605614855966	0.8197841127948962	([418, 186], [418, 297, 276])
1	0.7980971807688806	0.82120911588665	([346, 153], [346, 200, 194])
1	0.814245186375979	0.8225175485061355	([311, 107], [311, 244, 121])
1	0.8146316865379837	0.8230340912804932	([315, 72], [315, 87, 72])
1	0.654298089497612	0.8254070756975709	([336, 43], [336, 137, 43])
1	0.8187084117819663	0.8254126186354263	([384, 184], [384, 335, 144])
1	0.813136303139947	0.8285840905171491	([373, 61], [373, 340, 198])
1	0.8218527797877295	0.8313984178005764	([263, 41], [263, 82, 60])
1	0.8241715073023398	0.8339459777607015	([386, 158], [386, 333, 221])
1	0.5600841088395336	0.8353753602607447	([134, 22], [134, 63, 46])
1	0.8252096571974163	0.8365808716756156	([410, 62], [410, 324, 62])
1	0.8219436009249679	0.8396421461208039	([407, 166], [407, 337, 166])
1	0.7020470744485533	0.8416040150151802	([96, 0], [96, 34, 28])
1	0.5872195712228434	0.8416738726127625	([368, 67], [368, 302, 208])
1	0.48568789037826426	0.8450843593944121	([52, 25], [115, 52, 25])
1	0.5787974877220022	0.861315361482172	([329, 27], [329, 178, 59])
1	0.8502842265802041	0.86327069532931	([384, 46], [384, 137, 134])
1	0.8320882663631526	0.8639936249252266	([294, 18], [294, 69, 64])
1	0.8616014751104296	0.8652548454664314	([424, 26], [424, 44, 26])
1	0.5742633115302475	0.8663903357899827	([275, 15], [258, 44, 32])
1	0.5925376661664907	0.869785397872873	([412, 77], [412, 77, 71])
1	0.5788280074370057	0.8821477970794256	([186, 15], [186, 60, 41])
1	0.5048445812174145	0.892214361813591	([225, 25], [226, 224, 25])
0	0.0	0.9012663259453593	([0], [14, 2])
1	0.5272206412654532	0.9020112540187697	([323, 23], [322, 113, 23])
1	0.6064474147789733	0.9135002140441048	([61, 13], [61, 26, 18])
1	0.4877684167647017	0.9174179954943504	([27, 18], [40, 39, 23])
1	0.4890875070126913	0.9212926650488188	([191, 6], [192, 29, 26])
0	0.0	0.9431681865409066	([2], [23, 16])
0	0.0	0.9474336522445372	([16], [121, 120])
0	0.0	0.9589287868640747	([8], [37, 36])
0	0.0	0.9593934956138853	([3], [34, 33])
1	0.9927722786714538	0.9935111326702663	([33, 13], [42, 33, 31])
1	0.9985444471836945	0.9987651993289067	([16, 0], [37, 16, 15])
1	0.9998553416763056	0.9999619981092152	([26, 8], [119, 18, 8])
0	0.0	1.0	([1], [1, 0])
0	0.0	1.0	([4], [4, 0])
0	0.0	1.0	([7], [7, 0])
0	0.0	1.0	([9], [9, 0])
0	0.0	1.0	([10], [10, 0])
0	0.0	1.0	([11], [11, 0])
0	0.0	1.0	([12], [12, 0])
1	0.9702019240335561	1.0	([80, 2], [80, 18, 0])
0	0.0	inf	([24], [])
