0	0.0	0.2117483143940833	([500], [500, 499])
0	0.0	0.2128336273027615	([665], [665, 664])
0	0.0	0.21450045739843812	([474], [474, 473])
0	0.0	0.21744594728983727	([507], [507, 506])
0	0.0	0.21885072495632488	([612], [612, 611])
0	0.0	0.22067812751052637	([434], [434, 433])
0	0.0	0.22306801257796208	([652], [652, 651])
0	0.0	0.224277129309126	([619], [619, 618])
0	0.0	0.2247456437400927	([466], [466, 465])
0	0.0	0.22603051511194025	([621], [621, 620])
0	0.0	0.2276452658333121	([570], [570, 569])
0	0.0	0.22812684822477408	([90], [90, 89])
0	0.0	0.22851351694293526	([422], [422, 421])
0	0.0	0.22890509503602383	([370], [370, 369])
0	0.0	0.23017999357427238	([107], [107, 106])
0	0.0	0.23096897847331255	([1], [1, 0])
0	0.0	0.23105927538473095	([130], [130, 129])
0	0.0	0.23137307662342788	([3], [3, 2])
0	0.0	0.23207672318700834	([519], [519, 518])
0	0.0	0.23238465904252195	([124], [124, 123])
0	0.0	0.23272809696122157	([504], [504, 503])
0	0.0	0.2331800311253644	([236], [236, 235])
0	0.0	0.23383142709053178	([599], [599, 598])
0	0.0	0.23385560829071236	([450], [450, 449])
0	0.0	0.23390610921255087	([512], [512, 511])
0	0.0	0.2342605886380607	([631], [631, 630])
0	0.0	0.23448718499066926	([384], [384, 383])
0	0.0	0.23468310623545238	([367], [367, 366])
0	0.0	0.23480829534107212	([440], [440, 439])
0	0.0	0.2349734246868793	([62], [62, 61])
0	0.0	0.23595857422794764	([616], [616, 615])
0	0.0	0.23638330146839145	([530], [530, 529])
0	0.0	0.23688376474311998	([660], [660, 659])
0	0.0	0.2369149542609886	([479], [479, 478])
0	0.0	0.23704170784630127	([614], [614, 613])
0	0.0	0.23714374644237032	([502], [502, 501])
0	0.0	0.23803010680572406	([348], [348, 347])
0	0.0	0.23849354634045244	([358], [358, 357])
0	0.0	0.2385028406199856	([472], [472, 471])
0	0.0	0.2389375064823652	([441], [441, 440])
0	0.0	0.23919965591761935	([33], [33, 32])
0	0.0	0.2393230453069465	([601], [601, 600])
0	0.0	0.23967155093258233	([639], [639, 638])
0	0.0	0.23969391423588424	([146], [146, 145])
0	0.0	0.24013565362329203	([556], [556, 555])
0	0.0	0.24057606870567783	([538], [538, 537])
0	0.0	0.2411182141373924	([511], [511, 510])
0	0.0	0.2411810427642398	([144], [144, 143])
0	0.0	0.2413311211551491	([461], [461, 460])
0	0.0	0.2415083770146264	([388], [388, 387])
0	0.0	0.2415660103525907	([471], [471, 470])
0	0.0	0.24162074580920265	([44], [44, 43])
0	0.0	0.24191566013267587	([648], [648, 647])
0	0.0	0.242622708062825	([444], [444, 443])
0	0.0	0.24300113431084813	([11], [11, 10])
0	0.0	0.24307827548579516	([30], [30, 29])
0	0.0	0.24329657940654312	([356], [356, 355])
0	0.0	0.24339340014895575	([658], [658, 657])
0	0.0	0.24343170253459945	([581], [581, 580])
0	0.0	0.24425017005522304	([408], [408, 407])
0	0.0	0.24447241246216178	([597], [597, 596])
0	0.0	0.24491534270513948	([628], [628, 627])
0	0.0	0.2451252249943081	([112], [112, 111])
0	0.0	0.24525004879745926	([592], [592, 591])
0	0.0	0.24565404383799117	([12], [12, 11])
0	0.0	0.24604883329786445	([445], [445, 444])
0	0.0	0.24610036759415585	([644], [644, 643])
0	0.0	0.24634142010499144	([63], [63, 62])
0	0.0	0.24656352341962182	([572], [572, 571])
0	0.0	0.2469344571111135	([425], [425, 424])
0	0.0	0.24723971804189954	([151], [151, 150])
0	0.0	0.24758815816052882	([17], [17, 16])
0	0.0	0.24769013253735458	([181], [181, 180])
0	0.0	0.2478526215337114	([464], [464, 463])
0	0.0	0.248286395751046	([594], [594, 593])
0	0.0	0.24846563322002396	([38], [38, 37])
0	0.0	0.24903417334192482	([578], [578, 577])
0	0.0	0.24905649413012335	([70], [70, 69])
0	0.0	0.24923052402648513	([20], [20, 19])
0	0.0	0.24926417525959238	([573], [573, 572])
0	0.0	0.2492771790515009	([158], [158, 157])
0	0.0	0.24930156596055367	([655], [655, 654])
0	0.0	0.2496660802677102	([295], [295, 294])
0	0.0	0.2497595105427351	([45], [45, 44])
0	0.0	0.25019046146841706	([663], [663, 662])
0	0.0	0.25020404990488077	([637], [637, 636])
0	0.0	0.25027664604509064	([506], [506, 505])
0	0.0	0.250757144725173	([413], [413, 412])
0	0.0	0.2508744547123919	([515], [515, 514])
0	0.0	0.2512422575608986	([81], [81, 80])
0	0.0	0.25169656316404904	([400], [400, 399])
0	0.0	0.2517222060420417	([498], [498, 497])
0	0.0	0.2517268344894683	([351], [351, 350])
0	0.0	0.25195591677534007	([56], [56, 55])
0	0.0	0.25201258562204026	([132], [132, 131])
0	0.0	0.25226907572024737	([404], [404, 403])
0	0.0	0.252323509178718	([363], [363, 362])
0	0.0	0.25238376160171744	([646], [646, 645])
0	0.0	0.2524284199779676	([457], [457, 456])
0	0.0	0.2525260416575709	([575], [575, 574])
0	0.0	0.2527530179512944	([310], [310, 309])
0	0.0	0.25279023689310126	([659], [659, 658])
0	0.0	0.2530459353960423	([378], [378, 377])
0	0.0	0.2535533802216425	([138], [138, 137])
0	0.0	0.2538361333732209	([119], [119, 118])
0	0.0	0.2539723555746419	([350], [350, 349])
0	0.0	0.25426281904223585	([503], [503, 502])
0	0.0	0.25445343748333193	([136], [136, 135])
0	0.0	0.25464056352915576	([82], [82, 81])
0	0.0	0.25466546254209005	([463], [463, 462])
0	0.0	0.2547978679986672	([315], [315, 314])
0	0.0	0.25487175329748135	([462], [462, 461])
0	0.0	0.2549897547273217	([127], [127, 126])
0	0.0	0.2550640181969322	([552], [552, 551])
0	0.0	0.25512089565259455	([52], [52, 51])
0	0.0	0.2551370604478073	([545], [545, 544])
0	0.0	0.2553620170637587	([140], [140, 139])
0	0.0	0.25555451206345636	([332], [332, 331])
0	0.0	0.25559429062819944	([577], [577, 576])
0	0.0	0.2555963930361918	([48], [48, 47])
0	0.0	0.25560538640683156	([493], [493, 492])
0	0.0	0.25572215386391356	([357], [357, 356])
0	0.0	0.2557656062336738	([632], [632, 631])
0	0.0	0.2558442874983759	([627], [627, 626])
0	0.0	0.2560979208047428	([636], [636, 635])
0	0.0	0.25617399677328756	([114], [114, 113])
0	0.0	0.25620054582004603	([442], [442, 441])
0	0.0	0.25626277147954324	([149], [149, 148])
0	0.0	0.2567699318729019	([666], [666, 665])
0	0.0	0.25683796212325666	([513], [513, 512])
0	0.0	0.2570548247901082	([273], [273, 272])
0	0.0	0.25711252062457146	([103], [103, 102])
0	0.0	0.2571358027797029	([483], [483, 482])
0	0.0	0.2574314318526024	([2], [2, 1])
0	0.0	0.25754949658845017	([117], [117, 116])
0	0.0	0.2578152933293802	([49], [49, 48])
0	0.0	0.2578452197997731	([95], [95, 94])
0	0.0	0.2578668940674709	([662], [662, 661])
0	0.0	0.25811888963190127	([397], [397, 396])
0	0.0	0.2585842468641744	([589], [589, 588])
0	0.0	0.2586742988499771	([607], [607, 606])
0	0.0	0.2587485142851946	([546], [546, 545])
0	0.0	0.2588277430406485	([608], [608, 607])
0	0.0	0.2590557981250114	([638], [638, 637])
0	0.0	0.2590973037204601	([590], [590, 589])
0	0.0	0.25937662015550106	([287], [287, 286])
0	0.0	0.2594625250956912	([9], [9, 8])
0	0.0	0.25990106749244146	([293], [293, 292])
0	0.0	0.2599458966737182	([484], [484, 483])
0	0.0	0.260023582894746	([550], [550, 549])
0	0.0	0.26007378651042573	([475], [475, 474])
0	0.0	0.2600876878308815	([80], [80, 79])
0	0.0	0.26012110914515224	([131], [131, 130])
0	0.0	0.2602018888483901	([427], [427, 426])
0	0.0	0.260243025838607	([13], [13, 12])
0	0.0	0.2604620636647849	([15], [15, 14])
0	0.0	0.26048332965412807	([521], [521, 520])
0	0.0	0.2605468284590163	([609], [609, 608])
0	0.0	0.26083986294618877	([443], [443, 442])
0	0.0	0.2609481477119558	([565], [565, 564])
0	0.0	0.2611612549467171	([495], [495, 494])
0	0.0	0.26126737012195866	([361], [361, 360])
0	0.0	0.26153017369192494	([96], [96, 95])
0	0.0	0.2616936060922362	([557], [557, 556])
0	0.0	0.26173080760394624	([18], [18, 17])
0	0.0	0.2618331329356155	([402], [402, 401])
0	0.0	0.2620630534678231	([560], [560, 559])
0	0.0	0.2621054777532667	([482], [482, 481])
0	0.0	0.26223432267320296	([629], [629, 628])
0	0.0	0.2622366798092327	([416], [416, 415])
0	0.0	0.26232984973507273	([31], [31, 30])
0	0.0	0.26235965489306984	([368], [368, 367])
0	0.0	0.26244004347238054	([148], [148, 147])
0	0.0	0.2624708064424575	([668], [668, 667])
0	0.0	0.26252056867520873	([395], [395, 394])
0	0.0	0.2626975391711484	([542], [542, 541])
0	0.0	0.26284701570097047	([36], [36, 35])
0	0.0	0.2628899096935555	([532], [532, 531])
0	0.0	0.263204041357048	([470], [470, 469])
0	0.0	0.2632165356140143	([43], [43, 42])
0	0.0	0.2632277374662342	([514], [514, 513])
0	0.0	0.26337226437588657	([551], [551, 550])
0	0.0	0.26337254958847317	([569], [569, 568])
0	0.0	0.263468300057383	([559], [559, 558])
0	0.0	0.26384171576433835	([624], [624, 623])
0	0.0	0.2643981741557011	([283], [283, 282])
0	0.0	0.2645070207641383	([606], [606, 605])
0	0.0	0.26451198467056375	([372], [372, 371])
0	0.0	0.26451336450986496	([476], [476, 475])
0	0.0	0.2645441550937413	([242], [242, 241])
0	0.0	0.2646324231192371	([85], [85, 84])
0	0.0	0.26477459897008226	([540], [540, 539])
0	0.0	0.2648346637621066	([219], [219, 218])
0	0.0	0.264901761924939	([428], [428, 427])
0	0.0	0.26516158074850094	([111], [111, 110])
0	0.0	0.26541968436280344	([583], [583, 582])
0	0.0	0.2654276967025921	([564], [564, 563])
0	0.0	0.2655737727131128	([501], [501, 500])
0	0.0	0.26609200438633573	([74], [74, 73])
0	0.0	0.26613551948710257	([635], [635, 634])
0	0.0	0.2663497598288407	([398], [398, 397])
0	0.0	0.26638106550226975	([10], [10, 9])
0	0.0	0.26656881154117146	([527], [527, 526])
0	0.0	0.2665842678247976	([189], [189, 188])
0	0.0	0.26661011627051817	([469], [469, 468])
0	0.0	0.266851623934112	([7], [7, 6])
0	0.0	0.26691980630089973	([169], [169, 168])
0	0.0	0.2670958607225971	([630], [630, 629])
0	0.0	0.2671079147423437	([100], [100, 99])
0	0.0	0.26713861391621746	([451], [451, 450])
0	0.0	0.2671526316653125	([567], [567, 566])
0	0.0	0.2671606257344812	([429], [429, 428])
0	0.0	0.267201151560498	([286], [286, 285])
0	0.0	0.2673233813501635	([613], [613, 612])
0	0.0	0.2673393502970217	([591], [591, 590])
0	0.0	0.26752739067243236	([76], [76, 75])
0	0.0	0.26759977436245314	([373], [373, 372])
0	0.0	0.2680108048946295	([360], [360, 359])
0	0.0	0.26805231569527194	([600], [600, 599])
0	0.0	0.268226980004416	([162], [162, 161])
0	0.0	0.2687233120662138	([667], [667, 666])
0	0.0	0.2688547339967148	([152], [152, 151])
0	0.0	0.26891979127684223	([650], [650, 649])
0	0.0	0.2689682750185087	([468], [468, 467])
0	0.0	0.26922957714582635	([323], [323, 322])
0	0.0	0.2693659482044509	([508], [508, 507])
0	0.0	0.2693691403874165	([617], [617, 616])
0	0.0	0.26961773629066127	([129], [129, 128])
0	0.0	0.26975077450661755	([19], [19, 18])
0	0.0	0.2697853179898404	([276], [276, 275])
0	0.0	0.2700262299924856	([393], [393, 392])
0	0.0	0.2702601189009302	([366], [366, 365])
0	0.0	0.27032362012718913	([576], [576, 575])
0	0.0	0.2704028366724668	([128], [128, 127])
0	0.0	0.27053162637053235	([558], [558, 557])
0	0.0	0.2705829133310856	([92], [92, 91])
0	0.0	0.2709721051994501	([170], [170, 169])
0	0.0	0.27127173357540163	([465], [465, 464])
0	0.0	0.2713413770355036	([520], [520, 519])
0	0.0	0.2713645667927246	([275], [275, 274])
0	0.0	0.27141212863109526	([664], [664, 663])
0	0.0	0.27144026625913864	([21], [21, 20])
0	0.0	0.2714834842839628	([141], [141, 140])
0	0.0	0.27150257367778524	([587], [587, 586])
0	0.0	0.2715636657427036	([415], [415, 414])
0	0.0	0.2718191791286903	([496], [496, 495])
0	0.0	0.2719191043742757	([531], [531, 530])
0	0.0	0.27192133383805633	([554], [554, 553])
0	0.0	0.27193693031227373	([374], [374, 373])
0	0.0	0.27210013702635105	([488], [488, 487])
0	0.0	0.27218753151433095	([91], [91, 90])
0	0.0	0.2722544807860085	([467], [467, 466])
0	0.0	0.2723339172527691	([26], [26, 25])
0	0.0	0.2725797845803493	([336], [336, 335])
0	0.0	0.27258522439230487	([161], [161, 160])
0	0.0	0.2727530539561417	([116], [116, 115])
0	0.0	0.27276074756116775	([426], [426, 425])
0	0.0	0.2728364290279468	([274], [274, 273])
0	0.0	0.272933733860308	([89], [89, 88])
0	0.0	0.2729876404592743	([382], [382, 381])
0	0.0	0.2730697014789681	([285], [285, 284])
0	0.0	0.2732637811457567	([477], [477, 476])
0	0.0	0.27328971498243043	([379], [379, 378])
0	0.0	0.273348770350812	([292], [292, 291])
0	0.0	0.27338295287281184	([329], [329, 328])
0	0.0	0.2733921732987241	([588], [588, 587])
0	0.0	0.27363991910760754	([561], [561, 560])
0	0.0	0.27379143987184684	([410], [410, 409])
0	0.0	0.2738147786267521	([657], [657, 656])
0	0.0	0.2739467236441453	([448], [448, 447])
0	0.0	0.2739909947758078	([485], [485, 484])
0	0.0	0.2741821908607109	([537], [537, 536])
0	0.0	0.2741886265826598	([649], [649, 648])
0	0.0	0.27487205058112796	([522], [522, 521])
0	0.0	0.27504847203011257	([8], [8, 7])
0	0.0	0.2753467940288319	([139], [139, 138])
0	0.0	0.27535643572953444	([22], [22, 21])
0	0.0	0.27596004999614926	([325], [325, 324])
0	0.0	0.27617085921818935	([145], [145, 144])
0	0.0	0.27634910089485826	([55], [55, 54])
0	0.0	0.27637031798817896	([94], [94, 93])
0	0.0	0.2764986368702245	([314], [314, 313])
0	0.0	0.27667557655600894	([516], [516, 515])
0	0.0	0.27667589680526183	([73], [73, 72])
0	0.0	0.2768234422162575	([571], [571, 570])
0	0.0	0.27708690601461994	([101], [101, 100])
0	0.0	0.2772055692008661	([656], [656, 655])
0	0.0	0.2772776630828814	([25], [26, 24])
0	0.0	0.2778445298043582	([452], [452, 451])
0	0.0	0.2780873222909271	([494], [494, 493])
0	0.0	0.27836924749166775	([289], [289, 288])
0	0.0	0.2784405500598871	([326], [326, 325])
0	0.0	0.27854160093225744	([433], [433, 432])
0	0.0	0.2787562986530438	([121], [121, 120])
0	0.0	0.2787871236325553	([505], [505, 504])
0	0.0	0.27887248434998846	([460], [460, 459])
0	0.0	0.2790911286468355	([399], [399, 398])
0	0.0	0.2795162239918978	([284], [284, 283])
0	0.0	0.2796723862913772	([518], [518, 517])
0	0.0	0.2797678754849458	([458], [458, 457])
0	0.0	0.27978929274186093	([102], [102, 101])
0	0.0	0.27981131247040353	([544], [544, 543])
0	0.0	0.27985784472728187	([108], [108, 107])
0	0.0	0.28005729690029085	([308], [308, 307])
0	0.0	0.2801291963009444	([324], [324, 323])
0	0.0	0.28014791768849023	([417], [417, 416])
0	0.0	0.28017976113142645	([231], [231, 230])
0	0.0	0.2806187493278189	([446], [446, 445])
0	0.0	0.2806214175464735	([394], [394, 393])
0	0.0	0.2807016098765018	([411], [411, 410])
0	0.0	0.28115581855000654	([359], [359, 358])
0	0.0	0.2812051580085128	([343], [343, 342])
0	0.0	0.28148891038500723	([88], [88, 87])
0	0.0	0.2816084960175006	([390], [390, 389])
0	0.0	0.28161685035630424	([294], [294, 293])
0	0.0	0.28167719488804577	([78], [78, 77])
0	0.0	0.2816850576724243	([568], [568, 567])
0	0.0	0.2817902385590531	([491], [491, 490])
0	0.0	0.2820919992444841	([562], [562, 561])
0	0.0	0.2821068794800879	([481], [481, 480])
0	0.0	0.28225922583592095	([318], [318, 317])
0	0.0	0.2823157704711892	([168], [168, 167])
0	0.0	0.2823713112308394	([383], [383, 382])
0	0.0	0.28247175784795486	([536], [536, 535])
0	0.0	0.2825357411675845	([281], [281, 280])
0	0.0	0.28260554028828394	([647], [647, 646])
0	0.0	0.28260750403404206	([4], [4, 3])
0	0.0	0.28283021926702734	([300], [300, 299])
0	0.0	0.28294020105225104	([282], [282, 281])
0	0.0	0.2830066394546527	([147], [147, 146])
0	0.0	0.2830650979624579	([345], [345, 344])
0	0.0	0.28309742344920646	([661], [661, 660])
0	0.0	0.28314153265946895	([143], [143, 142])
0	0.0	0.2835389717312891	([288], [288, 287])
0	0.0	0.2837204064789467	([113], [113, 112])
0	0.0	0.2837871041676102	([435], [435, 434])
0	0.0	0.284039840697511	([497], [497, 496])
0	0.0	0.2841374895866587	([369], [369, 368])
0	0.0	0.2842380064760249	([406], [406, 405])
0	0.0	0.28423901032149473	([543], [543, 542])
0	0.0	0.28481197316835277	([598], [598, 597])
0	0.0	0.2848181322264633	([618], [618, 617])
0	0.0	0.2848458334470885	([654], [654, 653])
0	0.0	0.284990332335995	([32], [32, 31])
0	0.0	0.2850943407335884	([277], [277, 276])
0	0.0	0.2852065103003017	([349], [349, 348])
0	0.0	0.2852345184452899	([133], [133, 132])
0	0.0	0.28554536843692496	([297], [297, 296])
0	0.0	0.285762700208903	([653], [653, 652])
0	0.0	0.28617542579716204	([328], [328, 327])
0	0.0	0.286192894363819	([595], [595, 594])
0	0.0	0.286207172865702	([163], [163, 162])
0	0.0	0.2865610044142776	([67], [67, 66])
0	0.0	0.2867083757071106	([75], [75, 74])
0	0.0	0.28692437728182413	([317], [317, 316])
0	0.0	0.2870618516636449	([593], [593, 592])
0	0.0	0.2870743656350608	([574], [574, 573])
0	0.0	0.28711114511288277	([585], [585, 583])
0	0.0	0.2872403590102558	([354], [354, 353])
0	0.0	0.2875326649361085	([541], [541, 540])
0	0.0	0.28753493941528335	([596], [597, 595])
0	0.0	0.28775280736407555	([344], [344, 343])
0	0.0	0.28808196633188216	([248], [248, 247])
0	0.0	0.2880966768962348	([137], [137, 136])
0	0.0	0.28870585050483893	([412], [412, 411])
0	0.0	0.2887179229029853	([486], [486, 485])
0	0.0	0.2889634185081957	([327], [327, 326])
0	0.0	0.2889988426103283	([473], [473, 472])
0	0.0	0.2892634386333525	([563], [563, 562])
0	0.0	0.2897911454615114	([37], [37, 36])
0	0.0	0.2897950604698262	([478], [478, 477])
0	0.0	0.2898289944686561	([188], [188, 187])
0	0.0	0.2900304768020984	([526], [526, 525])
0	0.0	0.2901424645531112	([389], [389, 388])
0	0.0	0.29016598662758125	([339], [339, 338])
0	0.0	0.2902616529474704	([548], [548, 547])
0	0.0	0.29030987527757685	([35], [35, 34])
0	0.0	0.29046237949394155	([555], [555, 554])
0	0.0	0.2910764472998552	([615], [615, 614])
0	0.0	0.29125270801488684	([39], [39, 38])
0	0.0	0.29135065809790606	([341], [341, 339])
0	0.0	0.29174060367314597	([280], [280, 278])
0	0.0	0.29193737930194263	([401], [401, 400])
0	0.0	0.29206610280077455	([453], [453, 452])
0	0.0	0.2922408058552915	([645], [645, 644])
0	0.0	0.29284145465414846	([46], [46, 45])
0	0.0	0.2929663978354869	([409], [409, 408])
0	0.0	0.2930775972247196	([183], [183, 181])
0	0.0	0.29323744163313176	([93], [93, 92])
0	0.0	0.29331695215412085	([499], [499, 498])
0	0.0	0.2934146893965089	([392], [392, 391])
0	0.0	0.29351884624836283	([420], [420, 419])
0	0.0	0.29354844089232335	([371], [371, 370])
0	0.0	0.29357557104292936	([174], [174, 173])
0	0.0	0.2936768539328853	([535], [535, 533])
0	0.0	0.2936902274587214	([603], [603, 602])
0	0.0	0.29382915858949865	([396], [396, 395])
0	0.0	0.29383264714556717	([109], [109, 108])
0	0.0	0.29384054912258134	([253], [253, 252])
0	0.0	0.293904408480647	([454], [454, 453])
0	0.0	0.2939198999196147	([492], [492, 491])
0	0.0	0.29394794331137375	([566], [566, 565])
0	0.0	0.29417827664688395	([405], [405, 404])
0	0.0	0.29458694473094943	([524], [524, 523])
0	0.0	0.29471125370888857	([626], [626, 625])
0	0.0	0.29481127168702687	([355], [355, 354])
0	0.0	0.29488146466041204	([259], [259, 257])
0	0.0	0.29503352755718015	([362], [362, 361])
0	0.0	0.2951375740655662	([553], [553, 552])
0	0.0	0.29522988496489444	([387], [387, 386])
0	0.0	0.295260187111835	([418], [418, 417])
0	0.0	0.2955106563704543	([423], [423, 422])
0	0.0	0.29554147005361714	([57], [57, 56])
0	0.0	0.2960567638883387	([385], [385, 384])
0	0.0	0.29618247457072167	([79], [79, 78])
0	0.0	0.2962353626213021	([263], [263, 262])
0	0.0	0.29640490487086857	([407], [407, 406])
0	0.0	0.29645993238627066	([547], [547, 546])
0	0.0	0.2965204169548914	([175], [175, 174])
0	0.0	0.29657392786578796	([517], [517, 516])
0	0.0	0.2965789758510617	([414], [414, 413])
0	0.0	0.2974032808391361	([5], [5, 4])
0	0.0	0.2974602938039335	([34], [34, 33])
0	0.0	0.2975501856991867	([313], [313, 312])
0	0.0	0.2976937217735363	([290], [290, 289])
0	0.0	0.29776722597083116	([391], [391, 390])
0	0.0	0.29808492277674137	([353], [353, 352])
0	0.0	0.29825912522429	([307], [307, 306])
0	0.0	0.2986514861003089	([269], [269, 268])
0	0.0	0.2986524531339977	([118], [118, 117])
0	0.0	0.29877070074892975	([83], [83, 82])
0	0.0	0.2988488825208751	([528], [528, 527])
0	0.0	0.2991605054888598	([6], [6, 5])
0	0.0	0.2993451907175923	([258], [258, 257])
0	0.0	0.2995544677930571	([611], [611, 610])
0	0.0	0.2998159304013508	([47], [47, 46])
0	0.0	0.2998944897812277	([115], [115, 114])
0	0.0	0.2999657693249833	([403], [403, 402])
0	0.0	0.3002763039245879	([71], [71, 70])
0	0.0	0.3005960050599035	([480], [480, 479])
0	0.0	0.30079329537287597	([337], [337, 336])
0	0.0	0.30085610716288513	([155], [155, 154])
0	0.0	0.3010271064217796	([640], [640, 639])
0	0.0	0.30114475707903793	([120], [120, 119])
0	0.0	0.301164521920567	([539], [539, 538])
0	0.0	0.3012546760988019	([642], [642, 641])
0	0.0	0.30136221590353784	([623], [623, 622])
0	0.0	0.3015864705176479	([14], [14, 13])
0	0.0	0.30167404865397374	([298], [298, 297])
0	0.0	0.3026016835556283	([23], [23, 22])
0	0.0	0.30260263438371304	([582], [585, 584])
0	0.0	0.30279339305949454	([72], [72, 71])
0	0.0	0.3031739027866612	([533], [533, 532])
0	0.0	0.30321258677995616	([529], [535, 534])
0	0.0	0.3032385953238842	([54], [54, 53])
0	0.0	0.30337183936193074	([320], [320, 319])
0	0.0	0.3034113226910141	([150], [150, 149])
0	0.0	0.303747523404154	([525], [525, 524])
0	0.0	0.3042413913700431	([419], [419, 417])
0	0.0	0.304291216361979	([342], [342, 341])
0	0.0	0.30479174774221546	([167], [167, 166])
0	0.0	0.3048712476996552	([279], [279, 278])
0	0.0	0.30494343215330966	([602], [602, 601])
0	0.0	0.3049566328297041	([580], [580, 579])
0	0.0	0.3050980326766164	([278], [278, 277])
0	0.0	0.3057768597559748	([165], [165, 164])
0	0.0	0.3058100307863403	([510], [510, 509])
0	0.0	0.30611546543019275	([459], [459, 458])
0	0.0	0.30632481499431974	([142], [142, 141])
0	0.0	0.30651213919687853	([584], [582, 581])
0	0.0	0.30719431794261925	([633], [633, 632])
0	0.0	0.3074730221743587	([254], [254, 253])
0	0.0	0.30770119562387954	([156], [156, 155])
0	0.0	0.30780184500562957	([66], [66, 65])
0	0.0	0.30797809529865555	([523], [523, 522])
0	0.0	0.3080554646417438	([135], [135, 133])
0	0.0	0.3081766776674582	([316], [318, 315])
0	0.0	0.30823607938842973	([456], [456, 455])
0	0.0	0.3085816529622491	([65], [65, 63])
0	0.0	0.3090372769562633	([164], [164, 163])
0	0.0	0.30922761249094477	([122], [122, 121])
0	0.0	0.30926050862101384	([335], [335, 334])
0	0.0	0.3098672916697883	([319], [319, 318])
0	0.0	0.3100444905377996	([157], [157, 156])
0	0.0	0.3101097055135647	([303], [303, 302])
0	0.0	0.31029039741712766	([604], [604, 603])
0	0.0	0.3106896108505715	([605], [605, 604])
0	0.0	0.3109019748272323	([291], [291, 290])
0	0.0	0.31107618285340116	([68], [68, 67])
0	0.0	0.311172398924471	([634], [634, 633])
0	0.0	0.31137590672717835	([534], [529, 528])
0	0.0	0.3114227637853829	([265], [265, 264])
0	0.0	0.31146244113579896	([622], [622, 621])
0	0.0	0.3114889507481145	([299], [299, 298])
0	0.0	0.31150113918297523	([330], [330, 329])
0	0.0	0.3115910255549315	([221], [221, 220])
0	0.0	0.3116306148579236	([154], [154, 153])
0	0.0	0.3117637595557696	([257], [257, 256])
0	0.0	0.3117706598461522	([306], [306, 305])
0	0.0	0.3120134828971561	([375], [375, 374])
0	0.0	0.3123010173403564	([386], [386, 385])
0	0.0	0.3125341655126471	([487], [487, 486])
0	0.0	0.3126491726631735	([579], [581, 578])
0	0.0	0.3127608254637114	([53], [53, 52])
0	0.0	0.3131100719574446	([272], [272, 271])
0	0.0	0.31326430195006083	([610], [610, 609])
0	0.0	0.31360414845111245	([338], [338, 337])
0	0.0	0.31380645874951735	([380], [380, 379])
0	0.0	0.3140162412061868	([352], [352, 351])
0	0.0	0.31402839305030844	([309], [309, 308])
0	0.0	0.31524911721388754	([424], [424, 423])
0	0.0	0.3155685896739179	([643], [643, 642])
0	0.0	0.31557396345897387	([86], [86, 85])
0	0.0	0.3161451523572179	([340], [340, 339])
0	0.0	0.31685248697918894	([421], [421, 420])
0	0.0	0.3170024108939316	([87], [87, 86])
0	0.0	0.3171179013314256	([110], [110, 109])
0	0.0	0.31736720632564414	([381], [381, 380])
0	0.0	0.3180285874392744	([549], [549, 548])
0	0.0	0.3184328163535076	([64], [64, 63])
0	0.0	0.31846441988337454	([305], [306, 304])
0	0.0	0.31912171182966076	([42], [42, 41])
0	0.0	0.31954291933902207	([455], [456, 454])
0	0.0	0.3200051924559242	([77], [77, 76])
0	0.0	0.32046246053288246	([223], [223, 222])
0	0.0	0.3204727574487652	([99], [99, 98])
0	0.0	0.3216246779278206	([620], [621, 619])
0	0.0	0.3224231417055798	([321], [321, 320])
0	0.0	0.3229059517468041	([246], [246, 245])
0	0.0	0.32342985656596746	([438], [438, 437])
0	0.0	0.3239498047203068	([51], [51, 50])
0	0.0	0.32399633838150843	([430], [430, 429])
0	0.0	0.3246006370573069	([69], [70, 68])
0	0.0	0.3246901159185572	([311], [311, 310])
0	0.0	0.32537988290491565	([296], [296, 295])
0	0.0	0.32626675453504045	([431], [431, 430])
0	0.0	0.32629049639566254	([50], [50, 49])
0	0.0	0.32647987875841666	([98], [98, 96])
0	0.0	0.32705879100519125	([271], [271, 269])
0	0.0	0.32708851703324426	([260], [260, 259])
0	0.0	0.32711767316271045	([29], [29, 28])
0	0.0	0.32715125274945106	([220], [220, 219])
0	0.0	0.3278594537697178	([447], [447, 446])
1	0.3184978530100168	0.32804789155965647	([579, 578], [581, 580, 578])
0	0.0	0.3283890990424239	([322], [322, 320])
0	0.0	0.32855285470348383	([625], [625, 624])
0	0.0	0.3285965246159584	([304], [304, 303])
0	0.0	0.32913825755576054	([126], [126, 125])
0	0.0	0.3293674923109113	([171], [171, 170])
0	0.0	0.32971566774356437	([245], [245, 244])
0	0.0	0.3298904131753381	([153], [153, 152])
0	0.0	0.3299572377330279	([228], [228, 227])
0	0.0	0.3301628223464777	([41], [42, 39])
0	0.0	0.3301881849578051	([166], [166, 165])
0	0.0	0.330744723066934	([364], [364, 363])
0	0.0	0.33097454174733837	([106], [106, 105])
0	0.0	0.3310997937285281	([256], [256, 255])
0	0.0	0.33132654258409217	([346], [346, 345])
0	0.0	0.33134676126599044	([347], [347, 346])
0	0.0	0.33162360409264857	([202], [202, 200])
0	0.0	0.33187898311333586	([365], [365, 364])
0	0.0	0.33223552335949713	([334], [334, 333])
0	0.0	0.33249714382956286	([377], [377, 376])
0	0.0	0.3328662965883297	([105], [105, 104])
0	0.0	0.3330678387711149	([104], [104, 103])
0	0.0	0.3331767652711515	([641], [641, 640])
0	0.0	0.3334560425318824	([180], [183, 182])
0	0.0	0.3338618910440188	([333], [334, 332])
0	0.0	0.33424763247788064	([437], [437, 436])
0	0.0	0.3344740714374095	([247], [247, 244])
0	0.0	0.33489587566699236	([301], [301, 300])
0	0.0	0.3351192202850629	([302], [302, 301])
0	0.0	0.3355222622833631	([331], [331, 330])
1	0.3190644259563593	0.33566423941387913	([566, 562], [566, 565, 562])
1	0.32628943966777046	0.33569533332732937	([157, 153], [157, 156, 153])
0	0.0	0.3358129342607853	([125], [125, 124])
0	0.0	0.3361670301600496	([261], [261, 260])
0	0.0	0.3361839373597425	([252], [252, 251])
0	0.0	0.33627191820002517	([436], [436, 435])
0	0.0	0.33638126405508967	([262], [262, 261])
0	0.0	0.33653914288221887	([376], [376, 375])
0	0.0	0.3383041697084505	([509], [509, 508])
0	0.0	0.33952971363486895	([449], [449, 448])
1	0.332626611175622	0.34000881217390777	([115, 111], [115, 114, 112])
0	0.0	0.34062816787565586	([312], [312, 311])
0	0.0	0.3409647778201038	([177], [177, 175])
0	0.0	0.34289101287040774	([490], [490, 489])
0	0.0	0.34309216927208797	([586], [586, 585])
0	0.0	0.3443056649596205	([28], [41, 40])
0	0.0	0.34475658081972577	([243], [243, 242])
0	0.0	0.34580797390983603	([58], [58, 57])
0	0.0	0.3461155904319717	([59], [59, 57])
0	0.0	0.3473236490984381	([123], [123, 122])
0	0.0	0.3473444969702331	([432], [432, 431])
1	0.34796375677208286	0.3484792498576727	([40, 39], [42, 41, 39])
0	0.0	0.34911889808526353	([489], [489, 488])
0	0.0	0.3500000324599302	([222], [222, 220])
0	0.0	0.35402793653377657	([84], [98, 97])
0	0.0	0.3546055493229382	([160], [160, 158])
0	0.0	0.35579946557023423	([224], [224, 223])
0	0.0	0.35585266099982416	([651], [651, 650])
0	0.0	0.35694800463886595	([173], [173, 172])
0	0.0	0.3576652673402266	([244], [244, 243])
0	0.0	0.3598756324691677	([212], [212, 211])
0	0.0	0.36021635034898314	([172], [172, 171])
0	0.0	0.36052945263964675	([24], [24, 23])
0	0.0	0.36106707106362307	([268], [268, 264])
0	0.0	0.3613806706168852	([264], [264, 263])
0	0.0	0.3638264071032026	([249], [249, 248])
0	0.0	0.3639723691584927	([97], [177, 176])
0	0.0	0.3655010763352992	([178], [178, 177])
0	0.0	0.3660357366239087	([251], [251, 250])
0	0.0	0.366124463691279	([237], [237, 236])
0	0.0	0.36670577129061654	([182], [180, 178])
0	0.0	0.367118815187179	([227], [227, 226])
0	0.0	0.3677309046176649	([176], [180, 179])
0	0.0	0.3681522198717268	([187], [187, 186])
0	0.0	0.3681795942783085	([185], [185, 184])
0	0.0	0.3692846742926619	([179], [84, 83])
0	0.0	0.3697711911990086	([40], [28, 27])
0	0.0	0.37048014353252484	([250], [250, 248])
0	0.0	0.37096774128586846	([186], [188, 184])
0	0.0	0.37564401282038035	([235], [235, 234])
0	0.0	0.37772583827690515	([27], [27, 26])
0	0.0	0.3778422209736048	([255], [257, 254])
1	0.3732224396725128	0.3786677561942166	([187, 185], [188, 187, 184])
0	0.0	0.3811473455993377	([217], [217, 216])
0	0.0	0.3811941837429209	([16], [16, 15])
0	0.0	0.38139882141288284	([229], [229, 226])
0	0.0	0.38350718797587857	([239], [239, 232])
0	0.0	0.38496000703009337	([211], [211, 210])
0	0.0	0.3853480745413096	([194], [194, 193])
0	0.0	0.3853717186378871	([193], [193, 191])
0	0.0	0.38661328945169887	([266], [266, 264])
0	0.0	0.3879150207361883	([439], [439, 438])
0	0.0	0.39185579135884424	([267], [267, 266])
0	0.0	0.39250174858890996	([226], [229, 225])
1	0.39286553733124246	0.3936518532386198	([268, 267], [268, 267, 264])
0	0.0	0.39371875213282137	([195], [195, 193])
0	0.0	0.39468274870825604	([191], [193, 187])
0	0.0	0.39538603688226714	([218], [218, 217])
1	0.39246006401925104	0.39730597095992926	([439, 436], [439, 438, 437])
0	0.0	0.39777356965926186	([216], [216, 214])
0	0.0	0.4016199517601143	([196], [196, 195])
0	0.0	0.40279880638537696	([184], [184, 183])
0	0.0	0.40302903069649737	([60], [60, 59])
0	0.0	0.4040911415446437	([61], [160, 159])
0	0.0	0.4077620963249863	([159], [61, 59])
0	0.0	0.41096805596429425	([232], [232, 231])
1	0.4111702480950695	0.41316500209335166	([191, 185], [193, 191, 188])
0	0.0	0.4131859233701012	([209], [209, 201])
0	0.0	0.41357958494561	([215], [215, 214])
0	0.0	0.4144039353836411	([241], [271, 270])
0	0.0	0.4153272598283234	([270], [241, 240])
0	0.0	0.4162385454098497	([234], [234, 233])
0	0.0	0.41845016074784364	([134], [134, 133])
0	0.0	0.41938976592262445	([207], [207, 205])
0	0.0	0.42060762510451755	([225], [225, 224])
0	0.0	0.4219144643865522	([0], [195, 192])
0	0.0	0.42209473490738636	([238], [238, 237])
0	0.0	0.4259354026340278	([208], [208, 199])
0	0.0	0.4296203408236281	([240], [242, 239])
0	0.0	0.43264700184391014	([213], [213, 212])
0	0.0	0.4344043974510011	([197], [197, 196])
0	0.0	0.4358085065674953	([230], [230, 229])
0	0.0	0.4362796327783579	([214], [214, 213])
0	0.0	0.4497265917667459	([199], [199, 192])
0	0.0	0.4514388794910887	([233], [236, 232])
0	0.0	0.4515048070417193	([206], [206, 197])
0	0.0	0.4560377244189601	([190], [190, 189])
0	0.0	0.45960761378623766	([203], [203, 190])
1	0.46312439938471156	0.46377650273328336	([334, 320], [334, 330, 320])
0	0.0	0.47211079378673754	([210], [215, 198])
1	0.47494728530576313	0.479198869029579	([241, 237], [241, 237, 232])
0	0.0	0.48295514254543637	([198], [210, 191])
1	0.476277409330754	0.48368649835611904	([206, 194], [206, 197, 194])
0	0.0	0.48813251256168017	([204], [204, 197])
1	0.4763998891780934	0.4901321726119243	([503, 497], [503, 501, 497])
0	0.0	0.4939968693354667	([201], [209, 208])
1	0.46229717605255866	0.4944103150252267	([199, 197], [199, 197, 195])
1	0.4708562801303705	0.5050885443024337	([238, 230], [238, 237, 236])
1	0.5008700967366596	0.5087832661831023	([204, 192], [204, 197, 192])
1	0.49976232856170416	0.5108245044556453	([233, 230], [234, 233, 230])
0	0.0	0.5142284576879061	([192], [210, 207])
1	0.4869661122170473	0.5195711956579487	([28, 15], [28, 27, 15])
1	0.5064390401488317	0.5228459384083378	([213, 199], [213, 210, 208])
1	0.4845214996635027	0.5271460057582686	([237, 229], [237, 232, 229])
1	0.4886660655826095	0.5319039891218454	([208, 193], [208, 199, 195])
1	0.5060017527155383	0.5319039891218454	([211, 208], [210, 208, 195])
1	0.5348351676916814	0.5357320570483113	([550, 534], [550, 543, 534])
1	0.5380122808067488	0.5501783710873291	([214, 207], [214, 212, 207])
1	0.54406094278657	0.5527075447644701	([233, 216], [233, 230, 225])
1	0.551436496102805	0.5538344085269437	([563, 552], [564, 563, 552])
1	0.5495893107315674	0.555589211570564	([584, 571], [584, 583, 571])
1	0.5259285503129955	0.5689830011845322	([205, 197], [208, 207, 196])
1	0.5565856982714236	0.5699148227250314	([250, 240], [250, 245, 244])
1	0.5574559480196869	0.5728825054777129	([239, 217], [239, 226, 217])
1	0.5204789429587664	0.5796651346783307	([212, 206], [212, 206, 194])
1	0.5158077917782448	0.5821380246820639	([667, 651], [668, 667, 651])
0	0.0	0.5850381095765887	([200], [200, 185])
1	0.5685284914427071	0.5942114397102689	([249, 238], [249, 242, 238])
1	0.5919512338058406	0.5982599782308456	([199, 40], [199, 58, 40])
1	0.6027655597303727	0.602957663002183	([311, 239], [321, 312, 311])
1	0.5817379809939217	0.6035626750298249	([340, 317], [340, 339, 317])
1	0.5980696803206014	0.6041889979325583	([389, 369], [389, 380, 375])
1	0.592656842731373	0.6043526752066624	([501, 487], [501, 499, 487])
1	0.5667914743313335	0.6043740600664549	([249, 229], [249, 241, 232])
1	0.5998390484981748	0.6053762150007038	([59, 30], [59, 57, 33])
1	0.5731960601307212	0.606956786933194	([557, 545], [557, 551, 545])
1	0.5982423241784599	0.614220241534779	([237, 218], [237, 229, 218])
1	0.6147488007077615	0.6164700113418117	([441, 429], [442, 441, 429])
1	0.6119113060797436	0.6168746354726448	([44, 24], [44, 35, 24])
1	0.59927132674978	0.61780573427992	([234, 212], [234, 226, 211])
1	0.6134060459504658	0.6181881163549467	([39, 25], [39, 32, 25])
1	0.6121148664417271	0.6224178671074754	([551, 520], [551, 550, 520])
1	0.6005609330605577	0.623719717463195	([443, 428], [443, 441, 429])
1	0.5086062035417992	0.6270389071611291	([213, 204], [213, 204, 192])
1	0.5365739334618486	0.6293247643884723	([213, 205], [213, 205, 196])
1	0.6224404955945236	0.6337087641442604	([216, 177], [233, 214, 176])
1	0.5747204186610035	0.6358334057228772	([255, 206], [266, 259, 255])
1	0.5279217247019851	0.6361596399934396	([204, 176], [204, 192, 179])
1	0.6204773975118897	0.6381298057610241	([202, 184], [208, 202, 184])
1	0.6381981686951111	0.639837487062888	([472, 457], [472, 463, 457])
1	0.6088910978054911	0.6453643082812404	([233, 176], [216, 210, 189])
1	0.6430859502486439	0.6454876256128178	([633, 614], [633, 625, 614])
1	0.6180099376279317	0.6551841732981213	([305, 238], [340, 316, 238])
1	0.6555436935394771	0.6573765108116991	([279, 233], [279, 262, 261])
1	0.6573462175581141	0.6575116177869446	([177, 148], [177, 161, 148])
1	0.6616176036321638	0.6632497085662566	([391, 233], [391, 386, 233])
1	0.6568477687082273	0.6632811874503637	([658, 624], [658, 640, 631])
1	0.6611631176796406	0.6636140338468622	([32, 1], [32, 23, 16])
1	0.6437088155423826	0.6650988310380525	([615, 587], [615, 599, 587])
1	0.5553606656942088	0.6657075579027627	([224, 206], [224, 212, 210])
1	0.6656699479026276	0.6659810676765485	([433, 397], [435, 433, 397])
1	0.6612820101935759	0.6661275813980935	([434, 395], [434, 433, 397])
1	0.5789463997044103	0.6662167871664496	([263, 238], [265, 250, 249])
1	0.6643720666056055	0.6663081963791035	([43, 21], [43, 32, 25])
1	0.6551797285648856	0.6687341594437863	([207, 163], [207, 182, 163])
1	0.6703695515308088	0.6713675382351898	([464, 437], [464, 454, 437])
1	0.6689864770446718	0.6722976847005072	([106, 66], [106, 92, 73])
1	0.6639411701771455	0.6725665840412803	([290, 238], [290, 268, 267])
1	0.6519958639354725	0.6742053599401691	([445, 411], [445, 427, 411])
1	0.6075573041097895	0.6752849685297952	([346, 238], [301, 290, 289])
1	0.6640181242363572	0.675748660470673	([154, 138], [154, 148, 133])
1	0.6702514099995599	0.6761108167146361	([484, 461], [484, 477, 461])
1	0.6288070469633358	0.6772933976837565	([300, 233], [296, 282, 279])
1	0.6742266143616605	0.6777126058602616	([514, 485], [514, 507, 506])
1	0.642383331885348	0.6780340287139992	([660, 623], [660, 633, 616])
1	0.6579362746501808	0.6782694522087643	([65, 0], [65, 36, 0])
1	0.6613010369911169	0.6786368293905042	([649, 615], [649, 625, 624])
1	0.6777614087677093	0.6797188463170262	([405, 383], [405, 400, 383])
1	0.6787781995485684	0.680064693055905	([436, 392], [436, 392, 390])
1	0.6738323364161798	0.6815323834330898	([162, 139], [162, 150, 146])
1	0.6500970321071887	0.6826666388599393	([610, 233], [640, 622, 618])
1	0.664287815569314	0.6852185537373611	([652, 613], [652, 637, 613])
1	0.6704390195455285	0.687870147541867	([174, 142], [174, 158, 143])
1	0.6868761975692994	0.6896112320885647	([511, 482], [511, 502, 487])
1	0.6863302198891443	0.689943468306664	([62, 2], [62, 30, 2])
1	0.6610033855620863	0.6901054899820376	([202, 155], [202, 182, 155])
1	0.6416939869855808	0.6909746741719268	([595, 517], [595, 586, 517])
1	0.6884010466078659	0.6920686048161785	([463, 433], [463, 460, 433])
1	0.6886431205127234	0.6921425157865216	([105, 72], [105, 88, 75])
1	0.691614715039297	0.6926178862309982	([578, 526], [578, 561, 526])
1	0.6596219549178308	0.6939821658287075	([460, 434], [460, 459, 434])
1	0.6779807919886371	0.6943936646705435	([202, 108], [202, 119, 108])
1	0.6449328604302864	0.6945570734496588	([436, 380], [436, 433, 389])
1	0.6933706804280942	0.6956457161931062	([78, 45], [78, 64, 47])
1	0.6763632979975988	0.6956457161931062	([80, 47], [80, 78, 47])
1	0.6834941777310358	0.6959495454426062	([495, 474], [495, 486, 479])
1	0.6892470340844751	0.6961735652865492	([318, 237], [318, 316, 237])
1	0.6505140690793108	0.6971146196018168	([436, 301], [436, 289, 269])
1	0.6832821665669944	0.6978258234464286	([90, 51], [82, 80, 51])
1	0.6961117847977231	0.6988579298124225	([231, 170], [231, 214, 170])
1	0.6857811188336966	0.6993176275429365	([79, 53], [79, 77, 53])
1	0.6744268597455974	0.6997792733357796	([480, 436], [480, 468, 436])
1	0.6207214632641336	0.6999091194986957	([233, 58], [233, 34, 15])
1	0.6868280196401584	0.7007362169384781	([663, 618], [663, 643, 618])
1	0.6972968385808775	0.7009764629863992	([389, 342], [389, 365, 342])
1	0.6872074694414101	0.7011361173683909	([229, 168], [229, 184, 174])
1	0.7003571050978877	0.7011361173683909	([230, 174], [230, 229, 174])
1	0.693936418662415	0.7015133406191865	([521, 484], [521, 517, 484])
1	0.7000658343095965	0.7025721046715439	([491, 436], [491, 480, 477])
1	0.6907327575896287	0.7030785303958307	([143, 107], [148, 124, 122])
1	0.6713427264931444	0.7032439560202497	([436, 346], [436, 346, 339])
1	0.6879615405563078	0.7042928310241632	([223, 183], [223, 210, 176])
1	0.6987030963959768	0.7050016308937175	([594, 519], [594, 566, 563])
1	0.7031097617962007	0.7064359425766761	([229, 133], [229, 152, 137])
1	0.6768164344011041	0.7066833190428912	([262, 234], [262, 251, 234])
1	0.7008389902137273	0.7071178839147573	([516, 462], [516, 499, 498])
1	0.7022027911498008	0.7072424448884702	([317, 260], [317, 300, 260])
1	0.6344806183283667	0.7077150894747787	([436, 249], [436, 390, 359])
1	0.7055123163326927	0.7077963926598536	([232, 173], [232, 217, 173])
1	0.7030673580991454	0.708385283935944	([278, 229], [278, 258, 249])
1	0.7086030259794512	0.7096448215714617	([395, 357], [395, 371, 369])
1	0.705988715016451	0.7105444429074063	([549, 477], [549, 518, 477])
1	0.7062426890183962	0.7106395904590946	([368, 234], [389, 386, 234])
1	0.7027000775024685	0.7115006044269262	([596, 515], [596, 563, 552])
1	0.7062270633747494	0.713054951788492	([647, 586], [647, 616, 607])
1	0.6873122950047469	0.7131194822518111	([415, 382], [415, 412, 382])
1	0.7127752376177975	0.7133854094804716	([644, 588], [644, 615, 588])
1	0.7032730630901086	0.714024505686005	([313, 266], [313, 293, 283])
1	0.7026625469055842	0.7146473821528441	([237, 163], [237, 216, 163])
1	0.6997301683934543	0.7147041688805937	([525, 436], [593, 567, 436])
1	0.7045384805065682	0.7147973668157982	([551, 498], [552, 551, 498])
1	0.7009882088279821	0.7147973668157982	([593, 494], [593, 552, 498])
1	0.6811186104251762	0.7149441994255772	([240, 180], [240, 214, 187])
1	0.7125888253688262	0.7150098150049332	([296, 229], [296, 289, 229])
1	0.6852132855144993	0.7150912513820573	([250, 154], [250, 176, 154])
1	0.6965122737293697	0.7152285727805578	([668, 546], [668, 667, 546])
1	0.6809208324617159	0.7158464973357042	([488, 434], [488, 465, 434])
1	0.707287586050669	0.7159534073298727	([492, 455], [492, 486, 455])
1	0.6701435717876935	0.7165338873781575	([303, 234], [303, 278, 271])
1	0.7068123680484538	0.7166743196474197	([641, 589], [641, 628, 589])
1	0.7063517659995419	0.7167099377843841	([434, 232], [434, 392, 234])
1	0.7030464945660531	0.7168047454478779	([111, 40], [111, 86, 76])
1	0.7138098687241253	0.7173172398334641	([94, 48], [94, 79, 51])
1	0.6948944658559759	0.7177623772324976	([654, 593], [654, 625, 593])
1	0.6625875442474014	0.7178576104678375	([250, 177], [250, 232, 177])
1	0.7032236557043824	0.717881908426713	([520, 434], [520, 491, 436])
1	0.6937310477454757	0.717881908426713	([593, 436], [522, 520, 436])
1	0.673623948893066	0.7178838892794013	([451, 412], [451, 431, 418])
1	0.7080447271692571	0.7183397382765069	([366, 250], [366, 352, 344])
1	0.6997629536574332	0.7185036901819173	([121, 19], [121, 90, 26])
1	0.7164904364776459	0.7188565087766793	([518, 460], [518, 477, 466])
1	0.7154036088948972	0.7194173310535239	([91, 41], [91, 77, 50])
1	0.7093601903028235	0.7195961163012246	([484, 435], [484, 462, 461])
1	0.6876422057277416	0.7198109246602697	([302, 249], [302, 289, 229])
1	0.7176240292235617	0.7198193852280239	([552, 402], [552, 520, 436])
1	0.5963503901382696	0.7198945413646677	([239, 178], [239, 217, 178])
1	0.7027441104143248	0.7200131813757514	([481, 438], [481, 461, 454])
1	0.7030779893950185	0.7205777293806692	([534, 435], [552, 519, 433])
1	0.7103546931044957	0.7207964418698956	([177, 106], [177, 148, 106])
1	0.7122206836886246	0.7209670332399979	([636, 580], [636, 604, 580])
1	0.7200369007185039	0.7210075849193456	([311, 257], [311, 290, 259])
1	0.7188277719024281	0.7210733882440646	([617, 506], [617, 615, 506])
1	0.641865216173312	0.721162657539027	([364, 238], [364, 345, 343])
1	0.7169595370141527	0.7213289971353304	([624, 552], [624, 596, 587])
1	0.7001706487008865	0.7214936779449685	([116, 45], [117, 90, 47])
1	0.7128032293252003	0.7218778893826245	([161, 120], [156, 155, 120])
1	0.716814623222211	0.7219119148976034	([327, 249], [327, 307, 249])
1	0.6225477274632708	0.7219191504717539	([239, 50], [239, 64, 50])
1	0.7185113263574274	0.7223247737867621	([666, 234], [649, 617, 597])
1	0.7075323521343384	0.7225857036507795	([563, 500], [563, 519, 518])
1	0.7186424310282133	0.7231441143518911	([336, 234], [336, 317, 234])
1	0.7114325526675337	0.7231441143518911	([344, 234], [344, 317, 234])
1	0.6766640886920894	0.7234346299758239	([585, 497], [587, 563, 518])
1	0.6880987739254529	0.7235457619407181	([622, 436], [622, 564, 436])
1	0.6600935744849427	0.7242846570255707	([436, 225], [436, 243, 225])
1	0.7232220233266813	0.7243148470979941	([146, 102], [146, 128, 102])
1	0.7228071440978034	0.7244536595922888	([635, 583], [635, 634, 583])
1	0.7085287158807844	0.7246274068873944	([133, 88], [133, 118, 88])
1	0.7112164785071388	0.7246630587757734	([480, 234], [480, 468, 234])
1	0.7202689968812	0.7247376253443797	([623, 520], [623, 520, 516])
1	0.6902491821156385	0.7247547652518583	([400, 317], [400, 369, 317])
1	0.706629032490583	0.7248610488718895	([191, 152], [191, 176, 165])
1	0.6995737370420891	0.7248819458383501	([110, 0], [95, 77, 62])
1	0.6975810888428063	0.7252718575354042	([436, 83], [436, 72, 58])
1	0.7089561689130702	0.7254053124530804	([487, 342], [487, 486, 342])
1	0.7012766948321251	0.7254772460576909	([349, 299], [349, 339, 299])
1	0.7174032145606637	0.7262529440455476	([152, 67], [152, 142, 65])
1	0.7155549916549965	0.7262741305289164	([144, 66], [146, 144, 71])
1	0.7061837697005938	0.7262961721290979	([419, 376], [419, 399, 397])
1	0.7154348522492238	0.7267905355128567	([146, 71], [144, 110, 108])
1	0.6546306960338463	0.7268309508960348	([229, 152], [229, 216, 152])
1	0.7156013108924073	0.7268407686454422	([108, 6], [108, 76, 6])
1	0.7226338435281539	0.7270253405736515	([162, 0], [152, 136, 0])
1	0.71585450707325	0.7271559339309338	([234, 122], [234, 122, 116])
1	0.7174077227656633	0.7272629521033646	([665, 602], [665, 620, 602])
1	0.7149854597116742	0.7272647770055628	([234, 87], [234, 149, 137])
1	0.6843704755823038	0.7275666148033888	([352, 250], [347, 340, 250])
1	0.7068158206059925	0.7278713840928402	([598, 513], [598, 596, 515])
1	0.7086722994260728	0.7282780114614669	([140, 70], [145, 140, 70])
1	0.7248774445968018	0.7286780940049368	([532, 497], [532, 527, 497])
1	0.5813024905194973	0.7287880045398281	([199, 172], [199, 184, 172])
1	0.7040552031821368	0.7288594334319792	([618, 508], [618, 595, 588])
1	0.7060020871472161	0.7289359860057186	([182, 128], [182, 177, 128])
1	0.7207129978815049	0.7291631240978109	([173, 61], [173, 145, 69])
1	0.72406033351513	0.72923201106801	([521, 465], [521, 519, 465])
1	0.7078117564288339	0.729346971727686	([142, 55], [152, 121, 67])
1	0.7057685073540293	0.7295364784760006	([394, 250], [394, 353, 352])
1	0.7167877445040584	0.729619038899745	([522, 495], [532, 518, 517])
1	0.7009622009992489	0.729770811960306	([336, 253], [336, 317, 253])
1	0.6479326483506552	0.7298469378217578	([604, 238], [625, 604, 593])
1	0.7227831314697661	0.7302309131902164	([249, 159], [249, 229, 174])
1	0.6942315029458888	0.7305896584765462	([435, 340], [435, 389, 370])
1	0.7261106128311163	0.7309248700794448	([249, 128], [249, 177, 174])
1	0.6957865603424814	0.73125346792434	([436, 5], [436, 58, 7])
1	0.711519347620637	0.7313167335836804	([398, 343], [398, 379, 343])
1	0.6918575207640218	0.7316539096433965	([160, 72], [160, 121, 107])
1	0.7018255983607583	0.7322533053128287	([125, 66], [125, 122, 66])
1	0.6478969206053286	0.7322533053128287	([238, 122], [238, 122, 66])
1	0.7150116732200997	0.7325644654061547	([610, 499], [610, 584, 518])
1	0.723884611584102	0.7325715341159047	([119, 50], [119, 76, 40])
1	0.7278760610763364	0.7327534737588941	([168, 125], [168, 155, 120])
1	0.7301499601562474	0.7337844151100297	([478, 398], [468, 434, 397])
1	0.7053467060379827	0.7338644464842907	([301, 240], [301, 254, 253])
1	0.7123116518852645	0.7339668533044282	([525, 447], [525, 447, 443])
1	0.7027980214012043	0.7340421522185738	([523, 496], [523, 515, 511])
1	0.7062982299948478	0.7340885252991466	([620, 519], [623, 620, 520])
1	0.7268593945526567	0.7341053333991012	([457, 402], [457, 435, 432])
1	0.7058185221407339	0.7342525265770986	([668, 488], [668, 517, 488])
1	0.7233600736829447	0.7343478925151782	([462, 401], [462, 446, 401])
1	0.7241793012536136	0.7346739789515364	([150, 63], [150, 122, 66])
1	0.6537740048385611	0.7347044123315464	([202, 119], [202, 155, 108])
1	0.7310969205497468	0.7350404390393083	([465, 399], [465, 464, 399])
1	0.7285195166312672	0.7353383827980302	([498, 399], [498, 447, 431])
1	0.7184921060296842	0.7353456568540296	([229, 101], [229, 133, 101])
1	0.718612786598422	0.7353514054202819	([460, 363], [460, 434, 363])
1	0.725332653008175	0.7354714862696344	([80, 23], [80, 47, 25])
1	0.7237565104301589	0.7358569467600631	([611, 512], [611, 553, 520])
1	0.646891210826983	0.7361306916643183	([340, 233], [340, 300, 260])
1	0.7325718189200365	0.7363344516480925	([517, 399], [517, 459, 435])
1	0.7324323413505623	0.7366680242559877	([147, 62], [147, 133, 62])
1	0.7307388882110785	0.7366931575567208	([461, 374], [461, 395, 374])
1	0.7269771554771909	0.7370074971409318	([232, 74], [232, 177, 106])
1	0.7346928631968411	0.7372524488656755	([516, 437], [516, 463, 437])
1	0.7294967236274152	0.7374245884867435	([334, 263], [334, 309, 292])
1	0.7135451506186857	0.7374287680413896	([87, 42], [87, 61, 38])
1	0.6434356145828118	0.7376886239804686	([352, 233], [352, 340, 250])
1	0.557963333803029	0.7379148275469891	([228, 205], [226, 213, 205])
1	0.7257217228622818	0.7390108050043478	([514, 400], [514, 480, 400])
1	0.7330163647658775	0.7390447691707851	([655, 514], [655, 620, 506])
1	0.7143333970194784	0.7390706968886643	([662, 513], [662, 661, 513])
1	0.6478848258110692	0.7391450191482586	([380, 233], [360, 344, 340])
1	0.7237409263526131	0.739188786128977	([514, 361], [514, 486, 472])
1	0.7325493672788432	0.7396376179824765	([127, 61], [131, 127, 61])
1	0.7386294768209272	0.7397001810831934	([236, 147], [236, 216, 150])
1	0.7015178320496241	0.741176757963918	([661, 436], [663, 622, 616])
1	0.7330139403453663	0.7412410374906641	([183, 126], [183, 144, 126])
1	0.7089303880631004	0.7413587857783274	([486, 361], [486, 463, 342])
1	0.7331184574327655	0.7416130543737135	([115, 30], [115, 79, 43])
1	0.6745170491382327	0.7417245790197817	([399, 313], [395, 341, 317])
1	0.7208216746421335	0.7419213248658603	([122, 52], [122, 66, 57])
1	0.7312942011431208	0.7422378833835634	([98, 10], [98, 80, 10])
1	0.7327696264867103	0.7423290350337084	([646, 569], [646, 615, 603])
1	0.7305384757018109	0.7425320349455878	([664, 510], [664, 610, 510])
1	0.7134317778758852	0.742605475712428	([498, 431], [521, 498, 431])
1	0.7303245966655029	0.7426284635473117	([406, 310], [406, 402, 310])
1	0.6606989104812158	0.7426804931601901	([349, 240], [349, 303, 299])
1	0.7351806362283064	0.7426804931601901	([362, 303], [362, 349, 303])
1	0.7346640231196085	0.7427429260585885	([659, 508], [659, 616, 597])
1	0.7317027665766538	0.7434297043672173	([228, 167], [228, 218, 181])
1	0.7181964540331813	0.7434489014566152	([617, 234], [666, 650, 513])
1	0.7320358542296821	0.7434601057008339	([511, 368], [511, 487, 368])
1	0.7434793784848811	0.7436015683702834	([584, 480], [584, 497, 480])
1	0.7396639635725175	0.7437508487429397	([474, 240], [494, 473, 240])
1	0.7209926006590431	0.7437508487429397	([494, 250], [494, 491, 240])
1	0.7366200767177803	0.7439154124638787	([494, 440], [494, 470, 449])
1	0.728445121345406	0.7439154124638787	([493, 449], [494, 493, 449])
1	0.7270612631257583	0.7439746775642992	([114, 11], [114, 75, 4])
1	0.709208501847372	0.7441315522761296	([521, 439], [498, 476, 471])
1	0.7441507508817272	0.7445531626867139	([473, 422], [473, 449, 447])
1	0.7355792259303997	0.7446968092928967	([237, 144], [237, 163, 136])
1	0.7171451108328071	0.7447631471194202	([253, 136], [253, 172, 148])
1	0.7325160698715035	0.7447631471194202	([247, 148], [253, 247, 148])
1	0.7412554985249857	0.7451282489143506	([513, 394], [513, 435, 432])
1	0.7251158627015453	0.7453370883513555	([512, 395], [512, 462, 461])
1	0.7361623682637136	0.7455314180859582	([294, 223], [284, 250, 245])
1	0.7325149486118222	0.7455838105184098	([532, 473], [532, 497, 494])
1	0.736343024707396	0.745649687406332	([322, 261], [322, 313, 261])
1	0.72959207765658	0.7461261537906634	([504, 389], [517, 504, 389])
1	0.7029381289724672	0.7461715173414039	([217, 0], [217, 173, 152])
1	0.7178461074139797	0.7466078592535446	([640, 554], [640, 597, 586])
1	0.7244948820868912	0.7466476350368094	([123, 17], [123, 49, 26])
1	0.7250208398701081	0.7470558688502003	([383, 307], [395, 383, 313])
1	0.743000785251587	0.7471369881989338	([532, 448], [532, 517, 435])
1	0.7310104578778472	0.7471827113860738	([555, 493], [559, 555, 493])
1	0.6672528690290501	0.7472078103476028	([210, 153], [220, 210, 176])
1	0.6473576458806445	0.7475540489121264	([625, 238], [625, 584, 550])
1	0.7453728142065037	0.7475805409337791	([467, 346], [467, 435, 346])
1	0.7409769876231392	0.7475862717834597	([663, 503], [663, 644, 503])
1	0.6133248554513652	0.7476018410188239	([238, 68], [230, 174, 71])
1	0.6946642974691759	0.7476323936199707	([240, 66], [240, 148, 147])
1	0.7422486027653343	0.7478215541949675	([574, 496], [589, 574, 496])
1	0.7370058348211331	0.7479214392919801	([164, 100], [164, 145, 108])
1	0.7439450955997621	0.7480082826235255	([378, 335], [378, 350, 335])
1	0.7413174700169989	0.7480174066190599	([602, 537], [602, 570, 563])
1	0.7413457319704365	0.7482557378085304	([478, 250], [494, 478, 462])
1	0.739904858324383	0.748291571050059	([524, 445], [541, 524, 445])
1	0.7435040543757477	0.7483068983130959	([482, 367], [482, 463, 390])
1	0.7474842879884944	0.7491591430922351	([362, 236], [362, 316, 303])
1	0.7046966888197016	0.7493268307104082	([363, 226], [363, 299, 232])
1	0.7031339869225148	0.7494171318220892	([668, 517], [668, 658, 517])
1	0.7446624042263132	0.7494633815710464	([580, 492], [588, 580, 492])
1	0.7315817703441538	0.7496037306741165	([463, 390], [484, 482, 367])
1	0.7339618732745333	0.7496385509670719	([508, 369], [508, 482, 353])
1	0.7026665090280172	0.7496436006488414	([484, 355], [508, 486, 369])
1	0.7449457451426422	0.7497197020476681	([348, 266], [348, 316, 266])
1	0.7353941016390444	0.7500367914792093	([126, 42], [126, 112, 42])
1	0.7468350834154873	0.7501832427653069	([525, 419], [525, 443, 419])
1	0.6608594122519568	0.7502008885925057	([229, 64], [229, 101, 64])
1	0.7142724194590196	0.7502008885925057	([240, 101], [240, 101, 64])
1	0.6759146851229644	0.7504665198286204	([667, 544], [667, 594, 573])
1	0.7398998793922393	0.7505580347162839	([505, 430], [505, 460, 435])
1	0.7406403253664261	0.7520490789952351	([636, 532], [636, 580, 532])
1	0.6379472253700587	0.7523013001846471	([205, 86], [205, 86, 28])
1	0.7486672963614733	0.7523529139051786	([488, 366], [488, 400, 369])
1	0.7387808255039436	0.7524139434558034	([509, 362], [509, 487, 368])
1	0.7498647514132424	0.7526291155253976	([624, 240], [624, 486, 240])
1	0.7315436539143422	0.752632976611421	([583, 432], [583, 554, 432])
1	0.7032914625623388	0.7528651867293883	([491, 240], [486, 369, 240])
1	0.7327499626618117	0.7533750959212998	([527, 452], [527, 494, 429])
1	0.7350172584161468	0.7537306215727358	([435, 304], [435, 340, 304])
1	0.7016607125821758	0.753974078699268	([180, 116], [180, 167, 129])
1	0.7476294947774113	0.7539839565712417	([358, 249], [395, 358, 346])
1	0.7328992160349778	0.75401489305323	([149, 31], [152, 149, 33])
1	0.7515017635795549	0.754642584000788	([477, 363], [477, 401, 363])
1	0.7380894833309394	0.7546650163664694	([456, 380], [456, 422, 399])
1	0.7504705305309324	0.7547423284764908	([539, 449], [540, 539, 449])
1	0.7480832522083711	0.7549938370276393	([428, 335], [445, 428, 335])
1	0.7537745493170941	0.7551040371733331	([335, 251], [335, 301, 251])
1	0.7481688055007029	0.7552841290645183	([448, 316], [448, 435, 344])
1	0.7487655494759833	0.7555890305891803	([632, 492], [632, 589, 492])
1	0.6360053971146109	0.7556149598226533	([376, 238], [376, 351, 343])
1	0.7437344266883068	0.7557707735407835	([584, 435], [584, 480, 435])
1	0.7549148940599055	0.7560672383993903	([397, 315], [397, 349, 342])
1	0.7297453163177008	0.7562080749981172	([528, 440], [540, 495, 447])
1	0.7479854815503613	0.7562395844452034	([141, 47], [141, 125, 47])
1	0.7543402997824333	0.7563299627187599	([573, 437], [573, 549, 437])
1	0.7538784526857749	0.7563652934793735	([483, 364], [483, 395, 375])
1	0.7521176058984796	0.7565203846099254	([372, 290], [379, 372, 304])
1	0.7560005578249888	0.757162744257486	([387, 237], [390, 387, 237])
1	0.7328329916299723	0.75718356977867	([501, 386], [501, 483, 386])
1	0.7285005119464698	0.7572482913036661	([250, 35], [250, 240, 35])
1	0.6594098060347849	0.7573382595686479	([233, 83], [233, 83, 58])
1	0.6465703223091581	0.7573398360830933	([455, 233], [458, 389, 386])
1	0.7566101919118271	0.7574182818024425	([373, 295], [383, 373, 295])
1	0.7307189759428457	0.7574182818024425	([417, 295], [417, 383, 295])
1	0.6530292998761538	0.7574974295785102	([534, 233], [610, 534, 514])
1	0.7572027982801238	0.7575297179377802	([599, 487], [599, 586, 487])
1	0.7520733359973434	0.7577582076364228	([292, 213], [292, 253, 227])
1	0.6575320987106018	0.7580144323870016	([523, 238], [584, 523, 518])
1	0.7452705859018839	0.7584965193366797	([404, 336], [428, 404, 336])
1	0.7539176504982241	0.7586548142702406	([660, 484], [660, 618, 507])
1	0.755743621257976	0.7586829576489844	([526, 407], [526, 443, 407])
1	0.7571332517090389	0.7587309544171569	([210, 64], [210, 148, 146])
1	0.7424311305337745	0.7589036406619707	([554, 404], [554, 432, 404])
1	0.748349778370947	0.7589283085891626	([505, 356], [505, 476, 356])
1	0.6026742929945577	0.759271787748127	([321, 239], [311, 250, 241])
1	0.7462375309689983	0.7593484320235356	([371, 252], [371, 365, 252])
1	0.7450615933978316	0.7594307634017073	([668, 136], [668, 179, 136])
1	0.7407818322567719	0.7601750965295658	([290, 158], [290, 248, 234])
1	0.7405476638190799	0.7601917082876717	([381, 299], [403, 381, 299])
1	0.7108571521916048	0.7606802369120917	([210, 120], [210, 146, 102])
1	0.7481908521951985	0.7608841313461606	([297, 219], [297, 254, 253])
1	0.7456733858434759	0.7609917803042715	([631, 526], [638, 631, 526])
1	0.7516918871932279	0.7610571713229052	([413, 337], [432, 348, 316])
1	0.7525646174725114	0.7611398042474824	([479, 407], [479, 448, 416])
1	0.7408455845260685	0.7612135506772157	([557, 413], [557, 493, 428])
1	0.6519638945797658	0.7614375119053463	([486, 238], [486, 346, 342])
1	0.61905643479846	0.761619636932177	([584, 238], [625, 564, 486])
1	0.6598083815062341	0.7616654757542103	([258, 207], [258, 247, 210])
1	0.760498259091803	0.7620444517808765	([613, 447], [613, 552, 549])
1	0.7505677373310072	0.7620610426207082	([558, 474], [541, 534, 474])
1	0.7538394469713127	0.7623619615716151	([230, 112], [230, 154, 142])
1	0.7552152909773063	0.7625112050119385	([404, 265], [404, 338, 336])
1	0.7551907693133774	0.7625962266013908	([407, 302], [407, 402, 302])
1	0.7604461854355746	0.7626139036335606	([132, 5], [132, 77, 74])
1	0.7578322478695726	0.7627179882982342	([216, 6], [173, 61, 6])
1	0.7476622599384541	0.7627959671430343	([348, 231], [360, 348, 231])
1	0.7415628144357603	0.7629755984529955	([479, 350], [509, 479, 362])
1	0.7550902518251627	0.7629868068391363	([237, 2], [237, 70, 2])
1	0.7321082657413608	0.7632448790716535	([460, 250], [478, 460, 363])
1	0.6627067104700581	0.7632514117025961	([418, 233], [458, 418, 402])
1	0.727050718177109	0.7633242018732201	([250, 92], [250, 92, 42])
1	0.7529179852345501	0.7633788994136618	([394, 223], [394, 250, 245])
1	0.6490333248507383	0.7637112021509326	([238, 165], [238, 217, 165])
1	0.7614307200825489	0.7639712464354841	([474, 371], [474, 466, 371])
1	0.7572478309171349	0.7641015627002751	([467, 376], [467, 376, 362])
1	0.7501501561264775	0.7641408648804757	([253, 69], [253, 129, 83])
1	0.7501785779274499	0.7642146821585734	([388, 334], [399, 388, 334])
1	0.7455937442823927	0.7643867941701149	([668, 353], [668, 395, 353])
1	0.7619384059191299	0.7645581153749629	([668, 80], [668, 136, 77])
1	0.6958525469184162	0.7645816842297056	([229, 22], [229, 64, 2])
1	0.7647959346849226	0.7649868731897678	([504, 351], [504, 389, 363])
1	0.7093811548235422	0.7653006910109948	([489, 229], [508, 489, 229])
1	0.7281357505499528	0.7653006910109948	([563, 229], [563, 508, 229])
1	0.7599771114955843	0.7653529127332944	([429, 314], [429, 397, 314])
1	0.747025045565789	0.7655773356536983	([501, 349], [501, 463, 461])
1	0.7590543966019621	0.7656734933137544	([612, 398], [633, 626, 398])
1	0.755799360146983	0.765695525424535	([309, 228], [313, 309, 236])
1	0.7595733960637477	0.7658293655817414	([668, 236], [668, 236, 172])
1	0.7584366236409086	0.7661616632824574	([633, 398], [626, 503, 398])
1	0.7154090884122944	0.7664949909686176	([454, 229], [479, 470, 229])
1	0.7503552790668165	0.7665212271662407	([483, 237], [483, 466, 237])
1	0.7285275977901086	0.766522066425194	([443, 306], [443, 428, 306])
1	0.7653508676402608	0.7666795952620499	([581, 412], [581, 559, 412])
1	0.7526308222963617	0.7667193532331272	([186, 26], [210, 191, 21])
1	0.7559622516395856	0.7667850895807905	([529, 441], [553, 498, 421])
1	0.7577461099019716	0.76693807088216	([165, 91], [165, 125, 81])
1	0.7516859892996527	0.7669924372526783	([191, 25], [210, 123, 102])
1	0.754246676892658	0.7671432522133812	([537, 470], [537, 522, 470])
1	0.7558062414738754	0.7671432522133812	([566, 470], [566, 522, 470])
1	0.7441778972932163	0.7672054598241548	([399, 227], [399, 370, 227])
1	0.7657249196284839	0.7674010980636172	([516, 348], [516, 461, 348])
1	0.76231228201979	0.7676041627938166	([438, 291], [438, 338, 291])
1	0.7445788088726231	0.7678123351512326	([408, 330], [408, 406, 330])
1	0.752162160690348	0.768101987680986	([252, 108], [252, 222, 108])
1	0.7602388554212006	0.7681286981785096	([313, 210], [313, 243, 210])
1	0.7029424801048634	0.7681286981785096	([345, 210], [345, 243, 210])
1	0.757495786720556	0.768177810799814	([655, 229], [620, 516, 229])
1	0.7666022058374937	0.7683567153805746	([338, 168], [338, 246, 229])
1	0.7641875122616555	0.7685720365205335	([398, 151], [398, 179, 151])
1	0.7525454759835439	0.7685848205364879	([426, 305], [417, 408, 305])
1	0.7232860376340906	0.7685897613258037	([249, 30], [249, 152, 111])
1	0.747627550534551	0.7690079012918981	([432, 216], [432, 349, 216])
1	0.7488776874598119	0.7691089157461349	([571, 420], [571, 497, 420])
1	0.730902627756659	0.76945065825717	([403, 229], [403, 389, 229])
1	0.7664390849550274	0.7698642784044987	([341, 152], [341, 316, 152])
1	0.7248987797778588	0.7699411683881282	([469, 370], [469, 457, 370])
1	0.755788599927193	0.7701474644691657	([291, 212], [291, 252, 212])
1	0.7646850089713602	0.7702847668390512	([382, 308], [382, 379, 308])
1	0.7639582680774643	0.7704515167786407	([299, 180], [299, 240, 222])
1	0.7553271164676062	0.7707483817966909	([523, 406], [523, 461, 377])
1	0.7672297801183945	0.7712208328282559	([578, 417], [578, 458, 450])
1	0.7499142658514109	0.7712208328282559	([578, 458], [578, 528, 450])
1	0.6136538511147063	0.7714371304415392	([364, 239], [364, 239, 230])
1	0.7708132421984049	0.7716759250125074	([164, 14], [164, 50, 10])
1	0.760298773421802	0.7718402514677907	([637, 482], [637, 502, 482])
1	0.6909566691850967	0.7720192062806558	([436, 165], [436, 165, 83])
1	0.7682980018417449	0.7720513443569867	([237, 42], [237, 42, 0])
1	0.7607753998226812	0.7722191197259038	([156, 45], [156, 126, 113])
1	0.7674887916873456	0.7723131857235016	([228, 65], [229, 228, 30])
1	0.6449178637081135	0.7723243094619823	([233, 125], [233, 125, 41])
1	0.7683845932749737	0.7727027454610669	([440, 332], [440, 332, 307])
1	0.7585462706861682	0.7727027454610669	([440, 252], [440, 424, 307])
1	0.7602533030026707	0.7728470288343124	([507, 370], [511, 507, 370])
1	0.7555992645774858	0.7730546296413521	([231, 104], [231, 114, 104])
1	0.5937420671408559	0.7730546296413521	([233, 15], [231, 210, 114])
1	0.7628730387239057	0.7731658141829736	([560, 408], [560, 557, 408])
1	0.5505410279600271	0.773239796697152	([270, 239], [311, 270, 256])
1	0.753546896541773	0.7734840625034105	([214, 4], [214, 150, 4])
1	0.7621659098499055	0.7735475950815037	([605, 210], [667, 605, 589])
1	0.7561959613279989	0.773602637155067	([302, 193], [302, 282, 211])
1	0.7734768122502863	0.7736453150812392	([168, 36], [168, 156, 36])
1	0.7686640567464325	0.7738761194384818	([268, 168], [268, 216, 173])
1	0.6281385525524684	0.7742859884926147	([238, 23], [238, 77, 23])
1	0.7741697091461105	0.7742916849981847	([643, 530], [654, 643, 530])
1	0.7410959540688965	0.7743948935815639	([668, 6], [668, 77, 4])
1	0.7721276211526901	0.7745626548331559	([361, 150], [361, 249, 229])
1	0.7650002123059357	0.7748508386538535	([377, 325], [406, 377, 325])
1	0.7502155532298583	0.7751152145111199	([562, 398], [562, 483, 479])
1	0.7540302873827323	0.7751185554961196	([634, 547], [634, 583, 561])
1	0.6640903129382988	0.7754800434261958	([202, 53], [202, 108, 53])
1	0.764729388604711	0.7757077887124425	([161, 23], [161, 73, 23])
1	0.7737532314278044	0.7759897012241073	([425, 210], [451, 415, 210])
1	0.6722450284147552	0.7761030044544737	([516, 233], [534, 516, 495])
1	0.7658589998688579	0.7761506677526828	([373, 152], [373, 345, 152])
1	0.7734807982776436	0.7766514334736552	([540, 210], [608, 520, 210])
1	0.7542570844447722	0.7769644466672591	([623, 390], [623, 517, 399])
1	0.7607833989200299	0.7770491701666036	([526, 335], [526, 443, 335])
1	0.7681028195864213	0.7770972269951466	([449, 329], [451, 406, 329])
1	0.6432174619845876	0.7773535917697083	([640, 233], [516, 458, 437])
1	0.7683463513935997	0.7789881823115363	([665, 350], [665, 512, 350])
1	0.7778259921732623	0.7791780392515681	([600, 464], [600, 490, 399])
1	0.7655360312323123	0.779387666240026	([607, 457], [612, 607, 457])
1	0.7727502738888344	0.779444462178607	([355, 144], [355, 173, 144])
1	0.7620045677338089	0.779444462178607	([359, 173], [359, 355, 173])
1	0.7769437119079239	0.779635261556366	([660, 391], [660, 517, 484])
1	0.7529239631531358	0.7796400743830109	([342, 161], [342, 242, 214])
1	0.7766391309406724	0.7798393358163273	([389, 136], [389, 249, 229])
1	0.7782591683403229	0.7799046769371805	([470, 308], [470, 424, 308])
1	0.7756729753194083	0.7805387548696953	([666, 396], [666, 396, 368])
1	0.7800651771620513	0.7807152128046901	([644, 250], [644, 610, 250])
1	0.7367498239361379	0.7809608247116748	([597, 250], [597, 508, 250])
1	0.7555819916689132	0.7811852585609229	([398, 221], [398, 242, 221])
1	0.7439308984020718	0.7812815856861541	([280, 183], [280, 244, 225])
1	0.7806798647564546	0.7813049701649474	([630, 483], [630, 623, 483])
1	0.7652574251829259	0.7813903614196098	([606, 475], [606, 600, 475])
1	0.7677443372284639	0.7817098247852156	([451, 210], [415, 313, 310])
1	0.6287933562635091	0.7817601929780279	([205, 125], [205, 125, 86])
1	0.7793780763231066	0.7819873772304067	([645, 556], [645, 584, 556])
1	0.76077408820631	0.7820065639331303	([400, 244], [400, 303, 244])
1	0.6067175011054009	0.7820756576564286	([239, 105], [239, 105, 64])
1	0.7703324670779661	0.7821220905118405	([539, 425], [539, 523, 425])
1	0.7792005049088755	0.7822405957289997	([296, 145], [296, 250, 145])
1	0.7311956053591968	0.7823757974392929	([667, 210], [540, 454, 427])
1	0.777733909207857	0.7824883326956945	([181, 1], [181, 117, 1])
1	0.6697624964927336	0.7828225260985819	([547, 207], [547, 520, 210])
1	0.7799749342875434	0.7828236842118589	([366, 151], [366, 250, 151])
1	0.7769559520844351	0.7830208130291635	([340, 172], [340, 317, 172])
1	0.7823895909392141	0.7830238262817142	([492, 312], [492, 411, 312])
1	0.7770995487669561	0.7830726555997917	([295, 161], [295, 291, 161])
1	0.740209108865949	0.7832880177078629	([399, 211], [399, 227, 211])
1	0.7758836920773028	0.7835036461096507	([178, 35], [178, 117, 66])
1	0.7725963364231554	0.7851739151782801	([279, 155], [279, 259, 155])
1	0.7521402296751938	0.7852629830557948	([625, 355], [625, 434, 370])
1	0.7721219843013519	0.7861847374420315	([224, 55], [224, 150, 66])
1	0.6828728821136882	0.7866298914221025	([436, 58], [436, 249, 84])
1	0.7585582143431668	0.7866662030940096	([614, 349], [614, 507, 349])
1	0.7800343029334826	0.7868203806083904	([307, 99], [317, 307, 130])
1	0.778780273019985	0.7868347355149695	([262, 90], [262, 253, 90])
1	0.7799358545200158	0.7868515210700318	([409, 232], [409, 387, 268])
1	0.6650000141909581	0.7873544664979278	([207, 25], [217, 207, 25])
1	0.7324759743036814	0.7879187216949088	([398, 242], [398, 339, 221])
1	0.7691240099981045	0.7881697928179244	([398, 127], [398, 151, 127])
1	0.7750894822942117	0.7882956313158469	([616, 386], [597, 501, 386])
1	0.7790747903421044	0.7883342455903837	([595, 249], [595, 509, 470])
1	0.7883926472254346	0.7884287878761127	([477, 145], [477, 252, 250])
1	0.7629431158623555	0.789270486702454	([451, 268], [451, 439, 268])
1	0.7847465053091363	0.7894628952359048	([478, 326], [478, 427, 326])
1	0.7805955369814446	0.7900145353863866	([618, 408], [618, 506, 392])
1	0.7892314769040112	0.7908514974871992	([245, 62], [245, 227, 62])
1	0.601389830908224	0.7910370541562192	([239, 64], [239, 232, 64])
1	0.7682555948735145	0.7910967823089722	([622, 342], [622, 500, 395])
1	0.7332883047334627	0.7918494697184243	([344, 160], [344, 227, 160])
1	0.7787983445847119	0.792136789224345	([666, 3], [667, 666, 3])
1	0.7835696566525079	0.7922087708527965	([435, 67], [477, 435, 67])
1	0.7877730309287309	0.79235765329265	([386, 177], [386, 296, 250])
1	0.6524623204032781	0.7925859496347859	([260, 202], [260, 202, 182])
1	0.7870389909606833	0.7927711579981539	([288, 126], [288, 223, 214])
1	0.7924675338100106	0.7930806293060556	([268, 81], [268, 246, 81])
1	0.790616177122581	0.7932614509706168	([401, 150], [401, 363, 150])
1	0.785734066317004	0.7932909313927495	([285, 132], [285, 230, 140])
1	0.7838157066025033	0.7933305618127754	([294, 110], [294, 249, 228])
1	0.7827774942907668	0.7936413680589719	([346, 135], [346, 135, 107])
1	0.7933015926489361	0.7936417014787231	([616, 230], [616, 610, 232])
1	0.7624033369828715	0.7937086247968747	([456, 320], [456, 437, 320])
1	0.7485330695034299	0.7938202943226044	([193, 38], [193, 61, 38])
1	0.7938342165694492	0.7941455210407886	([639, 455], [639, 526, 525])
1	0.7793184629239457	0.794605170128073	([308, 156], [308, 257, 249])
1	0.7695938043735865	0.7947004280095455	([256, 41], [256, 139, 138])
1	0.792957609283533	0.7951083514168013	([561, 416], [561, 436, 435])
1	0.7924953098811073	0.7952418471788093	([313, 81], [313, 271, 51])
1	0.777884848926035	0.7962224193397435	([461, 87], [461, 345, 87])
1	0.792148707380823	0.7963511601024792	([413, 272], [413, 384, 272])
1	0.7887849573617219	0.7964301342598986	([455, 283], [455, 316, 313])
1	0.7924012181124709	0.7966840695746804	([302, 105], [302, 249, 105])
1	0.7690409212470368	0.7969684443932848	([668, 292], [668, 292, 236])
1	0.7955625044311284	0.796981350288501	([470, 245], [470, 354, 245])
1	0.7949462541758062	0.7970260210956883	([602, 385], [602, 570, 413])
1	0.7896935275653002	0.7972189767169658	([624, 371], [624, 507, 371])
1	0.793545585587411	0.7973365669389695	([340, 57], [340, 153, 145])
1	0.7968785450734918	0.7974252822784361	([328, 139], [328, 254, 139])
1	0.7810316360807577	0.7974478890200358	([421, 172], [421, 316, 253])
1	0.7523659258544159	0.7977903955038075	([405, 287], [405, 321, 304])
1	0.7762428267464351	0.7978292249707822	([432, 109], [432, 250, 109])
1	0.7975385192734856	0.7978378238716343	([631, 363], [631, 625, 363])
1	0.7841242306880226	0.7978719228346316	([391, 1], [391, 361, 1])
1	0.7953887889528805	0.7980621144510885	([628, 359], [628, 504, 499])
1	0.7918815105194391	0.79853781391819	([293, 54], [293, 250, 54])
1	0.7624014069861548	0.7986882088657358	([271, 98], [271, 141, 129])
1	0.7886621724811055	0.7990937838653477	([636, 380], [636, 468, 380])
1	0.7850396693263136	0.799099860563425	([271, 51], [313, 211, 81])
1	0.7736288369264275	0.8019577901910482	([399, 73], [399, 347, 73])
1	0.7786200754107306	0.8020764438975564	([324, 121], [324, 243, 220])
1	0.7981171835626361	0.8023330834791269	([277, 197], [277, 258, 197])
1	0.7664063356436243	0.8023651343116452	([379, 124], [379, 298, 124])
1	0.8025430917790985	0.8034563004450886	([382, 193], [382, 358, 240])
1	0.7840149276719711	0.8037263192035654	([194, 98], [194, 179, 98])
1	0.7938217076327934	0.8043567658272374	([459, 59], [459, 361, 59])
1	0.798502268586697	0.8044013357507742	([383, 158], [383, 304, 240])
1	0.7975557778583225	0.8048763711438777	([659, 221], [659, 505, 466])
1	0.7771562991847184	0.8054466425947866	([360, 3], [360, 165, 3])
1	0.802878941726451	0.8055707948537645	([486, 149], [486, 350, 240])
1	0.7866588519156655	0.8055817193011312	([665, 193], [516, 390, 193])
1	0.73361783147267	0.8056341492240309	([668, 197], [668, 488, 4])
1	0.8002603201179943	0.805762365270662	([628, 193], [628, 606, 193])
1	0.8048446446237363	0.8060151248984578	([332, 131], [332, 162, 131])
1	0.7967952238333996	0.8063107158880392	([411, 169], [411, 409, 169])
1	0.8061304789504056	0.8066894886316764	([305, 36], [305, 127, 95])
1	0.803934407451586	0.8076717145019167	([642, 445], [642, 445, 382])
1	0.8036818268156064	0.8081511813505072	([423, 222], [474, 423, 222])
1	0.8058109418971111	0.8082051343103529	([374, 75], [435, 374, 157])
1	0.8063977350739261	0.8082767836287935	([310, 6], [310, 260, 6])
1	0.7931361538812322	0.8082799760274193	([494, 193], [494, 394, 193])
1	0.601307690731229	0.808975505220867	([205, 28], [205, 196, 125])
1	0.5582561205910164	0.8091247434644087	([438, 204], [489, 438, 377])
1	0.8007730359546144	0.8094126821611791	([261, 99], [261, 256, 99])
1	0.8073480216924916	0.8094874717833271	([269, 49], [269, 211, 92])
1	0.7066986998987497	0.8096029158629269	([667, 0], [666, 482, 1])
1	0.5518061401056991	0.810204036180595	([266, 206], [266, 212, 206])
1	0.7742020264367341	0.8107806849898553	([505, 221], [505, 433, 221])
1	0.7982738902212975	0.8109022740023766	([646, 220], [646, 246, 234])
1	0.8084670074274053	0.8109308470686003	([259, 40], [259, 135, 113])
1	0.7990152394230186	0.8109708349793463	([431, 142], [431, 266, 256])
1	0.7781067981935947	0.8109730090468418	([435, 157], [374, 225, 142])
1	0.8067906483368908	0.811615813943745	([578, 327], [578, 445, 327])
1	0.811704940684286	0.8121742548826175	([377, 170], [377, 173, 170])
1	0.8115838939096867	0.8121742548826175	([377, 30], [377, 291, 173])
1	0.8027152529846091	0.8127208923975949	([402, 29], [402, 342, 66])
1	0.80934574462978	0.81308502506254	([315, 77], [315, 256, 2])
1	0.8121121896865601	0.8137181043071348	([570, 331], [570, 383, 331])
1	0.8135158389237178	0.8144909235251327	([531, 287], [531, 495, 287])
1	0.8027116589925267	0.8146159848771599	([331, 129], [331, 223, 181])
1	0.8027527524537986	0.8153712065847799	([369, 208], [369, 253, 208])
1	0.7831853778348649	0.8157863461869713	([398, 0], [665, 398, 360])
1	0.7934253016926464	0.8160642079782787	([537, 150], [537, 418, 401])
1	0.7926161141475373	0.8163740302731276	([486, 6], [486, 346, 6])
1	0.799603549011165	0.8165425670951175	([640, 73], [640, 567, 73])
1	0.7685399232722536	0.8166081296010645	([437, 167], [437, 265, 167])
1	0.8144392485046847	0.8169643316193599	([397, 3], [397, 150, 3])
1	0.8095799321279371	0.8173090624029637	([330, 80], [330, 291, 237])
1	0.8111612671438572	0.8175044567899659	([623, 141], [623, 370, 165])
1	0.8022751559632516	0.8176633962371478	([650, 228], [650, 399, 228])
1	0.8095875948258149	0.8182132991841136	([590, 221], [659, 590, 466])
1	0.8141228973860944	0.8185846158086144	([564, 147], [564, 510, 147])
1	0.804471128701959	0.8188584408357974	([462, 171], [462, 367, 171])
1	0.8179245602882207	0.8191855968325792	([640, 237], [641, 640, 237])
1	0.8186570580854203	0.8195420440096779	([592, 228], [592, 590, 228])
1	0.7967529197784999	0.8197310528805196	([510, 158], [510, 366, 147])
1	0.8169518352759123	0.8198234935916174	([662, 152], [662, 397, 174])
1	0.8194343047841026	0.8199900726189949	([419, 155], [419, 268, 257])
1	0.8054615101436594	0.8200430885472666	([376, 62], [440, 253, 148])
1	0.8072010359938075	0.8201726469105746	([412, 123], [476, 412, 123])
1	0.5497953878395351	0.8206509845192183	([489, 204], [438, 267, 241])
1	0.8072942514619055	0.8206747586118422	([326, 44], [326, 44, 11])
1	0.8202580960472966	0.8207629060549991	([633, 192], [662, 633, 174])
1	0.795822992635398	0.8209876188143419	([400, 83], [400, 248, 83])
1	0.812476976760282	0.8215955965240287	([384, 15], [384, 279, 15])
1	0.5848818182836275	0.8221085104129355	([251, 199], [251, 199, 172])
1	0.8191966420794662	0.8221339858051125	([469, 81], [472, 229, 51])
1	0.5669328545676341	0.8224965542466647	([199, 58], [199, 172, 58])
1	0.8199871757149928	0.8229915550274541	([335, 47], [335, 250, 95])
1	0.7650831289689988	0.8231113241855785	([545, 211], [667, 545, 211])
1	0.8093184827856135	0.8236962546864863	([588, 61], [668, 630, 61])
1	0.8207038057738666	0.8239425143002568	([442, 102], [442, 338, 113])
1	0.7910632422756718	0.8239463317772943	([661, 66], [661, 369, 358])
1	0.7974029733774345	0.8239741187609197	([334, 97], [334, 183, 113])
1	0.8012169826691211	0.8240637278709488	([471, 27], [481, 471, 27])
1	0.8158062466746665	0.8252716749052503	([496, 29], [496, 418, 141])
1	0.8241529140391651	0.8256685007781025	([625, 259], [625, 259, 231])
1	0.8044006159625636	0.8257199765755334	([336, 37], [336, 131, 91])
1	0.814516904441773	0.8257199765755334	([383, 91], [383, 336, 91])
1	0.4956266559939754	0.8258214419309617	([198, 159], [215, 198, 159])
1	0.8168199493127096	0.8259707904458751	([586, 65], [586, 499, 65])
1	0.8201528259428635	0.8259904995339254	([484, 275], [484, 275, 160])
1	0.8249995104398654	0.8261753258173715	([563, 164], [563, 483, 164])
1	0.8248175274530615	0.8263882953391356	([426, 49], [426, 335, 228])
1	0.8007830927343657	0.8267213571202588	([462, 92], [462, 326, 92])
1	0.82284285730658	0.8268145540136245	([466, 125], [466, 371, 125])
1	0.8168820506726203	0.8269819401556346	([652, 227], [652, 635, 227])
1	0.790661143085197	0.8270719640042528	([437, 24], [356, 229, 1])
1	0.8079036395611453	0.8272716615892386	([413, 118], [413, 310, 118])
1	0.8017178867509505	0.8275022103327454	([625, 34], [625, 259, 34])
1	0.7999678816379178	0.827899602365617	([557, 9], [557, 445, 9])
1	0.8221431447401074	0.8279353834913714	([654, 133], [654, 461, 357])
1	0.8270686592807477	0.8281460376421155	([485, 167], [485, 241, 177])
1	0.8143906581664719	0.8283413688986617	([479, 50], [479, 235, 4])
1	0.8115141222372706	0.8289685392034908	([502, 166], [502, 355, 144])
1	0.8191430099501374	0.8289922744091625	([386, 9], [386, 237, 177])
1	0.8263755299485653	0.8291306190236295	([446, 33], [446, 303, 33])
1	0.6231241882230374	0.8293221185968893	([579, 239], [579, 509, 446])
1	0.8276820111766711	0.8299604844201954	([596, 75], [596, 454, 157])
1	0.8254071532039875	0.8302615603438016	([657, 8], [657, 620, 8])
1	0.8296574306658576	0.8305280110512921	([424, 45], [424, 337, 282])
1	0.8188998619938243	0.8305651761368447	([663, 74], [663, 515, 355])
1	0.8284871266091367	0.8309247074022796	([433, 77], [433, 299, 77])
1	0.8093419930014245	0.8311510615799467	([385, 82], [385, 340, 82])
1	0.8234770471005597	0.8314607009402568	([609, 222], [609, 360, 164])
1	0.8088386945358914	0.8316164579369991	([594, 59], [610, 594, 59])
1	0.8305669109785075	0.8316425429639688	([487, 11], [487, 359, 8])
1	0.8225386691381064	0.831679250413946	([504, 109], [504, 345, 73])
1	0.8275756739840675	0.8318643906227038	([619, 235], [619, 360, 348])
1	0.8134239566828335	0.8324388000616116	([475, 82], [475, 237, 82])
1	0.8071429884878425	0.8325477664575047	([483, 30], [483, 164, 30])
1	0.816917976724587	0.8325611052728121	([478, 13], [478, 193, 174])
1	0.8157395045961991	0.8326458640283572	([607, 53], [607, 400, 7])
1	0.8308963826652049	0.8327029015570628	([666, 330], [666, 343, 330])
1	0.8158550118207328	0.8327370565296294	([595, 28], [595, 359, 28])
1	0.80194316610441	0.8332180812334061	([631, 142], [631, 626, 142])
1	0.82793705975098	0.8333575453319302	([469, 196], [469, 245, 218])
1	0.8323472901310374	0.833638403131921	([603, 156], [603, 317, 247])
1	0.8072722457214473	0.8336538548658898	([624, 72], [624, 402, 29])
1	0.8236972834764607	0.8337750952757425	([643, 180], [643, 242, 180])
1	0.798311784929981	0.8339644406079879	([406, 17], [406, 292, 48])
1	0.8297393231377973	0.8348417141842707	([593, 168], [593, 498, 168])
1	0.8089760804315935	0.8349151009111017	([552, 32], [552, 499, 32])
1	0.8062087901150893	0.8352284733124604	([467, 132], [467, 170, 132])
1	0.835385705723433	0.8356150778022293	([556, 275], [556, 402, 260])
1	0.8339400400743758	0.8358088726705631	([636, 30], [636, 593, 58])
1	0.5994146583570339	0.8361250353999149	([431, 239], [431, 321, 256])
1	0.7750883159637065	0.8368980000574464	([463, 15], [463, 151, 15])
1	0.8321585213646213	0.8373517483410312	([645, 19], [645, 637, 19])
1	0.8348036119542034	0.8375684809691865	([583, 24], [583, 467, 56])
1	0.827179712586132	0.8375684809691865	([649, 56], [649, 583, 56])
1	0.8204140737201062	0.8376886175722174	([470, 86], [470, 230, 36])
1	0.8127986532752326	0.8376886175722174	([492, 36], [492, 470, 36])
1	0.645872215600878	0.8377064815146649	([455, 207], [547, 455, 378])
1	0.8261603013408333	0.8377237490578737	([491, 111], [491, 164, 59])
1	0.8244505043957293	0.8377950567213603	([546, 189], [667, 546, 195])
1	0.8177007282352083	0.8386555045580628	([659, 106], [552, 150, 106])
1	0.8255766185074568	0.838713636767506	([637, 245], [637, 400, 374])
1	0.8259650706700788	0.8390775749167632	([558, 14], [616, 558, 14])
1	0.82475970258671	0.8396811544321743	([651, 71], [651, 611, 71])
1	0.8374002331179845	0.8402127202112646	([638, 84], [638, 622, 84])
1	0.7908357262646005	0.8405881826389	([574, 26], [574, 450, 26])
1	0.8163719584169213	0.8412373751190453	([626, 77], [626, 77, 7])
1	0.8411438943311332	0.8412451724770207	([639, 23], [639, 121, 57])
1	0.8190997172474112	0.8418544197576886	([610, 86], [610, 107, 86])
1	0.8240435789194029	0.8429409478679483	([548, 208], [548, 454, 409])
1	0.830406420772322	0.842980917608266	([591, 43], [591, 492, 43])
1	0.8216163625684879	0.8438068408933295	([592, 13], [592, 485, 396])
1	0.8331395071929777	0.8440721431489278	([648, 139], [648, 250, 249])
1	0.8301170289275587	0.8442411747445534	([407, 10], [407, 300, 251])
1	0.8259002768240047	0.8443477549665804	([635, 25], [635, 249, 227])
1	0.8374493648923689	0.8463064316007586	([648, 175], [648, 599, 175])
1	0.5691382741407071	0.8467604493178874	([270, 205], [266, 226, 205])
1	0.845412701782199	0.8472856779195933	([661, 186], [661, 316, 226])
1	0.8285313198108603	0.847433876544548	([584, 138], [584, 482, 138])
1	0.8365385443599694	0.8484436813462143	([653, 96], [653, 617, 96])
1	0.8376361755244989	0.8486528827665921	([584, 39], [584, 138, 70])
1	0.8462214658259943	0.8501404834453022	([573, 63], [573, 485, 386])
1	0.8308717391936531	0.8508097970855812	([636, 161], [636, 225, 161])
1	0.8420444799839709	0.8514242676364794	([614, 197], [614, 222, 197])
1	0.8296583430210956	0.8520995328850341	([649, 182], [653, 649, 182])
1	0.8487761240846132	0.8532080261301924	([576, 90], [576, 556, 90])
1	0.8412138433273044	0.8540687371713884	([647, 131], [647, 433, 131])
1	0.8516573788305851	0.8544445032539996	([465, 197], [465, 373, 197])
1	0.8506846680340403	0.8554859744751937	([567, 21], [567, 252, 73])
1	0.5487437086535408	0.8560560910389293	([204, 27], [204, 176, 27])
1	0.8381600790800159	0.8563880464806248	([542, 226], [635, 542, 226])
1	0.5569427739458263	0.8577894085909117	([206, 97], [212, 206, 97])
1	0.8365654593012914	0.8587017972795643	([543, 82], [543, 523, 82])
1	0.545770157375402	0.8655384901439976	([267, 204], [267, 204, 176])
1	0.8502857799295496	0.8663085731749939	([529, 47], [529, 495, 47])
1	0.603355905588405	0.8732111743673405	([509, 239], [509, 242, 239])
1	0.8628557103690228	0.8782280756357996	([559, 46], [559, 160, 76])
1	0.5112133096700733	0.8971584362087008	([270, 198], [270, 216, 198])
1	0.46926068864394677	0.8975339694679108	([203, 134], [203, 190, 135])
1	0.4981081358716192	0.9096826778170999	([201, 60], [209, 201, 60])
1	0.587675955881037	0.9154749717159814	([208, 202], [202, 200, 185])
1	0.6255183021203726	0.9408022672052105	([642, 200], [643, 641, 200])
0	0.0	inf	([205], [])
